t	gaze_point_LX	gaze_point_LY	gaze_point_RX	gaze_point_RY	pupil_diameter_L	pupil_diameter_R
2599416781138	1602.50	766.45	1639.16	786.36	3.5584	3.2862
2599416789472	1603.71	764.14	1637.67	783.58	3.5529	3.2733
2599416797804	1605.28	759.11	1637.26	785.88	3.5478	3.2658
2599416806137	1597.90	759.18	1639.18	787.17	3.5389	3.2567
2599416814471	1598.09	758.96	1638.12	783.08	3.5328	3.2646
2599416822809	1602.01	757.72	1629.86	786.56	3.5201	3.2530
2599416831142	1593.60	767.14	1633.04	785.30	3.5347	3.2558
2599416839476	1569.45	769.76	1583.46	788.46	3.5297	3.2546
2599416847809	1471.64	740.11	1484.74	770.89	3.5276	3.2660
2599416856142	1345.48	752.48	1395.95	745.73	3.5219	3.2994
2599416864476	1291.28	715.90	1301.43	740.32	3.4953	3.2868
2599416872808	1258.55	717.89	1269.24	748.79	3.4852	3.3032
2599416881141	1262.07	717.95	1269.32	752.72	3.5048	3.2934
2599416889475	1262.54	717.99	1269.46	747.31	3.4945	3.2938
2599416897808	1261.55	725.79	1276.95	740.72	3.4914	3.2776
2599416906141	1261.62	724.83	1274.69	742.23	3.4815	3.2757
2599416914475	1261.39	721.08	1276.47	739.76	3.4896	3.2878
2599416922808	1260.32	727.98	1273.87	744.88	3.4804	3.2811
2599416931141	1254.35	728.40	1279.27	744.94	3.4932	3.2903
2599416939475	1258.54	725.67	1279.33	745.38	3.4773	3.2842
2599416947808	1261.96	725.58	1276.80	745.79	3.4806	3.2887
2599416956145	1256.63	727.16	1274.00	748.91	3.4905	3.2906
2599416964479	1263.33	726.71	1278.54	741.73	3.4840	3.2822
2599416972812	1264.83	720.03	1276.01	746.27	3.4787	3.2909
2599416981145	1271.54	726.62	1276.37	745.00	3.4822	3.2895
2599416989479	1267.00	718.39	1279.97	741.75	3.4879	3.2936
2599416997812	1264.97	727.40	1276.96	742.48	3.4952	3.2976
2599417006145	1268.03	724.38	1276.59	746.23	3.4882	3.3148
2599417014478	1269.06	729.72	1275.38	736.98	3.5176	3.3007
2599417022812	1267.23	730.87	1275.88	743.86	3.5231	3.3049
2599417031144	1266.38	728.28	1275.08	736.24	3.5133	3.3031
2599417039478	1267.31	718.07	1276.33	741.40	3.5142	3.3212
2599417047811	1272.45	726.81	1276.32	742.93	3.5228	3.3162
2599417056144	1269.58	719.87	1276.11	742.58	3.5298	3.3319
2599417064477	1277.93	722.69	1277.83	744.24	3.5200	3.3398
2599417072811	1269.20	735.03	1277.33	739.38	3.5503	3.3368
2599417081144	1275.25	716.57	1274.49	744.03	3.5340	3.3490
2599417089481	1268.86	727.25	1276.95	740.44	3.5642	3.3413
2599417097815	1267.90	723.19	1273.49	748.88	3.5693	3.3655
2599417106148	1284.21	723.98	1276.12	743.75	3.5636	3.3678
2599417114480	1260.83	703.83	1284.78	726.91	3.5742	3.3554
2599417122814	1274.50	682.06	1286.11	726.02	3.5490	3.3737
2599417131147	1268.68	698.91	1283.73	726.25	3.5735	3.3821
2599417139480	1268.39	710.95	1282.93	724.93	3.6134	3.3970
2599417147814	1270.04	700.54	1280.09	727.46	3.5902	3.3919
2599417156147	1266.28	701.84	1279.68	724.20	3.6124	3.4035
2599417164480	1269.43	704.47	1281.25	730.83	3.6185	3.4344
2599417172814	1268.17	708.29	1276.06	726.67	3.6356	3.4224
2599417181147	1263.87	709.76	1276.36	724.41	3.6462	3.4247
2599417189479	1271.61	696.51	1278.01	724.63	3.6461	3.4422
2599417197813	1264.55	704.35	1274.31	726.83	3.6662	3.4455
2599417206146	1274.72	701.67	1276.34	726.67	3.6685	3.4620
2599417214482	1267.76	704.99	1275.16	726.00	3.6774	3.4558
2599417222816	1268.67	703.64	1275.52	726.87	3.7042	3.4786
2599417231149	1269.26	700.24	1275.97	724.98	3.7047	3.4914
2599417239482	1279.58	684.51	1279.97	729.03	3.7008	3.4967
2599417247816	1283.34	686.78	1280.70	721.29	3.7060	3.5031
2599417256149	1279.73	676.06	1282.24	722.44	3.6977	3.5063
2599417264481	1281.41	704.73	1285.54	725.93	3.7568	3.5191
2599417272815	1281.19	699.41	1280.95	723.26	3.7655	3.5247
2599417281148	1285.43	694.69	1280.29	729.21	3.7805	3.5396
2599417289481	1284.63	687.84	1276.59	718.88	3.7657	3.5410
2599417297815	1287.08	691.24	1278.39	726.52	3.7807	3.5579
2599417306148	1283.87	694.19	1276.07	719.82	3.7859	3.5659
2599417314481	1288.16	688.75	1282.38	723.61	3.8027	3.5754
2599417322815	1282.15	697.49	1281.69	722.08	3.8224	3.5974
2599417331148	1285.64	698.89	1281.44	722.02	3.8331	3.5983
2599417339481	1285.53	698.33	1284.47	724.62	3.8435	3.6016
2599417347822	1288.92	700.68	1279.81	717.97	3.8514	3.6025
2599417356155	1285.79	704.40	1276.76	724.13	3.8665	3.6257
2599417364488	1291.71	690.32	1278.35	720.82	3.8469	3.6283
2599417372822	1291.96	683.37	1278.55	722.63	3.8489	3.6360
2599417381155	1294.53	677.72	1275.22	730.33	3.8473	3.6505
2599417389488	1290.46	679.38	1276.74	718.53	3.8705	3.6520
2599417397822	1297.66	668.35	1274.52	715.07	3.8595	3.6568
2599417406155	1292.34	671.37	1272.84	718.71	3.8704	3.6688
2599417414488	1295.74	674.51	1276.91	718.44	3.8863	3.6837
2599417422821	1295.02	674.60	1274.97	713.45	3.9046	3.6902
2599417431154	1300.58	673.03	1269.86	711.54	3.9150	3.6861
2599417439487	1296.02	678.89	1271.80	712.76	3.9289	3.7049
2599417447821	1294.48	680.86	1271.16	710.91	3.9340	3.6921
2599417456154	1299.93	676.38	1267.66	711.65	3.9288	3.7066
2599417464487	1295.71	677.61	1265.10	722.58	3.9454	3.7317
2599417472821	1296.46	673.53	1270.13	726.93	3.9524	3.7311
2599417481159	1306.50	675.78	1271.92	729.51	3.9550	3.7378
2599417489492	1297.18	699.61	1270.20	722.61	3.9827	3.7520
2599417497826	1297.90	700.71	1270.88	724.77	4.0000	3.7500
2599417506158	1298.88	710.88	1267.49	726.70	4.0235	3.7690
2599417514491	1301.07	699.67	1269.26	723.05	4.0275	3.7731
2599417522824	1298.91	704.57	1270.36	721.50	4.0413	3.7678
2599417531158	1301.00	705.75	1270.01	723.63	4.0483	3.7859
2599417539491	1293.48	706.92	1269.27	724.00	4.0495	3.7890
2599417547824	1302.43	695.57	1269.73	727.16	4.0414	3.7961
2599417556158	1300.57	698.96	1272.72	722.97	4.0616	3.7950
2599417564491	1303.43	694.88	1271.09	723.44	4.0742	3.7964
2599417572824	1305.26	680.77	1270.21	723.57	4.0521	3.8089
2599417581157	1298.30	697.85	1268.33	718.09	4.0810	3.8130
2599417589490	1298.96	690.38	1264.29	725.39	4.0878	3.8340
2599417597823	1302.56	680.30	1267.05	726.24	4.0616	3.8412
2599417606157	1307.65	668.76	1265.87	722.70	4.0624	3.8396
2599417614494	1304.36	670.31	1259.74	725.53	4.0772	3.8523
2599417622827	1305.49	677.29	1261.22	726.22	4.0886	3.8629
2599417631161	1305.38	678.16	1264.35	722.08	4.0878	3.8593
2599417639494	1306.44	681.41	1268.18	726.65	4.0994	3.8730
2599417647827	1304.36	692.62	1263.25	728.83	4.1352	3.8732
2599417656161	1301.99	701.38	1262.65	729.76	4.1418	3.8714
2599417664493	1306.43	699.89	1267.58	722.29	4.1481	3.8754
2599417672826	1304.06	703.15	1268.85	731.86	4.1599	3.8854
2599417681160	1304.15	700.04	1270.56	735.69	4.1637	3.9000
2599417689493	1308.65	709.06	1265.83	731.48	4.1661	3.9086
2599417697826	1311.60	703.26	1268.20	728.51	4.1694	3.9087
2599417706160	1309.46	700.77	1268.55	730.98	4.1904	3.9071
2599417714493	1309.15	703.80	1270.24	736.50	4.1904	3.9155
2599417722826	1309.89	707.85	1270.63	733.26	4.1917	3.9169
2599417731160	1307.27	699.61	1267.21	733.84	4.1992	3.9236
2599417739496	1309.03	702.31	1272.07	732.56	4.2014	3.9303
2599417747829	1305.13	700.98	1271.49	730.87	4.2076	3.9260
2599417756163	1302.95	697.39	1266.98	729.45	4.2162	3.9436
2599417764496	1307.51	699.45	1268.96	720.80	4.2243	3.9395
2599417772829	1307.75	691.15	1265.49	725.36	4.2088	3.9429
2599417781163	1307.52	693.77	1265.47	721.08	4.2169	3.9484
2599417789496	1310.20	692.62	1265.39	725.79	4.2165	3.9486
2599417797829	1306.84	692.49	1266.92	722.09	4.2286	3.9399
2599417806163	1312.20	695.56	1265.28	724.74	4.2276	3.9575
2599417814496	1312.14	696.40	1267.58	726.44	4.2282	3.9545
2599417822828	1309.62	692.99	1266.89	733.08	4.2364	3.9657
2599417831162	1310.10	703.29	1261.45	732.39	4.2503	3.9660
2599417839495	1308.73	702.90	1265.53	728.53	4.2486	3.9546
2599417847828	1312.31	699.15	1266.72	734.35	4.2500	3.9765
2599417856162	1311.60	706.80	1262.23	732.28	4.2590	3.9733
2599417864495	1314.67	704.01	1262.86	732.28	4.2727	3.9720
2599417872834	1310.48	703.83	1264.32	737.77	4.2672	3.9748
2599417881168	1315.48	705.85	1263.38	737.90	4.2663	3.9805
2599417889501	1316.06	705.29	1260.36	735.02	4.2764	3.9854
2599417897833	1311.58	708.64	1267.93	729.79	4.2853	3.9863
2599417906167	1315.68	705.62	1262.44	731.34	4.2883	3.9797
2599417914500	1310.30	698.54	1266.80	734.57	4.2908	3.9910
2599417922833	1312.61	693.85	1268.80	732.84	4.2795	3.9921
2599417931167	1309.14	700.26	1264.43	734.42	4.2988	3.9967
2599417939500	1313.69	699.89	1265.13	727.20	4.2954	4.0040
2599417947833	1313.70	697.02	1269.46	735.40	4.2985	4.0065
2599417956167	1315.73	692.01	1263.80	728.04	4.2985	4.0081
2599417964500	1310.94	698.24	1265.11	732.68	4.3177	3.9984
2599417972833	1314.64	699.89	1269.52	736.80	4.3078	4.0069
2599417981166	1314.42	696.01	1267.42	732.29	4.3124	3.9996
2599417989499	1317.62	701.37	1268.86	731.20	4.3187	3.9955
2599417997832	1317.07	706.75	1264.41	734.11	4.3230	4.0014
2599418006171	1317.90	709.57	1259.18	737.30	4.3289	4.0132
2599418014504	1315.16	708.61	1259.45	732.34	4.3369	4.0058
2599418022837	1318.68	709.11	1262.26	734.51	4.3275	4.0060
2599418031171	1318.51	708.00	1259.63	728.68	4.3261	4.0184
2599418039504	1317.44	712.43	1263.27	732.37	4.3240	4.0093
2599418047837	1316.56	710.04	1258.72	729.61	4.3296	4.0140
2599418056170	1319.16	713.07	1258.01	731.21	4.3260	4.0149
2599418064503	1321.50	707.65	1259.61	724.07	4.3401	4.0063
2599418072836	1319.56	708.52	1259.96	728.98	4.3398	4.0166
2599418081170	1321.82	707.52	1259.89	733.66	4.3367	3.9991
2599418089503	1319.65	709.97	1261.50	733.89	4.3411	4.0177
2599418097836	1320.32	707.98	1262.52	735.00	4.3409	4.0139
2599418106169	1318.55	706.82	1261.34	740.20	4.3516	4.0170
2599418114503	1322.41	704.51	1262.85	740.52	4.3482	4.0214
2599418122836	1318.39	705.43	1264.16	734.82	4.3483	4.0087
2599418131173	1319.86	699.10	1267.01	726.04	4.3436	4.0066
2599418139506	1326.26	700.23	1261.86	732.29	4.3404	4.0148
2599418147839	1322.30	700.87	1261.76	728.01	4.3425	4.0083
2599418156172	1322.02	704.92	1258.04	735.47	4.3423	4.0265
2599418164506	1323.53	715.45	1261.21	739.92	4.3479	4.0228
2599418172839	1319.21	707.99	1265.74	740.10	4.3516	4.0280
2599418181172	1321.09	714.08	1260.11	725.10	4.3441	4.0114
2599418189506	1322.60	710.20	1258.17	737.40	4.3415	4.0321
2599418197839	1321.95	715.75	1259.55	733.47	4.3501	4.0171
2599418206172	1324.08	709.00	1257.51	727.45	4.3450	4.0337
2599418214506	1316.49	731.49	1267.21	727.56	4.3143	4.0372
2599418222839	1534.37	883.32	1287.69	943.37	3.4858	3.8029
2599418231172	NaN	NaN	NaN	NaN	NaN	NaN
2599418239506	NaN	NaN	NaN	NaN	NaN	NaN
2599418247839	NaN	NaN	NaN	NaN	NaN	NaN
2599418256172	NaN	NaN	NaN	NaN	NaN	NaN
2599418264510	NaN	NaN	NaN	NaN	NaN	NaN
2599418272843	NaN	NaN	NaN	NaN	NaN	NaN
2599418281176	NaN	NaN	NaN	NaN	NaN	NaN
2599418289509	NaN	NaN	NaN	NaN	NaN	NaN
2599418297842	NaN	NaN	NaN	NaN	NaN	NaN
2599418306175	NaN	NaN	NaN	NaN	NaN	NaN
2599418314509	NaN	NaN	NaN	NaN	NaN	NaN
2599418322842	NaN	NaN	NaN	NaN	NaN	NaN
2599418331175	NaN	NaN	NaN	NaN	NaN	NaN
2599418339509	NaN	NaN	NaN	NaN	NaN	NaN
2599418347842	NaN	NaN	NaN	NaN	NaN	NaN
2599418356175	NaN	NaN	NaN	NaN	NaN	NaN
2599418364508	NaN	NaN	NaN	NaN	NaN	NaN
2599418372841	NaN	NaN	NaN	NaN	NaN	NaN
2599418381174	NaN	NaN	NaN	NaN	NaN	NaN
2599418389508	NaN	NaN	1587.72	796.01	NaN	2.6943
2599418397847	1251.10	966.68	1543.28	744.31	3.7962	2.8665
2599418406180	1254.52	897.16	1487.33	787.33	3.8240	2.9800
2599418414514	1262.25	814.73	1269.02	755.26	3.8538	3.5530
2599418422847	1249.12	686.88	1265.36	717.47	3.8755	3.6332
2599418431180	NaN	NaN	1262.64	681.80	NaN	3.6792
2599418439514	1236.77	669.77	1247.10	653.93	3.9725	3.7080
2599418447846	1275.65	586.48	1226.88	602.64	3.9870	3.7315
2599418456179	1172.63	605.66	1158.18	620.85	3.9774	3.7134
2599418464513	1090.02	598.93	1091.17	626.03	3.9537	3.7051
2599418472846	1097.74	597.28	1083.97	636.89	3.9268	3.6875
2599418481179	1088.02	605.32	1097.79	625.71	3.9138	3.6567
2599418489513	1082.05	600.01	1082.26	632.65	3.8874	3.6181
2599418497846	1089.04	601.43	1076.13	640.90	3.8654	3.6210
2599418506179	1095.73	593.83	1067.60	646.18	3.8545	3.5877
2599418514513	1058.56	609.39	1064.17	637.83	3.8289	3.5705
2599418522845	1063.27	611.67	1082.03	640.66	3.7905	3.5453
2599418531183	1072.68	619.90	1105.45	643.66	3.7722	3.5630
2599418539517	1107.41	627.97	1073.86	618.10	3.7916	3.5240
2599418547850	1094.95	626.30	1061.48	618.69	3.7666	3.5055
2599418556183	1086.74	619.51	NaN	NaN	3.7598	NaN
2599418564517	1091.91	611.21	NaN	NaN	3.7399	NaN
2599418572850	1107.02	619.51	1087.06	663.64	3.7260	3.4674
2599418581183	1095.83	613.52	1058.92	635.05	3.6857	3.4690
2599418589516	1090.00	618.31	1072.33	637.16	3.7040	3.4466
2599418597850	1091.19	608.20	1081.95	636.81	3.6895	3.4454
2599418606182	1085.61	607.93	1075.04	655.49	3.6757	3.4286
2599418614515	1081.87	613.64	1070.92	653.93	3.6661	3.4303
2599418622849	1078.75	619.58	1065.27	650.69	3.6545	3.4202
2599418631182	1077.76	620.37	1083.29	659.80	3.6533	3.4188
2599418639515	1074.15	624.16	1087.05	640.71	3.6543	3.4141
2599418647849	1080.69	625.99	1079.39	647.26	3.6458	3.4157
2599418656186	1072.01	621.41	1083.80	631.12	3.6450	3.4081
2599418664519	1140.47	654.31	1141.45	648.17	3.6599	3.3958
2599418672853	1210.48	700.17	1215.05	747.78	3.6420	3.3883
2599418681186	1282.62	782.10	1265.62	780.23	3.6646	3.3573
2599418689518	1262.00	793.44	1258.77	801.17	3.6490	3.3624
2599418697852	1287.35	786.42	1261.18	777.83	3.6441	3.3551
2599418706185	1278.29	793.88	1292.54	799.20	3.6463	3.3673
2599418714518	1273.25	792.63	1285.08	800.14	3.6452	3.3448
2599418722852	1293.85	781.39	1290.49	801.18	3.6391	3.3475
2599418731185	1283.22	779.09	1266.86	809.61	3.6390	3.3403
2599418739519	1294.18	779.33	1270.17	817.32	3.6305	3.3436
2599418747852	1276.62	788.16	1257.36	808.09	3.6403	3.3170
2599418756185	1284.43	786.59	1279.07	797.01	3.6346	3.3153
2599418764517	1288.55	778.21	1272.49	801.63	3.6284	3.3133
2599418772851	1284.40	782.64	1269.84	809.50	3.6101	3.3328
2599418781184	1289.89	784.74	1272.69	797.33	3.6159	3.3155
2599418789523	1283.07	796.39	1276.52	801.27	3.6344	3.3144
2599418797857	1290.28	779.35	1283.18	804.11	3.6110	3.3430
2599418806190	1286.41	781.94	1271.28	796.05	3.6095	3.3173
2599418814523	1277.54	790.10	1269.00	788.03	3.6086	3.3051
2599418822857	1282.69	796.46	1285.73	789.89	3.6160	3.3085
2599418831190	1277.83	811.82	1264.56	792.74	3.6151	3.3107
2599418839523	1274.85	814.74	1280.25	792.46	3.6173	3.3053
2599418847856	1273.88	795.62	1271.60	790.17	3.6111	3.2965
2599418856189	1286.08	791.25	1276.69	782.91	3.6214	3.3154
2599418864522	1292.73	791.61	1277.39	782.11	3.5996	3.2932
2599418872856	1280.75	794.42	1279.80	779.06	3.6184	3.2847
2599418881189	1288.31	789.71	1282.08	784.94	3.6087	3.3008
2599418889522	1279.96	788.81	1283.35	789.74	3.6170	3.2979
2599418897856	1279.49	781.61	1277.39	809.72	3.6210	3.3004
2599418906189	1293.60	770.42	1280.08	802.76	3.6109	3.2827
2599418914522	1296.43	763.15	1273.49	802.49	3.6073	3.2913
2599418922859	1287.51	770.79	1283.63	809.43	3.6030	3.2961
2599418931192	1285.70	781.52	1274.01	813.82	3.6071	3.2847
2599418939525	1258.91	778.21	1249.30	816.22	3.6125	3.2975
2599418947859	1173.74	748.87	1177.72	798.93	3.6216	3.3156
2599418956192	NaN	NaN	1129.91	728.95	NaN	3.3076
2599418964525	1104.79	717.61	1116.02	701.85	3.6128	3.3153
2599418972859	1098.69	713.73	1098.81	704.47	3.5915	3.3190
2599418981192	1092.46	701.14	1108.95	705.73	3.5856	3.3077
2599418989525	1098.36	699.73	1110.64	712.94	3.6032	3.3230
2599418997858	1097.62	687.53	1114.47	699.64	3.6064	3.2977
2599419006191	1096.20	689.67	1112.64	711.00	3.6178	3.3186
2599419014524	1100.32	685.83	1112.07	721.19	3.6092	3.3280
2599419022858	1093.95	680.90	1116.07	715.20	3.6086	3.3166
2599419031191	1093.47	676.82	1115.18	707.82	3.6071	3.3096
2599419039524	1095.58	694.04	1117.07	700.47	3.6188	3.3242
2599419047858	1087.67	699.07	1108.97	702.32	3.6168	3.3115
2599419056196	1096.58	697.53	1104.68	707.07	3.6121	3.3258
2599419064529	1096.41	691.37	1105.38	707.05	3.5925	3.3231
2599419072863	1095.54	696.80	1104.18	704.97	3.5957	3.3230
2599419081195	1095.37	701.01	1102.57	692.11	3.6018	3.3321
2599419089528	1091.16	700.77	1098.73	707.68	3.6061	3.3302
2599419097861	1084.32	705.66	1103.31	708.04	3.5923	3.3139
2599419106195	1086.36	708.46	1104.45	707.89	3.5937	3.3206
2599419114528	1083.11	711.65	1106.29	708.77	3.5961	3.3213
2599419122861	1081.74	708.51	1099.44	715.54	3.5918	3.3165
2599419131195	1084.35	706.68	1100.10	708.64	3.5915	3.3145
2599419139528	1089.22	711.88	1107.98	697.72	3.6023	3.3225
2599419147862	1090.19	702.66	1104.27	703.01	3.5892	3.3232
2599419156194	1082.96	697.03	1102.58	708.42	3.5965	3.3163
2599419164527	1083.03	697.24	1097.47	704.97	3.6025	3.3085
2599419172860	1080.00	703.36	1096.71	707.44	3.6088	3.3118
2599419181199	1071.74	695.36	1093.51	712.99	3.5965	3.3139
2599419189532	1076.45	683.18	1083.16	704.09	3.5936	3.2901
2599419197865	1078.77	684.41	1081.21	710.33	3.5945	3.3130
2599419206199	1081.62	698.21	1088.15	716.22	3.5753	3.3056
2599419214533	1076.21	692.81	1093.21	712.57	3.5936	3.2999
2599419222866	1088.12	690.43	1099.66	711.06	3.5939	3.3164
2599419231199	1088.34	687.25	1090.53	707.92	3.5910	3.2988
2599419239532	1094.43	692.82	1100.41	700.91	3.6107	3.2979
2599419247865	1080.39	694.15	1097.00	708.12	3.6040	3.3122
2599419256199	1073.51	694.55	1102.29	709.49	3.5904	3.3141
2599419264532	1079.91	701.95	1101.73	708.14	3.6243	3.3135
2599419272865	1077.56	695.43	1107.01	706.11	3.6137	3.3061
2599419281199	1070.61	694.06	1105.68	708.28	3.5975	3.3060
2599419289532	1077.52	686.58	1104.11	699.67	3.5964	3.2910
2599419297865	1085.78	693.71	1099.77	699.54	3.6094	3.3034
2599419306199	1084.95	685.72	1100.48	696.06	3.6072	3.3056
2599419314537	1097.04	686.01	1102.41	700.02	3.6125	3.3294
2599419322870	1095.60	697.64	1103.41	701.30	3.5963	3.3073
2599419331204	1169.29	743.18	1159.36	763.53	3.6139	3.3145
2599419339537	1199.98	766.36	1206.50	761.74	3.6046	3.3009
2599419347871	1200.66	789.10	1207.77	785.16	3.6211	3.3048
2599419356204	1211.55	762.94	1209.52	785.18	3.6097	3.3140
2599419364537	1205.74	767.82	1216.64	784.92	3.6206	3.2948
2599419372870	1203.88	774.81	1222.47	788.37	3.6206	3.3081
2599419381204	1207.76	756.69	1222.96	781.97	3.6100	3.3066
2599419389537	1207.78	762.79	1226.00	776.86	3.6231	3.2915
2599419397869	1208.21	746.06	1213.10	793.82	3.6242	3.3196
2599419406203	1207.63	741.58	1208.16	790.31	3.6127	3.3135
2599419414536	1207.81	764.08	1211.34	791.25	3.6280	3.3160
2599419422869	1216.67	755.09	1215.71	789.30	3.6155	3.3256
2599419431203	1212.87	756.50	1214.90	781.57	3.6080	3.3079
2599419439536	1213.93	773.71	1218.96	791.88	3.6312	3.3242
2599419447872	1212.95	769.64	1218.59	785.91	3.6199	3.3128
2599419456206	1222.08	769.94	1219.34	787.55	3.6282	3.3062
2599419464539	1221.78	773.69	1215.32	792.63	3.6309	3.3301
2599419472871	1224.34	769.81	1213.29	789.46	3.6209	3.3208
2599419481205	1225.72	770.81	1210.91	795.39	3.6232	3.3414
2599419489538	1220.78	760.67	1220.15	791.21	3.6305	3.3293
2599419497871	1212.22	766.61	1215.49	785.46	3.6324	3.3084
2599419506205	1219.56	770.67	1205.56	788.28	3.6480	3.3169
2599419514538	1254.42	808.28	1288.47	795.18	3.6458	3.3108
2599419522871	1272.26	810.38	1285.97	793.62	3.6518	3.3282
2599419531205	1271.57	805.07	1279.31	788.99	3.6478	3.3287
2599419539538	1275.19	800.49	1279.21	786.86	3.6630	3.3203
2599419547871	1277.05	785.94	1279.96	792.17	3.6490	3.3317
2599419556204	1276.64	790.73	1284.32	791.78	3.6452	3.3198
2599419564537	1273.60	788.59	1283.90	796.86	3.6522	3.3257
2599419572874	1269.02	799.38	1285.56	794.64	3.6550	3.3272
2599419581208	1267.79	812.21	1291.91	787.45	3.6606	3.3240
2599419589541	1273.22	803.25	1285.75	789.84	3.6578	3.3400
2599419597874	1275.07	809.43	1281.62	790.46	3.6693	3.3205
2599419606208	1268.29	800.82	1284.78	788.03	3.6729	3.3251
2599419614541	1267.91	797.21	1283.53	784.47	3.6710	3.3290
2599419622874	1268.97	803.02	1291.13	786.03	3.6723	3.3165
2599419631206	1272.40	795.44	1291.39	785.60	3.6639	3.3221
2599419639540	1274.91	796.92	1291.56	792.25	3.6869	3.3264
2599419647873	1289.89	801.48	1290.60	785.63	3.6743	3.3334
2599419656206	1300.42	794.04	1286.21	794.57	3.6775	3.3539
2599419664540	1299.24	796.20	1285.18	792.47	3.6667	3.3392
2599419672873	1301.81	796.95	1281.47	794.96	3.6837	3.3474
2599419681206	1291.00	792.58	1282.45	790.96	3.6717	3.3450
2599419689540	1286.80	792.01	1278.53	789.08	3.6876	3.3523
2599419697873	1291.26	798.56	1280.70	783.22	3.6936	3.3471
2599419706212	1276.97	810.88	1278.96	789.61	3.6887	3.3651
2599419714545	1274.00	810.13	1278.83	798.89	3.6870	3.3802
2599419722878	1270.65	807.93	1279.45	791.78	3.6735	3.3719
2599419731211	1266.39	813.29	1281.98	787.75	3.6865	3.3592
2599419739545	1272.88	801.85	1282.00	783.01	3.6654	3.3641
2599419747878	1265.65	800.75	1282.79	785.28	3.6789	3.3731
2599419756212	1267.01	796.12	1286.19	791.08	3.6795	3.3786
2599419764545	1264.56	786.24	1281.69	786.75	3.6627	3.3671
2599419772878	1265.07	784.32	1292.02	789.29	3.6821	3.3857
2599419781211	1264.53	786.31	1294.05	785.41	3.6875	3.3683
2599419789544	1267.80	783.13	1296.23	797.23	3.6851	3.3865
2599419797877	1271.84	788.11	1296.83	795.02	3.6886	3.3877
2599419806210	1268.80	790.75	1298.15	790.67	3.6811	3.3898
2599419814544	1272.51	796.36	1298.73	786.14	3.6823	3.3763
2599419822877	1270.11	805.70	1296.55	781.67	3.6871	3.3734
2599419831210	1271.59	814.71	1304.13	788.00	3.6962	3.3823
2599419839548	1272.67	810.91	1302.17	782.15	3.6765	3.3918
2599419847881	1268.42	795.62	1298.65	794.42	3.6748	3.3981
2599419856214	1268.59	800.41	1298.08	797.85	3.6824	3.3909
2599419864547	1269.57	807.04	1301.28	792.01	3.7075	3.3750
2599419872880	1277.64	802.14	1305.13	788.80	3.6864	3.3810
2599419881213	1271.54	807.22	1305.01	792.20	3.6904	3.4037
2599419889547	1282.01	805.52	1303.27	787.56	3.6884	3.3996
2599419897880	1280.43	800.71	1299.25	788.93	3.6829	3.4056
2599419906213	NaN	NaN	1301.80	780.50	NaN	3.3973
2599419914547	NaN	NaN	1304.12	784.67	NaN	3.4099
2599419922880	NaN	NaN	1309.92	788.72	NaN	3.3866
2599419931213	NaN	NaN	1304.99	792.34	NaN	3.4045
2599419939547	NaN	NaN	1305.51	790.13	NaN	3.4026
2599419947879	NaN	NaN	1303.07	792.14	NaN	3.4053
2599419956212	NaN	NaN	1295.24	790.73	NaN	3.4108
2599419964546	NaN	NaN	1296.69	783.86	NaN	3.3869
2599419972884	NaN	NaN	1292.06	786.32	NaN	3.4047
2599419981217	NaN	NaN	1295.74	787.14	NaN	3.4185
2599419989551	NaN	NaN	1291.42	789.11	NaN	3.4053
2599419997884	NaN	NaN	1286.18	787.59	NaN	3.3855
2599420006217	NaN	NaN	1287.46	795.42	NaN	3.3979
2599420014551	NaN	NaN	1285.16	795.80	NaN	3.3976
2599420022883	NaN	NaN	1286.76	790.97	NaN	3.4035
2599420031216	NaN	NaN	1286.82	794.51	NaN	3.3983
2599420039550	NaN	NaN	1284.67	792.69	NaN	3.4148
2599420047883	NaN	NaN	1289.83	782.07	NaN	3.4014
2599420056216	1231.01	790.10	1267.58	792.71	3.6944	3.4105
2599420064550	1187.16	754.92	1198.56	797.19	3.6570	3.4165
2599420072883	1156.58	728.62	1128.65	758.73	3.6309	3.4260
2599420081216	1113.78	740.98	1112.64	720.48	3.6851	3.4158
2599420089550	1109.11	716.92	1114.31	709.14	3.6626	3.4398
2599420097888	1116.37	721.99	1120.80	705.66	3.6727	3.4255
2599420106220	1119.18	718.96	1124.63	708.73	3.6671	3.4194
2599420114554	1114.79	726.70	1123.38	709.19	3.6739	3.4182
2599420122887	1115.35	719.90	1123.00	708.91	3.6730	3.4212
2599420131220	1118.16	718.65	1125.62	711.33	3.6663	3.4323
2599420139554	1117.80	719.74	1118.64	712.81	3.6627	3.4266
2599420147887	1114.19	725.13	1119.16	703.99	3.6637	3.4117
2599420156220	1115.35	711.85	1119.05	704.38	3.6628	3.4209
2599420164553	1119.04	701.39	1116.67	708.83	3.6534	3.4214
2599420172887	1119.14	709.25	1113.54	701.86	3.6687	3.4121
2599420181219	1111.92	707.11	1109.89	703.44	3.6750	3.4216
2599420189552	1116.54	694.69	1114.80	701.73	3.6652	3.4155
2599420197886	1112.01	694.56	1111.81	704.14	3.6554	3.4156
2599420206219	1117.61	692.74	1110.97	709.29	3.6700	3.4164
2599420214554	1114.14	691.74	1112.60	708.84	3.6476	3.4179
2599420222887	1110.63	689.65	1111.22	702.98	3.6599	3.4025
2599420231225	1111.05	703.27	1112.29	711.71	3.6735	3.4285
2599420239558	1113.36	702.47	1112.50	705.49	3.6538	3.4100
2599420247892	1113.31	707.78	1111.65	702.27	3.6441	3.4133
2599420256225	1106.85	714.12	1115.15	708.29	3.6525	3.4171
2599420264557	1114.99	715.40	1114.62	700.12	3.6593	3.3959
2599420272891	1112.39	712.48	1120.90	705.65	3.6634	3.4069
2599420281224	1109.58	716.68	1116.05	704.30	3.6526	3.4117
2599420289557	1108.08	708.87	1118.09	707.09	3.6530	3.3988
2599420297891	1109.51	714.88	1118.59	710.41	3.6530	3.4007
2599420306224	1110.72	707.58	1118.88	701.98	3.6488	3.4011
2599420314557	1106.13	709.39	1115.37	708.94	3.6501	3.4038
2599420322891	1110.11	707.40	1117.88	708.23	3.6519	3.4079
2599420331224	1158.44	728.12	1173.70	719.05	3.6606	3.4038
2599420339556	1241.07	685.13	1266.10	677.35	3.6537	3.4044
2599420347890	1268.48	665.02	1307.98	657.64	3.6458	3.3878
2599420356223	1356.06	658.48	1345.85	643.99	3.6604	3.3784
2599420364561	1313.71	654.46	1357.85	656.05	3.6646	3.3840
2599420372895	1301.78	660.59	1352.89	651.96	3.6607	3.3746
2599420381228	1306.59	658.62	1355.12	658.55	3.6697	3.3919
2599420389561	1315.07	662.68	1354.62	656.21	3.6781	3.3846
2599420397895	1313.32	647.89	1350.73	658.42	3.6677	3.3799
2599420406228	1326.45	645.07	1350.20	659.43	3.6574	3.3676
2599420414560	1330.94	644.98	1343.54	658.06	3.6496	3.3862
2599420422894	1332.07	654.01	1340.91	656.61	3.6483	3.3713
2599420431227	1338.01	661.33	1343.00	660.93	3.6738	3.3729
2599420439560	1337.29	664.70	1337.72	676.49	3.6819	3.3852
2599420447894	1345.49	669.49	1342.68	677.19	3.6941	3.3747
2599420456227	1349.97	674.58	1341.87	677.87	3.6957	3.3857
2599420464560	1354.11	671.45	1341.64	677.77	3.6943	3.3779
2599420472894	1349.80	660.28	1344.25	676.66	3.6687	3.3806
2599420481227	1347.91	667.69	1336.85	675.13	3.6978	3.3983
2599420489560	1350.48	650.54	1338.78	678.11	3.6742	3.3956
2599420497897	1342.16	673.66	1339.49	670.40	3.7147	3.3979
2599420506230	1342.38	675.38	1342.89	671.34	3.7132	3.4066
2599420514563	1334.06	654.30	1354.18	654.07	3.6802	3.4020
2599420522897	1419.34	673.57	1440.72	686.40	3.7196	3.4056
2599420531230	1499.22	709.77	1501.68	726.56	3.6849	3.3870
2599420539563	1499.70	730.82	1525.29	745.83	3.6996	3.3910
2599420547897	1496.70	727.29	1521.26	739.67	3.7025	3.3845
2599420556230	1496.98	716.53	1528.46	740.85	3.6729	3.3855
2599420564563	1489.13	730.68	1526.79	728.99	3.6936	3.3834
2599420572896	1481.20	723.47	1528.37	733.89	3.6797	3.3839
2599420581229	1483.00	720.77	1523.22	740.35	3.6879	3.3784
2599420589562	1481.04	735.88	1524.09	737.37	3.7207	3.3808
2599420597896	1483.65	733.46	1525.91	730.28	3.7173	3.3904
2599420606229	1487.83	736.62	1526.50	735.19	3.7338	3.3927
2599420614562	1500.43	722.12	1527.31	729.46	3.7082	3.3961
2599420622900	1499.91	719.04	1524.19	735.36	3.6923	3.3930
2599420631233	1497.37	724.46	1524.06	737.08	3.7075	3.3961
2599420639566	1497.98	720.74	1521.54	741.50	3.7027	3.3929
2599420647900	1502.32	720.05	1523.98	736.69	3.7067	3.4097
2599420656232	1496.90	710.83	1523.49	742.90	3.6847	3.3956
2599420664565	1503.14	707.03	1519.63	737.87	3.6840	3.3935
2599420672899	1501.37	718.87	1518.39	742.68	3.6918	3.3922
2599420681232	1496.57	712.48	1516.73	740.31	3.6919	3.3980
2599420689565	1498.27	722.18	1506.62	745.14	3.6908	3.3909
2599420697899	1499.64	719.63	1513.37	739.75	3.6848	3.4015
2599420706232	1497.95	719.64	1520.60	741.67	3.6961	3.4030
2599420714565	1504.37	720.89	1515.60	749.81	3.6900	3.4039
2599420722898	1501.25	726.07	1511.76	748.47	3.6966	3.3987
2599420731231	1506.09	724.89	1511.70	749.22	3.6944	3.4067
2599420739564	1511.17	726.28	1506.49	747.67	3.6968	3.4041
2599420747897	1501.75	735.99	1509.45	751.63	3.6989	3.4026
2599420756238	1502.38	732.98	1513.78	747.32	3.6934	3.3994
2599420764571	1507.91	719.60	1512.46	751.03	3.6754	3.3943
2599420772904	1502.69	729.64	1517.50	740.60	3.6942	3.4131
2599420781238	1500.02	727.67	1516.47	743.33	3.7022	3.4094
2599420789571	1500.99	714.83	1517.79	750.01	3.6984	3.4062
2599420797904	1495.59	719.20	1515.95	745.48	3.6934	3.4175
2599420806238	1497.86	740.40	1524.55	753.40	3.7028	3.4002
2599420814570	1549.80	796.76	1577.46	782.68	3.7216	3.4087
2599420822903	1565.45	777.91	1575.80	795.97	3.7013	3.4225
2599420831237	1558.87	770.64	1575.84	791.88	3.7006	3.4141
2599420839570	1558.43	769.10	1578.11	786.48	3.7053	3.4180
2599420847903	1550.85	771.05	1578.91	780.57	3.7068	3.4041
2599420856237	1552.25	779.81	1577.07	786.76	3.7141	3.4192
2599420864570	1556.43	775.85	1581.51	782.26	3.6977	3.4003
2599420872903	1553.43	775.90	1576.13	785.38	3.7069	3.4085
2599420881237	1553.51	781.16	1576.76	781.18	3.7133	3.4144
2599420889572	1554.92	781.73	1579.50	785.42	3.7063	3.4025
2599420897905	1551.65	787.25	1575.45	792.18	3.7186	3.4125
2599420906239	1551.90	784.91	1576.14	790.41	3.7054	3.4111
2599420914572	1554.74	792.35	1574.51	801.53	3.7113	3.4090
2599420922905	1551.32	791.63	1580.48	791.90	3.7085	3.4034
2599420931239	1550.80	795.34	1577.83	796.96	3.7121	3.4019
2599420939572	1554.83	798.03	1584.70	799.65	3.7171	3.4036
2599420947905	1556.90	797.37	1578.95	794.63	3.7061	3.3943
2599420956239	1556.88	800.59	1581.80	793.76	3.7198	3.3933
2599420964572	1557.63	797.18	1576.55	798.10	3.6971	3.4032
2599420972904	1556.41	795.86	1580.23	792.73	3.7102	3.3983
2599420981238	1553.30	799.01	1580.48	792.79	3.7045	3.4026
2599420989571	1555.98	798.93	1577.96	788.51	3.7012	3.3943
2599420997904	1559.66	792.94	1580.16	792.22	3.6886	3.4047
2599421006238	1556.21	800.86	1580.99	786.79	3.7066	3.3909
2599421014571	1552.60	795.88	1580.23	790.24	3.6940	3.3953
2599421022907	1556.85	789.08	1576.03	790.69	3.6900	3.4047
2599421031241	1554.33	787.77	1577.26	786.15	3.6811	3.3992
2599421039574	1553.44	785.43	1582.41	787.54	3.6774	3.3888
2599421047906	1554.19	793.04	1578.10	788.99	3.6894	3.3937
2599421056240	1558.52	786.33	1577.12	787.10	3.6685	3.3939
2599421064573	1554.07	790.00	1579.89	785.73	3.6843	3.3828
2599421072906	1552.11	788.70	1578.64	787.67	3.6795	3.3829
