t	gaze_point_LX	gaze_point_LY	gaze_point_RX	gaze_point_RY	pupil_diameter_L	pupil_diameter_R
862324530747	1393.80	791.69	1358.95	792.01	4.1160	3.9848
862324539081	1391.86	780.62	1366.61	793.27	4.1114	3.9915
862324547414	1395.63	787.46	1355.32	779.64	4.0930	3.9690
862324555747	1399.45	779.50	1364.23	804.29	4.0922	3.9615
862324564080	1392.82	780.50	1359.67	805.86	4.1061	3.9848
862324572414	1393.68	785.31	1368.01	813.52	4.1046	3.9903
862324580747	1395.77	781.03	1366.88	807.86	4.0994	3.9817
862324589079	1348.34	775.45	1308.62	768.19	4.1117	3.9530
862324597413	1303.61	738.37	1276.01	735.73	4.0756	3.9485
862324605746	1304.23	733.31	1274.15	728.35	4.0586	3.9578
862324614077	1316.40	743.23	1278.88	733.43	4.0663	3.9751
862324622413	1319.75	740.61	1274.77	741.42	4.0611	3.9625
862324630746	1314.68	746.28	1273.30	735.71	4.0835	3.9482
862324639079	1318.86	739.34	1279.16	735.63	4.0646	3.9663
862324647420	1312.19	735.83	1279.15	739.80	4.0566	3.9759
862324655753	1316.59	735.17	1278.91	742.71	4.0416	3.9805
862324664086	1322.52	741.75	1283.06	735.64	4.0371	3.9805
862324672419	1316.89	741.72	1276.47	736.17	4.0358	3.9699
862324680753	1315.62	749.42	1282.58	740.81	4.0649	3.9798
862324689086	1318.16	751.20	1279.72	746.21	4.0370	3.9866
862324697420	1309.87	740.10	1276.95	735.84	4.0324	3.9801
862324705751	1308.77	744.98	1277.03	745.11	4.0397	3.9954
862324714084	1312.11	750.29	1274.78	739.05	4.0379	3.9823
862324722419	1314.11	742.72	1274.70	737.89	4.0390	3.9912
862324730752	1305.74	742.27	1274.16	738.08	4.0345	4.0040
862324739085	1309.97	742.97	1282.08	739.65	4.0522	4.0099
862324747419	1306.91	740.80	1271.46	738.79	4.0448	4.0158
862324755752	1306.84	739.39	1277.35	738.15	4.0518	4.0270
862324764085	1302.93	746.40	1278.72	735.23	4.0704	4.0327
862324772419	1312.79	748.99	1279.35	735.78	4.0703	4.0427
862324780755	1305.27	740.32	1271.92	738.83	4.0706	4.0498
862324789086	1307.15	744.11	1273.91	734.02	4.0670	4.0350
862324797419	1309.94	739.70	1274.16	746.33	4.0841	4.0704
862324805754	1301.64	742.98	1270.79	734.80	4.0846	4.0477
862324814087	1306.34	748.33	1271.23	744.40	4.0882	4.0921
862324822421	1304.95	741.34	1276.20	743.40	4.0858	4.0788
862324830752	1310.30	741.24	1270.52	742.39	4.1078	4.1006
862324839085	1308.57	746.87	1274.32	741.44	4.1217	4.1096
862324847421	1308.74	744.57	1274.69	744.39	4.1079	4.1241
862324855754	1306.63	736.43	1271.58	724.53	4.1110	4.1118
862324864087	1311.30	737.74	1271.07	743.62	4.1071	4.1544
862324872421	1309.50	735.66	1271.59	733.45	4.1245	4.1310
862324880754	1307.93	733.72	1274.40	741.45	4.1212	4.1589
862324889086	1312.43	737.79	1266.92	734.58	4.1452	4.1449
862324897420	1304.84	738.24	1267.27	734.27	4.1508	4.1487
862324905753	1315.63	740.29	1275.45	748.37	4.1532	4.1714
862324914091	1309.80	739.59	1269.49	744.53	4.1656	4.1968
862324922424	1317.18	742.88	1271.24	751.99	4.1841	4.2244
862324930758	1313.08	747.05	1270.17	746.25	4.1898	4.2166
862324939091	1312.73	745.58	1267.08	740.62	4.1858	4.1999
862324947423	1311.95	744.74	1273.37	749.12	4.1915	4.2178
862324955756	1313.62	737.76	1264.98	737.79	4.1884	4.2242
862324964089	1312.28	750.22	1268.59	740.49	4.2334	4.2422
862324972422	1308.77	745.83	1270.16	743.23	4.2060	4.2478
862324980757	1311.52	741.80	1272.76	739.47	4.2292	4.2439
862324989089	1310.31	741.38	1269.14	748.97	4.2314	4.2596
862324997425	1304.58	739.00	1272.75	744.15	4.2327	4.2613
862325005756	1311.09	746.94	1273.37	739.12	4.2586	4.2736
862325014090	1306.61	749.13	1270.43	751.49	4.2560	4.2852
862325022424	1312.70	741.61	1270.79	745.97	4.2591	4.2798
862325030757	1312.62	738.00	1275.49	737.93	4.2497	4.2776
862325039094	1311.57	739.28	1271.02	749.49	4.2507	4.2560
862325047427	1312.88	746.83	1277.89	743.74	4.2522	4.2572
862325055761	1311.74	741.31	1273.39	748.55	4.2365	4.2553
862325064094	1315.14	743.75	1271.91	747.99	4.2182	4.2165
862325072427	1307.43	743.57	1272.78	752.76	4.1907	4.2082
862325080761	1311.04	745.21	1272.56	751.51	4.1654	4.1906
862325089093	1306.19	746.36	1279.96	750.64	4.1492	4.1627
862325097426	1314.61	740.97	1268.67	739.87	4.1252	4.1177
862325105760	1310.66	735.11	1274.59	743.68	4.0834	4.1036
862325114091	1308.11	739.04	1269.14	739.28	4.0559	4.0720
862325122426	1306.51	735.09	1262.82	735.24	4.0357	4.0430
862325130759	1304.57	730.14	1267.53	733.90	4.0408	4.0034
862325139093	1309.11	733.52	1274.71	729.63	3.9789	3.9996
862325147427	1305.52	729.89	1276.33	733.13	3.9770	3.9628
862325155760	1302.21	737.79	1270.17	729.91	3.9413	3.9415
862325164093	1308.62	735.26	1271.73	728.46	3.9479	3.9177
862325172432	1304.76	729.35	1275.08	733.41	3.9084	3.9001
862325180766	1301.75	735.91	1278.64	737.48	3.8870	3.8895
862325189099	1305.15	739.16	1284.41	735.70	3.8918	3.8783
862325197432	1359.39	725.51	1324.52	728.86	3.8615	3.8555
862325205766	1397.06	716.50	1363.83	720.57	3.8569	3.8244
862325214099	1426.56	698.14	1391.09	706.18	3.8472	3.8043
862325222432	1423.99	697.02	1393.41	691.45	3.8220	3.7881
862325230766	1417.61	692.79	1389.69	688.17	3.8131	3.7984
862325239099	1425.55	695.37	1388.76	695.41	3.8205	3.7983
862325247432	1424.22	695.62	1391.40	690.24	3.8099	3.7654
862325255764	1420.53	693.27	1387.24	700.96	3.8134	3.7845
862325264098	1425.94	684.84	1389.36	694.38	3.7811	3.7597
862325272431	1422.71	694.63	1391.15	695.78	3.7992	3.7566
862325280765	1424.43	696.42	1390.15	704.19	3.8058	3.7654
862325289098	1425.69	691.12	1390.58	697.17	3.7841	3.7592
862325297431	1423.27	692.03	1393.33	693.89	3.7491	3.7512
862325305768	1420.54	700.14	1393.09	693.15	3.7941	3.7422
862325314101	1427.18	688.96	1393.37	704.88	3.7792	3.7523
862325322434	1423.29	695.87	1391.60	699.05	3.7963	3.7529
862325330768	1427.56	692.10	1395.81	696.36	3.7866	3.7385
862325339099	1428.37	696.02	1390.80	692.82	3.7653	3.7476
862325347433	1424.07	689.42	1397.18	699.84	3.7701	3.7414
862325355767	1425.74	688.03	1396.56	702.35	3.7778	3.7591
862325364100	1429.95	696.22	1394.71	698.94	3.7892	3.7378
862325372433	1427.57	692.14	1385.56	695.12	3.7708	3.7431
862325380766	1425.12	687.22	1389.46	686.97	3.7677	3.7188
862325389100	1426.71	688.82	1395.21	690.57	3.7811	3.7434
862325397433	1429.54	693.84	1396.31	694.75	3.7715	3.7462
862325405767	1422.35	686.36	1393.99	693.92	3.7761	3.7444
862325414100	1433.37	691.42	1393.17	696.66	3.7783	3.7350
862325422432	1429.56	701.70	1392.76	697.73	3.7849	3.7291
862325430766	1437.68	678.72	1395.28	700.47	3.7534	3.7355
862325439104	1429.37	685.10	1389.83	700.00	3.7723	3.7281
862325447437	1431.96	693.99	1393.05	691.58	3.7597	3.7415
862325455771	1465.55	690.35	1444.86	698.03	3.7640	3.7311
862325464103	1535.29	699.67	1490.21	706.91	3.7739	3.7446
862325472437	1535.60	698.73	1511.27	708.47	3.7659	3.7222
862325480771	1511.68	702.40	1490.76	703.31	3.7588	3.7207
862325489104	1528.10	705.32	1500.63	721.96	3.7709	3.7595
862325497437	1527.18	702.22	1499.81	717.26	3.7661	3.7690
862325505769	1532.39	690.01	1498.21	714.80	3.7453	3.7419
862325514103	1530.89	698.40	1507.56	706.94	3.7572	3.7228
862325522436	1527.86	701.44	1498.51	706.96	3.7509	3.7449
862325530770	1533.11	704.01	1494.29	718.14	3.7718	3.7262
862325539103	1536.43	700.38	1500.26	711.15	3.7396	3.7509
862325547436	1531.34	697.15	1500.33	713.29	3.7537	3.7392
862325555770	1531.40	708.71	1493.94	719.90	3.7729	3.7360
862325564107	1537.27	699.87	1495.51	713.06	3.7682	3.7517
862325572440	1533.27	704.47	1497.30	713.04	3.7813	3.7667
862325580774	1533.75	698.11	1497.77	712.92	3.7666	3.7649
862325589105	1536.19	709.18	1498.95	713.55	3.8027	3.7716
862325597439	1530.44	705.12	1497.52	717.09	3.7876	3.7667
862325605772	1531.09	702.93	1492.68	712.95	3.7897	3.7710
862325614106	1528.11	701.45	1500.43	720.43	3.7958	3.7948
862325622439	1533.42	706.08	1500.68	721.04	3.8193	3.7957
862325630772	1530.71	697.02	1500.84	720.51	3.8090	3.8036
862325639106	1526.41	702.97	1495.54	723.22	3.8234	3.8285
862325647439	1526.84	708.72	1501.44	726.24	3.8292	3.8408
862325655772	1523.21	706.17	1496.17	724.02	3.8563	3.8578
862325664106	1523.22	700.00	1504.71	720.64	3.8403	3.8523
862325672439	1523.57	704.32	1486.36	717.94	3.8541	3.8665
862325680772	1525.53	704.08	1501.32	711.22	3.8669	3.8426
862325689106	1529.99	701.52	1491.47	723.52	3.8692	3.8903
862325697444	1519.63	709.45	1496.91	718.94	3.8868	3.8814
862325705776	1525.14	701.70	1500.04	727.60	3.8910	3.8953
862325714109	1519.88	703.10	1502.75	730.39	3.9096	3.9184
862325722443	1523.45	712.23	1500.71	735.34	3.9174	3.9108
862325730776	1515.46	707.67	1494.08	730.88	3.9283	3.9356
862325739110	1527.66	710.79	1494.26	730.16	3.9414	3.9449
862325747443	1527.87	702.61	1493.34	733.94	3.9406	3.9592
862325755776	1521.31	703.40	1492.00	732.12	3.9563	3.9575
862325764110	1527.78	706.50	1490.86	732.69	3.9645	3.9913
862325772443	1531.35	705.72	1493.30	740.17	3.9754	4.0133
862325780776	1527.34	719.27	1483.98	725.54	3.9818	4.0053
862325789109	1520.90	708.53	1501.16	736.29	3.9910	4.0098
862325797442	1555.84	694.66	1542.39	722.97	4.0088	4.0160
862325805775	1573.43	702.32	1549.48	722.81	4.0167	4.0165
862325814109	1551.13	701.15	1537.37	714.28	4.0212	4.0337
862325822443	1561.97	699.34	1541.40	726.89	4.0205	4.0544
862325830781	1560.86	705.18	1541.03	719.93	4.0354	4.0430
862325839113	1567.58	696.92	1547.45	725.69	4.0512	4.0566
862325847447	1564.78	706.66	1543.36	723.48	4.0703	4.0483
862325855780	1566.65	711.37	1538.53	727.06	4.0818	4.0719
862325864114	1567.64	709.46	1538.87	731.09	4.0812	4.0848
862325872447	1562.77	708.07	1538.62	740.84	4.1004	4.1068
862325880780	1569.42	711.82	1538.04	728.54	4.1035	4.0831
862325889114	1561.91	716.96	1542.33	729.04	4.1227	4.1193
862325897447	1562.74	714.53	1533.32	734.35	4.1192	4.1176
862325905780	1558.79	717.04	1544.90	734.91	4.1323	4.1349
862325914114	1561.09	712.16	1538.52	719.90	4.1216	4.1134
862325922446	1560.45	713.39	1540.66	737.23	4.1554	4.1505
862325930779	1559.32	715.00	1539.06	733.27	4.1461	4.1392
862325939113	1554.54	715.08	1539.32	734.01	4.1717	4.1453
862325947446	1562.05	719.49	1535.82	737.51	4.1882	4.1603
862325955779	1564.49	720.23	1545.12	724.90	4.2028	4.1865
862325964113	1564.98	713.47	1532.65	735.52	4.1867	4.1754
862325972447	1558.36	718.39	1543.00	727.55	4.1998	4.1886
862325980780	1556.74	714.51	1531.93	728.70	4.1932	4.1892
862325989114	1560.67	716.06	1534.30	726.83	4.2168	4.2021
862325997447	1556.51	723.74	1547.35	728.23	4.2227	4.2009
862326005779	1559.77	714.78	1538.12	724.85	4.2113	4.2042
862326014113	1562.26	715.70	1537.19	734.21	4.2356	4.2369
862326022446	1554.06	720.12	1542.10	723.56	4.2260	4.2136
862326030779	1559.11	727.48	1540.53	731.09	4.2374	4.2247
862326039113	1557.98	721.51	1544.82	731.49	4.2295	4.2156
862326047446	1556.56	724.41	1541.22	735.70	4.2426	4.2187
862326055779	1553.07	721.08	1543.80	729.14	4.2374	4.2137
862326064111	1558.15	722.62	1542.44	740.05	4.2451	4.2371
862326072444	1559.64	727.40	1545.00	742.04	4.2371	4.2402
862326080777	1539.47	722.02	1526.01	745.02	4.2442	4.2546
862326089116	1489.10	759.89	1463.87	784.01	4.2482	4.2579
862326097450	1487.22	788.23	1463.97	793.35	4.2497	4.2409
862326105785	1473.30	788.16	1467.94	789.69	4.2358	4.2707
862326114119	1485.95	779.48	1473.25	788.37	4.2439	4.2595
862326122452	1480.87	777.35	1465.70	790.00	4.2332	4.2544
862326130785	1481.99	778.24	1466.92	787.59	4.2363	4.2504
862326139119	1482.27	783.51	1463.57	787.38	4.2613	4.2540
862326147452	1484.29	781.42	1462.47	790.51	4.2499	4.2654
862326155785	1482.30	779.53	1458.58	789.89	4.2617	4.2387
862326164119	1478.30	786.36	1463.25	790.86	4.2512	4.2454
862326172450	1479.97	779.54	1454.48	792.57	4.2616	4.2420
862326180784	1487.59	780.67	1454.16	789.00	4.2571	4.2490
862326189118	1478.55	786.03	1461.49	786.19	4.2486	4.2405
862326197451	1471.87	784.21	1461.90	792.87	4.2359	4.2636
862326205784	1473.24	785.86	1458.45	792.97	4.2494	4.2401
862326214117	1472.54	790.26	1465.83	787.91	4.2415	4.2456
862326222457	1471.07	787.76	1465.73	792.77	4.2396	4.2438
862326230790	1477.29	791.61	1465.63	790.44	4.2298	4.2542
862326239124	1473.03	793.40	1463.28	787.37	4.2345	4.2303
862326247457	1475.02	790.28	1464.66	790.13	4.2414	4.2456
862326255789	1467.28	788.98	1473.28	792.94	4.2522	4.2404
862326264123	1470.17	779.30	1465.33	792.23	4.2394	4.2403
862326272456	1474.14	781.62	1464.29	792.71	4.2468	4.2179
862326280789	1473.17	780.09	1464.05	793.57	4.2478	4.2304
862326289123	1468.16	782.98	1466.23	790.38	4.2512	4.2274
862326297455	1470.40	779.16	1462.80	792.86	4.2404	4.2363
862326305789	1470.71	784.22	1467.62	789.00	4.2553	4.2329
862326314123	1467.83	778.49	1460.76	784.97	4.2451	4.2160
862326322456	1463.44	777.45	1466.03	789.44	4.2510	4.2198
862326330789	1468.10	784.17	1458.51	792.99	4.2552	4.2301
862326339121	1466.39	780.43	1463.75	785.71	4.2466	4.2306
862326347455	1469.52	788.74	1467.98	785.35	4.2560	4.2070
862326355793	1463.31	781.62	1466.74	789.96	4.2596	4.2150
862326364127	1468.98	785.62	1465.11	795.83	4.2485	4.2240
862326372460	1468.81	784.59	1461.73	789.79	4.2625	4.2269
862326380793	1471.77	787.53	1458.69	791.80	4.2446	4.2382
862326389127	1467.21	780.80	1467.94	784.35	4.2518	4.2351
862326397460	1474.38	783.58	1458.71	789.49	4.2521	4.2197
862326405793	1478.02	780.45	1469.12	788.07	4.2452	4.2245
862326414126	1471.77	778.33	1462.50	783.59	4.2678	4.2273
862326422458	1472.62	778.55	1465.15	784.29	4.2701	4.2333
862326430792	1480.32	774.36	1458.52	790.82	4.2863	4.2389
862326439125	1473.83	781.09	1463.12	789.87	4.2807	4.2471
862326447459	1465.93	775.92	1459.67	787.29	4.2742	4.2454
862326455792	1471.06	777.49	1463.68	781.12	4.2825	4.2670
862326464125	1476.05	773.50	1462.13	786.61	4.2775	4.2468
862326472459	1472.19	774.30	1465.11	789.99	4.3064	4.2586
862326480796	1466.90	775.44	1462.67	793.34	4.2997	4.2600
862326489129	1466.18	771.87	1469.41	786.67	4.3018	4.2636
862326497463	1479.99	784.74	1440.15	798.02	4.2926	4.2771
862326505795	1519.29	824.10	1477.62	845.37	4.2914	4.2884
862326514128	1532.78	834.81	1507.80	846.80	4.3202	4.2951
862326522462	1518.40	824.31	1504.75	840.05	4.3146	4.2814
862326530795	1512.22	824.81	1506.28	844.26	4.3301	4.2679
862326539126	1515.19	822.97	1507.77	842.44	4.3330	4.2891
862326547459	1523.21	823.29	1504.36	844.66	4.3174	4.2746
862326555793	1523.47	817.61	1501.22	843.82	4.3257	4.2881
862326564126	1518.88	822.13	1508.08	844.81	4.3390	4.2934
862326572460	1525.04	818.14	1504.18	841.68	4.3249	4.2740
862326580793	1517.75	822.26	1497.86	839.29	4.3323	4.2810
862326589125	1522.29	817.45	1499.75	844.86	4.3128	4.2953
862326597459	1517.38	820.42	1497.25	842.27	4.3109	4.2896
862326605792	1519.20	822.25	1494.86	849.93	4.3399	4.2862
862326614131	1513.72	835.90	1501.98	843.83	4.3285	4.2899
862326622465	1518.10	823.47	1501.52	845.74	4.3163	4.2853
862326630797	1512.39	823.52	1498.54	842.54	4.3335	4.2754
862326639131	1516.39	826.98	1503.43	846.64	4.3245	4.2743
862326647465	1522.07	829.16	1508.05	843.99	4.3267	4.2726
862326655799	1515.22	831.08	1504.55	844.67	4.3332	4.2655
862326664132	1522.01	827.85	1500.89	842.90	4.3017	4.2637
862326672464	1519.64	823.71	1502.61	848.22	4.2990	4.2713
862326680798	1519.24	825.39	1500.69	842.48	4.3152	4.2679
862326689131	1516.03	826.66	1501.99	842.62	4.3047	4.2623
862326697465	1524.33	825.81	1506.23	837.70	4.2896	4.2523
862326705798	1533.33	817.81	1507.49	849.49	4.2585	4.2430
862326714131	1527.15	826.16	1508.50	851.10	4.2639	4.2369
862326722464	1528.68	828.41	1513.45	851.50	4.2673	4.2250
862326730798	1529.41	815.50	1515.61	846.17	4.2595	4.2315
862326739131	1528.98	823.47	1509.68	846.24	4.2561	4.2119
862326747470	1523.55	823.79	1513.04	852.37	4.2643	4.2242
862326755800	1519.05	827.50	1512.64	846.32	4.2479	4.2186
862326764134	1525.12	825.59	1515.62	846.50	4.2407	4.2047
862326772470	1531.08	821.06	1511.58	843.59	4.2370	4.1889
862326780801	1529.56	823.15	1510.65	844.23	4.2425	4.1799
862326789134	1524.70	828.48	1510.14	844.65	4.2240	4.1782
862326797467	1526.08	823.02	1512.03	852.09	4.2186	4.1882
862326805801	1528.70	830.33	1513.65	844.09	4.2093	4.1669
862326814134	1530.09	828.24	1507.49	846.30	4.1994	4.1687
862326822469	1529.45	833.42	1504.12	847.41	4.1883	4.1527
862326830801	1531.05	829.33	1511.46	841.64	4.1859	4.1494
862326839133	1526.19	835.85	1511.33	846.83	4.1796	4.1492
862326847466	1518.41	840.53	1506.04	842.33	4.1743	4.1469
862326855800	1526.97	833.39	1506.75	849.40	4.1940	4.1234
862326864133	1522.73	831.04	1510.18	851.01	4.1620	4.1270
862326872466	1530.57	828.71	1508.50	848.49	4.1604	4.1217
862326880804	1521.65	831.52	1508.70	848.53	4.1366	4.1101
862326889138	1520.26	837.60	1517.10	843.73	4.1659	4.1025
862326897471	1531.36	820.57	1509.71	850.94	4.1626	4.1195
862326905805	1523.53	826.59	1511.58	851.91	4.1531	4.0960
862326914138	1528.20	828.53	1509.54	848.98	4.1561	4.1036
862326922470	1521.56	825.71	1512.52	848.09	4.1375	4.0829
862326930804	1526.89	832.84	1515.35	848.33	4.1461	4.0628
862326939137	1527.74	830.45	1509.07	847.48	4.1286	4.0693
862326947470	1533.65	825.84	1509.07	846.25	4.1012	4.0582
862326955804	1522.54	833.47	1518.13	849.81	4.1201	4.0526
862326964137	1527.64	837.05	1518.00	840.26	4.1205	4.0555
862326972470	1527.97	830.77	1515.50	845.84	4.1180	4.0775
862326980804	1522.21	838.15	1494.88	846.46	4.1125	4.0695
862326989137	1503.13	816.52	1473.92	816.94	4.1060	4.0694
862326997470	1447.74	776.19	1459.41	788.85	4.0940	4.0313
862327005806	1442.87	757.70	1433.61	777.04	4.0997	4.0337
862327014142	1432.14	739.02	1430.10	768.48	4.0825	4.0416
862327022475	1447.12	731.02	1432.18	763.40	4.0631	4.0362
862327030809	1442.15	745.15	1432.03	765.26	4.0718	4.0148
862327039142	1435.14	740.89	1427.74	758.87	4.0704	4.0087
862327047473	1435.09	740.50	1429.53	765.32	4.0655	4.0233
862327055807	1447.08	741.36	1426.84	758.57	4.0521	4.0110
862327064140	1435.48	740.30	1431.75	760.61	4.0386	3.9990
862327072475	1437.65	747.35	1432.59	764.34	4.0337	4.0111
862327080807	1440.94	748.25	1429.95	752.97	4.0511	3.9950
862327089139	1436.85	746.80	1435.76	752.96	4.0382	3.9980
862327097472	1443.07	750.29	1437.86	758.37	4.0288	4.0111
862327105806	1431.69	739.02	1428.68	750.92	4.0179	3.9883
862327114139	1432.63	742.24	1435.56	748.66	4.0169	3.9798
862327122472	1437.38	753.56	1426.15	760.40	4.0342	4.0054
862327130805	1436.89	745.33	1429.28	755.82	4.0160	3.9922
862327139147	1437.72	741.87	1436.54	749.62	4.0147	3.9964
862327147480	1439.49	746.31	1432.68	754.59	4.0242	3.9896
862327155814	1441.45	745.08	1432.01	752.72	4.0314	3.9813
862327164147	1445.27	747.53	1429.79	752.42	4.0311	3.9908
862327172479	1437.43	748.39	1436.82	752.93	4.0373	3.9854
862327180813	1430.41	751.84	1422.62	750.14	4.0323	3.9788
862327189146	1340.68	748.26	1336.28	731.60	4.0216	3.9677
862327197479	1254.81	741.78	1258.45	718.81	4.0157	3.9642
862327205813	1212.15	745.44	1194.41	732.14	4.0113	3.9590
862327214145	1144.95	753.41	1135.09	728.03	4.0014	3.9717
862327222479	1095.53	744.96	1091.08	733.29	3.9790	3.9670
862327230812	1096.68	759.47	1087.70	747.95	3.9946	3.9659
862327239146	1100.97	760.45	1095.51	743.59	4.0112	3.9563
862327247479	1096.18	758.07	1091.58	751.10	4.0019	3.9737
862327255811	1095.56	761.64	1084.75	754.28	4.0135	3.9686
862327264145	1103.46	763.51	1093.13	754.06	4.0038	3.9597
862327272480	1098.93	761.31	1088.06	745.05	3.9982	3.9477
862327280814	1096.71	754.07	1083.57	750.66	3.9973	3.9640
862327289147	1102.37	761.26	1084.14	745.04	3.9923	3.9373
862327297480	1093.22	755.94	1087.93	751.39	3.9945	3.9579
862327305814	1101.48	756.99	1093.26	745.28	4.0024	3.9437
862327314147	1099.73	754.71	1084.76	755.32	3.9774	3.9571
862327322480	1096.37	759.21	1085.57	750.23	3.9838	3.9575
862327330814	1103.35	760.97	1088.79	750.32	4.0036	3.9490
862327339145	1104.32	762.68	1084.32	752.97	4.0111	3.9497
862327347479	1097.25	760.48	1091.60	741.88	4.0030	3.9409
862327355813	1105.48	756.61	1085.69	748.40	3.9930	3.9677
862327364146	1103.99	760.45	1094.53	739.37	4.0093	3.9346
862327372479	1097.23	756.24	1082.32	742.59	4.0035	3.9582
862327380812	1103.13	763.51	1086.24	739.91	4.0139	3.9586
862327389146	1098.58	762.85	1090.34	746.90	4.0117	3.9508
862327397479	1096.44	764.11	1086.83	745.48	4.0036	3.9524
862327405817	1099.16	761.89	1088.33	748.80	4.0080	3.9668
862327414151	1105.88	769.20	1090.42	746.58	4.0237	3.9690
862327422483	1103.52	765.83	1097.42	747.11	4.0213	3.9624
862327430817	1107.01	764.43	1082.17	754.08	4.0377	3.9763
862327439150	1101.91	756.13	1092.00	742.69	4.0033	3.9606
862327447483	1102.54	763.70	1088.88	749.41	4.0279	3.9549
862327455816	1101.34	766.06	1088.43	754.95	4.0354	3.9750
862327464149	1102.92	769.51	1086.76	755.46	4.0403	3.9766
862327472483	1109.62	764.98	1088.06	757.67	4.0396	3.9834
862327480816	1105.41	763.51	1091.57	751.66	4.0330	3.9707
862327489150	1101.78	767.94	1089.39	756.61	4.0502	3.9821
862327497482	1100.85	772.00	1093.30	755.64	4.0271	3.9809
862327505815	1104.10	765.24	1092.20	745.87	4.0240	3.9796
862327514149	1109.89	768.01	1089.56	752.08	4.0483	3.9888
862327522482	1106.38	764.39	1100.69	747.02	4.0522	3.9848
862327530818	1101.92	764.08	1086.13	753.69	4.0531	3.9915
862327539152	1106.20	767.59	1094.63	745.19	4.0501	3.9735
862327547484	1101.50	770.11	1089.54	760.68	4.0587	4.0068
862327555818	1096.25	764.14	1087.43	758.83	4.0650	4.0195
862327564152	1104.17	771.04	1084.86	757.24	4.0827	4.0269
862327572485	1102.35	761.98	1090.19	752.11	4.0701	4.0057
862327580817	1103.81	765.84	1085.96	758.78	4.0845	4.0368
862327589150	1093.94	760.76	1085.87	761.92	4.0776	4.0207
862327597484	1103.38	765.63	1083.70	756.65	4.0863	4.0166
862327605817	1104.20	761.64	1088.56	774.46	4.0896	4.0253
862327614151	1113.00	822.11	1101.71	806.72	4.0963	4.0374
862327622484	1114.24	855.29	1099.17	828.30	4.1159	4.0356
862327630819	1114.58	828.49	1090.06	822.94	4.1054	4.0473
862327639153	1110.94	824.57	1101.13	821.42	4.1146	4.0788
862327647484	1108.94	838.06	1098.60	826.55	4.1181	4.0790
862327655817	1111.47	834.99	1093.14	823.48	4.1125	4.0692
862327664159	1110.84	839.46	1092.14	827.79	4.1244	4.0859
862327672489	1115.25	835.87	1098.51	828.02	4.1217	4.0681
862327680823	1110.04	836.47	1105.05	824.32	4.1147	4.0509
862327689157	1117.57	839.76	1101.51	820.75	4.1123	4.0711
862327697490	1105.13	832.98	1099.78	822.72	4.1135	4.0558
862327705823	1106.51	834.86	1096.19	825.13	4.1009	4.0682
862327714156	1113.59	836.42	1093.66	823.53	4.0970	4.0464
862327722492	1106.71	833.97	1094.17	833.67	4.1082	4.0731
862327730825	1118.01	838.06	1095.74	824.10	4.1034	4.0493
862327739157	1105.28	840.13	1096.97	821.75	4.0930	4.0475
862327747491	1108.82	837.87	1105.78	819.96	4.0976	4.0387
862327755824	1110.11	836.42	1098.01	819.88	4.0948	4.0354
862327764156	1107.93	839.45	1100.55	830.95	4.0821	4.0438
862327772489	1110.18	838.04	1091.85	826.76	4.0717	4.0491
862327780822	1106.65	838.58	1094.21	824.20	4.0818	4.0347
862327789155	1113.38	836.48	1094.59	829.42	4.0602	4.0354
862327797492	1119.14	833.22	1092.61	837.69	4.0843	4.0390
862327805826	1111.94	840.30	1102.72	826.03	4.0611	4.0124
