t	gaze_point_LX	gaze_point_LY	gaze_point_RX	gaze_point_RY	pupil_diameter_L	pupil_diameter_R
862111209144	1279.84	735.40	1283.47	748.16	4.1019	4.0322
862111217478	1280.25	735.51	1284.86	750.23	4.1255	4.0460
862111225811	1276.42	728.85	1286.99	739.69	4.1007	4.0090
862111234144	1271.50	729.39	1291.32	750.92	4.1009	4.0170
862111242478	1278.68	728.11	1294.73	740.79	4.1027	3.9986
862111250810	1276.45	726.11	1294.94	741.55	4.0878	3.9847
862111259148	1269.14	723.43	1292.87	745.73	4.0783	3.9938
862111267481	1276.74	725.66	1289.25	741.83	4.0907	3.9919
862111275814	1274.72	731.10	1296.00	736.39	4.0968	3.9842
862111284147	1270.42	728.49	1290.58	744.78	4.0922	3.9933
862111292481	1272.74	729.84	1295.01	736.98	4.0780	3.9719
862111300814	1275.15	731.83	1295.12	747.81	4.0735	3.9880
862111309148	1268.87	733.80	1295.01	739.11	4.0757	3.9726
862111317481	1268.65	728.32	1292.34	741.76	4.0756	3.9824
862111325814	1274.95	723.92	1290.66	737.52	4.0737	3.9578
862111334146	1274.24	730.80	1287.00	736.28	4.0737	3.9415
862111342480	1273.64	726.86	1283.69	735.46	4.0619	3.9646
862111350814	1266.94	732.21	1292.45	738.39	4.0609	3.9460
862111359146	1270.23	727.01	1287.91	730.61	4.0693	3.9717
862111367480	1270.56	725.29	1285.68	741.98	4.0587	3.9813
862111375813	1285.40	727.53	1286.86	748.06	4.0716	3.9839
862111384151	1281.44	726.44	1277.81	733.44	4.0708	3.9584
862111392484	1282.49	725.74	1278.61	730.82	4.0790	3.9888
862111400817	1277.91	727.01	1279.56	745.76	4.0716	3.9898
862111409149	1279.86	722.26	1278.90	735.91	4.0819	3.9778
862111417483	1281.91	727.11	1278.98	738.55	4.0781	3.9828
862111425816	1279.68	736.58	1268.98	733.08	4.0958	3.9857
862111434150	1280.15	732.80	1266.83	743.41	4.0873	4.0090
862111442483	1281.72	727.30	1272.23	739.46	4.1142	4.0114
862111450816	1276.77	723.78	1276.33	746.33	4.0933	4.0111
862111459149	1275.52	723.71	1271.79	743.86	4.1173	4.0319
862111467483	1274.98	719.56	1271.80	741.76	4.1273	4.0100
862111475816	1284.51	723.60	1272.85	729.11	4.1254	4.0099
862111484149	1293.37	729.27	1272.04	749.72	4.1349	4.0464
862111492482	1283.13	734.03	1272.48	743.62	4.1497	4.0570
862111500815	1279.35	730.89	1265.31	743.65	4.1451	4.0642
862111509148	1282.49	735.94	1272.45	739.35	4.1621	4.0731
862111517487	1280.93	736.35	1269.88	740.88	4.1875	4.0909
862111525820	1285.01	736.71	1273.13	740.54	4.1830	4.0917
862111534153	1280.39	729.03	1274.80	733.97	4.1870	4.1132
862111542487	1284.21	726.03	1273.69	736.51	4.1994	4.1262
862111550820	1277.79	725.36	1267.36	733.20	4.2004	4.1180
862111559154	1278.58	734.15	1281.53	727.61	4.2256	4.1215
862111567485	1278.18	731.00	1274.77	734.68	4.2149	4.1471
862111575819	1278.64	729.53	1278.91	732.42	4.2453	4.1627
862111584152	1284.23	732.47	1281.27	741.90	4.2583	4.1785
862111592486	1282.62	733.81	1281.85	737.21	4.2659	4.1988
862111600819	1277.35	739.51	1277.06	745.99	4.2627	4.1782
862111609152	1279.29	737.63	1278.02	739.97	4.2612	4.1871
862111617486	1285.13	729.62	1282.10	759.66	4.2710	4.2264
862111625819	1283.64	733.57	1282.09	752.28	4.2729	4.2130
862111634152	1279.82	735.22	1280.12	756.11	4.2804	4.2022
862111642485	1276.50	739.40	1276.99	754.33	4.2897	4.2080
862111650826	1283.65	737.07	1281.13	745.29	4.2588	4.1753
862111659159	1283.13	742.96	1276.70	753.05	4.2549	4.1737
862111667493	1282.91	739.23	1279.47	748.71	4.2401	4.1639
862111675826	1284.31	734.53	1266.70	747.77	4.2444	4.1593
862111684159	1278.58	733.12	1273.82	747.30	4.2230	4.1309
862111692492	1285.41	733.88	1274.87	734.78	4.2039	4.1153
862111700826	1285.48	724.12	1280.39	730.75	4.1863	4.0849
862111709159	1280.90	729.66	1285.65	738.53	4.1692	4.0839
862111717492	1277.70	727.97	1280.52	746.11	4.1520	4.0561
862111725825	1283.03	731.85	1284.96	748.86	4.1296	4.0567
862111734158	1273.84	725.86	1280.37	744.66	4.1241	4.0290
862111742492	1282.88	747.63	1287.98	742.85	4.1169	4.0030
862111750825	1281.28	736.92	1280.13	740.16	4.0950	4.0067
862111759158	1279.15	736.94	1281.20	748.34	4.0769	4.0061
862111767491	1277.59	736.65	1277.18	748.63	4.0626	3.9938
862111775825	1278.26	735.45	1283.63	750.17	4.0454	3.9667
862111784161	1283.36	740.02	1282.18	743.31	4.0362	3.9607
862111792494	1284.06	735.95	1280.67	740.78	4.0522	3.9516
862111800827	1283.60	736.56	1282.95	733.89	4.0360	3.9427
862111809160	1285.83	732.60	1281.07	737.60	4.0088	3.9287
862111817493	1285.32	737.57	1287.94	741.96	4.0068	3.9335
862111825827	1243.97	741.24	1242.64	742.98	4.0310	3.9233
862111834160	1177.04	730.47	1182.28	735.98	4.0114	3.9368
862111842494	1144.10	733.78	1140.41	737.58	3.9999	3.9525
862111850828	1138.31	730.97	1138.01	746.13	3.9954	3.9603
862111859161	1150.44	731.88	1153.35	738.85	4.0048	3.9487
862111867494	1141.52	733.35	1133.95	738.04	4.0078	3.9391
862111875827	1143.88	730.67	1134.98	739.82	3.9937	3.9448
862111884160	1144.55	725.99	1140.53	730.69	3.9986	3.9359
862111892493	1135.02	737.72	1137.94	731.21	4.0121	3.9654
862111900827	1145.00	733.70	1131.02	739.49	4.0347	3.9663
862111909160	1142.10	727.68	1138.60	734.27	4.0015	3.9381
862111917497	1144.84	725.21	1136.08	728.04	3.9955	3.9423
862111925831	1144.32	724.00	1124.25	739.25	4.0089	3.9876
862111934164	1144.76	732.96	1131.90	735.33	4.0121	3.9702
862111942497	1145.38	722.69	1127.40	738.36	4.0373	4.0007
862111950831	1141.77	730.91	1132.75	738.14	4.0440	4.0009
862111959163	1146.74	729.09	1132.68	733.96	4.0398	4.0096
862111967496	1146.93	733.08	1138.26	740.41	4.0538	4.0115
862111975830	1148.60	730.42	1131.12	735.09	4.0394	4.0097
862111984163	1136.54	734.31	1137.60	733.63	4.0503	4.0124
862111992496	1138.24	724.98	1137.02	727.81	4.0551	4.0241
862112000830	1137.39	735.04	1122.55	723.33	4.0465	4.0337
862112009163	1138.09	728.85	1135.45	727.85	4.0497	4.0424
862112017496	1135.87	726.05	1128.00	724.65	4.0530	4.0448
862112025830	1138.66	727.75	1133.44	739.19	4.0623	4.0595
862112034162	1141.59	731.85	1127.70	744.36	4.0764	4.0595
862112042500	1140.09	724.76	1132.49	744.11	4.0681	4.0363
862112050834	1140.72	729.94	1126.42	742.97	4.0915	4.0520
862112059167	1143.30	717.38	1121.52	744.93	4.0761	4.0796
862112067500	1136.99	718.58	1125.46	737.27	4.0949	4.0593
862112075833	1145.58	725.87	1127.36	739.90	4.0996	4.0746
862112084167	1136.77	723.86	1120.81	741.24	4.0898	4.0810
862112092500	1150.43	722.46	1125.14	733.34	4.0836	4.0635
862112100833	1140.76	715.52	1120.51	737.16	4.0600	4.0825
862112109166	1138.18	720.15	1124.26	745.37	4.0757	4.0840
862112117499	1150.09	726.95	1123.89	740.60	4.0770	4.0720
862112125832	1143.71	727.00	1124.00	727.24	4.0723	4.0530
862112134166	1140.98	728.82	1127.45	731.42	4.0823	4.0655
862112142499	1139.34	719.23	1127.69	727.19	4.0750	4.0764
862112150832	1142.18	725.01	1126.71	725.15	4.0802	4.0664
862112159166	1143.78	723.43	1124.73	736.81	4.0771	4.0951
862112167499	1150.98	725.70	1123.49	736.50	4.0806	4.0894
862112175837	1147.40	722.64	1119.92	742.76	4.0731	4.0965
862112184171	1138.60	724.04	1120.95	735.48	4.0803	4.0766
862112192503	1141.86	719.08	1127.65	740.98	4.0833	4.1013
862112200836	1139.17	713.65	1133.58	735.96	4.1002	4.1056
862112209170	1148.39	714.22	1112.15	733.71	4.1145	4.1011
862112217503	1152.34	715.74	1123.85	733.13	4.1010	4.1006
862112225836	1135.41	706.84	1118.32	734.58	4.1044	4.1100
862112234170	1146.09	705.73	1116.95	728.30	4.1138	4.1047
862112242503	1141.19	711.89	1118.50	743.17	4.1167	4.1302
862112250837	1139.20	719.74	1121.61	738.67	4.1178	4.1252
862112259170	1138.51	719.93	1118.54	743.47	4.1303	4.1517
862112267503	1148.33	716.81	1123.25	734.23	4.1275	4.1430
862112275835	1143.22	721.24	1129.09	738.03	4.1437	4.1501
862112284169	1141.99	714.69	1117.87	740.03	4.1399	4.1632
862112292502	1136.47	713.04	1125.75	735.37	4.1450	4.1647
862112300835	1139.82	722.31	1119.57	742.34	4.1404	4.1622
862112309173	1135.23	719.98	1118.64	736.85	4.1472	4.1621
862112317506	1142.43	716.16	1122.86	731.66	4.1469	4.1568
862112325839	1143.73	715.04	1127.48	743.54	4.1562	4.1749
862112334173	1214.90	718.42	1194.66	751.76	4.1503	4.1752
862112342506	1286.75	714.82	1282.07	759.46	4.1679	4.1988
862112350838	1329.26	718.59	1307.10	748.00	4.1946	4.1703
862112359172	1329.13	712.23	1319.28	757.51	4.2004	4.1897
862112367505	1310.84	703.75	1311.71	748.37	4.1722	4.1855
862112375838	1329.60	711.85	1315.68	749.41	4.1644	4.1929
862112384172	1329.20	713.36	1324.26	762.36	4.1906	4.2198
862112392505	1325.12	713.35	1318.70	757.42	4.1809	4.2089
862112400838	1330.77	728.02	1318.47	755.67	4.2100	4.2119
862112409172	1328.08	714.33	1325.36	757.11	4.1752	4.2044
862112417505	1323.36	711.90	1323.25	757.98	4.1889	4.2104
862112425838	1331.72	719.47	1318.49	753.53	4.1922	4.1987
862112434171	1332.18	719.53	1324.26	759.27	4.1896	4.2154
862112442509	1324.46	712.02	1328.91	751.24	4.1795	4.1999
862112450842	1324.59	713.86	1326.36	749.69	4.1838	4.1747
862112459176	1334.44	718.73	1324.56	758.04	4.1807	4.2018
862112467510	1330.89	719.39	1326.89	758.24	4.1675	4.1808
862112475843	1330.14	720.16	1328.36	754.79	4.2002	4.2083
862112484177	1324.89	717.72	1332.83	759.50	4.1681	4.2032
862112492510	1320.53	706.87	1332.81	758.38	4.1595	4.1834
862112500842	1325.69	712.23	1331.39	764.73	4.1630	4.1965
862112509176	1325.54	712.18	1334.72	758.01	4.1749	4.1988
862112517509	1330.14	713.30	1336.27	758.97	4.1542	4.1848
862112525842	1331.56	721.77	1335.67	756.02	4.1788	4.1966
862112534176	1331.94	711.68	1331.62	753.22	4.1590	4.1898
862112542509	1336.32	719.31	1336.58	752.63	4.1583	4.1939
862112550842	1326.55	718.52	1341.50	753.90	4.1702	4.1693
862112559176	1329.14	712.17	1341.08	752.59	4.1491	4.1705
862112567513	1333.61	711.69	1337.01	755.11	4.1325	4.1718
862112575845	1323.42	706.12	1337.69	752.28	4.1350	4.1660
862112584179	1341.79	711.39	1342.84	759.33	4.1395	4.1613
862112592512	1402.50	715.42	1391.36	770.07	4.1432	4.1775
862112600845	1448.77	722.54	1447.33	776.55	4.1182	4.1846
862112609178	1444.28	727.40	1443.64	775.71	4.1496	4.1806
862112617512	1437.73	730.74	1435.70	776.69	4.1385	4.1781
862112625845	1437.58	728.97	1440.98	772.35	4.1259	4.1676
862112634178	1440.81	729.34	1439.87	769.09	4.1388	4.1816
862112642512	1439.83	736.43	1438.72	773.86	4.1562	4.1846
862112650845	1437.35	720.25	1435.95	772.70	4.1366	4.1764
862112659178	1436.66	729.01	1440.33	769.22	4.1342	4.1868
862112667511	1435.81	731.96	1436.34	773.23	4.1623	4.1924
862112675844	1439.24	722.96	1441.73	762.85	4.1433	4.1938
862112684177	1433.52	726.49	1441.10	768.64	4.1347	4.2049
862112692511	1435.93	737.19	1440.21	772.92	4.1774	4.2174
862112700849	1439.97	732.49	1441.89	767.64	4.1756	4.1939
862112709182	1439.83	737.34	1440.38	779.60	4.1790	4.2125
862112717516	1435.64	731.90	1443.16	778.27	4.1693	4.2105
862112725849	1440.43	730.78	1440.20	777.03	4.1779	4.2316
862112734181	1435.60	731.70	1436.73	781.96	4.1940	4.2307
862112742515	1434.31	731.59	1438.55	776.81	4.2011	4.2439
862112750848	1434.40	736.47	1438.80	780.01	4.2017	4.2548
862112759181	1441.29	734.52	1435.00	786.11	4.2065	4.2568
862112767515	1440.40	742.48	1438.90	780.86	4.2152	4.2724
862112775848	1431.58	738.57	1437.37	773.03	4.2241	4.2765
862112784182	1438.21	739.43	1431.79	773.32	4.2267	4.2715
862112792515	1436.08	732.32	1436.64	774.82	4.2254	4.2792
862112800848	1437.10	732.81	1436.44	770.63	4.2496	4.2917
862112809181	1433.88	730.11	1433.00	769.19	4.2254	4.2923
862112817515	1473.07	731.81	1469.93	775.32	4.2480	4.3180
862112825847	1532.72	746.13	1540.46	776.33	4.2679	4.3147
862112834185	1542.34	741.21	1539.20	773.94	4.2759	4.3092
862112842519	1530.27	750.09	1523.74	780.63	4.2761	4.3157
862112850852	1519.87	750.24	1531.16	775.44	4.2919	4.3240
862112859185	1529.08	750.02	1526.06	780.05	4.2672	4.3395
862112867519	1530.82	751.06	1527.37	781.39	4.2801	4.3392
862112875852	1533.43	749.38	1526.62	781.07	4.3036	4.3437
862112884185	1528.80	751.56	1524.53	782.56	4.2771	4.3590
862112892519	1532.51	763.99	1523.43	781.02	4.3064	4.3755
862112900851	1530.97	750.75	1524.01	782.17	4.3039	4.3638
862112909184	1524.07	751.71	1528.05	780.88	4.3098	4.3730
862112917518	1529.24	753.47	1524.46	780.83	4.3227	4.3916
862112925851	1527.06	748.45	1525.40	783.27	4.3213	4.3799
862112934184	1522.75	761.66	1533.56	771.94	4.3419	4.3871
862112942518	1519.91	754.32	1523.53	778.39	4.3398	4.4003
862112950851	1517.65	752.96	1526.72	779.87	4.3398	4.4088
862112959188	1519.01	752.55	1527.86	778.87	4.3384	4.4103
862112967522	1522.10	752.15	1527.51	782.76	4.3388	4.4194
862112975857	1521.39	752.08	1530.16	781.62	4.3825	4.4175
862112984187	1524.59	754.06	1532.74	783.72	4.3492	4.4253
862112992523	1520.27	756.10	1527.45	780.72	4.3573	4.4225
862113000854	1527.26	753.98	1526.79	783.14	4.3644	4.4359
862113009187	1524.53	763.42	1528.44	780.97	4.3658	4.4274
862113017521	1527.68	751.96	1528.12	784.05	4.3738	4.4455
862113025854	1516.90	757.03	1519.82	786.91	4.3775	4.4560
862113034187	1521.15	765.27	1521.04	780.69	4.3666	4.4423
862113042521	1528.48	747.46	1522.59	785.92	4.3753	4.4688
862113050854	1527.09	749.12	1521.78	779.14	4.3704	4.4584
862113059186	1520.37	750.76	1521.55	783.08	4.3922	4.4606
862113067520	1525.89	746.92	1523.89	785.36	4.3909	4.4594
862113075853	1518.56	750.05	1519.49	784.43	4.3788	4.4665
862113084186	1521.07	745.61	1518.18	781.01	4.3732	4.4612
862113092529	1523.59	746.78	1519.97	780.44	4.3874	4.4634
862113100862	1527.07	744.60	1523.50	781.20	4.3781	4.4643
862113109195	1525.07	747.46	1531.94	780.66	4.3770	4.4687
862113117528	1524.57	754.65	1527.30	778.81	4.3855	4.4519
862113125859	1525.10	754.65	1525.57	783.79	4.3717	4.4729
862113134192	1516.38	758.29	1525.89	788.29	4.3596	4.4642
862113142525	1529.27	757.50	1530.08	781.82	4.3808	4.4636
862113150859	1529.06	757.34	1525.88	784.88	4.3549	4.4675
862113159192	1528.91	760.77	1528.22	780.41	4.3721	4.4666
862113167525	1529.69	753.06	1526.93	784.14	4.3660	4.4688
862113175859	1528.76	755.83	1526.22	787.81	4.3620	4.4720
862113184192	1526.84	757.73	1527.60	778.55	4.3570	4.4668
862113192525	1527.43	755.99	1526.00	783.44	4.3563	4.4614
862113200860	1527.51	752.63	1530.56	779.83	4.3254	4.4473
862113209191	1524.09	747.32	1529.16	778.84	4.3323	4.4599
862113217524	1522.69	752.54	1525.02	777.39	4.3404	4.4566
862113225863	1521.07	754.89	1527.62	782.47	4.3354	4.4484
862113234196	1523.48	753.24	1524.84	785.26	4.3231	4.4539
862113242529	1523.40	751.40	1521.16	782.77	4.3290	4.4643
862113250865	1530.56	758.98	1528.57	779.90	4.3374	4.4404
862113259196	1529.42	757.36	1523.16	781.12	4.3146	4.4471
862113267531	1523.60	754.54	1528.58	781.98	4.2972	4.4509
862113275862	1463.08	747.30	1471.43	781.71	4.3247	4.4489
862113284195	1370.24	707.11	1384.46	751.11	4.2975	4.4624
862113292528	1305.55	663.38	1312.83	717.25	4.2905	4.4642
862113300862	1251.00	672.39	1252.91	688.70	4.2942	4.4267
862113309195	1175.94	663.52	1181.72	693.12	4.2626	4.4413
862113317528	1103.01	665.40	1103.36	680.84	4.2728	4.4526
862113325862	1088.22	653.53	1076.45	663.34	4.2507	4.4484
862113334195	1078.81	655.44	1061.54	674.25	4.2482	4.4482
862113342530	1094.79	638.59	1069.27	672.12	4.2536	4.4412
862113350862	1079.12	647.01	1058.45	673.82	4.2412	4.4477
862113359200	1090.77	644.20	1064.83	677.76	4.2452	4.4288
862113367534	1085.00	648.99	1062.22	667.15	4.2442	4.4200
862113375867	1081.68	647.09	1064.33	670.77	4.2285	4.4295
862113384200	1085.84	643.73	1068.61	673.71	4.2349	4.4100
862113392533	1088.32	650.93	1069.21	659.60	4.2210	4.3946
862113400867	1083.28	645.30	1063.17	666.48	4.2097	4.3941
862113409198	1090.93	647.31	1067.17	667.55	4.1915	4.4081
862113417531	1088.51	651.30	1064.16	669.79	4.2108	4.3969
862113425865	1078.86	654.79	1064.67	667.46	4.2019	4.3724
862113434198	1080.23	653.36	1068.60	660.10	4.1996	4.3750
862113442531	1085.43	657.24	1067.42	657.07	4.2078	4.3405
862113450864	1085.24	655.26	1073.53	658.81	4.1826	4.3365
862113459197	1078.81	659.77	1064.75	663.63	4.1913	4.3405
862113467530	1082.20	652.07	1065.70	660.62	4.1751	4.3346
862113475864	1083.50	655.73	1069.18	658.92	4.1906	4.3131
862113484201	1083.60	655.30	1061.92	666.52	4.1797	4.3124
862113492534	1081.98	653.07	1069.30	665.13	4.1650	4.3003
862113500868	1082.42	651.77	1068.83	660.51	4.1656	4.3028
862113509201	1078.14	664.97	1070.06	674.44	4.1748	4.3067
862113517534	1081.57	652.94	1067.26	670.35	4.1692	4.2902
862113525868	1085.71	659.64	1067.80	655.45	4.1629	4.2531
862113534200	1084.12	656.46	1071.72	671.58	4.1632	4.2993
862113542533	1090.87	655.39	1071.34	667.01	4.1451	4.2559
862113550867	1084.24	660.57	1067.83	661.36	4.1411	4.2548
862113559200	1081.94	656.94	1065.22	665.57	4.1331	4.2453
862113567533	1085.33	650.42	1065.70	667.11	4.1298	4.2401
862113575867	1081.27	652.23	1065.83	671.48	4.1232	4.2482
862113584200	1082.14	657.72	1066.42	667.10	4.1247	4.2230
862113592533	1087.27	661.37	1072.13	661.66	4.1496	4.2217
862113600867	1079.02	656.51	1064.48	675.38	4.1175	4.2588
862113609199	1079.34	649.11	1065.95	665.93	4.1064	4.2319
862113617538	1081.07	662.27	1063.22	659.13	4.1228	4.2052
862113625872	1082.14	657.04	1066.63	667.72	4.1022	4.2205
862113634205	1079.96	654.09	1071.55	668.59	4.1138	4.1987
862113642538	1082.59	659.99	1065.68	667.25	4.1140	4.2182
862113650871	1079.62	652.40	1066.10	658.12	4.1061	4.1991
862113659205	1073.94	652.57	1066.08	660.01	4.0902	4.1886
862113667538	1087.61	642.65	1067.72	658.56	4.0836	4.1812
862113675871	1074.23	657.21	1064.91	662.53	4.0999	4.1881
862113684204	1078.12	652.70	1068.48	664.12	4.1015	4.1955
862113692537	1074.48	644.14	1060.19	661.52	4.0797	4.2025
862113700870	1083.43	658.93	1063.80	655.77	4.1126	4.1884
862113709204	1078.27	650.12	1062.42	661.64	4.0965	4.2000
862113717538	1080.94	663.53	1068.74	670.47	4.1210	4.2250
862113725871	1081.66	644.74	1065.28	658.84	4.0976	4.1726
862113734205	1085.93	650.25	1066.90	661.61	4.1043	4.2039
862113742537	1081.35	644.23	1067.46	659.15	4.1026	4.2124
862113750875	1078.89	654.12	1064.32	657.55	4.1243	4.2068
862113759208	1077.75	655.93	1064.35	668.16	4.1131	4.2230
862113767541	1077.59	652.29	1070.87	667.25	4.1071	4.2054
862113775874	1073.99	653.30	1068.43	661.27	4.1289	4.2153
862113784208	1076.67	651.57	1073.20	667.76	4.1230	4.2280
862113792541	1080.14	648.21	1068.14	662.16	4.1320	4.2245
862113800874	1074.17	646.58	1069.95	668.58	4.1266	4.2359
862113809208	1082.24	655.71	1065.99	666.46	4.1464	4.2204
862113817541	1072.01	655.49	1065.13	674.63	4.1484	4.2306
862113825873	1076.86	652.43	1066.17	672.38	4.1496	4.2423
862113834207	1081.28	652.01	1068.20	668.30	4.1483	4.2128
862113842540	1076.06	648.06	1066.14	670.39	4.1487	4.2115
862113850874	1080.02	649.39	1069.27	666.86	4.1574	4.2099
862113859207	1075.51	645.71	1068.83	665.97	4.1583	4.2587
862113867540	1070.38	645.26	1066.00	670.78	4.1599	4.2455
862113875873	1071.22	640.33	1072.09	661.37	4.1682	4.2103
862113884212	1071.72	642.76	1067.97	646.71	4.1720	4.2130
862113892545	1078.82	643.42	1074.85	658.43	4.1796	4.2178
862113900877	1074.45	645.97	1080.93	659.88	4.1827	4.2163
862113909211	1079.22	647.69	1077.17	662.79	4.1957	4.2335
862113917544	1073.40	642.03	1083.92	664.29	4.1879	4.2253
862113925877	1068.51	641.48	1074.96	662.82	4.1818	4.2202
862113934211	1071.87	647.85	1078.33	669.54	4.2012	4.2296
862113942544	1069.35	653.22	1079.91	664.96	4.1973	4.2333
862113950877	1076.69	647.07	1075.49	661.74	4.1917	4.2243
862113959211	1075.39	648.77	1075.67	672.95	4.2046	4.2334
862113967544	1074.52	644.40	1076.09	671.37	4.2045	4.2449
862113975877	1073.94	638.16	1077.12	663.31	4.1961	4.2274
862113984211	1073.01	646.12	1080.41	656.58	4.1967	4.2253
862113992544	1080.80	640.15	1074.64	656.51	4.1816	4.2268
862114000876	1136.84	642.71	1121.21	682.97	4.1965	4.2764
862114009215	1213.74	653.07	1203.33	674.22	4.2286	4.2208
862114017548	1280.56	649.13	1264.46	673.91	4.2390	4.2057
862114025883	1269.85	650.94	1265.29	671.30	4.2343	4.1947
862114034217	1255.05	646.13	1242.58	672.15	4.2313	4.2000
862114042550	1262.44	641.42	1262.12	669.83	4.2413	4.2030
862114050883	1264.19	657.41	1263.89	669.65	4.2305	4.1950
862114059215	1269.21	652.65	1265.29	677.72	4.2427	4.2199
862114067548	1271.03	658.15	1263.92	672.27	4.2389	4.2087
862114075883	1273.55	655.93	1263.92	671.01	4.2519	4.2067
862114084216	1260.37	650.13	1264.91	676.86	4.2456	4.2073
862114092549	1268.28	653.29	1267.03	674.38	4.2391	4.2244
862114100880	1271.87	654.38	1262.99	669.03	4.2489	4.2193
862114109216	1270.30	662.48	1267.57	673.24	4.2542	4.2138
862114117549	1267.23	651.20	1266.53	677.06	4.2372	4.2352
862114125880	1269.23	653.56	1261.50	671.87	4.2421	4.2260
862114134214	1266.54	656.35	1264.11	674.95	4.2375	4.2155
862114142550	1266.13	667.64	1262.64	683.90	4.2481	4.2391
862114150883	1265.24	664.95	1266.18	680.22	4.2427	4.2386
862114159218	1267.25	666.04	1269.58	680.05	4.2267	4.2244
862114167551	1272.48	662.13	1260.63	675.40	4.2377	4.2328
862114175882	1275.03	662.10	1266.92	678.65	4.2411	4.2306
862114184216	1272.24	667.26	1263.12	672.20	4.2363	4.2214
862114192549	1265.20	659.23	1270.43	675.06	4.2246	4.2092
862114200882	1270.43	658.29	1269.51	678.44	4.2326	4.2458
862114209215	1270.78	661.44	1269.01	674.71	4.2245	4.2228
862114217549	1273.66	668.76	1268.34	673.61	4.2299	4.2330
862114225882	1274.66	662.86	1273.34	673.70	4.2203	4.2286
862114234215	1268.31	656.98	1271.43	680.78	4.2040	4.2289
862114242548	1275.40	659.09	1269.63	677.43	4.2106	4.2404
862114250883	1275.75	658.89	1270.11	677.71	4.2101	4.2298
862114259217	1274.02	659.19	1274.38	684.87	4.1996	4.2509
862114267550	1269.90	653.37	1265.86	671.87	4.1991	4.2254
862114275889	1270.77	657.79	1269.90	685.32	4.1976	4.2579
862114284223	1311.14	677.00	1313.61	732.09	4.2074	4.2931
862114292554	1384.55	720.05	1387.94	764.81	4.2232	4.2827
862114300889	1404.81	715.20	1419.91	759.35	4.1980	4.2812
862114309220	1402.65	736.53	1413.14	780.88	4.2282	4.2873
862114317553	1389.52	730.42	1403.62	769.61	4.2077	4.2889
862114325886	1401.09	721.99	1408.15	766.57	4.2109	4.2844
862114334219	1402.61	728.38	1409.22	772.94	4.2026	4.2900
862114342554	1402.59	728.51	1410.80	774.20	4.2000	4.2984
862114350887	1408.86	726.57	1409.09	771.03	4.2078	4.3039
862114359220	1401.93	731.53	1412.83	778.20	4.2160	4.2940
862114367553	1407.61	738.07	1411.16	770.69	4.2402	4.3032
862114375886	1408.81	723.29	1412.51	777.30	4.2244	4.3074
862114384219	1409.75	732.67	1415.01	778.01	4.2339	4.2979
862114392553	1398.78	731.79	1420.85	770.93	4.2253	4.3007
862114400890	1401.20	729.08	1418.38	772.44	4.2247	4.3250
