t	gaze_point_LX	gaze_point_LY	gaze_point_RX	gaze_point_RY	pupil_diameter_L	pupil_diameter_R
848530681241	1607.37	942.57	1607.10	930.28	3.2895	3.3779
848530689575	1597.53	955.70	1615.99	919.87	3.3172	3.3410
848530697908	1599.36	933.16	1603.23	920.86	3.2753	3.3524
848530706242	1598.46	936.32	1606.88	933.42	3.2800	3.3724
848530714573	1605.44	942.21	1610.42	919.39	3.2870	3.3553
848530722907	1594.41	940.53	1607.63	917.46	3.2694	3.3390
848530731241	1596.21	944.45	1596.91	930.20	3.2823	3.3727
848530739573	1595.96	937.78	1607.63	915.42	3.2883	3.3386
848530747907	1599.66	949.00	1604.06	924.99	3.3040	3.3598
848530756242	1594.94	936.02	1610.28	919.63	3.2999	3.3646
848530764576	1601.66	939.36	1602.02	924.89	3.2932	3.3664
848530772909	1595.81	932.78	1602.18	924.31	3.2801	3.3636
848530781242	1606.68	933.45	1615.76	925.12	3.2866	3.3796
848530789576	1600.77	932.03	1603.81	919.94	3.2924	3.3531
848530797909	1607.16	938.45	1605.42	914.89	3.2905	3.3522
848530806242	1559.71	920.23	1585.23	901.45	3.2833	3.3426
848530814576	1430.74	888.59	1469.97	827.07	3.2866	3.3229
848530822909	1337.20	780.74	1390.89	741.79	3.2080	3.2711
848530831242	1268.15	753.73	1292.47	709.96	3.2578	3.2887
848530839575	1253.47	670.79	1279.82	687.08	3.1546	3.2994
848530847908	1283.71	658.06	1307.57	687.61	3.1795	3.3244
848530856241	1264.97	687.10	1282.56	693.44	3.2010	3.3165
848530864574	1257.52	662.35	1287.82	688.73	3.1445	3.3134
848530872908	1270.05	665.05	1280.45	689.02	3.1666	3.3082
848530881241	1275.25	684.92	1284.56	691.95	3.2089	3.3264
848530889580	1270.94	667.64	1278.02	677.37	3.1527	3.3091
848530897914	1275.68	675.12	1283.97	679.57	3.1826	3.3108
848530906247	1266.08	650.83	1284.74	677.67	3.1365	3.3027
848530914581	1272.50	660.65	1285.56	678.84	3.1627	3.3115
848530922913	1266.73	660.47	1287.44	675.23	3.1702	3.3116
848530931246	1275.38	690.12	1275.16	672.95	3.2343	3.3165
848530939580	1269.84	660.38	1281.71	681.42	3.1707	3.3193
848530947913	1270.50	658.50	1283.15	669.90	3.1862	3.3039
848530956246	1276.62	655.45	1284.80	677.49	3.1593	3.3362
848530964579	1275.18	661.10	1283.99	679.28	3.1890	3.3029
848530972912	1273.55	651.21	1276.99	680.42	3.1779	3.3223
848530981246	1272.17	647.99	1280.48	676.61	3.1749	3.3156
848530989579	1265.29	653.28	1277.94	678.13	3.1887	3.3286
848530997912	1272.03	652.01	1281.26	671.12	3.1898	3.3381
848531006245	1278.93	674.70	1283.46	678.59	3.2450	3.3521
848531014579	1274.74	693.16	1283.61	672.45	3.2917	3.3568
848531022918	1278.43	662.48	1281.57	677.88	3.2252	3.3562
848531031251	1276.66	681.04	1279.63	671.75	3.2562	3.3324
848531039585	1279.58	728.16	1285.46	677.51	3.3638	3.3577
848531047917	1276.13	721.12	1288.84	678.38	3.3676	3.3469
848531056251	1277.68	686.22	1285.88	679.15	3.2509	3.3517
848531064585	1270.06	724.02	1282.24	677.27	3.2481	3.3630
848531072917	1262.10	705.31	1286.43	719.28	3.2801	3.3351
848531081251	973.02	1404.82	1280.41	860.95	1.9979	3.3337
848531089584	NaN	NaN	NaN	NaN	NaN	NaN
848531097916	NaN	NaN	NaN	NaN	NaN	NaN
848531106258	NaN	NaN	NaN	NaN	NaN	NaN
848531114591	NaN	NaN	NaN	NaN	NaN	NaN
848531122924	NaN	NaN	NaN	NaN	NaN	NaN
848531131258	NaN	NaN	NaN	NaN	NaN	NaN
848531139591	NaN	NaN	NaN	NaN	NaN	NaN
848531147924	NaN	NaN	NaN	NaN	NaN	NaN
848531156260	NaN	NaN	NaN	NaN	NaN	NaN
848531164594	NaN	NaN	NaN	NaN	NaN	NaN
848531172927	NaN	NaN	NaN	NaN	NaN	NaN
848531181260	NaN	NaN	NaN	NaN	NaN	NaN
848531189593	NaN	NaN	NaN	NaN	NaN	NaN
848531197927	NaN	NaN	NaN	NaN	NaN	NaN
848531206260	NaN	NaN	NaN	NaN	NaN	NaN
848531214593	NaN	NaN	NaN	NaN	NaN	NaN
848531222926	NaN	NaN	NaN	NaN	NaN	NaN
848531231260	NaN	NaN	NaN	NaN	NaN	NaN
848531239592	NaN	NaN	NaN	NaN	NaN	NaN
848531247926	NaN	NaN	NaN	NaN	NaN	NaN
848531256258	NaN	NaN	NaN	NaN	NaN	NaN
848531264592	NaN	NaN	NaN	NaN	NaN	NaN
848531272925	NaN	NaN	NaN	NaN	NaN	NaN
848531281265	NaN	NaN	NaN	NaN	NaN	NaN
848531289598	NaN	NaN	NaN	NaN	NaN	NaN
848531297931	NaN	NaN	NaN	NaN	NaN	NaN
848531306265	NaN	NaN	NaN	NaN	NaN	NaN
848531314597	NaN	NaN	NaN	NaN	NaN	NaN
848531322931	NaN	NaN	NaN	NaN	NaN	NaN
848531331263	NaN	NaN	NaN	NaN	NaN	NaN
848531339596	NaN	NaN	NaN	NaN	NaN	NaN
848531347930	NaN	NaN	NaN	NaN	NaN	NaN
848531356264	NaN	NaN	NaN	NaN	NaN	NaN
848531364597	NaN	NaN	NaN	NaN	NaN	NaN
848531372930	NaN	NaN	NaN	NaN	NaN	NaN
848531381264	NaN	NaN	NaN	NaN	NaN	NaN
848531389596	NaN	NaN	NaN	NaN	NaN	NaN
848531397930	NaN	NaN	NaN	NaN	NaN	NaN
848531406262	NaN	NaN	NaN	NaN	NaN	NaN
848531414600	NaN	NaN	NaN	NaN	NaN	NaN
848531422934	NaN	NaN	NaN	NaN	NaN	NaN
848531431268	NaN	NaN	NaN	NaN	NaN	NaN
848531439601	NaN	NaN	NaN	NaN	NaN	NaN
848531447934	NaN	NaN	NaN	NaN	NaN	NaN
848531456268	NaN	NaN	NaN	NaN	NaN	NaN
848531464601	NaN	NaN	NaN	NaN	NaN	NaN
848531472934	NaN	NaN	NaN	NaN	NaN	NaN
848531481267	NaN	NaN	NaN	NaN	NaN	NaN
848531489600	NaN	NaN	NaN	NaN	NaN	NaN
848531497933	NaN	NaN	NaN	NaN	NaN	NaN
848531506266	NaN	NaN	NaN	NaN	NaN	NaN
848531514600	NaN	NaN	NaN	NaN	NaN	NaN
848531522933	NaN	NaN	NaN	NaN	NaN	NaN
848531531267	NaN	NaN	NaN	NaN	NaN	NaN
848531539600	NaN	NaN	NaN	NaN	NaN	NaN
848531547937	NaN	NaN	NaN	NaN	NaN	NaN
848531556270	NaN	NaN	NaN	NaN	NaN	NaN
848531564602	NaN	NaN	NaN	NaN	NaN	NaN
848531572936	NaN	NaN	NaN	NaN	NaN	NaN
848531581269	NaN	NaN	NaN	NaN	NaN	NaN
848531589602	NaN	NaN	NaN	NaN	NaN	NaN
848531597936	NaN	NaN	NaN	NaN	NaN	NaN
848531606221	NaN	NaN	NaN	NaN	NaN	NaN
848531614506	NaN	NaN	NaN	NaN	NaN	NaN
848531622792	NaN	NaN	NaN	NaN	NaN	NaN
848531631125	NaN	NaN	NaN	NaN	NaN	NaN
848531639458	NaN	NaN	NaN	NaN	NaN	NaN
848531647791	NaN	NaN	NaN	NaN	NaN	NaN
848531656124	NaN	NaN	NaN	NaN	NaN	NaN
848531664494	NaN	NaN	NaN	NaN	NaN	NaN
848531672864	NaN	NaN	NaN	NaN	NaN	NaN
848531681234	NaN	NaN	NaN	NaN	NaN	NaN
848531689605	NaN	NaN	NaN	NaN	NaN	NaN
848531697939	NaN	NaN	NaN	NaN	NaN	NaN
848531706272	NaN	NaN	NaN	NaN	NaN	NaN
848531714606	NaN	NaN	NaN	NaN	NaN	NaN
848531722938	NaN	NaN	NaN	NaN	NaN	NaN
848531731271	NaN	NaN	NaN	NaN	NaN	NaN
848531739605	NaN	NaN	NaN	NaN	NaN	NaN
848531747938	NaN	NaN	NaN	NaN	NaN	NaN
848531756271	NaN	NaN	NaN	NaN	NaN	NaN
848531764604	NaN	NaN	NaN	NaN	NaN	NaN
848531772938	NaN	NaN	NaN	NaN	NaN	NaN
848531781271	NaN	NaN	NaN	NaN	NaN	NaN
848531789605	NaN	NaN	NaN	NaN	NaN	NaN
848531797937	NaN	NaN	NaN	NaN	NaN	NaN
848531806277	NaN	NaN	NaN	NaN	NaN	NaN
848531814611	NaN	NaN	NaN	NaN	NaN	NaN
848531822943	NaN	NaN	NaN	NaN	NaN	NaN
848531831277	NaN	NaN	NaN	NaN	NaN	NaN
848531839610	NaN	NaN	NaN	NaN	NaN	NaN
848531847943	NaN	NaN	NaN	NaN	NaN	NaN
848531856277	NaN	NaN	NaN	NaN	NaN	NaN
848531864611	NaN	NaN	NaN	NaN	NaN	NaN
848531872943	NaN	NaN	NaN	NaN	NaN	NaN
848531881276	NaN	NaN	NaN	NaN	NaN	NaN
848531889609	NaN	NaN	NaN	NaN	NaN	NaN
848531897942	NaN	NaN	NaN	NaN	NaN	NaN
848531906276	NaN	NaN	NaN	NaN	NaN	NaN
848531914609	NaN	NaN	NaN	NaN	NaN	NaN
848531922943	NaN	NaN	NaN	NaN	NaN	NaN
848531931276	NaN	NaN	NaN	NaN	NaN	NaN
848531939614	NaN	NaN	NaN	NaN	NaN	NaN
848531947946	NaN	NaN	NaN	NaN	NaN	NaN
848531956279	NaN	NaN	NaN	NaN	NaN	NaN
848531964612	NaN	NaN	NaN	NaN	NaN	NaN
848531972945	NaN	NaN	NaN	NaN	NaN	NaN
848531981279	NaN	NaN	NaN	NaN	NaN	NaN
848531989612	NaN	NaN	NaN	NaN	NaN	NaN
848531997946	NaN	NaN	NaN	NaN	NaN	NaN
848532006279	NaN	NaN	NaN	NaN	NaN	NaN
848532014614	NaN	NaN	NaN	NaN	NaN	NaN
848532022947	NaN	NaN	NaN	NaN	NaN	NaN
848532031279	NaN	NaN	NaN	NaN	NaN	NaN
848532039612	NaN	NaN	NaN	NaN	NaN	NaN
848532047945	NaN	NaN	NaN	NaN	NaN	NaN
848532056279	NaN	NaN	NaN	NaN	NaN	NaN
848532064612	NaN	NaN	NaN	NaN	NaN	NaN
848532072949	NaN	NaN	NaN	NaN	NaN	NaN
848532081283	NaN	NaN	NaN	NaN	NaN	NaN
848532089616	NaN	NaN	NaN	NaN	NaN	NaN
848532097950	NaN	NaN	NaN	NaN	NaN	NaN
848532106282	NaN	NaN	NaN	NaN	NaN	NaN
848532114615	NaN	NaN	NaN	NaN	NaN	NaN
848532122948	NaN	NaN	NaN	NaN	NaN	NaN
848532131282	NaN	NaN	NaN	NaN	NaN	NaN
848532139615	NaN	NaN	NaN	NaN	NaN	NaN
848532147948	NaN	NaN	NaN	NaN	NaN	NaN
848532156281	NaN	NaN	NaN	NaN	NaN	NaN
848532164614	NaN	NaN	NaN	NaN	NaN	NaN
848532172876	NaN	NaN	NaN	NaN	NaN	NaN
848532181137	NaN	NaN	NaN	NaN	NaN	NaN
848532189473	NaN	NaN	NaN	NaN	NaN	NaN
848532197809	NaN	NaN	NaN	NaN	NaN	NaN
848532206142	NaN	NaN	NaN	NaN	NaN	NaN
848532214475	NaN	NaN	NaN	NaN	NaN	NaN
848532222809	NaN	NaN	NaN	NaN	NaN	NaN
848532231190	NaN	NaN	NaN	NaN	NaN	NaN
848532239571	NaN	NaN	NaN	NaN	NaN	NaN
848532247953	NaN	NaN	NaN	NaN	NaN	NaN
848532256286	NaN	NaN	NaN	NaN	NaN	NaN
848532264618	NaN	NaN	NaN	NaN	NaN	NaN
848532272952	NaN	NaN	NaN	NaN	NaN	NaN
848532281285	NaN	NaN	NaN	NaN	NaN	NaN
848532289618	NaN	NaN	NaN	NaN	NaN	NaN
848532297951	NaN	NaN	NaN	NaN	NaN	NaN
848532306285	NaN	NaN	NaN	NaN	NaN	NaN
848532314618	NaN	NaN	NaN	NaN	NaN	NaN
848532322951	NaN	NaN	NaN	NaN	NaN	NaN
848532331291	NaN	NaN	NaN	NaN	NaN	NaN
848532339623	NaN	NaN	NaN	NaN	NaN	NaN
848532347957	NaN	NaN	NaN	NaN	NaN	NaN
848532356290	NaN	NaN	NaN	NaN	NaN	NaN
848532364623	NaN	NaN	NaN	NaN	NaN	NaN
848532372957	NaN	NaN	NaN	NaN	NaN	NaN
848532381289	NaN	NaN	NaN	NaN	NaN	NaN
848532389623	NaN	NaN	NaN	NaN	NaN	NaN
848532397956	NaN	NaN	NaN	NaN	NaN	NaN
848532406290	NaN	NaN	NaN	NaN	NaN	NaN
848532414622	NaN	NaN	NaN	NaN	NaN	NaN
848532422956	NaN	NaN	NaN	NaN	NaN	NaN
848532431289	NaN	NaN	NaN	NaN	NaN	NaN
848532439622	NaN	NaN	NaN	NaN	NaN	NaN
848532447955	NaN	NaN	NaN	NaN	NaN	NaN
848532456288	NaN	NaN	NaN	NaN	NaN	NaN
848532464625	NaN	NaN	NaN	NaN	NaN	NaN
848532472958	NaN	NaN	NaN	NaN	NaN	NaN
848532481292	NaN	NaN	NaN	NaN	NaN	NaN
848532489625	NaN	NaN	NaN	NaN	NaN	NaN
848532497958	NaN	NaN	NaN	NaN	NaN	NaN
848532506291	NaN	NaN	NaN	NaN	NaN	NaN
848532514624	NaN	NaN	NaN	NaN	NaN	NaN
848532522957	NaN	NaN	NaN	NaN	NaN	NaN
848532531290	NaN	NaN	NaN	NaN	NaN	NaN
848532539624	NaN	NaN	NaN	NaN	NaN	NaN
848532547958	NaN	NaN	NaN	NaN	NaN	NaN
848532556291	NaN	NaN	NaN	NaN	NaN	NaN
848532564624	NaN	NaN	NaN	NaN	NaN	NaN
848532572957	NaN	NaN	NaN	NaN	NaN	NaN
848532581290	NaN	NaN	NaN	NaN	NaN	NaN
848532589627	NaN	NaN	NaN	NaN	NaN	NaN
848532597960	NaN	NaN	NaN	NaN	NaN	NaN
848532606293	NaN	NaN	NaN	NaN	NaN	NaN
848532614627	NaN	NaN	NaN	NaN	NaN	NaN
848532622960	NaN	NaN	NaN	NaN	NaN	NaN
848532631294	NaN	NaN	NaN	NaN	NaN	NaN
848532639627	NaN	NaN	NaN	NaN	NaN	NaN
848532647959	NaN	NaN	NaN	NaN	NaN	NaN
848532656293	NaN	NaN	NaN	NaN	NaN	NaN
848532664626	NaN	NaN	NaN	NaN	NaN	NaN
848532672959	NaN	NaN	NaN	NaN	NaN	NaN
848532681292	NaN	NaN	NaN	NaN	NaN	NaN
848532689626	NaN	NaN	NaN	NaN	NaN	NaN
848532697959	NaN	NaN	NaN	NaN	NaN	NaN
848532706292	NaN	NaN	NaN	NaN	NaN	NaN
848532714626	NaN	NaN	NaN	NaN	NaN	NaN
848532722958	NaN	NaN	NaN	NaN	NaN	NaN
848532731222	NaN	NaN	NaN	NaN	NaN	NaN
848532739487	NaN	NaN	NaN	NaN	NaN	NaN
848532747820	NaN	NaN	NaN	NaN	NaN	NaN
848532756154	NaN	NaN	NaN	NaN	NaN	NaN
848532764487	NaN	NaN	NaN	NaN	NaN	NaN
848532772820	NaN	NaN	NaN	NaN	NaN	NaN
848532781154	NaN	NaN	NaN	NaN	NaN	NaN
848532789535	NaN	NaN	NaN	NaN	NaN	NaN
848532797916	NaN	NaN	NaN	NaN	NaN	NaN
848532806297	NaN	NaN	NaN	NaN	NaN	NaN
848532814630	NaN	NaN	NaN	NaN	NaN	NaN
848532822963	NaN	NaN	NaN	NaN	NaN	NaN
848532831289	NaN	NaN	NaN	NaN	NaN	NaN
848532839623	NaN	NaN	NaN	NaN	NaN	NaN
848532847956	NaN	NaN	NaN	NaN	NaN	NaN
848532856293	NaN	NaN	NaN	NaN	NaN	NaN
848532864627	NaN	NaN	NaN	NaN	NaN	NaN
848532872960	NaN	NaN	NaN	NaN	NaN	NaN
848532881292	NaN	NaN	NaN	NaN	NaN	NaN
848532889625	NaN	NaN	NaN	NaN	NaN	NaN
848532897959	NaN	NaN	NaN	NaN	NaN	NaN
848532906292	NaN	NaN	NaN	NaN	NaN	NaN
848532914626	NaN	NaN	NaN	NaN	NaN	NaN
848532922959	NaN	NaN	NaN	NaN	NaN	NaN
848532931292	NaN	NaN	NaN	NaN	NaN	NaN
848532939625	NaN	NaN	NaN	NaN	NaN	NaN
848532947958	NaN	NaN	NaN	NaN	NaN	NaN
848532956291	NaN	NaN	NaN	NaN	NaN	NaN
848532964625	NaN	NaN	NaN	NaN	NaN	NaN
848532972958	NaN	NaN	NaN	NaN	NaN	NaN
848532981291	NaN	NaN	NaN	NaN	NaN	NaN
848532989629	NaN	NaN	NaN	NaN	NaN	NaN
848532997962	NaN	NaN	NaN	NaN	NaN	NaN
848533006296	NaN	NaN	NaN	NaN	NaN	NaN
848533014629	NaN	NaN	NaN	NaN	NaN	NaN
848533022962	NaN	NaN	NaN	NaN	NaN	NaN
848533031296	NaN	NaN	NaN	NaN	NaN	NaN
848533039628	NaN	NaN	NaN	NaN	NaN	NaN
848533047961	NaN	NaN	NaN	NaN	NaN	NaN
848533056295	NaN	NaN	NaN	NaN	NaN	NaN
848533064629	NaN	NaN	NaN	NaN	NaN	NaN
848533072961	NaN	NaN	NaN	NaN	NaN	NaN
848533081295	NaN	NaN	NaN	NaN	NaN	NaN
848533089628	NaN	NaN	NaN	NaN	NaN	NaN
848533097961	NaN	NaN	NaN	NaN	NaN	NaN
848533106295	NaN	NaN	NaN	NaN	NaN	NaN
848533114630	NaN	NaN	NaN	NaN	NaN	NaN
848533122964	NaN	NaN	NaN	NaN	NaN	NaN
848533131297	NaN	NaN	NaN	NaN	NaN	NaN
848533139630	NaN	NaN	NaN	NaN	NaN	NaN
848533147963	NaN	NaN	NaN	NaN	NaN	NaN
848533156297	NaN	NaN	NaN	NaN	NaN	NaN
848533164630	NaN	NaN	NaN	NaN	NaN	NaN
848533172963	NaN	NaN	NaN	NaN	NaN	NaN
848533181297	NaN	NaN	NaN	NaN	NaN	NaN
848533189629	NaN	NaN	NaN	NaN	NaN	NaN
848533197962	NaN	NaN	NaN	NaN	NaN	NaN
848533206296	NaN	NaN	NaN	NaN	NaN	NaN
848533214629	NaN	NaN	NaN	NaN	NaN	NaN
848533222962	NaN	NaN	NaN	NaN	NaN	NaN
848533231296	NaN	NaN	NaN	NaN	NaN	NaN
848533239629	NaN	NaN	NaN	NaN	NaN	NaN
848533247969	NaN	NaN	NaN	NaN	NaN	NaN
848533256302	NaN	NaN	NaN	NaN	NaN	NaN
848533264636	NaN	NaN	NaN	NaN	NaN	NaN
848533272968	NaN	NaN	NaN	NaN	NaN	NaN
848533281301	NaN	NaN	NaN	NaN	NaN	NaN
848533289589	NaN	NaN	NaN	NaN	NaN	NaN
848533297877	NaN	NaN	NaN	NaN	NaN	NaN
848533306166	NaN	NaN	NaN	NaN	NaN	NaN
848533314499	NaN	NaN	NaN	NaN	NaN	NaN
848533322832	NaN	NaN	NaN	NaN	NaN	NaN
848533331165	NaN	NaN	NaN	NaN	NaN	NaN
848533339498	NaN	NaN	NaN	NaN	NaN	NaN
848533347831	NaN	NaN	NaN	NaN	NaN	NaN
848533356212	NaN	NaN	NaN	NaN	NaN	NaN
848533364593	NaN	NaN	NaN	NaN	NaN	NaN
848533372975	NaN	NaN	NaN	NaN	NaN	NaN
848533381312	NaN	NaN	NaN	NaN	NaN	NaN
848533389645	NaN	NaN	NaN	NaN	NaN	NaN
848533397972	NaN	NaN	NaN	NaN	NaN	NaN
848533406305	NaN	NaN	NaN	NaN	NaN	NaN
848533414638	NaN	NaN	NaN	NaN	NaN	NaN
848533422970	NaN	NaN	NaN	NaN	NaN	NaN
848533431302	NaN	NaN	NaN	NaN	NaN	NaN
848533439636	NaN	NaN	NaN	NaN	NaN	NaN
848533447969	NaN	NaN	NaN	NaN	NaN	NaN
848533456304	NaN	NaN	NaN	NaN	NaN	NaN
848533464637	NaN	NaN	NaN	NaN	NaN	NaN
848533472970	NaN	NaN	NaN	NaN	NaN	NaN
848533481304	NaN	NaN	NaN	NaN	NaN	NaN
848533489637	NaN	NaN	NaN	NaN	NaN	NaN
848533497969	NaN	NaN	NaN	NaN	NaN	NaN
848533506301	NaN	NaN	NaN	NaN	NaN	NaN
848533514639	NaN	NaN	NaN	NaN	NaN	NaN
848533522972	NaN	NaN	NaN	NaN	NaN	NaN
848533531305	NaN	NaN	NaN	NaN	NaN	NaN
848533539638	NaN	NaN	NaN	NaN	NaN	NaN
848533547971	NaN	NaN	NaN	NaN	NaN	NaN
848533556304	NaN	NaN	NaN	NaN	NaN	NaN
848533564639	NaN	NaN	NaN	NaN	NaN	NaN
848533572972	NaN	NaN	NaN	NaN	NaN	NaN
848533581304	NaN	NaN	NaN	NaN	NaN	NaN
848533589638	NaN	NaN	NaN	NaN	NaN	NaN
848533597971	NaN	NaN	NaN	NaN	NaN	NaN
848533606305	NaN	NaN	NaN	NaN	NaN	NaN
848533614637	NaN	NaN	NaN	NaN	NaN	NaN
848533622970	NaN	NaN	NaN	NaN	NaN	NaN
848533631303	NaN	NaN	NaN	NaN	NaN	NaN
848533639643	NaN	NaN	NaN	NaN	NaN	NaN
848533647976	NaN	NaN	NaN	NaN	NaN	NaN
848533656308	NaN	NaN	NaN	NaN	NaN	NaN
848533664642	NaN	NaN	NaN	NaN	NaN	NaN
848533672975	NaN	NaN	NaN	NaN	NaN	NaN
848533681309	NaN	NaN	NaN	NaN	NaN	NaN
848533689642	NaN	NaN	NaN	NaN	NaN	NaN
848533697975	NaN	NaN	NaN	NaN	NaN	NaN
848533706309	NaN	NaN	NaN	NaN	NaN	NaN
848533714642	NaN	NaN	NaN	NaN	NaN	NaN
848533722975	NaN	NaN	NaN	NaN	NaN	NaN
848533731307	NaN	NaN	NaN	NaN	NaN	NaN
848533739641	NaN	NaN	NaN	NaN	NaN	NaN
848533747974	NaN	NaN	NaN	NaN	NaN	NaN
848533756307	NaN	NaN	NaN	NaN	NaN	NaN
848533764641	NaN	NaN	NaN	NaN	NaN	NaN
848533772980	NaN	NaN	NaN	NaN	NaN	NaN
848533781314	NaN	NaN	NaN	NaN	NaN	NaN
848533789647	NaN	NaN	NaN	NaN	NaN	NaN
848533797980	NaN	NaN	NaN	NaN	NaN	NaN
848533806313	NaN	NaN	NaN	NaN	NaN	NaN
848533814645	NaN	NaN	NaN	NaN	NaN	NaN
848533822979	NaN	NaN	NaN	NaN	NaN	NaN
848533831312	NaN	NaN	NaN	NaN	NaN	NaN
848533839646	NaN	NaN	NaN	NaN	NaN	NaN
848533847934	NaN	NaN	NaN	NaN	NaN	NaN
848533856222	NaN	NaN	NaN	NaN	NaN	NaN
848533864511	NaN	NaN	NaN	NaN	NaN	NaN
848533872844	NaN	NaN	NaN	NaN	NaN	NaN
848533881177	NaN	NaN	NaN	NaN	NaN	NaN
848533889509	NaN	NaN	NaN	NaN	NaN	NaN
848533897842	NaN	NaN	NaN	NaN	NaN	NaN
848533906176	NaN	NaN	NaN	NaN	NaN	NaN
848533914556	NaN	NaN	NaN	NaN	NaN	NaN
848533922936	NaN	NaN	NaN	NaN	NaN	NaN
848533931316	NaN	NaN	NaN	NaN	NaN	NaN
848533939650	NaN	NaN	NaN	NaN	NaN	NaN
848533947983	NaN	NaN	NaN	NaN	NaN	NaN
848533956317	NaN	NaN	NaN	NaN	NaN	NaN
848533964649	NaN	NaN	NaN	NaN	NaN	NaN
848533972982	NaN	NaN	NaN	NaN	NaN	NaN
848533981314	NaN	NaN	NaN	NaN	NaN	NaN
848533989647	NaN	NaN	NaN	NaN	NaN	NaN
848533997982	NaN	NaN	NaN	NaN	NaN	NaN
848534006315	NaN	NaN	NaN	NaN	NaN	NaN
848534014648	NaN	NaN	NaN	NaN	NaN	NaN
848534022982	NaN	NaN	NaN	NaN	NaN	NaN
848534031319	NaN	NaN	NaN	NaN	NaN	NaN
848534039652	NaN	NaN	NaN	NaN	NaN	NaN
848534047985	NaN	NaN	NaN	NaN	NaN	NaN
848534056318	NaN	NaN	NaN	NaN	NaN	NaN
848534064651	NaN	NaN	NaN	NaN	NaN	NaN
848534072985	NaN	NaN	NaN	NaN	NaN	NaN
848534081318	NaN	NaN	NaN	NaN	NaN	NaN
848534089651	NaN	NaN	NaN	NaN	NaN	NaN
848534097985	NaN	NaN	NaN	NaN	NaN	NaN
848534106318	NaN	NaN	NaN	NaN	NaN	NaN
848534114652	NaN	NaN	NaN	NaN	NaN	NaN
848534122984	NaN	NaN	NaN	NaN	NaN	NaN
848534131317	NaN	NaN	NaN	NaN	NaN	NaN
848534139650	NaN	NaN	NaN	NaN	NaN	NaN
848534147984	NaN	NaN	NaN	NaN	NaN	NaN
848534156317	NaN	NaN	NaN	NaN	NaN	NaN
848534164655	NaN	NaN	NaN	NaN	NaN	NaN
848534172988	NaN	NaN	NaN	NaN	NaN	NaN
848534181321	NaN	NaN	NaN	NaN	NaN	NaN
848534189655	NaN	NaN	NaN	NaN	NaN	NaN
848534197986	NaN	NaN	NaN	NaN	NaN	NaN
848534206320	NaN	NaN	NaN	NaN	NaN	NaN
848534214653	NaN	NaN	NaN	NaN	NaN	NaN
848534222986	NaN	NaN	NaN	NaN	NaN	NaN
848534231320	NaN	NaN	NaN	NaN	NaN	NaN
848534239654	NaN	NaN	NaN	NaN	NaN	NaN
848534247987	NaN	NaN	NaN	NaN	NaN	NaN
848534256320	NaN	NaN	NaN	NaN	NaN	NaN
848534264654	NaN	NaN	NaN	NaN	NaN	NaN
848534272986	NaN	NaN	NaN	NaN	NaN	NaN
848534281319	NaN	NaN	NaN	NaN	NaN	NaN
848534289652	NaN	NaN	NaN	NaN	NaN	NaN
848534297991	NaN	NaN	NaN	NaN	NaN	NaN
848534306325	NaN	NaN	NaN	NaN	NaN	NaN
848534314658	NaN	NaN	NaN	NaN	NaN	NaN
848534322992	NaN	NaN	NaN	NaN	NaN	NaN
848534331325	NaN	NaN	NaN	NaN	NaN	NaN
848534339659	NaN	NaN	NaN	NaN	NaN	NaN
848534347992	NaN	NaN	NaN	NaN	NaN	NaN
848534356324	NaN	NaN	NaN	NaN	NaN	NaN
848534364657	NaN	NaN	NaN	NaN	NaN	NaN
848534372990	NaN	NaN	NaN	NaN	NaN	NaN
848534381324	NaN	NaN	NaN	NaN	NaN	NaN
848534389657	NaN	NaN	NaN	NaN	NaN	NaN
848534397945	NaN	NaN	NaN	NaN	NaN	NaN
848534406233	NaN	NaN	NaN	NaN	NaN	NaN
848534414521	NaN	NaN	NaN	NaN	NaN	NaN
848534422857	NaN	NaN	NaN	NaN	NaN	NaN
848534431192	NaN	NaN	NaN	NaN	NaN	NaN
848534439525	NaN	NaN	NaN	NaN	NaN	NaN
848534447858	NaN	NaN	NaN	NaN	NaN	NaN
848534456192	NaN	NaN	NaN	NaN	NaN	NaN
848534464570	NaN	NaN	NaN	NaN	NaN	NaN
848534472948	NaN	NaN	NaN	NaN	NaN	NaN
848534481328	NaN	NaN	NaN	NaN	NaN	NaN
848534489662	NaN	NaN	NaN	NaN	NaN	NaN
848534497995	NaN	NaN	NaN	NaN	NaN	NaN
848534506327	NaN	NaN	NaN	NaN	NaN	NaN
848534514660	NaN	NaN	NaN	NaN	NaN	NaN
848534522994	NaN	NaN	NaN	NaN	NaN	NaN
848534531327	NaN	NaN	NaN	NaN	NaN	NaN
848534539660	NaN	NaN	NaN	NaN	NaN	NaN
848534547993	NaN	NaN	NaN	NaN	NaN	NaN
848534556329	NaN	NaN	NaN	NaN	NaN	NaN
848534564662	NaN	NaN	NaN	NaN	NaN	NaN
848534572996	NaN	NaN	NaN	NaN	NaN	NaN
848534581329	NaN	NaN	NaN	NaN	NaN	NaN
848534589662	NaN	NaN	NaN	NaN	NaN	NaN
848534597995	NaN	NaN	NaN	NaN	NaN	NaN
848534606328	NaN	NaN	NaN	NaN	NaN	NaN
848534614661	NaN	NaN	NaN	NaN	NaN	NaN
848534622994	NaN	NaN	NaN	NaN	NaN	NaN
848534631328	NaN	NaN	NaN	NaN	NaN	NaN
848534639662	NaN	NaN	NaN	NaN	NaN	NaN
848534647995	NaN	NaN	NaN	NaN	NaN	NaN
848534656328	NaN	NaN	NaN	NaN	NaN	NaN
848534664661	NaN	NaN	NaN	NaN	NaN	NaN
848534672993	NaN	NaN	NaN	NaN	NaN	NaN
848534681327	NaN	NaN	NaN	NaN	NaN	NaN
848534689668	NaN	NaN	NaN	NaN	NaN	NaN
848534698000	NaN	NaN	NaN	NaN	NaN	NaN
848534706334	NaN	NaN	NaN	NaN	NaN	NaN
848534714667	NaN	NaN	NaN	NaN	NaN	NaN
848534723001	NaN	NaN	NaN	NaN	NaN	NaN
848534731334	NaN	NaN	NaN	NaN	NaN	NaN
848534739666	NaN	NaN	NaN	NaN	NaN	NaN
848534748000	NaN	NaN	NaN	NaN	NaN	NaN
848534756333	NaN	NaN	NaN	NaN	NaN	NaN
848534764666	NaN	NaN	NaN	NaN	NaN	NaN
848534773000	NaN	NaN	NaN	NaN	NaN	NaN
848534781333	NaN	NaN	NaN	NaN	NaN	NaN
848534789666	NaN	NaN	NaN	NaN	NaN	NaN
848534798000	NaN	NaN	NaN	NaN	NaN	NaN
848534806333	NaN	NaN	NaN	NaN	NaN	NaN
848534814665	NaN	NaN	NaN	NaN	NaN	NaN
848534823004	NaN	NaN	NaN	NaN	NaN	NaN
848534831337	NaN	NaN	NaN	NaN	NaN	NaN
848534839670	NaN	NaN	NaN	NaN	NaN	NaN
848534848004	NaN	NaN	NaN	NaN	NaN	NaN
848534856337	NaN	NaN	NaN	NaN	NaN	NaN
848534864670	NaN	NaN	NaN	NaN	NaN	NaN
848534873004	NaN	NaN	NaN	NaN	NaN	NaN
848534881337	NaN	NaN	NaN	NaN	NaN	NaN
848534889670	NaN	NaN	NaN	NaN	NaN	NaN
848534898003	NaN	NaN	NaN	NaN	NaN	NaN
848534906336	NaN	NaN	NaN	NaN	NaN	NaN
848534914669	NaN	NaN	NaN	NaN	NaN	NaN
848534923003	NaN	NaN	NaN	NaN	NaN	NaN
848534931336	NaN	NaN	NaN	NaN	NaN	NaN
848534939669	NaN	NaN	NaN	NaN	NaN	NaN
848534948003	NaN	NaN	NaN	NaN	NaN	NaN
848534956291	NaN	NaN	NaN	NaN	NaN	NaN
848534964579	NaN	NaN	NaN	NaN	NaN	NaN
848534972867	NaN	NaN	NaN	NaN	NaN	NaN
848534981200	NaN	NaN	NaN	NaN	NaN	NaN
848534989534	NaN	NaN	NaN	NaN	NaN	NaN
848534997867	NaN	NaN	NaN	NaN	NaN	NaN
848535006200	NaN	NaN	NaN	NaN	NaN	NaN
848535014567	NaN	NaN	NaN	NaN	NaN	NaN
848535022934	NaN	NaN	NaN	NaN	NaN	NaN
848535031301	NaN	NaN	NaN	NaN	NaN	NaN
848535039670	NaN	NaN	NaN	NaN	NaN	NaN
848535048002	NaN	NaN	NaN	NaN	NaN	NaN
848535056336	NaN	NaN	NaN	NaN	NaN	NaN
848535064669	NaN	NaN	NaN	NaN	NaN	NaN
848535073002	NaN	NaN	NaN	NaN	NaN	NaN
848535081342	NaN	NaN	NaN	NaN	NaN	NaN
848535089676	NaN	NaN	NaN	NaN	NaN	NaN
848535098009	NaN	NaN	NaN	NaN	NaN	NaN
848535106342	NaN	NaN	NaN	NaN	NaN	NaN
848535114676	NaN	NaN	NaN	NaN	NaN	NaN
848535123009	NaN	NaN	NaN	NaN	NaN	NaN
848535131342	NaN	NaN	NaN	NaN	NaN	NaN
848535139675	NaN	NaN	NaN	NaN	NaN	NaN
848535148008	NaN	NaN	NaN	NaN	NaN	NaN
848535156341	NaN	NaN	NaN	NaN	NaN	NaN
848535164675	NaN	NaN	NaN	NaN	NaN	NaN
848535173008	NaN	NaN	NaN	NaN	NaN	NaN
848535181342	NaN	NaN	NaN	NaN	NaN	NaN
848535189675	NaN	NaN	NaN	NaN	NaN	NaN
848535198008	NaN	NaN	NaN	NaN	NaN	NaN
848535206341	NaN	NaN	NaN	NaN	NaN	NaN
848535214680	NaN	NaN	NaN	NaN	NaN	NaN
848535223013	NaN	NaN	NaN	NaN	NaN	NaN
848535231346	NaN	NaN	NaN	NaN	NaN	NaN
848535239680	NaN	NaN	NaN	NaN	NaN	NaN
848535248013	NaN	NaN	NaN	NaN	NaN	NaN
848535256347	NaN	NaN	NaN	NaN	NaN	NaN
848535264680	NaN	NaN	NaN	NaN	NaN	NaN
848535273013	NaN	NaN	NaN	NaN	NaN	NaN
848535281345	NaN	NaN	NaN	NaN	NaN	NaN
848535289678	NaN	NaN	NaN	NaN	NaN	NaN
848535298012	NaN	NaN	NaN	NaN	NaN	NaN
848535306345	NaN	NaN	NaN	NaN	NaN	NaN
848535314678	NaN	NaN	NaN	NaN	NaN	NaN
848535323012	NaN	NaN	NaN	NaN	NaN	NaN
848535331346	NaN	NaN	NaN	NaN	NaN	NaN
848535339679	NaN	NaN	NaN	NaN	NaN	NaN
848535348015	NaN	NaN	NaN	NaN	NaN	NaN
848535356349	NaN	NaN	NaN	NaN	NaN	NaN
848535364681	NaN	NaN	NaN	NaN	NaN	NaN
848535373014	NaN	NaN	NaN	NaN	NaN	NaN
848535381348	NaN	NaN	NaN	NaN	NaN	NaN
848535389681	NaN	NaN	NaN	NaN	NaN	NaN
848535398014	NaN	NaN	NaN	NaN	NaN	NaN
848535406348	NaN	NaN	NaN	NaN	NaN	NaN
848535414681	NaN	NaN	NaN	NaN	NaN	NaN
848535423014	NaN	NaN	NaN	NaN	NaN	NaN
848535431348	NaN	NaN	NaN	NaN	NaN	NaN
848535439680	NaN	NaN	NaN	NaN	NaN	NaN
848535448013	NaN	NaN	NaN	NaN	NaN	NaN
848535456346	NaN	NaN	NaN	NaN	NaN	NaN
848535464680	NaN	NaN	NaN	NaN	NaN	NaN
848535473016	NaN	NaN	NaN	NaN	NaN	NaN
848535481349	NaN	NaN	NaN	NaN	NaN	NaN
848535489683	NaN	NaN	NaN	NaN	NaN	NaN
848535498016	NaN	NaN	NaN	NaN	NaN	NaN
848535506350	NaN	NaN	NaN	NaN	NaN	NaN
848535514636	NaN	NaN	NaN	NaN	NaN	NaN
848535522923	NaN	NaN	NaN	NaN	NaN	NaN
848535531212	NaN	NaN	NaN	NaN	NaN	NaN
848535539545	NaN	NaN	NaN	NaN	NaN	NaN
848535547879	NaN	NaN	NaN	NaN	NaN	NaN
848535556212	NaN	NaN	NaN	NaN	NaN	NaN
848535564545	NaN	NaN	NaN	NaN	NaN	NaN
848535572912	NaN	NaN	NaN	NaN	NaN	NaN
848535581279	NaN	NaN	NaN	NaN	NaN	NaN
848535589645	NaN	NaN	NaN	NaN	NaN	NaN
848535598014	NaN	NaN	NaN	NaN	NaN	NaN
848535606353	NaN	NaN	NaN	NaN	NaN	NaN
848535614687	NaN	NaN	NaN	NaN	NaN	NaN
848535623020	NaN	NaN	NaN	NaN	NaN	NaN
848535631353	NaN	NaN	NaN	NaN	NaN	NaN
848535639686	NaN	NaN	NaN	NaN	NaN	NaN
848535648020	NaN	NaN	NaN	NaN	NaN	NaN
848535656353	NaN	NaN	NaN	NaN	NaN	NaN
848535664686	NaN	NaN	NaN	NaN	NaN	NaN
848535673019	NaN	NaN	NaN	NaN	NaN	NaN
848535681352	NaN	NaN	NaN	NaN	NaN	NaN
848535689686	NaN	NaN	NaN	NaN	NaN	NaN
848535698019	NaN	NaN	NaN	NaN	NaN	NaN
848535706352	NaN	NaN	NaN	NaN	NaN	NaN
848535714686	NaN	NaN	NaN	NaN	NaN	NaN
848535723019	NaN	NaN	NaN	NaN	NaN	NaN
848535731352	NaN	NaN	NaN	NaN	NaN	NaN
848535739691	NaN	NaN	NaN	NaN	NaN	NaN
848535748024	NaN	NaN	NaN	NaN	NaN	NaN
848535756357	NaN	NaN	NaN	NaN	NaN	NaN
848535764691	NaN	NaN	NaN	NaN	NaN	NaN
848535773024	NaN	NaN	NaN	NaN	NaN	NaN
848535781357	NaN	NaN	NaN	NaN	NaN	NaN
848535789691	NaN	NaN	NaN	NaN	NaN	NaN
848535798024	NaN	NaN	NaN	NaN	NaN	NaN
848535806357	NaN	NaN	NaN	NaN	NaN	NaN
848535814690	NaN	NaN	NaN	NaN	NaN	NaN
848535823023	NaN	NaN	NaN	NaN	NaN	NaN
848535831356	NaN	NaN	NaN	NaN	NaN	NaN
848535839690	NaN	NaN	NaN	NaN	NaN	NaN
848535848023	NaN	NaN	NaN	NaN	NaN	NaN
848535856356	NaN	NaN	NaN	NaN	NaN	NaN
848535864689	NaN	NaN	NaN	NaN	NaN	NaN
848535873026	NaN	NaN	NaN	NaN	NaN	NaN
848535881360	NaN	NaN	NaN	NaN	NaN	NaN
848535889693	NaN	NaN	NaN	NaN	NaN	NaN
848535898026	NaN	NaN	NaN	NaN	NaN	NaN
848535906359	NaN	NaN	NaN	NaN	NaN	NaN
848535914693	NaN	NaN	NaN	NaN	NaN	NaN
848535923026	NaN	NaN	NaN	NaN	NaN	NaN
848535931359	NaN	NaN	NaN	NaN	NaN	NaN
848535939693	NaN	NaN	NaN	NaN	NaN	NaN
848535948025	NaN	NaN	NaN	NaN	NaN	NaN
848535956359	NaN	NaN	NaN	NaN	NaN	NaN
848535964692	NaN	NaN	NaN	NaN	NaN	NaN
848535973025	NaN	NaN	NaN	NaN	NaN	NaN
848535981358	NaN	NaN	NaN	NaN	NaN	NaN
848535989691	NaN	NaN	NaN	NaN	NaN	NaN
848535998029	NaN	NaN	NaN	NaN	NaN	NaN
848536006362	NaN	NaN	NaN	NaN	NaN	NaN
848536014696	NaN	NaN	NaN	NaN	NaN	NaN
848536023029	NaN	NaN	NaN	NaN	NaN	NaN
848536031362	NaN	NaN	NaN	NaN	NaN	NaN
848536039695	NaN	NaN	NaN	NaN	NaN	NaN
848536048028	NaN	NaN	NaN	NaN	NaN	NaN
848536056361	NaN	NaN	NaN	NaN	NaN	NaN
848536064694	NaN	NaN	NaN	NaN	NaN	NaN
848536073028	NaN	NaN	NaN	NaN	NaN	NaN
848536081361	NaN	NaN	NaN	NaN	NaN	NaN
848536089649	NaN	NaN	NaN	NaN	NaN	NaN
848536097937	NaN	NaN	NaN	NaN	NaN	NaN
848536106225	NaN	NaN	NaN	NaN	NaN	NaN
848536114558	NaN	NaN	NaN	NaN	NaN	NaN
848536122891	NaN	NaN	NaN	NaN	NaN	NaN
848536131224	NaN	NaN	NaN	NaN	NaN	NaN
848536139556	NaN	NaN	NaN	NaN	NaN	NaN
848536147890	NaN	NaN	NaN	NaN	NaN	NaN
848536156271	NaN	NaN	NaN	NaN	NaN	NaN
848536164652	NaN	NaN	NaN	NaN	NaN	NaN
848536173033	1297.62	667.18	1290.61	690.78	3.2101	3.3654
848536181366	1293.48	662.73	1294.67	685.55	3.1736	3.3504
848536189699	1291.39	669.61	1294.16	693.54	3.1964	3.3649
848536198033	1290.59	668.03	1295.47	697.32	3.1933	3.3600
848536206366	1293.12	664.99	1290.55	694.21	3.1966	3.3910
848536214698	1293.35	667.19	1295.65	697.47	3.2000	3.3929
848536223032	1288.51	665.79	1297.10	692.44	3.2026	3.3839
848536231365	1291.65	668.06	1293.27	696.29	3.2124	3.3958
848536239698	1292.23	668.17	1294.47	692.26	3.2247	3.3926
848536248032	1292.42	663.62	1294.43	698.13	3.2158	3.4083
848536256365	1274.41	679.39	1270.21	694.07	3.2152	3.3895
848536264702	1271.41	671.72	1270.15	700.84	3.2260	3.3983
848536273036	1278.50	671.13	1280.57	694.19	3.2226	3.4016
848536281369	1270.67	664.74	1276.80	696.47	3.2235	3.4064
848536289701	1273.86	670.76	1278.98	690.04	3.2375	3.3893
848536298035	1274.59	672.63	1276.17	698.02	3.2552	3.4171
848536306368	1276.77	667.59	1276.26	694.10	3.2294	3.4131
848536314701	1276.84	678.82	1278.88	697.04	3.2581	3.4245
848536323035	1278.78	671.26	1273.12	705.81	3.2690	3.4204
848536331368	1276.25	664.44	1275.86	700.61	3.2599	3.4219
848536339701	1273.35	671.04	1282.99	696.99	3.2725	3.4268
848536348035	1278.25	661.08	1276.71	689.00	3.2588	3.4165
848536356368	1280.55	677.56	1276.06	698.84	3.2883	3.4331
848536364700	1277.99	664.39	1284.07	697.16	3.2713	3.4367
848536373034	1274.47	661.85	1283.31	698.24	3.2806	3.4437
848536381367	1273.05	662.83	1283.45	699.71	3.2787	3.4638
848536389700	1275.89	688.14	1284.40	692.01	3.3119	3.4805
848536398039	1272.10	671.28	1283.32	702.49	3.2892	3.4906
848536406372	1270.89	662.35	1285.89	697.43	3.2811	3.4943
848536414705	1279.60	668.63	1285.85	685.02	3.3094	3.4690
848536423039	1271.10	661.71	1290.29	689.73	3.2868	3.4841
848536431372	1278.67	693.67	1286.96	693.48	3.3575	3.5012
848536439705	1275.65	665.88	1289.30	694.97	3.3186	3.5001
848536448038	1278.29	677.85	1286.70	713.93	3.3458	3.5738
848536456371	1269.70	672.86	1283.64	713.59	3.3367	3.5556
848536464704	1269.80	662.19	1285.99	698.40	3.3217	3.5356
848536473038	1274.16	668.45	1285.15	712.52	3.3377	3.5773
848536481371	1276.07	693.07	1287.45	691.18	3.3923	3.5415
848536489704	1276.88	681.87	1282.47	700.70	3.3718	3.5581
848536498038	1273.82	672.18	1285.85	711.81	3.3738	3.5886
848536506371	1276.75	684.56	1279.52	708.25	3.4035	3.5996
848536514704	1273.84	698.21	1283.53	690.10	3.4355	3.5640
848536523042	1274.69	680.14	1284.78	707.26	3.3978	3.6018
848536531375	1271.34	686.86	1284.12	693.93	3.4246	3.5692
848536539708	1276.41	689.48	1287.48	701.26	3.4312	3.5967
848536548042	1277.46	684.58	1284.76	692.05	3.4272	3.5821
848536556375	1275.51	678.96	1287.20	700.38	3.4329	3.6143
848536564708	1276.28	687.20	1288.64	697.79	3.4258	3.6038
848536573041	1274.85	678.15	1284.36	720.61	3.3929	3.6703
848536581375	1279.92	699.16	1289.92	692.06	3.4506	3.6222
848536589708	1273.45	686.25	1285.29	714.35	3.4278	3.6596
848536598040	1279.63	688.99	1287.18	674.80	3.4367	3.5967
848536606374	1272.53	690.95	1290.54	677.76	3.4410	3.6124
848536614707	1281.51	693.23	1286.66	690.73	3.4630	3.6242
848536623041	1281.21	697.40	1283.02	675.17	3.4706	3.5976
848536631374	1280.08	681.21	1282.24	701.71	3.4346	3.6615
848536639707	1282.08	703.40	1286.51	680.79	3.5093	3.6304
848536648040	1278.01	697.34	1282.44	684.53	3.4762	3.6453
848536656380	1277.99	685.85	1280.08	699.26	3.4625	3.6687
848536664713	1282.19	679.21	1281.48	702.00	3.4569	3.6743
848536673046	1281.57	684.42	1281.02	705.02	3.4693	3.6907
848536681379	1281.02	691.95	1281.65	717.08	3.4903	3.7026
848536689712	1283.95	691.49	1280.14	710.71	3.4716	3.7043
848536698045	1278.98	676.87	1275.85	733.81	3.4617	3.7645
848536706379	1279.85	690.71	1283.27	713.38	3.4990	3.7211
848536714712	1284.57	704.81	1281.11	720.16	3.5131	3.7383
848536723045	1279.46	685.86	1281.60	714.44	3.4865	3.7244
848536731379	1280.80	694.42	1281.36	712.12	3.5135	3.7368
848536739712	1283.96	701.16	1287.37	710.39	3.5138	3.7241
848536748045	1278.77	700.25	1283.31	710.27	3.5260	3.7359
848536756378	1284.50	692.48	1285.71	705.81	3.5130	3.7334
848536764711	1284.06	695.45	1286.00	693.69	3.5084	3.7208
848536773044	1282.18	702.55	1282.80	709.42	3.5272	3.7413
848536781378	1282.64	693.92	1288.42	699.61	3.5056	3.7366
848536789714	1280.14	705.82	1282.12	690.41	3.5310	3.7092
848536798047	1278.84	697.23	1276.70	710.62	3.5449	3.7444
848536806381	1284.91	700.64	1278.01	701.45	3.5242	3.7428
848536814714	1285.20	697.80	1274.63	708.31	3.5258	3.7577
848536823047	1285.82	713.42	1278.38	721.06	3.5351	3.7890
848536831380	1283.41	711.60	1275.28	714.49	3.5314	3.7775
848536839713	1281.65	685.63	1272.96	703.72	3.4684	3.7508
848536848046	1277.17	719.71	1280.46	722.05	3.4974	3.7361
848536856380	1280.42	726.67	1276.78	744.23	3.4984	3.7167
848536864713	1264.70	829.04	1268.34	730.44	3.4057	3.7576
848536873046	NaN	NaN	NaN	NaN	NaN	NaN
848536881380	NaN	NaN	NaN	NaN	NaN	NaN
848536889713	NaN	NaN	NaN	NaN	NaN	NaN
848536898045	NaN	NaN	NaN	NaN	NaN	NaN
848536906378	NaN	NaN	NaN	NaN	NaN	NaN
848536914712	NaN	NaN	NaN	NaN	NaN	NaN
848536923050	NaN	NaN	NaN	NaN	NaN	NaN
848536931383	NaN	NaN	NaN	NaN	NaN	NaN
848536939717	NaN	NaN	NaN	NaN	NaN	NaN
848536948050	NaN	NaN	NaN	NaN	NaN	NaN
848536956384	NaN	NaN	NaN	NaN	NaN	NaN
848536964717	NaN	NaN	NaN	NaN	NaN	NaN
848536973050	NaN	NaN	NaN	NaN	NaN	NaN
848536981383	NaN	NaN	NaN	NaN	NaN	NaN
848536989716	NaN	NaN	NaN	NaN	NaN	NaN
848536998049	NaN	NaN	NaN	NaN	NaN	NaN
848537006382	NaN	NaN	NaN	NaN	NaN	NaN
848537014715	NaN	NaN	NaN	NaN	NaN	NaN
848537023049	NaN	NaN	NaN	NaN	NaN	NaN
848537031383	1395.18	1001.05	1147.61	978.06	2.6267	2.9239
848537039715	1301.20	888.52	1283.40	862.28	3.0958	3.5038
848537048053	1275.97	801.34	1278.03	780.24	3.3537	3.7086
848537056388	1285.35	732.63	1271.96	708.95	3.4716	3.7709
848537064719	1296.34	680.27	1272.64	691.80	3.5594	3.8392
848537073053	1289.82	664.02	1273.85	728.61	3.5679	3.7790
848537081385	1282.14	691.46	1276.86	742.65	3.4793	3.7863
848537089719	1281.18	729.18	1283.60	732.41	3.5022	3.7654
848537098052	1280.75	729.14	1279.97	732.12	3.5055	3.7878
848537106386	1278.76	711.98	1280.44	727.52	3.4681	3.7831
848537114719	1279.04	720.52	1276.39	726.03	3.5004	3.7814
848537123052	1282.02	723.61	1283.98	728.10	3.5239	3.8049
848537131386	1278.80	720.66	1277.57	712.46	3.5137	3.7822
848537139718	1282.47	723.54	1279.65	718.61	3.5292	3.7985
848537148051	1280.56	735.18	1276.02	714.11	3.5261	3.8035
848537156385	1277.03	723.09	1288.65	710.97	3.5298	3.8088
848537164718	1276.07	715.96	1286.64	714.65	3.5329	3.8283
848537173051	1275.77	720.71	1282.62	706.96	3.5316	3.8136
848537181388	1278.69	705.48	1279.27	717.36	3.4788	3.8463
848537189722	1272.78	707.53	1276.52	718.25	3.5120	3.8357
848537198055	1282.80	708.84	1276.27	717.16	3.5259	3.8434
848537206388	1276.22	712.27	1274.34	714.16	3.5249	3.8445
848537214722	1277.68	706.23	1277.26	720.62	3.5316	3.8478
848537223054	1270.44	704.98	1278.14	704.30	3.5266	3.8104
848537231387	1271.20	717.28	1273.90	711.58	3.5411	3.8436
848537239721	1270.96	710.34	1274.21	716.94	3.5351	3.8442
848537248054	1272.07	709.08	1282.73	697.70	3.5348	3.8242
848537256387	1274.29	707.58	1284.78	684.27	3.5431	3.7725
848537264721	1278.59	710.88	1280.78	706.32	3.5598	3.8303
848537273054	1279.44	704.30	1283.12	695.34	3.5425	3.8227
848537281387	1276.45	711.34	1283.04	707.83	3.5762	3.8542
848537289721	1273.88	700.57	1278.17	706.99	3.5316	3.8533
848537298053	1276.01	712.78	1284.24	695.54	3.5882	3.8037
848537306390	1280.99	701.85	1280.63	709.22	3.5297	3.8358
848537314724	1278.65	690.84	1277.31	709.61	3.5286	3.8584
848537323057	1279.57	714.24	1275.23	698.66	3.5786	3.8352
848537331390	1277.85	700.47	1283.20	703.87	3.5638	3.8413
848537339723	1280.85	710.21	1281.55	704.52	3.5770	3.8450
848537348057	1283.72	701.29	1277.84	707.62	3.5530	3.8745
848537356390	1279.52	718.58	1277.45	703.38	3.5950	3.8396
848537364723	1291.37	702.44	1289.61	711.97	3.5675	3.8517
848537373056	1294.10	738.67	1290.86	733.89	3.6141	3.8645
848537381389	1282.26	725.57	1283.02	728.40	3.5920	3.8764
848537389722	1284.22	722.10	1280.56	719.69	3.5863	3.8723
848537398056	1284.34	717.78	1283.63	726.80	3.5932	3.8702
848537406389	1282.74	719.85	1280.16	723.68	3.6063	3.8736
848537414723	1288.52	719.87	1279.75	721.03	3.6228	3.8655
848537423056	1283.83	718.04	1286.25	725.52	3.6211	3.8628
848537431389	1287.64	725.21	1280.52	719.77	3.6162	3.8710
848537439726	1286.07	714.52	1281.43	723.88	3.6210	3.8844
848537448059	1289.95	714.76	1278.25	729.23	3.6302	3.8987
848537456392	1293.61	724.05	1281.02	732.69	3.6301	3.9166
848537464725	1286.43	719.68	1284.64	725.44	3.6267	3.8775
848537473058	1292.06	720.78	1277.41	718.41	3.6303	3.8576
848537481392	1290.39	729.18	1282.80	726.59	3.6552	3.8904
848537489726	1294.36	722.23	1287.24	723.33	3.6250	3.9096
848537498059	1288.99	718.54	1283.89	719.59	3.6237	3.8970
848537506392	1284.29	718.94	1287.88	725.94	3.6313	3.9243
848537514725	1290.76	726.49	1285.85	721.56	3.6499	3.9004
848537523058	1286.44	706.78	1284.34	731.61	3.6111	3.9122
848537531391	1292.89	725.20	1286.89	720.96	3.6623	3.9223
848537539725	1291.75	719.57	1286.12	724.88	3.6601	3.9089
848537548058	1289.17	720.36	1290.59	717.53	3.6482	3.8994
848537556391	1283.43	723.23	1288.56	725.95	3.6653	3.9346
848537564724	1293.92	724.52	1288.55	717.18	3.6736	3.9134
848537573065	1285.05	725.00	1290.90	719.44	3.6755	3.9354
848537581398	1285.71	721.99	1291.56	723.97	3.6613	3.9111
848537589732	1283.95	719.68	1285.35	722.71	3.6670	3.9358
848537598065	1290.86	728.17	1287.97	721.95	3.6855	3.9346
848537606397	1288.63	726.98	1284.73	723.82	3.6702	3.9374
848537614730	1288.05	725.20	1285.03	728.89	3.6869	3.9396
848537623063	1290.04	720.46	1285.15	723.98	3.6703	3.9429
848537631397	1291.15	714.20	1283.25	727.27	3.6634	3.9609
848537639731	1291.61	722.50	1286.71	726.27	3.6761	3.9493
848537648063	1288.63	709.61	1288.98	710.48	3.6435	3.9221
848537656397	1289.40	721.91	1284.44	717.97	3.6917	3.9651
848537664730	1285.43	721.68	1284.65	722.39	3.7035	3.9555
848537673063	1294.16	717.38	1290.78	726.73	3.6992	3.9665
848537681396	1291.54	730.65	1284.84	726.62	3.6988	3.9689
848537689729	1295.98	724.89	1286.84	724.39	3.7025	3.9598
848537698062	1286.63	716.35	1287.12	728.18	3.6784	3.9678
848537706401	1297.43	722.05	1285.92	728.65	3.7035	3.9541
848537714734	1292.52	717.78	1284.37	728.90	3.6917	3.9745
848537723068	1295.88	726.60	1283.33	723.16	3.6994	3.9867
848537731401	1296.06	727.97	1286.21	724.33	3.7066	3.9635
848537739734	1296.61	716.59	1293.47	723.18	3.6957	3.9589
848537748067	1291.41	718.69	1283.88	722.02	3.6731	3.9490
848537756401	1290.30	720.91	1291.83	728.36	3.7058	3.9649
848537764733	1294.94	716.98	1290.18	720.94	3.6696	3.9550
848537773066	1292.23	716.93	1295.49	718.27	3.6657	3.9487
848537781400	1296.89	715.83	1290.83	725.02	3.6808	3.9727
848537789733	1291.19	709.94	1292.87	722.88	3.6793	3.9711
848537798066	1295.18	726.02	1293.30	732.58	3.7068	3.9781
848537806400	1288.19	718.10	1290.73	722.07	3.6826	3.9729
848537814733	1291.38	714.60	1290.51	728.95	3.6721	3.9742
848537823066	1292.91	712.15	1282.93	728.53	3.6478	3.9885
848537831400	1297.89	722.68	1287.33	726.39	3.7008	3.9823
848537839736	1291.74	711.50	1288.58	724.40	3.6727	3.9706
848537848069	1295.54	718.84	1284.82	725.47	3.7006	3.9784
848537856403	1299.00	714.91	1286.45	721.34	3.6525	3.9585
848537864736	1295.46	721.60	1280.29	723.94	3.6827	3.9591
848537873069	1294.35	721.84	1289.48	728.48	3.6657	3.9755
848537881403	1295.78	724.17	1284.73	725.97	3.6982	3.9532
848537889736	1293.88	715.03	1290.96	732.00	3.6685	3.9756
848537898069	1296.79	720.48	1287.59	721.17	3.7015	3.9631
848537906403	1288.39	716.34	1294.69	728.28	3.6770	3.9883
848537914735	1294.85	722.25	1290.12	721.59	3.6691	3.9572
848537923068	1290.51	716.94	1292.95	721.71	3.6855	3.9756
848537931402	1295.50	715.60	1287.59	723.39	3.6664	3.9538
848537939735	1295.61	723.52	1293.25	728.60	3.6869	3.9733
848537948069	1294.61	723.66	1290.01	724.35	3.6748	3.9425
848537956401	1296.42	718.83	1290.95	720.77	3.6699	3.9831
848537964737	1296.90	712.80	1291.24	725.89	3.6768	3.9685
848537973070	1297.67	718.10	1287.14	718.27	3.6708	3.9616
848537981403	1295.27	717.91	1290.99	722.29	3.6662	3.9848
848537989737	1301.90	715.09	1289.59	717.72	3.6719	3.9341
848537998069	1289.46	711.14	1293.11	716.38	3.6629	3.9560
848538006402	1294.43	716.39	1287.16	719.63	3.6715	3.9513
848538014736	1291.63	715.45	1294.70	719.75	3.6583	3.9596
848538023069	1296.80	720.54	1284.72	726.48	3.6543	3.9497
848538031403	1296.55	718.55	1286.76	721.68	3.6546	3.9614
848538039736	1293.93	717.50	1293.97	720.92	3.6704	3.9662
848538048069	1298.62	713.02	1290.00	721.93	3.6594	3.9514
848538056402	1289.81	715.04	1293.24	720.28	3.6566	3.9750
848538064736	1294.59	718.25	1291.08	723.69	3.6707	3.9634
848538073069	1294.10	717.13	1285.79	716.96	3.6509	3.9611
848538081402	1289.85	715.10	1288.12	726.12	3.6525	3.9541
848538089735	1300.72	723.56	1286.99	716.14	3.6704	3.9566
848538098078	1291.53	712.73	1288.35	719.76	3.6562	3.9646
848538106411	1293.39	718.22	1293.11	720.47	3.6591	3.9627
848538114745	1293.44	712.71	1290.33	721.57	3.6472	3.9595
848538123078	1291.96	718.71	1291.57	723.18	3.6497	3.9614
848538131412	1288.93	720.45	1294.24	709.74	3.6454	3.9478
848538139745	1296.94	725.76	1286.61	714.71	3.6512	3.9549
848538148077	1297.00	722.16	1293.80	720.05	3.6639	3.9722
848538156410	1297.47	710.55	1296.24	722.66	3.6407	3.9550
848538164744	1293.76	727.99	1287.72	721.63	3.6693	3.9574
848538173077	1290.71	721.23	1287.15	724.44	3.6669	3.9525
848538181410	1292.20	686.61	1287.58	726.50	3.5898	3.9663
848538189744	1293.39	720.11	1289.05	726.34	3.6477	3.9666
848538198077	1296.84	721.51	1288.45	729.44	3.6577	3.9413
848538206410	1290.06	723.81	1288.73	726.44	3.6418	3.9486
848538214744	1286.61	728.06	1285.49	723.13	3.6581	3.9544
848538223076	1285.81	724.67	1281.34	728.71	3.6548	3.9557
848538231412	1291.88	721.79	1281.67	726.02	3.6620	3.9737
848538239745	1291.53	715.44	1285.53	731.53	3.6520	3.9683
848538248078	1293.63	720.65	1291.28	718.97	3.6543	3.9437
848538256412	1290.34	716.71	1281.72	727.64	3.6539	3.9734
848538264745	1291.74	717.47	1290.13	722.87	3.6508	3.9428
848538273078	1289.38	718.33	1285.81	721.19	3.6488	3.9473
848538281411	1294.62	717.81	1288.53	716.20	3.6394	3.9412
848538289745	1286.79	718.93	1292.17	714.05	3.6602	3.9321
848538298079	1291.03	718.16	1291.86	726.10	3.6615	3.9687
848538306411	1284.49	713.66	1288.57	723.02	3.6380	3.9573
848538314744	1295.55	724.48	1289.68	721.56	3.6741	3.9552
848538323077	1286.79	721.10	1288.49	725.34	3.6747	3.9625
848538331410	1291.86	714.12	1291.36	723.17	3.6542	3.9484
848538339744	1284.58	722.39	1292.09	712.46	3.6708	3.9460
848538348077	1289.67	716.96	1284.54	729.52	3.6648	3.9561
848538356411	1291.58	716.05	1283.31	722.40	3.6622	3.9514
848538364748	1296.29	718.40	1280.97	730.88	3.6938	3.9620
848538373081	1289.46	721.97	1281.09	719.87	3.6903	3.9643
848538381414	1295.61	711.39	1285.75	728.30	3.6705	3.9718
848538389747	1290.36	719.42	1284.16	724.34	3.6775	3.9501
848538398081	1293.14	716.24	1283.10	727.52	3.6783	3.9655
848538406414	1286.43	722.09	1284.47	728.53	3.7032	3.9562
848538414747	1290.60	704.76	1281.22	715.70	3.6548	3.9566
848538423080	1290.97	716.30	1277.86	722.76	3.6835	3.9568
848538431414	1296.39	719.85	1280.39	723.32	3.6752	3.9717
848538439747	1292.49	707.95	1283.09	714.73	3.6742	3.9529
848538448081	1293.85	717.76	1278.45	721.21	3.6993	3.9467
848538456413	1287.07	723.63	1276.28	722.36	3.6965	3.9615
848538464746	1288.44	697.62	1280.89	727.61	3.6441	3.9809
848538473079	1294.21	713.41	1281.25	725.67	3.6798	3.9905
848538481413	1285.49	717.22	1280.94	723.33	3.6902	3.9612
848538489751	1290.72	719.17	1276.14	721.98	3.7026	3.9617
848538498084	1292.88	711.76	1279.41	715.01	3.6806	3.9576
848538506418	1297.10	724.02	1275.13	723.64	3.7100	3.9708
848538514751	1295.77	720.82	1278.30	724.52	3.6941	3.9821
848538523084	1289.80	717.24	1274.78	718.69	3.6917	3.9794
848538531418	1288.20	718.96	1277.88	727.42	3.6965	3.9603
848538539750	1290.04	723.30	1282.52	721.56	3.7110	3.9806
848538548083	1295.91	717.08	1278.31	723.52	3.6847	3.9816
848538556416	1291.55	717.33	1279.05	719.90	3.6923	3.9970
848538564750	1292.19	725.14	1282.29	724.43	3.6983	4.0042
848538573083	1293.36	725.31	1284.77	722.45	3.6957	3.9856
848538581417	1292.18	724.95	1286.85	720.94	3.7144	3.9949
848538589750	1297.04	722.62	1284.31	728.07	3.7026	4.0031
848538598083	1289.87	722.44	1285.66	727.45	3.7275	4.0014
848538606416	1285.48	729.19	1283.17	724.42	3.7538	3.9892
848538614749	1266.95	713.70	1261.30	693.61	3.7138	3.9880
848538623087	1247.05	681.49	1251.82	672.66	3.6991	3.9766
848538631421	1250.12	668.49	1247.23	654.06	3.6921	3.9892
848538639753	1250.56	671.01	1254.13	670.25	3.7095	4.0168
848538648087	1251.37	681.04	1247.89	676.44	3.7182	4.0216
848538656421	1258.26	673.37	1251.81	667.69	3.6979	4.0098
848538664753	1254.61	671.18	1251.49	681.34	3.6943	4.0129
848538673087	1255.05	675.08	1257.31	650.58	3.6978	3.9770
848538681420	1256.60	669.58	1253.76	675.11	3.6924	4.0119
848538689752	1256.29	665.47	1251.79	671.04	3.6799	3.9866
848538698086	1255.00	667.62	1255.22	655.55	3.6536	3.9662
848538706419	1262.75	673.49	1258.35	648.46	3.6655	3.9411
848538714752	1261.31	678.55	1253.59	665.51	3.6963	3.9834
848538723086	1263.40	678.27	1249.11	669.75	3.6790	3.9812
848538731419	1261.27	674.42	1251.16	672.98	3.6603	3.9712
848538739753	1256.80	657.60	1252.27	668.15	3.5968	3.9719
848538748085	1252.04	679.44	1256.11	673.32	3.6287	3.9571
848538756423	1259.18	670.99	1250.86	668.30	3.6187	3.9388
848538764756	1260.57	664.18	1252.65	668.40	3.6118	3.9276
848538773090	1253.52	662.26	1249.63	659.01	3.5748	3.8952
848538781423	1251.47	640.49	1246.69	661.25	3.5269	3.9045
848538789756	1322.62	627.61	1318.42	651.28	3.5408	3.8783
848538798089	1402.34	578.94	1415.15	590.25	3.5201	3.8341
848538806422	1468.64	590.66	1485.14	588.31	3.5452	3.8629
848538814755	1525.17	580.67	1511.80	568.96	3.5340	3.8534
848538823089	1497.86	588.95	1493.31	567.34	3.5352	3.8452
848538831422	1499.27	586.83	1490.93	571.22	3.5241	3.8178
848538839755	1498.10	588.04	1492.20	572.42	3.5406	3.8284
848538848089	1503.88	572.65	1499.20	559.31	3.5077	3.7796
848538856422	1499.65	577.41	1490.85	567.70	3.4961	3.7935
848538864756	1500.62	573.96	1494.56	573.69	3.4855	3.8054
848538873088	1499.34	577.44	1504.11	572.93	3.4769	3.7884
848538881424	1504.98	572.89	1498.03	571.77	3.4761	3.7876
848538889757	1503.65	577.13	1493.94	570.19	3.4665	3.7661
848538898091	1504.11	568.69	1492.86	576.32	3.4573	3.7569
848538906424	1509.89	569.44	1495.80	576.59	3.4416	3.7741
848538914757	1507.00	571.18	1501.23	571.43	3.4360	3.7455
848538923091	1509.75	573.28	1499.06	571.83	3.4492	3.7538
848538931424	1508.31	575.98	1497.55	572.96	3.4429	3.7443
848538939757	1504.35	575.73	1495.53	578.98	3.4536	3.7391
848538948090	1507.28	578.22	1504.32	578.50	3.4267	3.7295
848538956423	1499.54	581.91	1502.65	572.83	3.4309	3.7111
848538964756	1508.94	574.66	1498.61	562.53	3.4302	3.7276
848538973090	1503.33	577.32	1495.21	577.74	3.4451	3.7155
848538981423	1510.15	580.21	1502.87	569.40	3.4442	3.7130
848538989757	1507.01	581.08	1497.84	572.28	3.4398	3.7056
848538998090	1500.47	571.97	1504.19	569.36	3.4210	3.7010
848539006423	1504.83	574.49	1504.59	572.45	3.4218	3.7018
848539014760	1509.63	578.56	1501.99	575.97	3.4212	3.6968
848539023093	1506.74	581.98	1502.70	573.56	3.4193	3.7085
848539031426	1502.57	573.87	1500.25	570.21	3.4101	3.6795
848539039759	1500.82	565.60	1498.29	563.27	3.3933	3.6754
848539048092	1498.57	571.43	1502.93	570.02	3.4058	3.6812
848539056426	1492.15	567.55	1502.93	569.48	3.3794	3.6850
848539064759	1507.34	573.84	1499.24	561.89	3.4097	3.6660
848539073093	1497.07	547.92	1502.14	544.42	3.3847	3.6940
848539081426	1489.90	540.67	1488.39	529.83	3.3938	3.6661
848539089759	1496.63	539.26	1486.49	535.69	3.3871	3.6665
848539098092	1493.95	544.25	1487.58	543.57	3.3929	3.6680
848539106425	1493.19	542.12	1494.32	537.63	3.3937	3.6633
848539114759	1492.39	546.41	1493.12	536.91	3.3965	3.6564
848539123091	1487.11	542.60	1491.06	539.92	3.3971	3.6482
848539131425	1489.07	543.83	1492.01	542.57	3.4029	3.6532
848539139758	1493.20	535.77	1491.76	536.54	3.3839	3.6519
848539148098	1496.25	532.38	1486.76	534.41	3.3696	3.6443
848539156432	1486.17	540.85	1491.90	531.16	3.3923	3.6611
848539164765	1486.47	545.54	1492.35	531.71	3.3798	3.6562
848539173098	1484.97	534.63	1490.03	537.31	3.3653	3.6458
848539181431	1490.55	540.12	1490.62	535.12	3.3789	3.6316
848539189764	1485.12	542.24	1489.34	534.67	3.3689	3.6458
848539198098	1491.57	546.38	1491.92	539.41	3.3899	3.6343
848539206431	1488.01	536.96	1488.05	537.77	3.3599	3.6286
848539214764	1490.67	544.53	1489.34	543.30	3.3680	3.6454
848539223097	1489.01	534.10	1483.50	531.29	3.3647	3.6367
848539231431	1488.57	544.71	1486.16	540.70	3.3860	3.6426
848539239765	1492.76	541.27	1481.14	546.13	3.3714	3.6354
848539248097	1479.62	543.00	1471.01	527.57	3.3734	3.6367
848539256430	1372.60	578.87	1363.12	566.34	3.3685	3.6212
848539264763	1283.83	588.13	1275.60	575.92	3.3444	3.6065
848539273096	1262.19	592.03	1250.55	596.09	3.3215	3.5900
848539281434	1299.70	578.51	1287.38	604.03	3.3102	3.6039
848539289767	1277.99	564.40	1279.89	581.30	3.3073	3.6067
848539298100	1280.67	577.13	1274.11	584.00	3.3176	3.5878
848539306434	1278.91	572.51	1270.09	585.86	3.3128	3.5863
848539314767	1282.14	575.94	1271.12	584.07	3.3042	3.5770
848539323101	1272.17	580.82	1271.65	584.49	3.3065	3.5948
848539331434	1278.72	583.39	1270.43	593.11	3.3185	3.5984
848539339766	1272.38	592.40	1272.53	589.98	3.3235	3.6020
848539348099	1271.75	583.88	1270.41	596.61	3.3213	3.5982
848539356433	1271.91	580.50	1271.43	600.32	3.3075	3.5976
848539364767	1281.40	586.09	1276.04	595.43	3.3245	3.5848
848539373099	1276.60	589.08	1271.20	596.38	3.3056	3.5970
848539381433	1273.66	593.64	1267.29	595.84	3.3400	3.5882
848539389766	1277.91	584.61	1267.88	596.03	3.3209	3.6005
848539398099	1276.98	590.51	1267.56	596.74	3.3391	3.5859
848539406438	1274.18	583.75	1266.34	596.09	3.3151	3.6024
848539414770	1271.86	587.26	1263.91	597.92	3.3422	3.6149
848539423103	1271.25	589.46	1272.76	600.83	3.3219	3.6016
848539431437	1274.15	586.38	1263.98	596.86	3.3328	3.6145
848539439770	1272.66	593.24	1267.88	596.19	3.3330	3.5940
848539448104	1269.29	592.39	1264.06	596.32	3.3378	3.6045
848539456437	1272.17	588.50	1271.96	598.60	3.3139	3.5855
848539464770	1275.50	591.82	1262.29	600.00	3.3342	3.6082
848539473103	1273.06	589.83	1268.33	604.00	3.3242	3.5983
848539481437	1272.92	594.58	1261.28	598.90	3.3466	3.5910
848539489769	1268.99	594.10	1264.07	594.15	3.3418	3.6191
848539498102	1273.69	591.66	1265.26	604.34	3.3599	3.6026
848539506436	1272.67	590.91	1261.44	599.23	3.3493	3.6152
848539514769	1273.98	594.26	1265.61	607.86	3.3529	3.6087
848539523102	1270.87	595.09	1263.34	595.92	3.3610	3.6156
848539531436	1264.04	593.99	1260.64	601.60	3.3516	3.6130
848539539774	1270.62	598.78	1261.19	599.89	3.3543	3.6081
848539548107	1186.57	597.17	1188.56	591.12	3.3540	3.6086
848539556441	1084.04	598.41	1091.64	583.71	3.3868	3.6418
848539564773	1031.81	577.74	1032.54	568.42	3.3689	3.6290
848539573107	1017.87	582.70	1008.58	573.77	3.3540	3.6323
848539581439	1040.91	571.97	1039.51	574.61	3.3871	3.6430
848539589773	1030.56	575.64	1026.43	570.97	3.3594	3.6540
848539598106	1034.52	585.28	1032.06	568.80	3.3906	3.6647
848539606439	1029.54	573.59	1032.96	570.68	3.3905	3.6724
848539614773	1028.09	572.79	1027.02	570.05	3.3842	3.6579
848539623105	1036.99	585.38	1023.44	562.17	3.3932	3.6652
848539631438	1032.13	568.27	1026.20	568.84	3.3864	3.6440
848539639772	1034.41	577.70	1025.82	572.90	3.3943	3.6557
848539648105	1030.64	573.55	1027.30	575.14	3.3867	3.6477
848539656439	1022.64	568.73	1028.71	572.42	3.3700	3.6701
848539664772	1029.06	564.60	1027.42	566.24	3.3755	3.6733
848539673109	1028.82	574.24	1029.28	570.92	3.3925	3.6652
848539681442	1028.55	576.50	1025.79	565.77	3.4088	3.6516
848539689776	1024.98	572.27	1024.75	567.86	3.4103	3.6671
848539698109	1027.87	569.51	1023.45	565.70	3.4112	3.6724
848539706441	1022.61	576.25	1026.55	568.38	3.4210	3.6792
848539714775	1023.01	575.05	1032.48	567.75	3.4260	3.6774
848539723108	1020.93	570.25	1026.26	570.58	3.4058	3.6698
848539731441	1021.50	568.85	1026.29	568.17	3.4248	3.6721
848539739775	1020.91	572.06	1026.71	569.34	3.4093	3.6823
848539748108	1019.75	577.18	1030.72	570.81	3.4226	3.6997
848539756441	1023.48	574.15	1033.85	570.79	3.4047	3.6932
848539764775	1018.42	574.38	1030.66	573.06	3.4067	3.6831
848539773107	1027.71	577.85	1028.41	568.39	3.4380	3.6830
848539781441	1024.64	578.10	1025.49	570.34	3.4159	3.6933
848539789774	1026.87	572.09	1032.92	570.13	3.4127	3.6915
848539798107	1024.65	577.50	1030.24	570.64	3.4413	3.6775
848539806445	1021.27	588.90	1023.31	592.45	3.4291	3.6909
848539814779	997.74	739.31	977.19	716.01	3.4527	3.6856
848539823112	985.84	831.59	971.97	812.23	3.4648	3.7032
848539831445	1000.94	807.59	988.91	816.93	3.4526	3.7128
848539839779	992.64	782.06	995.53	794.67	3.4255	3.6868
848539848112	992.47	792.24	991.60	791.31	3.4490	3.7206
848539856444	991.40	819.01	995.73	805.56	3.4264	3.6885
848539864778	988.85	806.41	990.15	818.49	3.4265	3.7163
848539873111	993.55	814.20	994.64	822.13	3.4465	3.7251
848539881444	993.28	815.44	994.12	805.76	3.4334	3.6963
848539889778	998.91	808.14	994.63	810.23	3.4319	3.6997
848539898111	999.36	813.76	996.63	806.82	3.4470	3.6964
848539906445	1001.22	814.57	997.24	816.64	3.4302	3.7174
848539914778	993.35	812.67	987.75	810.57	3.4314	3.7153
848539923111	1003.77	808.17	984.99	816.49	3.4447	3.6989
848539931448	992.96	801.97	988.62	804.08	3.4024	3.7087
848539939782	1000.82	805.61	996.99	818.77	3.4368	3.7289
848539948116	993.88	803.55	992.16	807.96	3.4414	3.7111
848539956448	990.70	806.62	993.70	813.14	3.4433	3.7127
848539964782	994.24	801.91	992.99	806.46	3.4187	3.7100
848539973115	989.89	808.14	991.37	811.22	3.4485	3.7145
848539981448	993.03	806.41	990.30	810.27	3.4296	3.7218
848539989782	993.66	806.74	993.67	813.17	3.4230	3.7203
848539998115	993.14	808.12	990.39	811.83	3.4485	3.7240
848540006447	993.65	807.60	993.28	810.91	3.4312	3.7151
848540014781	994.31	812.07	998.03	805.81	3.4339	3.7003
848540023114	991.41	811.97	991.88	815.76	3.4493	3.7508
848540031448	996.01	805.30	1002.39	817.26	3.4432	3.7396
848540039781	1079.42	757.89	1091.97	778.24	3.4558	3.7421
848540048114	1163.93	715.78	1177.31	744.49	3.4704	3.7399
848540056447	1233.68	698.69	1239.48	724.72	3.4703	3.7271
848540064783	1273.67	659.79	1265.02	677.85	3.4342	3.6815
848540073117	1229.24	665.72	1237.23	670.52	3.4434	3.6863
848540081450	1244.85	690.82	1242.30	694.76	3.4718	3.7018
848540089782	1245.12	657.72	1247.66	677.48	3.4355	3.6977
848540098116	1245.35	662.06	1244.18	690.06	3.4314	3.7195
848540106449	1252.80	664.27	1246.97	694.58	3.4532	3.7242
848540114783	1252.98	674.00	1250.29	690.05	3.4626	3.7314
848540123116	1249.99	679.95	1248.58	696.69	3.4830	3.7359
848540131449	1252.47	658.82	1245.70	697.72	3.4477	3.7460
848540139782	1245.54	644.31	1249.36	685.03	3.4012	3.6979
848540148116	1251.67	655.78	1244.55	684.96	3.4395	3.7056
848540156450	1254.17	673.43	1247.88	688.12	3.4670	3.7257
848540164782	1258.50	655.49	1248.99	689.01	3.4269	3.7277
848540173115	1255.14	677.98	1249.78	681.13	3.4809	3.7086
848540181448	1255.70	658.01	1252.48	690.57	3.4590	3.7364
848540189782	1254.29	661.14	1243.64	692.38	3.4522	3.7364
848540198120	1254.52	649.22	1251.96	670.29	3.4356	3.7002
848540206453	1250.79	658.05	1252.76	674.17	3.4345	3.7056
848540214787	1253.79	675.78	1253.21	684.16	3.4762	3.7271
848540223120	1254.45	659.57	1251.44	679.14	3.4515	3.6863
848540231453	1256.78	648.48	1254.86	663.51	3.4287	3.6753
848540239786	1251.84	666.20	1251.08	692.03	3.4742	3.7266
848540248119	1259.16	660.69	1252.55	694.28	3.4424	3.7554
848540256452	1258.46	682.02	1253.28	690.12	3.4970	3.7238
848540264785	1256.24	652.26	1253.30	685.94	3.4072	3.7056
848540273119	1257.56	656.87	1251.43	701.98	3.4219	3.7542
848540281453	1264.95	665.68	1258.57	664.55	3.4385	3.6653
848540289786	1265.20	657.28	1249.93	682.19	3.4370	3.6955
848540298119	1260.27	669.63	1253.13	684.25	3.4578	3.6848
848540306452	1258.55	652.80	1257.22	673.79	3.4043	3.6732
848540314784	1259.12	663.35	1253.09	678.11	3.4247	3.6875
848540323122	1255.04	646.79	1256.70	694.33	3.3807	3.7347
848540331455	1262.16	642.47	1255.67	684.11	3.3568	3.6803
848540339788	1254.44	643.08	1263.68	670.92	3.3915	3.6254
848540348122	1336.74	743.23	1321.63	768.40	3.4852	3.7227
848540356455	1393.18	858.65	1357.40	854.84	3.4843	3.7307
848540364789	1389.91	871.69	1368.16	865.71	3.5054	3.7189
848540373122	1372.24	860.15	1368.54	863.59	3.4911	3.7116
848540381455	1364.49	823.56	1372.02	839.44	3.4606	3.6910
848540389788	1379.54	848.40	1366.76	861.96	3.4718	3.6940
848540398121	1378.46	847.92	1371.16	859.72	3.4567	3.6793
848540406454	1379.75	840.70	1377.23	865.48	3.4302	3.6891
848540414786	1378.94	852.78	1367.51	856.78	3.4591	3.6685
848540423120	1377.00	846.88	1373.68	860.82	3.4436	3.6736
848540431453	1379.31	841.16	1368.34	857.19	3.4103	3.6630
848540439786	1379.30	850.32	1369.82	862.30	3.4200	3.6730
848540448120	1378.85	852.66	1373.34	854.34	3.4233	3.6646
848540456461	1376.43	855.34	1370.96	868.77	3.4382	3.6690
848540464794	1375.67	849.57	1372.38	864.25	3.4029	3.6566
848540473128	1379.47	847.71	1367.60	864.73	3.4021	3.6550
848540481461	1378.29	846.82	1368.24	861.10	3.4092	3.6495
848540489794	1380.53	851.61	1375.93	863.30	3.4198	3.6408
848540498127	1372.54	851.53	1367.83	869.12	3.4031	3.6420
848540506460	1374.47	855.85	1373.89	868.44	3.4327	3.6335
848540514793	1377.83	848.81	1369.87	875.54	3.3997	3.6382
848540523127	1368.21	849.81	1367.81	862.12	3.3970	3.6161
848540531460	1376.39	850.70	1365.31	863.72	3.4115	3.6424
848540539793	1379.27	841.83	1374.63	860.25	3.3963	3.6319
848540548127	1378.06	846.12	1373.87	861.96	3.3968	3.6372
848540556460	1376.90	850.02	1374.78	861.00	3.3977	3.6319
848540564792	1378.74	842.55	1369.81	867.81	3.3855	3.6366
848540573126	1379.50	854.21	1369.14	861.81	3.4017	3.6450
848540581459	1379.18	842.15	1374.79	857.95	3.3931	3.6230
848540589796	1386.61	816.16	1382.26	836.67	3.3982	3.6357
848540598130	1384.34	818.75	1381.24	827.42	3.3880	3.6280
848540606463	1383.38	829.03	1380.97	833.33	3.3986	3.6209
848540614797	1385.28	833.26	1374.18	836.85	3.4143	3.6168
848540623129	1383.36	825.49	1384.34	835.38	3.4109	3.6446
848540631463	1381.95	817.29	1385.56	824.33	3.3926	3.6252
848540639795	1381.38	826.86	1379.16	828.36	3.3779	3.6107
848540648128	1386.61	823.94	1380.05	827.37	3.4048	3.6112
848540656462	1380.00	817.76	1377.07	832.16	3.3970	3.6312
848540664795	1383.36	823.97	1383.07	829.96	3.3727	3.6213
848540673128	1387.73	829.27	1377.46	831.75	3.3976	3.6280
848540681462	1378.71	823.52	1381.58	827.32	3.3783	3.6428
848540689795	1382.57	822.45	1383.78	827.66	3.4089	3.6216
848540698129	1385.97	824.33	1382.89	831.64	3.3712	3.6382
848540706462	1382.30	827.41	1383.75	825.21	3.4016	3.6235
848540714795	1381.35	831.96	1385.20	831.06	3.3988	3.6119
848540723131	1384.37	818.98	1384.00	828.74	3.3748	3.6266
848540731465	1384.45	832.23	1381.24	838.27	3.4009	3.6326
848540739799	1382.87	829.44	1378.36	836.17	3.3942	3.6332
848540748131	1382.20	829.15	1381.28	834.30	3.4037	3.6100
848540756465	1385.71	819.90	1379.32	833.26	3.3641	3.6067
848540764798	1383.86	825.36	1378.63	832.50	3.3677	3.6311
848540773131	1379.69	819.15	1384.12	831.16	3.3625	3.5954
848540781465	1384.72	817.96	1376.52	832.43	3.3505	3.6137
848540789798	1386.56	832.14	1383.34	823.47	3.3969	3.6019
848540798130	1387.00	828.30	1381.70	830.95	3.3539	3.5958
848540806464	1380.31	814.76	1382.57	838.52	3.3426	3.6104
848540814797	1380.82	818.38	1381.01	825.16	3.3572	3.5827
848540823131	1385.75	823.82	1377.18	827.89	3.3395	3.6102
848540831464	1382.17	831.51	1376.20	831.00	3.3647	3.5783
848540839797	1384.11	827.46	1380.17	833.13	3.3493	3.6029
848540848134	1389.03	823.73	1386.09	838.28	3.3591	3.6014
848540856468	1382.74	825.21	1372.95	834.82	3.3294	3.5864
848540864802	1382.40	821.62	1382.54	830.03	3.3201	3.5700
848540873133	1387.49	829.90	1381.61	821.94	3.3412	3.5689
848540881467	1379.47	827.60	1380.29	831.25	3.3296	3.5706
848540889800	1381.99	829.05	1379.18	832.62	3.3233	3.5684
848540898133	1383.21	827.67	1387.05	833.85	3.3173	3.5453
848540906467	1378.19	821.98	1383.25	824.42	3.3013	3.5549
848540914800	1382.02	825.03	1376.96	824.21	3.2981	3.5575
848540923133	1376.38	831.16	1376.35	825.25	3.2984	3.5458
848540931467	1381.30	824.19	1381.24	833.00	3.2961	3.5342
848540939800	1380.39	823.39	1377.05	831.45	3.2969	3.5384
848540948133	1381.08	821.54	1385.31	834.01	3.2920	3.5506
848540956466	1384.05	825.15	1384.23	830.31	3.2903	3.5343
848540964799	1389.67	813.77	1383.22	837.74	3.2689	3.5360
848540973132	1381.65	830.40	1383.94	828.34	3.2922	3.5362
848540981472	1382.66	825.80	1382.98	827.68	3.2741	3.5389
848540989805	1384.69	831.78	1382.81	826.85	3.2941	3.5182
848540998138	1380.69	817.91	1382.68	827.09	3.2579	3.5054
848541006472	1393.95	820.57	1385.11	815.20	3.2957	3.5092
848541014805	1458.66	736.70	1468.55	751.23	3.2177	3.4873
848541023138	1517.51	670.67	1531.48	692.82	3.2249	3.4864
848541031471	1537.67	640.39	1541.31	647.43	3.2404	3.4547
848541039804	1523.70	608.31	1549.95	619.89	3.2208	3.4469
848541048137	1527.00	602.31	1536.13	611.49	3.2206	3.4706
848541056471	1535.25	614.48	1540.59	623.71	3.2346	3.4667
848541064804	1531.92	609.72	1533.52	613.83	3.2227	3.4516
848541073138	1534.00	603.93	1535.49	608.97	3.2334	3.4469
848541081471	1542.87	612.41	1533.10	620.49	3.2493	3.4831
848541089804	1543.40	614.19	1533.83	611.74	3.2325	3.4464
848541098137	1537.04	609.76	1532.25	613.59	3.2304	3.4358
848541106470	1534.61	608.51	1536.75	620.87	3.2166	3.4742
848541114807	1540.09	621.51	1534.24	623.36	3.2648	3.4513
848541123140	1537.22	616.02	1534.39	624.51	3.2465	3.4555
848541131474	1537.76	607.46	1539.57	612.82	3.2300	3.4630
848541139807	1543.07	617.96	1536.24	622.69	3.2492	3.4671
848541148140	1539.73	619.75	1538.30	623.05	3.2473	3.4469
848541156474	1537.44	616.47	1539.63	618.02	3.2444	3.4456
848541164807	1541.41	618.53	1539.76	617.34	3.2432	3.4482
848541173140	1536.55	609.78	1533.33	619.78	3.2272	3.4447
848541181472	1535.75	617.10	1539.34	627.35	3.2292	3.4713
848541189806	1537.40	612.64	1538.27	614.80	3.2453	3.4397
848541198140	1535.90	613.28	1537.72	617.24	3.2535	3.4360
848541206472	1540.84	614.34	1541.35	619.91	3.2270	3.4494
848541214806	1541.46	604.74	1537.33	620.04	3.1977	3.4543
848541223139	1539.29	603.89	1537.61	622.21	3.2126	3.4266
848541231472	1534.08	601.07	1538.26	621.65	3.2045	3.4684
848541239806	1539.98	601.32	1536.67	623.72	3.2051	3.4589
848541248144	1540.81	613.80	1536.09	619.25	3.2206	3.4483
848541256477	1543.00	609.12	1531.79	619.75	3.2161	3.4296
848541264810	1540.38	610.87	1537.71	617.92	3.2335	3.4431
848541273143	1540.76	612.96	1539.98	622.34	3.2071	3.4438
848541281477	1538.57	607.80	1534.98	627.57	3.2326	3.4602
848541289810	1535.92	606.23	1533.23	615.04	3.2131	3.4252
848541298143	1531.85	614.73	1542.32	625.56	3.2101	3.4359
848541306476	1544.25	607.51	1543.27	622.85	3.2223	3.4354
848541314810	1518.47	618.45	1526.43	623.82	3.2242	3.4368
848541323144	1411.77	631.99	1417.39	625.55	3.2109	3.4196
848541331476	1313.52	639.69	1328.49	656.45	3.1989	3.4481
848541339809	1271.55	627.80	1273.03	640.94	3.1736	3.4309
848541348142	1283.04	622.91	1293.43	643.35	3.1637	3.4230
848541356475	1288.86	621.32	1303.91	643.10	3.1691	3.4057
848541364809	1282.78	627.43	1281.82	641.20	3.1503	3.4036
