t	gaze_point_LX	gaze_point_LY	gaze_point_RX	gaze_point_RY	pupil_diameter_L	pupil_diameter_R
847462666045	1222.07	801.56	1226.84	812.84	3.6148	3.8344
847462674379	1259.92	745.46	1251.68	756.53	3.6249	3.8366
847462682712	1283.78	723.90	1292.19	729.81	3.6156	3.8285
847462691045	1262.20	722.51	1262.32	722.51	3.5971	3.8295
847462699378	1271.27	747.18	1256.61	739.04	3.6076	3.8350
847462707712	1266.38	730.76	1266.98	729.45	3.6268	3.8443
847462716044	1274.20	733.86	1271.99	728.03	3.6269	3.8199
847462724377	1271.47	723.59	1269.72	733.73	3.5882	3.8460
847462732711	1279.09	727.21	1265.65	729.51	3.6387	3.8265
847462741044	1281.64	728.16	1267.48	732.30	3.6319	3.8462
847462749377	1273.56	729.62	1267.79	727.39	3.6240	3.8379
847462757718	1277.42	731.14	1269.63	726.88	3.6361	3.8325
847462766051	1273.98	732.01	1269.77	726.66	3.6365	3.8425
847462774385	1274.73	728.10	1268.62	729.31	3.6432	3.8540
847462782717	1286.41	725.64	1267.29	736.67	3.6478	3.8513
847462791050	1268.62	736.26	1272.96	725.36	3.6449	3.8656
847462799384	1259.65	764.12	1278.85	741.50	3.5971	3.8340
847462807716	1399.75	1115.17	1293.81	723.13	2.6263	3.8348
847462816050	NaN	NaN	1163.40	1345.96	NaN	1.8355
847462824383	NaN	NaN	NaN	NaN	NaN	NaN
847462832724	NaN	NaN	NaN	NaN	NaN	NaN
847462841058	NaN	NaN	NaN	NaN	NaN	NaN
847462849391	NaN	NaN	NaN	NaN	NaN	NaN
847462857724	NaN	NaN	NaN	NaN	NaN	NaN
847462866057	NaN	NaN	NaN	NaN	NaN	NaN
847462874390	NaN	NaN	NaN	NaN	NaN	NaN
847462882723	NaN	NaN	NaN	NaN	NaN	NaN
847462891060	NaN	NaN	NaN	NaN	NaN	NaN
847462899393	NaN	NaN	NaN	NaN	NaN	NaN
847462907726	NaN	NaN	NaN	NaN	NaN	NaN
847462916059	NaN	NaN	NaN	NaN	NaN	NaN
847462924393	NaN	NaN	NaN	NaN	NaN	NaN
847462932726	NaN	NaN	NaN	NaN	NaN	NaN
847462941058	NaN	NaN	NaN	NaN	NaN	NaN
847462949392	NaN	NaN	NaN	NaN	NaN	NaN
847462957726	NaN	NaN	NaN	NaN	NaN	NaN
847462966059	NaN	NaN	NaN	NaN	NaN	NaN
847462974392	NaN	NaN	NaN	NaN	NaN	NaN
847462982725	NaN	NaN	NaN	NaN	NaN	NaN
847462991058	NaN	NaN	NaN	NaN	NaN	NaN
847462999391	NaN	NaN	1170.24	1285.91	NaN	1.6266
847463007725	NaN	NaN	NaN	NaN	NaN	NaN
847463016057	NaN	NaN	1280.86	919.07	NaN	3.4350
847463024396	1271.60	950.46	1273.82	754.95	3.1621	3.6820
847463032729	1260.17	830.49	1268.74	690.12	3.4664	3.8219
847463041054	1277.42	726.56	1271.06	734.65	3.5938	3.7815
847463049396	1281.22	697.80	1270.30	732.36	3.6310	3.8019
847463057721	1276.59	748.05	1273.42	720.34	3.5966	3.7935
847463066054	1275.64	739.05	1271.27	722.33	3.5862	3.8303
847463074389	1274.43	754.78	1268.85	714.38	3.6417	3.8401
847463082721	1277.02	747.10	1270.55	701.87	3.6438	3.8351
847463091053	1272.73	726.60	1266.34	704.93	3.6213	3.8217
847463099386	1271.82	726.74	1264.81	698.43	3.6524	3.8455
847463107719	1273.66	715.53	1269.59	694.01	3.6577	3.8437
847463116053	1274.85	713.42	1267.09	700.90	3.6483	3.8425
847463124386	1278.15	711.20	1266.84	702.30	3.6617	3.8525
847463132720	1277.12	704.97	1265.21	703.08	3.6487	3.8322
847463141053	1283.78	713.44	1265.57	698.03	3.6796	3.8281
847463149391	1275.63	703.60	1264.77	708.03	3.6508	3.8687
847463157724	1278.29	704.41	1268.14	701.60	3.6558	3.8308
847463166057	1277.39	708.10	1266.87	705.32	3.6582	3.8214
847463174390	1281.20	704.92	1259.27	706.76	3.6836	3.8416
847463182723	1275.73	704.61	1260.45	703.49	3.6716	3.8426
847463191057	1270.90	701.88	1265.39	703.72	3.6656	3.8299
847463199390	1269.78	687.87	1260.79	719.53	3.6691	3.8881
847463207724	1271.99	676.26	1262.36	708.91	3.6464	3.8715
847463216057	1266.42	656.30	1265.73	710.86	3.6226	3.8928
847463224391	1269.21	681.86	1262.41	700.56	3.6627	3.8515
847463232724	1267.87	680.85	1258.54	715.75	3.7031	3.8770
847463241057	1265.79	674.15	1267.46	698.27	3.6831	3.8479
847463249389	1266.51	673.29	1268.83	701.37	3.6669	3.8606
847463257722	1275.93	682.69	1262.06	707.12	3.6794	3.8499
847463266056	1274.52	688.55	1267.42	709.78	3.7072	3.8815
847463274389	1275.26	682.64	1263.92	714.14	3.6960	3.8730
847463282727	1272.66	682.64	1270.63	697.79	3.6874	3.8732
847463291059	1272.60	683.21	1265.55	711.60	3.6880	3.8799
847463299394	1279.64	676.32	1269.21	711.88	3.7077	3.8865
847463307727	1276.58	682.36	1268.14	712.97	3.7142	3.8981
847463316059	1277.75	689.43	1264.18	708.87	3.7454	3.8885
847463324392	1276.95	687.48	1267.87	716.63	3.7369	3.8918
847463332725	1274.37	690.70	1267.55	714.05	3.7425	3.8849
847463341058	1258.33	697.81	1246.28	728.93	3.7596	3.9078
847463349392	1147.02	844.45	1120.96	815.18	3.7445	3.9273
847463357725	1046.25	1009.64	1014.73	978.41	3.8079	3.9783
847463366060	957.19	1117.70	916.94	1097.84	3.7549	3.9839
847463374393	852.91	1215.37	809.28	1214.79	3.7583	3.9487
847463382727	749.98	1307.54	702.85	1305.20	3.7466	3.9541
847463391059	661.08	1419.79	612.85	1409.97	3.7383	3.9406
847463399392	579.90	1516.41	526.39	1487.13	3.7276	3.9307
847463407726	543.05	1572.13	500.14	1548.32	3.7322	3.9523
847463416064	554.66	1564.68	518.23	1526.58	3.7470	3.9482
847463424397	555.75	1545.01	513.60	1504.55	3.7686	3.9426
847463432730	544.31	1575.93	508.54	1536.15	3.7557	3.9306
847463441063	540.94	1567.60	509.72	1534.59	3.7543	3.9411
847463449397	539.61	1564.22	507.81	1530.76	3.7395	3.9521
847463457730	549.57	1570.97	523.45	1539.64	3.7458	3.9659
847463466063	544.22	1570.30	519.59	1544.89	3.7455	3.9632
847463474396	543.48	1578.13	515.65	1540.25	3.7695	3.9699
847463482729	550.80	1566.69	507.13	1545.70	3.7812	3.9801
847463491063	555.13	1571.03	520.18	1546.12	3.7689	3.9907
847463499396	546.22	1574.99	502.94	1548.34	3.7746	3.9682
847463507729	545.94	1573.70	501.39	1550.26	3.7661	3.9664
847463516062	544.55	1575.65	506.60	1543.44	3.7807	3.9712
847463524396	546.00	1579.47	504.34	1546.14	3.7833	3.9938
847463532729	538.93	1575.75	510.53	1549.04	3.7872	3.9887
847463541061	546.74	1585.94	509.34	1550.39	3.7914	3.9874
847463549400	546.87	1575.68	512.20	1551.56	3.7962	3.9818
847463557734	547.67	1573.92	511.07	1549.83	3.8060	3.9926
847463566066	539.36	1575.22	508.91	1544.96	3.7871	3.9895
847463574400	550.84	1586.71	507.87	1542.23	3.7486	3.9785
847463582733	648.16	1732.81	529.70	1562.07	3.3610	3.9469
847463591066	NaN	NaN	NaN	NaN	NaN	NaN
847463599400	NaN	NaN	NaN	NaN	NaN	NaN
847463607733	NaN	NaN	NaN	NaN	NaN	NaN
847463616066	NaN	NaN	NaN	NaN	NaN	NaN
847463624399	NaN	NaN	NaN	NaN	NaN	NaN
847463632732	NaN	NaN	NaN	NaN	NaN	NaN
847463641066	NaN	NaN	NaN	NaN	NaN	NaN
847463649399	NaN	NaN	NaN	NaN	NaN	NaN
847463657732	NaN	NaN	NaN	NaN	NaN	NaN
847463666065	NaN	NaN	NaN	NaN	NaN	NaN
847463674401	NaN	NaN	NaN	NaN	NaN	NaN
847463682734	NaN	NaN	NaN	NaN	NaN	NaN
847463691067	NaN	NaN	NaN	NaN	NaN	NaN
847463699400	NaN	NaN	NaN	NaN	NaN	NaN
847463707733	NaN	NaN	NaN	NaN	NaN	NaN
847463716067	NaN	NaN	652.41	1482.21	NaN	3.7274
847463724400	NaN	NaN	707.86	1462.75	NaN	3.8457
847463732732	841.60	1489.98	718.41	1400.50	2.7387	3.9574
847463741065	827.08	1530.53	724.57	1365.72	3.4245	4.0300
847463749399	749.09	1461.17	727.59	1393.30	3.6872	3.9913
847463757732	758.04	1415.77	730.45	1402.91	3.7505	3.9794
847463766064	767.06	1389.73	732.33	1399.41	3.8062	3.9858
847463774399	761.49	1409.10	743.77	1394.60	3.7814	3.9973
847463782732	765.19	1425.31	740.61	1400.06	3.7413	3.9874
847463791065	751.64	1429.83	725.89	1397.76	3.7261	3.9912
847463799399	762.38	1428.31	734.89	1399.24	3.7328	4.0078
847463807738	752.88	1424.77	724.75	1398.56	3.7427	4.0202
847463816071	756.83	1426.77	721.55	1392.17	3.7504	4.0140
847463824404	756.06	1424.19	727.79	1389.57	3.7346	4.0252
847463832738	748.76	1422.91	726.67	1384.37	3.7391	4.0272
847463841070	750.87	1428.17	731.27	1379.68	3.7297	4.0257
847463849404	746.64	1421.33	722.54	1386.43	3.7199	4.0225
847463857736	762.68	1421.17	727.97	1389.52	3.7298	4.0227
847463866070	751.32	1416.30	727.76	1376.48	3.7376	4.0264
847463874402	747.08	1415.56	730.79	1387.32	3.7352	4.0305
847463882736	754.16	1417.12	734.59	1384.45	3.7413	4.0301
847463891070	747.58	1416.09	730.48	1384.01	3.7295	4.0298
847463899403	751.61	1412.81	723.92	1385.97	3.7493	3.9892
847463907737	755.71	1414.14	721.92	1385.82	3.7340	4.0146
847463916070	748.26	1412.00	722.92	1386.45	3.7407	4.0147
847463924402	750.77	1416.55	720.85	1387.71	3.7410	3.9954
847463932736	747.19	1418.92	722.29	1390.37	3.7374	3.9986
847463941076	753.85	1411.18	718.91	1386.63	3.7239	4.0033
847463949409	750.34	1419.43	719.05	1386.55	3.7424	3.9985
847463957742	761.64	1419.31	731.39	1388.42	3.7546	4.0031
847463966076	761.33	1413.67	725.90	1387.98	3.7605	4.0082
847463974409	762.04	1415.52	729.62	1385.68	3.7637	3.9942
847463982742	750.85	1415.93	722.30	1381.84	3.7513	4.0044
847463991074	674.54	1522.42	622.48	1493.54	3.7893	4.0137
847463999408	592.17	1635.02	518.17	1610.82	3.8064	4.0042
847464007741	559.98	1614.83	496.06	1593.02	3.7773	4.0022
847464016074	576.43	1598.15	538.51	1558.58	3.7445	4.0094
847464024409	580.10	1610.17	528.50	1570.19	3.7512	4.0099
847464032742	576.91	1607.81	515.92	1586.26	3.7740	3.9853
847464041075	578.02	1604.63	515.55	1581.28	3.7847	3.9932
847464049409	572.37	1604.46	517.92	1578.74	3.7725	3.9992
847464057742	576.54	1611.13	517.30	1574.37	3.8010	4.0090
847464066074	580.60	1607.97	507.19	1579.89	3.7897	3.9933
847464074412	572.57	1609.65	515.04	1576.90	3.7826	3.9948
847464082745	580.45	1616.42	521.93	1576.15	3.7916	4.0008
847464091078	572.59	1618.11	517.05	1579.45	3.7814	3.9909
847464099411	570.90	1629.67	514.19	1580.39	3.7488	3.9902
847464107745	595.88	1624.13	517.77	1607.98	3.7578	3.9265
847464116079	NaN	NaN	NaN	NaN	NaN	NaN
847464124411	NaN	NaN	NaN	NaN	NaN	NaN
847464132746	NaN	NaN	NaN	NaN	NaN	NaN
847464141077	NaN	NaN	NaN	NaN	NaN	NaN
847464149411	NaN	NaN	NaN	NaN	NaN	NaN
847464157744	NaN	NaN	NaN	NaN	NaN	NaN
847464166077	NaN	NaN	NaN	NaN	NaN	NaN
847464174410	NaN	NaN	NaN	NaN	NaN	NaN
847464182744	NaN	NaN	NaN	NaN	NaN	NaN
847464191077	NaN	NaN	NaN	NaN	NaN	NaN
847464199414	NaN	NaN	NaN	NaN	NaN	NaN
847464207748	NaN	NaN	NaN	NaN	NaN	NaN
847464216080	NaN	NaN	NaN	NaN	NaN	NaN
847464224414	NaN	NaN	NaN	NaN	NaN	NaN
847464232747	NaN	NaN	NaN	NaN	NaN	NaN
847464241080	NaN	NaN	NaN	NaN	NaN	NaN
847464249414	NaN	NaN	NaN	NaN	NaN	NaN
847464257747	NaN	NaN	NaN	NaN	NaN	NaN
847464266080	1656.80	1457.24	1580.84	1606.64	3.8215	3.6095
847464274413	1641.99	1434.70	1587.41	1500.54	3.8919	3.9138
847464282747	1646.02	1403.27	1579.59	1451.18	3.9568	4.0216
847464291079	1640.23	1422.24	1580.36	1432.55	3.9364	4.0591
847464299414	1641.95	1442.83	1577.46	1442.24	3.8952	4.0532
847464307747	1638.38	1442.52	1583.80	1446.72	3.8889	4.0549
847464316080	1651.27	1448.24	1585.00	1440.53	3.8893	4.0620
847464324414	1650.29	1445.27	1583.20	1440.59	3.8849	4.0551
847464332752	1645.06	1442.95	1582.98	1443.99	3.8953	4.0702
847464341085	1642.50	1442.47	1585.29	1436.95	3.9171	4.0896
847464349418	1646.99	1444.11	1583.32	1438.63	3.9109	4.1021
847464357752	1642.95	1440.77	1586.69	1435.32	3.9233	4.1111
847464366084	1645.35	1439.02	1591.83	1432.80	3.9325	4.1045
847464374418	1653.65	1435.41	1595.19	1426.12	3.9276	4.1183
847464382751	1646.88	1437.33	1594.36	1425.52	3.9413	4.1241
847464391084	1647.65	1438.99	1595.37	1428.17	3.9375	4.1116
847464399418	1649.41	1449.20	1595.43	1432.82	3.9306	4.1221
847464407751	1648.31	1452.64	1603.93	1436.89	3.9120	4.0884
847464416084	1644.92	1447.28	1605.32	1450.10	3.9084	4.0690
847464424418	NaN	NaN	1587.64	1535.69	NaN	3.8838
847464432751	NaN	NaN	NaN	NaN	NaN	NaN
847464441083	NaN	NaN	NaN	NaN	NaN	NaN
847464449417	NaN	NaN	NaN	NaN	NaN	NaN
847464457750	NaN	NaN	NaN	NaN	NaN	NaN
847464466087	NaN	NaN	NaN	NaN	NaN	NaN
847464474421	NaN	NaN	NaN	NaN	NaN	NaN
847464482754	NaN	NaN	NaN	NaN	NaN	NaN
847464491087	NaN	NaN	NaN	NaN	NaN	NaN
847464499421	NaN	NaN	NaN	NaN	NaN	NaN
847464507754	NaN	NaN	NaN	NaN	NaN	NaN
847464516086	NaN	NaN	NaN	NaN	NaN	NaN
847464524420	NaN	NaN	1490.38	1248.69	NaN	2.5457
847464532752	NaN	NaN	1391.62	1002.37	NaN	3.7021
847464541086	NaN	NaN	1398.34	857.16	NaN	4.0349
847464549419	1407.39	959.81	1396.44	782.66	3.7090	4.1793
847464557753	1434.96	843.50	1398.53	806.72	3.9190	4.1337
847464566093	1442.61	787.52	1395.49	809.07	4.0456	4.1395
847464574419	1441.49	793.10	1396.38	802.05	4.0370	4.1469
847464582753	1439.88	818.56	1401.91	795.67	3.9836	4.1608
847464591087	1436.77	815.52	1408.64	791.46	3.9849	4.1694
847464599421	1437.06	814.77	1407.23	789.48	4.0066	4.1816
847464607754	1434.02	808.41	1405.59	782.76	4.0027	4.1914
847464616087	1437.64	807.43	1408.31	777.52	4.0306	4.1917
847464624420	1436.28	803.76	1400.18	777.96	4.0361	4.1986
847464632753	1436.78	800.03	1408.68	780.67	4.0154	4.1973
847464641086	1437.83	794.60	1409.34	777.42	4.0280	4.1962
847464649420	1433.81	792.66	1408.33	780.50	4.0231	4.1914
847464657753	1440.94	789.53	1405.42	773.39	4.0352	4.1893
847464666085	1439.70	788.24	1406.19	769.14	4.0233	4.1863
847464674418	1438.11	789.59	1406.02	775.20	4.0349	4.1776
847464682753	1440.31	782.67	1403.83	774.29	4.0405	4.1900
847464691086	1446.12	785.94	1409.74	770.44	4.0507	4.1993
847464699419	1440.00	784.49	1412.93	778.93	4.0500	4.1984
847464707752	1436.62	781.43	1413.63	767.02	4.0152	4.1859
847464716086	1435.57	786.81	1415.50	770.55	4.0454	4.1875
847464724427	1437.97	787.58	1407.95	770.42	4.0595	4.1833
847464732761	1440.58	781.52	1406.98	771.93	4.0564	4.1898
847464741093	1438.51	783.80	1410.13	770.56	4.0584	4.1813
847464749427	1448.07	781.20	1409.69	775.46	4.0483	4.2016
847464757760	1387.88	747.20	1349.79	744.84	4.0159	4.1647
847464766092	1311.45	715.38	1293.58	712.33	4.0085	4.1595
847464774425	1294.83	704.95	1264.73	709.43	4.0115	4.1700
847464782759	1311.63	707.97	1291.39	716.01	4.0207	4.1627
847464791092	1318.54	706.66	1288.96	722.18	4.0141	4.1878
847464799425	1317.69	711.71	1289.21	722.25	4.0187	4.1697
847464807758	1312.44	707.70	1285.43	711.64	4.0230	4.1531
847464816091	1317.40	709.78	1290.17	720.33	4.0103	4.1697
847464824424	1319.37	703.44	1289.45	715.89	4.0054	4.1644
847464832758	1314.21	711.82	1281.51	712.46	4.0280	4.1346
847464841091	1317.79	709.18	1283.56	722.26	4.0357	4.1703
847464849424	1317.84	713.28	1286.49	715.75	4.0148	4.1549
847464857761	1322.94	707.81	1279.39	718.21	4.0279	4.1318
847464866094	1318.45	707.25	1281.71	715.90	4.0116	4.1476
847464874428	1318.64	700.27	1281.82	714.14	3.9963	4.1464
847464882763	1317.94	705.41	1278.76	718.60	4.0260	4.1423
847464891094	1319.74	720.51	1278.55	719.09	4.0138	4.1512
847464899428	1321.15	716.52	1276.53	714.68	4.0093	4.1549
847464907762	1313.38	710.32	1278.85	716.11	4.0098	4.1492
847464916095	1312.64	705.65	1277.85	715.19	4.0114	4.1175
847464924427	1318.44	707.21	1278.57	714.37	4.0042	4.1391
847464932761	1315.13	703.76	1277.20	713.33	3.9830	4.1254
847464941094	1315.03	711.74	1276.15	716.81	3.9939	4.1261
847464949427	1310.34	715.77	1277.97	721.20	4.0174	4.1275
847464957761	1313.30	699.54	1277.94	715.06	4.0095	4.1287
847464966093	1313.27	708.06	1270.15	717.47	3.9852	4.1320
847464974427	1320.54	708.62	1278.76	713.59	4.0049	4.1378
847464982765	1314.64	710.51	1276.61	710.16	3.9997	4.1181
847464991098	1314.63	712.29	1276.68	714.92	4.0040	4.1165
847464999431	1318.42	713.71	1278.17	713.32	4.0054	4.1024
847465007765	1323.68	715.17	1276.60	718.62	4.0163	4.1248
847465016098	1320.98	715.70	1279.23	706.86	4.0043	4.1028
847465024431	1318.93	705.25	1278.66	712.99	4.0075	4.1227
847465032764	1321.23	714.70	1277.11	719.55	4.0092	4.1235
847465041097	1319.98	709.12	1280.77	711.83	4.0104	4.1169
847465049430	1314.81	699.55	1274.26	708.45	3.9845	4.1048
847465057764	1317.82	713.60	1271.77	715.12	3.9955	4.0946
847465066097	1311.57	705.19	1272.48	709.53	3.9890	4.0989
847465074430	1312.29	707.63	1273.57	708.07	4.0042	4.1109
847465082764	1327.26	707.54	1281.45	713.45	3.9890	4.0984
847465091097	1315.56	715.30	1274.40	717.91	3.9966	4.0988
847465099430	1315.16	707.16	1272.00	708.30	3.9801	4.0935
847465107763	1317.24	709.50	1271.93	713.42	3.9963	4.1047
847465116100	1316.37	704.70	1269.85	714.55	3.9723	4.1107
847465124434	1317.71	716.77	1278.26	719.24	4.0121	4.0942
847465132768	1318.46	711.49	1278.32	717.81	3.9628	4.0893
847465141101	1318.00	706.09	1277.94	721.42	3.9819	4.0941
847465149434	1316.34	719.01	1275.52	716.54	3.9912	4.0941
847465157767	1307.00	703.28	1276.78	716.69	3.9720	4.0830
847465166101	1308.65	707.94	1280.48	709.95	3.9829	4.0671
847465174434	1315.26	706.71	1281.30	714.77	3.9774	4.0721
847465182768	1306.30	729.16	1281.43	711.03	3.9653	4.0838
847465191099	1311.41	694.12	1287.93	748.44	3.9951	4.0445
847465199433	1194.20	1364.50	1279.05	950.84	1.9232	3.6410
847465207766	NaN	NaN	NaN	NaN	NaN	NaN
847465216099	NaN	NaN	NaN	NaN	NaN	NaN
847465224440	NaN	NaN	NaN	NaN	NaN	NaN
847465232774	NaN	NaN	NaN	NaN	NaN	NaN
847465241107	NaN	NaN	NaN	NaN	NaN	NaN
847465249446	NaN	NaN	NaN	NaN	NaN	NaN
847465257780	NaN	NaN	NaN	NaN	NaN	NaN
847465266112	NaN	NaN	NaN	NaN	NaN	NaN
847465274445	NaN	NaN	1030.55	1644.46	NaN	2.0106
847465282778	NaN	NaN	NaN	NaN	NaN	NaN
847465291112	NaN	NaN	NaN	NaN	NaN	NaN
847465299446	1304.32	998.88	1287.43	854.09	3.4131	3.7947
847465307779	1301.04	862.96	1286.53	752.01	3.6985	3.9823
847465316104	1307.45	762.04	1269.90	692.63	3.8633	4.0888
847465324446	1318.87	700.54	1278.03	747.20	3.9949	4.0364
847465332770	1315.27	674.92	1276.45	745.89	4.0034	4.0398
847465341102	1308.67	729.84	1269.29	743.19	3.9283	4.0529
847465349437	1307.34	729.67	1271.96	738.26	3.9267	4.0643
847465357770	1309.55	734.08	1271.03	728.84	3.9269	4.0678
847465366104	1308.54	742.21	1269.37	726.68	3.9453	4.0662
847465374436	1307.91	734.40	1268.74	722.82	3.9434	4.0685
847465382773	1309.03	734.71	1268.32	721.74	3.9562	4.0966
847465391107	1311.54	735.83	1271.77	725.90	3.9496	4.1044
847465399440	1307.42	733.45	1275.64	724.23	3.9559	4.1057
847465407773	1312.88	726.91	1273.55	724.89	3.9494	4.0959
847465416106	1313.17	726.71	1271.04	722.46	3.9638	4.0951
847465424439	1312.75	724.47	1271.45	722.15	3.9670	4.1024
847465432772	1308.20	721.80	1271.86	721.32	3.9840	4.0906
847465441105	1311.35	722.47	1273.42	727.36	3.9896	4.1146
847465449439	1310.78	722.92	1274.10	725.70	3.9889	4.1125
847465457772	1313.45	717.80	1270.22	721.57	3.9868	4.1046
847465466106	1311.44	716.13	1277.80	722.18	4.0034	4.1264
847465474439	1314.20	716.32	1274.37	728.28	4.0044	4.1208
847465482772	1308.18	716.64	1272.84	722.62	3.9993	4.1269
847465491104	1312.61	708.30	1279.51	723.68	3.9913	4.1094
847465499438	1308.61	718.44	1277.68	724.15	4.0210	4.1228
847465507771	1313.41	713.36	1278.36	717.61	4.0096	4.1153
847465516109	1313.13	710.09	1276.35	718.03	4.0023	4.1347
847465524442	1309.31	710.56	1275.86	717.45	4.0070	4.1304
847465532776	1310.68	711.89	1281.39	714.78	3.9993	4.1371
847465541110	1311.99	702.33	1278.98	713.40	4.0008	4.1226
847465549443	1308.75	711.00	1278.83	714.36	4.0223	4.1277
847465557776	1314.48	711.33	1278.75	718.12	4.0306	4.1314
847465566109	1312.83	705.98	1279.94	713.68	4.0128	4.1349
847465574442	1306.94	717.51	1278.24	715.79	4.0328	4.1425
847465582776	1310.24	707.71	1275.75	721.56	4.0111	4.1394
847465591109	1302.28	698.93	1277.42	713.93	4.0058	4.1445
847465599443	1311.40	710.86	1277.50	721.01	4.0581	4.1385
847465607776	1313.89	701.44	1273.58	719.00	4.0134	4.1582
847465616110	1314.49	696.93	1278.85	721.89	4.0239	4.1428
847465624443	1311.84	701.56	1275.04	717.44	4.0113	4.1617
847465632776	1314.25	702.56	1268.22	721.09	4.0401	4.1563
847465641112	1311.84	694.85	1268.80	726.97	4.0154	4.1668
847465649446	1314.78	710.80	1273.61	721.49	4.0514	4.1686
847465657780	1316.15	709.02	1280.42	719.11	4.0444	4.1507
847465666113	1318.61	708.66	1271.71	714.56	4.0272	4.1575
847465674446	1317.54	706.45	1270.02	719.27	4.0427	4.1741
847465682780	1323.02	675.63	1286.90	694.78	4.0388	4.1674
847465691112	1326.16	671.99	1283.96	687.79	4.0529	4.1562
847465699446	1325.79	682.21	1283.13	691.18	4.0619	4.1690
847465707779	1326.02	683.16	1286.02	691.96	4.0604	4.1542
847465716111	1325.32	681.69	1281.86	692.93	4.0606	4.1705
847465724445	1328.67	677.11	1283.21	697.74	4.0627	4.1672
847465732778	1329.48	674.52	1284.32	689.91	4.0663	4.1703
847465741111	1330.10	670.48	1284.84	698.85	4.0599	4.1900
847465749445	1322.59	674.48	1286.94	698.65	4.0607	4.1613
847465757778	1320.98	674.79	1284.20	689.59	4.0705	4.1771
847465766111	1323.49	681.71	1284.25	689.82	4.0768	4.1898
847465774448	1324.73	681.11	1289.41	690.62	4.0747	4.1934
847465782782	1330.69	679.44	1287.12	689.66	4.0621	4.1943
847465791115	1320.55	675.76	1281.85	692.56	4.0858	4.1910
847465799448	1328.59	675.50	1286.25	697.05	4.0809	4.1914
847465807781	1326.36	684.49	1289.01	695.76	4.0853	4.1888
847465816115	1327.36	676.34	1286.69	688.26	4.0985	4.2011
847465824448	1320.95	675.47	1282.65	695.63	4.0828	4.1809
847465832781	1325.88	678.82	1287.66	703.46	4.0780	4.2202
847465841114	1328.06	678.23	1287.21	693.91	4.0958	4.2029
847465849448	1327.96	683.47	1286.65	699.82	4.0991	4.2104
847465857781	1328.04	680.79	1286.43	696.87	4.0936	4.1971
847465866114	1325.77	681.38	1279.03	690.14	4.0981	4.2128
847465874446	1324.50	673.91	1286.59	689.46	4.0963	4.1929
847465882780	1321.33	687.50	1284.77	693.60	4.1076	4.1975
847465891114	1327.33	680.65	1286.51	697.12	4.0982	4.2159
847465899447	1329.52	674.07	1290.13	695.05	4.0990	4.2309
847465907786	1333.05	679.77	1290.13	698.59	4.1175	4.2217
847465916119	1326.30	680.83	1292.61	690.16	4.0947	4.2187
847465924452	1325.88	681.73	1289.04	695.88	4.1288	4.2219
847465932785	1326.86	677.58	1289.75	698.60	4.0942	4.2316
847465941118	1327.59	681.14	1291.15	691.83	4.1063	4.2180
847465949451	1326.71	681.77	1287.11	695.47	4.0981	4.2176
847465957784	1324.90	682.94	1300.18	697.63	4.0991	4.2236
847465966118	1325.59	684.99	1290.43	704.69	4.1075	4.2238
847465974452	1321.90	685.44	1288.71	697.07	4.0983	4.2181
847465982785	1327.30	682.52	1291.95	700.54	4.1112	4.2242
847465991118	1320.00	689.22	1289.29	705.91	4.1074	4.2227
847465999451	1329.40	686.66	1292.05	693.95	4.1198	4.2242
847466007785	1322.78	679.65	1290.81	713.71	4.1096	4.2482
847466016117	1321.94	688.82	1292.32	702.98	4.0949	4.2334
847466024451	1316.11	683.71	1281.83	702.15	4.1202	4.2109
847466032787	1308.60	701.34	1270.66	715.37	4.1025	4.2270
847466041121	1313.94	703.75	1279.41	734.43	4.0999	4.2289
847466049454	1307.04	702.29	1280.23	723.96	4.1281	4.2351
847466057789	1309.73	701.42	1281.17	721.70	4.0988	4.2286
847466066122	1311.16	699.18	1275.22	719.55	4.0957	4.2351
847466074455	1308.52	706.46	1277.71	717.68	4.1047	4.2341
847466082789	1311.38	705.40	1277.47	722.74	4.1033	4.2297
847466091121	1312.03	699.19	1276.26	715.73	4.1000	4.2448
847466099455	1311.70	701.52	1288.35	726.20	4.1057	4.2366
847466107787	1304.16	702.19	1282.90	720.45	4.1052	4.2258
847466116121	1308.22	703.98	1278.48	724.60	4.1193	4.2538
847466124455	1311.33	693.53	1280.61	725.25	4.1065	4.2120
847466132787	1308.52	703.85	1281.39	722.86	4.1315	4.2274
847466141121	1317.76	695.17	1280.11	725.27	4.1049	4.2329
847466149453	1307.22	700.40	1273.85	718.96	4.1148	4.2317
847466157786	1312.19	695.55	1277.99	722.84	4.1151	4.2482
847466166122	1305.48	701.74	1279.52	723.65	4.1125	4.2339
847466174457	1310.34	707.46	1278.94	718.63	4.1154	4.2325
847466182790	1312.33	702.73	1279.81	726.83	4.1216	4.2408
847466191123	1311.73	711.43	1279.34	717.93	4.1304	4.2394
847466199456	1310.25	695.96	1275.73	724.39	4.1115	4.2454
847466207790	1308.42	698.01	1274.31	721.94	4.1063	4.2393
847466216123	1307.22	701.69	1279.77	726.96	4.1145	4.2476
847466224456	1315.44	698.76	1282.30	722.54	4.1194	4.2293
847466232789	1305.66	706.15	1278.91	714.75	4.1166	4.2335
847466241122	1310.41	699.02	1276.38	726.05	4.1271	4.2345
847466249454	1305.11	706.55	1277.37	719.55	4.1128	4.2492
847466257787	1309.68	703.85	1276.38	723.97	4.1250	4.2511
847466266121	1310.18	700.62	1281.34	721.77	4.1176	4.2501
847466274454	1309.54	705.25	1279.13	715.63	4.1270	4.2421
847466282787	1305.24	705.80	1273.42	720.51	4.1372	4.2565
847466291121	1305.77	697.89	1267.04	725.09	4.1084	4.2479
847466299460	1307.97	695.05	1271.22	719.83	4.1153	4.2374
847466307794	1305.69	701.24	1273.97	717.02	4.1027	4.2179
847466316126	1317.03	706.61	1273.63	726.58	4.1246	4.2493
847466324459	1308.64	701.43	1275.90	719.57	4.1212	4.2504
847466332793	1310.69	700.03	1277.54	720.64	4.1141	4.2493
847466341126	1307.35	700.46	1277.23	720.70	4.1099	4.2575
847466349459	1311.30	701.11	1270.42	716.52	4.1183	4.2504
847466357793	1309.01	698.13	1273.48	714.91	4.1038	4.2469
847466366126	1312.61	700.95	1265.38	716.61	4.1257	4.2399
847466374459	1320.19	707.90	1271.41	716.03	4.1398	4.2668
847466382792	1306.53	701.39	1275.20	729.92	4.1073	4.2497
847466391125	1308.29	708.64	1272.66	728.20	4.1413	4.2612
847466399458	1312.20	707.32	1272.36	722.16	4.1173	4.2506
847466407791	1313.41	700.48	1271.70	723.81	4.1083	4.2686
847466416125	1312.97	704.24	1267.17	725.95	4.1116	4.2561
847466424462	1308.75	699.52	1271.40	719.79	4.1105	4.2549
847466432795	1305.44	702.32	1268.92	718.50	4.0963	4.2652
847466441129	1310.53	703.95	1276.60	720.12	4.1042	4.2613
847466449462	1314.94	701.64	1270.09	720.34	4.1077	4.2542
847466457796	1312.95	696.95	1270.37	717.03	4.0805	4.2452
847466466127	1314.09	703.21	1274.52	716.81	4.0883	4.2603
847466474461	1319.68	708.09	1279.59	720.63	4.0880	4.2590
847466482794	1385.31	717.37	1346.44	748.60	4.1127	4.2656
847466491128	1435.61	722.10	1379.51	735.46	4.1344	4.2607
847466499461	1417.35	710.41	1377.08	715.81	4.1026	4.2457
847466507794	1414.03	701.61	1372.06	715.12	4.1045	4.2502
847466516127	1411.77	711.52	1370.28	722.30	4.1021	4.2369
847466524461	1416.20	703.98	1367.03	727.34	4.0687	4.2440
847466532795	1412.07	704.14	1367.22	722.68	4.0361	4.2294
847466541127	1406.56	698.93	1372.70	711.59	4.0370	4.2018
847466549460	1410.30	710.10	1369.23	724.73	4.0463	4.2144
847466557797	1408.76	712.67	1366.70	723.83	4.0263	4.1955
847466566131	1406.31	708.55	1365.12	718.74	4.0016	4.1616
847466574464	1404.06	705.28	1365.35	723.29	3.9811	4.1552
847466582798	1403.55	706.25	1370.35	720.62	3.9488	4.1592
847466591131	1414.27	706.11	1365.14	719.38	3.9725	4.1497
847466599464	1414.23	706.42	1370.78	727.78	3.9515	4.1526
847466607798	1413.63	717.95	1369.36	725.78	3.9582	4.1108
847466616130	1413.90	704.89	1372.10	729.54	3.8927	4.1091
847466624463	1406.28	700.95	1366.84	729.72	3.8770	4.0953
847466632797	1413.17	703.19	1370.94	725.77	3.8660	4.0959
847466641129	1415.50	697.60	1374.37	719.46	3.8492	4.0606
847466649463	1437.44	660.25	1408.07	696.40	3.8565	4.0666
847466657797	1456.65	658.20	1419.12	657.04	3.8344	4.0247
847466666130	1475.43	630.51	1437.75	629.89	3.8204	3.9809
847466674463	1474.99	607.43	1431.74	612.82	3.7943	3.9886
847466682796	1469.51	620.23	1433.76	593.66	3.8019	3.9217
847466691135	1475.15	635.01	1432.28	612.94	3.7917	3.9141
847466699468	1469.68	626.91	1429.01	627.95	3.7915	3.9497
847466707802	1470.88	594.59	1430.17	619.61	3.6816	3.9230
847466716143	1466.79	627.20	1439.46	605.09	3.7371	3.9094
847466724468	1473.32	597.64	1437.33	611.02	3.6643	3.8839
847466732801	1469.59	605.33	1434.46	617.68	3.6629	3.8834
847466741135	1487.74	565.45	1457.58	594.85	3.6439	3.9003
847466749468	1516.08	534.75	1482.16	560.03	3.6525	3.9046
847466757801	1523.74	536.94	1482.61	545.44	3.6468	3.8893
847466766133	1515.21	546.90	1473.15	544.57	3.6335	3.8537
847466774467	1517.59	545.97	1475.41	556.20	3.6288	3.8524
847466782809	1517.37	543.70	1481.11	548.53	3.6207	3.8676
847466791142	1514.46	542.60	1475.51	556.35	3.6072	3.8489
847466799476	1517.50	546.73	1475.17	540.13	3.5854	3.8158
847466807809	1520.77	540.27	1482.11	544.75	3.5774	3.8094
847466816142	1515.54	539.97	1483.65	543.92	3.5782	3.8057
847466824481	1511.67	534.37	1483.82	546.95	3.5771	3.7894
847466832814	1507.57	534.02	1484.88	549.03	3.5448	3.7914
847466841146	1512.76	533.99	1483.58	558.24	3.5495	3.7966
847466849479	1512.32	542.74	1479.61	552.30	3.5519	3.7803
847466857804	1516.35	543.31	1477.22	560.14	3.5551	3.8004
847466866138	1510.57	538.33	1478.23	552.22	3.5460	3.7686
847466874471	1506.07	540.18	1477.72	562.23	3.5094	3.7686
847466882804	1513.94	538.83	1479.57	557.18	3.5040	3.7753
847466891137	1514.68	533.86	1480.79	556.79	3.5196	3.7640
847466899471	1513.35	533.82	1476.57	556.78	3.5058	3.7652
847466907804	1505.72	534.36	1482.91	550.39	3.4876	3.7571
847466916137	1504.29	538.02	1479.23	557.74	3.4918	3.7378
847466924470	1505.70	545.13	1483.96	548.45	3.4950	3.7044
847466932803	1505.67	536.95	1483.21	548.28	3.4738	3.7117
847466941137	1471.34	523.95	1448.86	555.39	3.4673	3.7285
847466949470	1343.50	527.74	1331.23	541.49	3.4488	3.7191
847466957809	1246.33	512.63	1241.84	525.69	3.4402	3.6939
847466966142	1162.58	510.56	1147.82	514.30	3.4452	3.7107
847466974483	1157.25	482.62	1147.36	508.34	3.4048	3.6873
847466982808	1175.72	483.99	1155.40	507.09	3.3950	3.6815
847466991141	1157.48	485.46	1146.50	519.57	3.3865	3.6882
847466999474	1161.76	489.77	1149.71	515.68	3.4151	3.6880
847467007807	1162.24	498.45	1146.09	515.26	3.4069	3.6829
847467016140	1171.08	496.36	1137.09	510.70	3.3928	3.6766
847467024474	1168.26	495.24	1136.09	505.15	3.3730	3.6584
847467032816	1164.52	500.39	1137.66	515.72	3.3975	3.6665
847467041149	1154.39	499.02	1141.39	508.94	3.3821	3.6463
847467049482	1166.80	493.67	1138.95	506.10	3.3750	3.6531
847467057815	1157.85	491.88	1139.72	507.63	3.3834	3.6308
847467066148	1161.18	494.74	1137.96	510.22	3.3680	3.6396
847467074473	1160.23	490.89	1145.26	519.34	3.3622	3.6361
847467082810	1161.82	485.05	1138.37	509.25	3.3661	3.6267
847467091144	1156.31	494.89	1137.60	515.81	3.3522	3.6336
847467099477	1161.02	493.15	1140.67	510.28	3.3492	3.6314
847467107810	1159.06	497.48	1141.70	506.75	3.3246	3.6084
847467116144	1166.54	492.64	1137.62	511.51	3.3460	3.6114
847467124477	1160.91	488.65	1137.22	511.38	3.3476	3.5993
847467132810	1159.02	491.34	1139.59	505.88	3.3445	3.5902
847467141142	1164.16	490.23	1140.99	503.97	3.3275	3.5973
847467149476	1157.05	492.28	1143.91	504.19	3.3423	3.5964
847467157809	1160.71	491.72	1137.19	503.66	3.3418	3.5924
847467166143	1161.13	492.10	1131.53	494.69	3.3320	3.5793
847467174476	1157.71	491.88	1137.01	511.50	3.3395	3.5963
847467182809	1154.20	487.85	1139.32	513.61	3.3153	3.6052
847467191143	1162.40	483.94	1138.47	516.85	3.3065	3.5872
847467199476	1153.32	488.86	1139.86	507.39	3.3321	3.5950
847467207809	1156.08	494.24	1137.24	510.21	3.3297	3.5847
847467216147	1156.12	491.01	1140.23	504.01	3.3202	3.5683
847467224488	1153.88	490.01	1144.01	506.87	3.3153	3.5821
847467232822	1158.79	493.24	1132.31	509.43	3.3236	3.5773
847467241155	1153.84	493.54	1138.14	507.26	3.3206	3.5712
847467249488	1153.29	488.97	1134.73	503.67	3.3199	3.5668
847467257822	1150.99	490.04	1136.89	503.49	3.3229	3.5692
847467266155	1158.11	487.69	1135.83	515.86	3.3167	3.5662
847467274488	1151.38	494.13	1137.05	512.74	3.3131	3.5733
847467282822	1156.02	486.75	1137.98	514.20	3.3106	3.5741
847467291154	1151.74	502.32	1137.65	508.52	3.3243	3.5889
847467299487	1154.88	498.25	1143.16	509.10	3.3332	3.5705
847467307820	1153.64	494.80	1141.86	506.35	3.3067	3.5666
847467316154	1158.80	493.56	1135.85	511.82	3.3104	3.5709
847467324487	1152.99	496.80	1139.45	511.71	3.3165	3.5648
847467332821	1155.08	496.76	1141.62	506.46	3.3267	3.5612
847467341154	1152.62	504.38	1137.15	508.90	3.3058	3.5569
847467349492	1156.44	502.11	1133.28	505.81	3.3362	3.5587
847467357826	1152.08	500.17	1139.10	510.52	3.3512	3.5522
847467366158	1155.91	501.52	1132.35	515.48	3.3411	3.5622
847467374491	1158.22	497.59	1138.80	503.98	3.3306	3.5605
847467382825	1152.09	493.35	1134.41	516.74	3.3306	3.5854
847467391149	1155.05	484.13	1141.48	514.60	3.3085	3.5732
847467399491	1156.61	493.74	1135.66	513.87	3.2979	3.5638
847467407825	1202.47	538.11	1171.19	561.81	3.2921	3.5498
847467416150	1265.41	660.68	1241.25	680.30	3.2750	3.4832
847467424483	1313.00	799.33	1269.62	801.70	3.3579	3.5568
847467432816	1308.19	864.41	1280.33	874.32	3.3158	3.5412
847467441148	1307.89	867.92	1277.81	869.95	3.3470	3.5327
847467449490	1307.62	829.65	1287.16	848.40	3.3235	3.5477
847467457815	1307.39	869.67	1285.24	868.91	3.3433	3.5090
847467466149	1309.38	870.05	1285.35	878.83	3.3107	3.5488
847467474481	1315.81	873.93	1284.26	873.13	3.3264	3.5129
847467482818	1314.11	863.59	1290.42	877.76	3.3250	3.5421
847467491151	1316.57	854.26	1283.81	874.61	3.2843	3.5290
847467499485	1312.15	866.46	1288.53	874.80	3.3310	3.5260
847467507818	1310.63	860.44	1284.07	872.86	3.3029	3.5293
847467516150	1315.83	866.58	1285.74	867.04	3.3172	3.5306
847467524484	1314.44	871.18	1288.69	866.36	3.3364	3.5502
847467532817	1306.95	861.31	1290.14	866.99	3.2929	3.5179
847467541150	1308.27	862.49	1282.01	872.57	3.2827	3.5316
847467549484	1311.14	860.84	1286.93	865.96	3.2707	3.5201
847467557816	1316.07	859.72	1284.70	863.76	3.2916	3.5282
847467566150	1307.90	856.30	1285.36	878.17	3.3006	3.5396
847467574484	1317.79	867.17	1278.83	866.27	3.3174	3.5158
847467582817	1306.62	868.06	1282.50	871.29	3.3079	3.5121
847467591149	1305.91	853.79	1284.20	870.43	3.2477	3.5193
847467599482	1316.25	861.89	1285.30	869.93	3.2829	3.5327
847467607822	1299.67	865.93	1283.66	864.56	3.2879	3.5233
847467616155	1305.44	863.56	1281.64	867.25	3.2776	3.5114
847467624489	1309.38	863.13	1283.12	866.54	3.2941	3.5110
847467632822	1313.38	867.44	1288.26	869.37	3.2870	3.5219
847467641155	1309.70	867.37	1284.06	872.61	3.3081	3.5228
847467649489	1313.37	868.68	1285.54	867.90	3.3046	3.5142
847467657822	1305.75	870.40	1279.90	867.76	3.2896	3.5067
847467666154	1309.50	868.81	1286.50	867.17	3.2924	3.5025
847467674488	1317.27	867.85	1281.99	866.73	3.2809	3.5076
847467682820	1295.96	858.99	1265.70	858.77	3.2804	3.5099
847467691154	1283.57	843.61	1254.81	843.41	3.2824	3.4930
847467699488	1285.25	845.98	1262.13	855.92	3.2888	3.4989
847467707821	1279.12	846.57	1261.85	847.03	3.2922	3.5096
847467716154	1287.67	845.98	1263.89	842.95	3.2809	3.4797
847467724487	1282.98	843.70	1264.52	844.39	3.3019	3.4831
847467732821	1288.06	844.85	1265.75	850.28	3.2759	3.4935
847467741158	1280.12	838.27	1269.50	852.28	3.2517	3.4965
847467749492	1285.78	841.70	1263.60	845.78	3.2625	3.4884
847467757825	1281.58	848.46	1260.31	854.56	3.2617	3.4976
847467766158	1287.34	852.00	1263.45	848.30	3.2646	3.4763
847467774492	1293.09	845.44	1266.17	853.27	3.2640	3.4936
847467782825	1291.10	837.30	1263.62	846.91	3.2507	3.4687
847467791158	1288.40	848.99	1258.83	846.36	3.2653	3.4919
847467799492	1288.36	848.93	1263.08	847.09	3.2807	3.4842
847467807824	1284.82	841.83	1263.35	843.69	3.2424	3.4772
847467816157	1290.36	847.49	1262.07	854.07	3.2425	3.4800
847467824490	1279.31	843.88	1262.95	845.92	3.2444	3.4944
847467832824	1289.86	846.36	1263.20	847.44	3.2735	3.4842
847467841157	1286.14	843.91	1267.19	845.97	3.2286	3.4712
847467849490	1279.16	840.72	1263.61	857.25	3.2298	3.4897
847467857824	1278.07	851.89	1258.04	849.70	3.2404	3.4886
847467866157	1287.69	850.15	1261.64	850.75	3.2428	3.4781
847467874495	1280.06	844.45	1269.71	849.61	3.2264	3.4809
847467882829	1282.16	843.20	1261.29	849.83	3.2351	3.4753
847467891161	1282.95	841.46	1256.53	849.49	3.2453	3.4880
847467899495	1287.69	845.60	1265.18	847.99	3.2477	3.4752
847467907828	1282.96	847.36	1263.48	849.80	3.2410	3.4767
847467916161	1289.20	851.00	1270.88	847.62	3.2797	3.4692
847467924495	1281.72	851.43	1256.37	846.31	3.2695	3.4622
847467932827	1288.10	841.19	1264.60	850.66	3.2341	3.4885
847467941161	1285.88	847.92	1260.83	851.52	3.2525	3.4676
847467949494	1294.22	851.40	1263.72	845.20	3.2525	3.4697
847467957828	1285.60	848.09	1258.45	840.86	3.2529	3.4537
847467966160	1283.47	842.27	1264.46	850.79	3.2339	3.4726
847467974493	1283.22	846.12	1259.49	848.76	3.2503	3.4474
847467982827	1280.96	847.63	1265.93	841.45	3.2455	3.4481
847467991160	1283.16	844.46	1262.00	850.09	3.2563	3.4712
847467999497	1274.79	837.95	1262.70	853.13	3.2376	3.4735
847468007830	1287.60	845.00	1261.14	846.58	3.2506	3.4668
847468016162	1284.97	859.01	1259.37	852.56	3.2539	3.4653
847468024496	1286.52	853.85	1260.98	844.77	3.2645	3.4684
847468032830	1280.54	850.74	1270.07	849.21	3.2432	3.4532
847468041162	1296.34	845.08	1269.85	849.24	3.2507	3.4595
847468049495	1316.03	871.67	1284.82	876.45	3.2267	3.4615
847468057828	1307.05	864.22	1276.62	866.95	3.2221	3.4481
847468066162	1302.21	864.28	1284.42	865.58	3.2536	3.4716
847468074495	1302.92	865.80	1288.66	865.29	3.2493	3.4411
847468082829	1293.29	858.06	1287.44	862.13	3.2013	3.4326
847468091162	1302.11	866.89	1280.68	864.90	3.2418	3.4337
847468099495	1304.22	866.08	1281.26	861.98	3.2235	3.4238
847468107829	1299.40	866.31	1278.50	867.79	3.2193	3.4354
847468116161	1307.39	861.51	1277.34	861.07	3.2008	3.4298
847468124494	1297.41	865.26	1282.23	860.84	3.2172	3.4366
847468132834	1300.07	867.41	1277.97	870.48	3.2358	3.4460
847468141166	1305.65	863.70	1278.59	868.44	3.2007	3.4291
847468149500	1303.24	855.35	1272.12	864.04	3.1887	3.4270
847468157834	1312.44	868.46	1275.73	860.02	3.2464	3.4322
847468166167	1305.46	877.61	1268.60	876.01	3.2395	3.4519
847468174500	1305.78	865.45	1281.21	864.99	3.1978	3.4268
847468182832	1297.58	872.81	1272.75	859.32	3.2169	3.4179
847468191166	1299.96	861.94	1271.56	869.68	3.2006	3.4420
847468199499	1292.86	845.52	1272.40	830.97	3.2306	3.4173
847468207833	1261.07	729.20	1264.27	739.52	3.1435	3.4027
847468216166	1231.10	646.01	1233.89	664.87	3.1414	3.4028
847468224499	1222.14	592.15	1217.32	605.42	3.1656	3.4393
847468232833	1209.07	565.89	1203.38	569.19	3.2046	3.4392
847468241166	1220.02	555.03	1199.73	564.42	3.2003	3.4393
847468249499	1221.47	563.32	1202.59	578.13	3.1870	3.4605
847468257832	1213.93	559.97	1199.63	559.86	3.2036	3.4566
847468266171	1213.32	557.76	1202.21	566.26	3.2028	3.4379
847468274505	1216.02	563.01	1194.15	561.58	3.2292	3.4533
847468282839	1217.82	561.89	1197.17	564.32	3.1941	3.4406
847468291172	1218.25	563.60	1194.88	564.98	3.2213	3.4461
847468299505	1214.32	559.37	1197.27	560.46	3.2118	3.4301
847468307838	1212.33	570.92	1203.74	560.96	3.2072	3.4502
847468316180	1219.88	566.27	1198.20	570.92	3.2361	3.4382
847468324514	1220.69	556.20	1194.94	565.31	3.2176	3.4440
847468332846	1218.43	555.69	1199.08	564.99	3.2226	3.4601
847468341179	1213.70	553.79	1204.79	567.30	3.2123	3.4398
847468349512	1213.94	551.28	1202.62	562.28	3.1975	3.4485
847468357846	1220.19	548.90	1195.66	557.13	3.1993	3.4532
847468366179	1215.99	553.20	1201.29	555.57	3.2089	3.4481
847468374513	1218.38	560.13	1204.82	557.65	3.2016	3.4484
847468382846	1208.96	555.28	1202.25	565.65	3.2200	3.4531
847468391179	1218.63	558.51	1201.18	567.30	3.2138	3.4627
847468399515	1216.08	556.89	1202.33	580.71	3.2069	3.4787
847468407847	1215.96	568.61	1201.62	558.10	3.2291	3.4738
847468416180	1209.65	564.27	1207.25	565.12	3.2289	3.4607
847468424505	1215.95	564.17	1195.15	558.13	3.2373	3.4487
847468432838	1218.37	560.12	1206.77	564.84	3.2123	3.4498
847468441172	1217.19	561.70	1212.38	563.91	3.2103	3.4730
847468449505	1209.27	549.64	1199.13	558.82	3.2354	3.4588
847468457838	1186.94	516.67	1178.74	520.82	3.2294	3.4787
847468466172	1178.43	512.22	1165.94	519.41	3.2417	3.5000
847468474513	1173.09	515.37	1168.54	513.05	3.2275	3.4899
847468482846	1177.49	510.64	1169.10	526.32	3.2495	3.4795
847468491171	1186.86	517.61	1171.48	525.95	3.2479	3.4831
847468499504	1180.93	518.23	1168.90	519.85	3.2442	3.4816
847468507837	1181.23	523.45	1167.65	515.64	3.2528	3.4927
847468516170	1182.69	512.30	1166.02	518.27	3.2663	3.4749
847468524508	1182.14	526.16	1163.27	520.45	3.2673	3.5048
847468532841	1176.28	528.59	1167.00	517.10	3.2853	3.4935
847468541175	1184.29	519.80	1164.46	515.93	3.2829	3.4743
847468549508	1186.11	521.49	1169.70	525.10	3.2746	3.5038
847468557840	1176.13	521.33	1173.56	515.45	3.2780	3.4799
847468566174	1175.11	518.93	1163.78	520.10	3.2697	3.5066
847468574507	1179.67	513.65	1167.26	513.42	3.2814	3.4904
847468582840	1179.31	517.47	1168.22	513.55	3.2785	3.4879
847468591174	1182.56	515.00	1167.82	514.99	3.2645	3.5006
847468599507	1172.14	520.29	1163.07	517.19	3.2750	3.4976
847468607840	1183.63	521.06	1167.22	518.52	3.2834	3.5040
847468616174	1179.71	524.81	1170.35	515.12	3.2845	3.4890
847468624507	1177.08	515.91	1163.42	514.01	3.2855	3.5040
847468632839	1182.81	515.17	1173.92	516.06	3.2895	3.4913
847468641172	1180.56	522.48	1168.09	522.86	3.3118	3.5087
847468649506	1181.21	520.60	1166.62	518.60	3.2972	3.5110
847468657845	1181.12	516.84	1165.86	520.00	3.2819	3.5039
847468666179	1187.98	511.97	1170.17	527.80	3.2749	3.5272
847468674512	1176.41	518.65	1165.30	523.11	3.3082	3.5421
847468682845	1180.08	521.24	1171.99	520.96	3.3154	3.5254
847468691179	1184.15	520.80	1165.32	519.41	3.3036	3.5027
847468699512	1180.47	517.64	1174.70	516.86	3.2815	3.5266
847468707844	1181.92	523.10	1171.26	526.85	3.3133	3.5214
847468716178	1179.17	520.77	1164.99	523.59	3.2901	3.5345
847468724510	1176.15	516.55	1171.66	520.84	3.3050	3.5423
847468732844	1182.57	511.78	1166.70	522.84	3.3151	3.5285
847468741178	1178.80	514.30	1171.50	523.07	3.3219	3.5615
847468749511	1184.03	515.01	1174.92	514.44	3.2893	3.5415
847468757844	1181.24	517.47	1167.38	515.19	3.3053	3.5385
847468766177	1226.66	559.81	1200.96	573.70	3.2966	3.5440
847468774511	1267.53	658.43	1250.60	668.15	3.2280	3.4642
847468782843	1299.44	750.39	1276.30	748.60	3.3099	3.4999
847468791181	1314.26	806.35	1287.92	811.79	3.3593	3.5312
847468799514	1297.58	833.31	1286.79	834.18	3.3563	3.5193
847468807855	1299.74	795.84	1292.24	801.86	3.3557	3.5258
847468816181	1299.23	821.35	1293.29	819.44	3.3460	3.5179
847468824514	1304.37	828.76	1287.02	824.34	3.3373	3.5120
847468832847	1304.86	820.85	1290.98	825.47	3.3430	3.5256
847468841181	1307.01	821.35	1285.75	822.65	3.3542	3.5276
847468849513	1309.14	816.26	1286.71	818.38	3.3331	3.5389
847468857846	1314.26	823.67	1283.66	813.91	3.3605	3.5323
847468866179	1301.12	823.33	1284.27	820.88	3.3510	3.5383
847468874513	1312.18	820.17	1286.34	822.89	3.3526	3.5322
847468882846	1315.03	826.87	1278.77	818.72	3.3729	3.5361
847468891179	1310.58	821.03	1281.74	832.91	3.3562	3.5503
847468899513	1305.07	819.84	1279.45	823.97	3.3648	3.5490
847468907846	1310.35	823.14	1282.63	818.22	3.3695	3.5255
847468916179	1304.82	825.58	1284.92	820.36	3.3683	3.5428
847468924517	1306.50	823.15	1280.11	823.67	3.3826	3.5410
847468932849	1305.45	817.77	1280.26	825.50	3.3589	3.5637
847468941182	1310.38	826.05	1280.00	817.97	3.3909	3.5480
847468949516	1312.78	825.74	1286.56	825.58	3.3909	3.5494
847468957849	1306.77	823.24	1279.26	823.77	3.3884	3.5651
847468966182	1304.48	815.46	1282.77	815.49	3.3761	3.5657
847468974515	1306.78	824.26	1281.87	820.57	3.4120	3.5442
847468982849	1303.27	823.62	1286.13	824.61	3.3894	3.5832
847468991182	1305.06	833.39	1285.55	816.90	3.3990	3.5656
847468999516	1302.23	827.89	1280.38	822.77	3.4090	3.5731
847469007848	1298.16	827.06	1287.98	828.59	3.4136	3.6058
847469016181	1304.34	823.31	1283.98	823.36	3.4007	3.5941
847469024515	1313.26	828.99	1282.85	826.22	3.4166	3.6046
847469032848	1309.24	832.24	1287.26	822.10	3.4471	3.6034
847469041181	1306.45	828.29	1281.07	832.22	3.4129	3.6178
847469049521	1304.46	828.53	1283.47	818.45	3.4438	3.6048
847469057854	1313.35	821.01	1282.95	819.14	3.4211	3.6103
847469066187	1303.41	823.48	1287.18	824.57	3.4394	3.6181
847469074521	1306.67	832.91	1285.18	823.34	3.4507	3.6158
847469082853	1304.01	833.02	1283.98	812.36	3.4389	3.6224
847469091186	1312.32	833.10	1287.86	824.94	3.4579	3.6183
847469099519	1306.01	832.50	1283.43	827.74	3.4573	3.6343
847469107853	1309.07	833.50	1284.70	821.25	3.4650	3.6418
847469116195	1303.31	825.63	1278.41	827.71	3.4430	3.6438
847469124520	1306.78	836.34	1283.20	818.68	3.4895	3.6359
847469132861	1304.44	839.46	1287.78	821.36	3.4771	3.6540
847469141186	1302.45	837.75	1287.85	821.76	3.4718	3.6304
847469149528	1306.79	817.96	1285.70	801.31	3.4362	3.6085
847469157860	1304.88	828.14	1278.10	818.75	3.4894	3.6538
847469166185	1310.16	828.38	1282.73	816.17	3.4929	3.6545
847469174519	1305.85	830.30	1286.08	822.27	3.4822	3.6485
847469182855	1302.06	823.47	1288.52	817.09	3.4759	3.6484
847469191189	1308.28	828.13	1279.04	817.71	3.4845	3.6483
