t	gaze_point_LX	gaze_point_LY	gaze_point_RX	gaze_point_RY	pupil_diameter_L	pupil_diameter_R
847966627111	1150.82	634.36	1163.83	650.80	3.0541	3.2534
847966635444	1231.20	657.93	1230.01	660.78	3.0479	3.2195
847966643778	1276.54	665.95	1276.38	668.34	3.0581	3.2221
847966652111	1245.76	656.31	1264.99	666.80	3.0500	3.2220
847966660445	1249.15	666.15	1269.30	667.55	3.0507	3.2349
847966668778	1267.10	664.20	1275.71	674.02	3.0345	3.2244
847966677110	1269.39	667.62	1273.15	672.97	3.0526	3.2020
847966685444	1265.80	665.07	1267.38	674.45	3.0555	3.2161
847966693777	1262.01	660.54	1267.72	676.94	3.0505	3.2095
847966702110	1266.79	672.02	1273.55	675.56	3.0489	3.2041
847966710444	1263.35	661.64	1273.10	673.04	3.0374	3.2036
847966718777	1262.66	672.35	1271.42	669.58	3.0418	3.2281
847966727110	1258.56	666.40	1272.41	673.64	3.0567	3.2205
847966735444	1265.40	670.61	1271.52	679.92	3.0572	3.2358
847966743783	1262.54	664.18	1271.27	677.43	3.0735	3.2356
847966752115	1263.50	670.62	1273.68	680.17	3.0592	3.2281
847966760448	1262.71	666.05	1271.83	674.34	3.0704	3.2294
847966768782	1259.72	664.76	1276.15	674.08	3.0476	3.2450
847966777115	1258.62	670.19	1273.14	674.28	3.0439	3.2346
847966785449	1260.89	665.60	1275.08	675.31	3.0569	3.2389
847966793782	1255.30	669.68	1270.23	683.06	3.0843	3.2505
847966802115	1260.55	661.37	1278.47	677.39	3.0695	3.2437
847966810449	1262.58	656.28	1269.10	681.29	3.0736	3.2538
847966818782	1262.53	664.04	1276.21	673.23	3.0596	3.2528
847966827114	1261.15	659.00	1270.89	677.01	3.0674	3.2635
847966835448	1261.05	657.83	1276.01	681.86	3.0751	3.2576
847966843781	1265.35	665.27	1277.75	676.97	3.0742	3.2620
847966852114	1260.74	653.47	1271.69	676.10	3.0825	3.2560
847966860448	1278.28	659.86	1274.23	678.83	3.0882	3.2659
847966868781	1275.73	675.13	1302.21	694.85	3.0918	3.2731
847966877119	1268.05	672.07	1275.48	679.57	3.1075	3.2656
847966885452	1273.02	669.76	1284.74	680.73	3.0892	3.2921
847966893786	1279.69	661.37	1277.90	686.64	3.1041	3.2856
847966902118	1274.35	654.83	1288.74	680.91	3.0732	3.2803
847966910452	1276.44	668.13	1287.12	694.05	3.1362	3.3105
847966918785	1272.59	669.36	1287.42	686.18	3.1150	3.2854
847966927118	1270.64	668.53	1279.84	691.43	3.1190	3.3230
847966935452	1272.62	667.69	1282.59	690.37	3.1197	3.3125
847966943785	1273.83	668.85	1283.69	679.65	3.1212	3.3065
847966952118	1273.98	677.84	1279.92	675.66	3.1324	3.3004
847966960452	1272.14	668.88	1278.81	673.44	3.1307	3.3142
847966968785	1276.43	673.30	1280.12	683.42	3.1837	3.3175
847966977118	1277.95	673.10	1284.74	683.07	3.1590	3.3242
847966985451	1272.70	685.11	1279.69	685.83	3.1801	3.3289
847966993785	1265.97	671.60	1284.90	688.89	3.1584	3.3363
847967002121	1258.96	692.34	1293.74	711.83	3.1230	3.2851
847967010454	1292.49	1236.18	1276.89	889.48	1.8310	3.3691
847967018788	NaN	NaN	NaN	NaN	NaN	NaN
847967027121	NaN	NaN	NaN	NaN	NaN	NaN
847967035455	NaN	NaN	NaN	NaN	NaN	NaN
847967043788	NaN	NaN	NaN	NaN	NaN	NaN
847967052121	NaN	NaN	NaN	NaN	NaN	NaN
847967060454	NaN	NaN	NaN	NaN	NaN	NaN
847967068787	NaN	NaN	NaN	NaN	NaN	NaN
847967077121	NaN	NaN	NaN	NaN	NaN	NaN
847967085454	NaN	NaN	NaN	NaN	NaN	NaN
847967093788	NaN	NaN	NaN	NaN	NaN	NaN
847967102121	NaN	NaN	NaN	NaN	NaN	NaN
847967110455	1263.62	808.55	1272.76	751.66	2.9671	3.3624
847967118787	1264.62	721.39	1282.02	655.39	3.1698	3.3713
847967127120	1266.93	654.60	1275.39	735.56	3.2135	3.3825
847967135456	1270.87	745.95	1284.64	748.59	3.2462	3.4288
847967143790	1267.92	737.68	1288.16	745.96	3.2583	3.4400
847967152123	1265.29	727.54	1297.53	714.42	3.2247	3.3976
847967160456	1277.20	714.84	1289.10	698.74	3.2211	3.3998
847967168790	1271.42	690.81	1284.60	688.09	3.1976	3.3852
847967177123	1270.70	703.03	1288.12	694.85	3.2274	3.4002
847967185456	1278.64	719.50	1289.57	684.40	3.2845	3.4053
847967193789	1276.33	696.92	1285.79	681.05	3.2463	3.3853
847967202122	1283.83	728.74	1297.60	679.87	3.3203	3.4051
847967210455	1275.74	704.72	1291.66	683.49	3.2795	3.4287
847967218789	1281.23	731.71	1289.65	682.72	3.3530	3.4107
847967227122	1277.41	693.16	1286.76	680.80	3.2896	3.4189
847967235455	1274.00	702.64	1292.38	680.22	3.3050	3.4072
847967243789	1279.17	706.88	1291.91	689.92	3.3327	3.4327
847967252122	1280.92	716.54	1295.23	681.10	3.3539	3.4258
847967260455	1284.66	702.78	1290.67	689.70	3.3224	3.4481
847967268794	1279.00	669.21	1290.48	681.66	3.2677	3.4287
847967277128	1285.56	710.85	1291.04	678.30	3.3624	3.4142
847967285461	1280.63	677.73	1293.34	677.15	3.2907	3.4358
847967293794	1278.68	704.16	1293.59	687.08	3.3387	3.4301
847967302128	1277.86	668.80	1292.34	676.91	3.2612	3.4419
847967310461	1278.81	665.90	1292.38	676.86	3.2626	3.4222
847967318795	1278.70	679.64	1291.75	677.69	3.2876	3.4303
847967327127	1282.84	702.29	1292.66	678.66	3.3623	3.4475
847967335461	1284.35	718.35	1288.46	689.08	3.3626	3.4586
847967343793	1281.54	698.48	1290.02	681.09	3.3480	3.4533
847967352127	1285.22	710.32	1290.26	682.66	3.3704	3.4513
847967360460	1285.04	686.24	1292.01	685.74	3.3237	3.4845
847967368793	1281.68	707.94	1295.45	680.43	3.3689	3.4537
847967377127	1275.45	723.26	1285.16	691.00	3.4181	3.4884
847967385460	1280.15	688.21	1292.08	685.86	3.3442	3.4949
847967393794	1283.18	693.64	1292.38	684.00	3.3795	3.4683
847967402132	1286.38	733.95	1292.84	688.04	3.4518	3.4660
847967410465	1282.50	684.01	1288.39	677.71	3.3527	3.4605
847967418798	1271.66	666.31	1287.21	685.27	3.2954	3.4790
847967427131	1282.82	698.84	1294.29	679.51	3.3745	3.4863
847967435464	1275.72	701.59	1287.83	680.57	3.3931	3.4741
847967443798	1278.37	685.16	1288.56	688.28	3.3588	3.4916
847967452130	1284.26	689.50	1295.11	689.92	3.3692	3.4878
847967460464	1284.33	678.28	1296.13	684.76	3.3479	3.4878
847967468798	1279.32	717.30	1291.06	690.85	3.4322	3.4865
847967477130	1279.26	668.52	1297.43	684.03	3.2931	3.4860
847967485464	1277.53	679.71	1287.43	704.14	3.3504	3.5273
847967493797	1279.09	709.02	1295.74	686.84	3.4110	3.4891
847967502130	1278.05	697.41	1293.95	686.63	3.3727	3.4991
847967510463	1282.16	712.04	1294.80	682.42	3.4061	3.4877
847967518796	1282.35	711.41	1299.35	690.88	3.4420	3.5140
847967527134	1287.08	718.42	1293.48	679.43	3.4457	3.5039
847967535467	1281.70	705.26	1294.94	692.25	3.4274	3.5121
847967543800	1287.82	706.11	1291.54	702.66	3.4270	3.5292
847967552133	1280.96	682.83	1299.47	695.44	3.3849	3.5425
847967560467	1286.74	699.84	1295.96	698.35	3.4213	3.5246
847967568800	1281.62	706.69	1292.62	712.85	3.4176	3.5481
847967577133	1284.93	689.55	1295.56	712.53	3.3820	3.5766
847967585466	1282.61	704.00	1299.49	686.19	3.4075	3.5157
847967593799	1282.26	697.37	1294.01	708.50	3.4247	3.5741
847967602133	1284.10	695.89	1294.74	700.04	3.3936	3.5655
847967610466	1284.52	676.83	1295.32	704.80	3.3590	3.5662
847967618799	1283.87	716.09	1298.19	690.90	3.4379	3.5477
847967627132	1281.65	718.10	1297.39	690.16	3.4638	3.5348
847967635466	1288.32	709.94	1298.11	708.87	3.4406	3.5794
847967643799	1281.48	735.40	1297.14	693.98	3.4801	3.5660
847967652133	1285.34	719.92	1297.79	718.51	3.4474	3.6013
847967660470	1282.98	715.04	1294.40	691.02	3.4595	3.5412
847967668803	1285.63	715.89	1296.14	716.45	3.4591	3.6138
847967677137	1285.36	735.29	1289.80	713.62	3.5107	3.5893
847967685470	1288.66	713.21	1294.22	699.74	3.4587	3.5916
847967693803	1283.22	715.01	1289.44	706.95	3.4619	3.6228
847967702136	1283.64	711.34	1294.38	694.22	3.4719	3.5728
847967710470	1283.32	720.12	1297.12	698.53	3.4923	3.5844
847967718803	1279.30	704.28	1295.53	706.01	3.4468	3.6066
847967727137	1281.21	714.34	1289.67	707.42	3.4736	3.6136
847967735470	1276.41	703.95	1298.64	704.65	3.4689	3.5896
847967743802	1276.50	684.88	1291.91	707.03	3.4262	3.6022
847967752136	1277.37	720.41	1287.56	699.96	3.4840	3.6243
847967760469	1277.09	699.04	1292.54	712.55	3.4411	3.6303
847967768802	1278.82	713.78	1297.42	726.40	3.4713	3.6563
847967777135	1279.14	706.86	1291.16	704.93	3.4514	3.6429
847967785469	1279.74	710.12	1295.72	726.41	3.4836	3.6772
847967793807	1279.01	713.55	1292.09	703.71	3.4964	3.6465
847967802141	1277.62	704.34	1293.16	706.98	3.4731	3.6333
847967810473	1275.24	713.00	1290.33	713.51	3.4953	3.6411
847967818806	1279.57	701.36	1292.30	675.75	3.4526	3.5741
847967827139	1274.44	716.87	1294.82	723.40	3.5034	3.6841
847967835472	1279.36	726.16	1295.13	714.94	3.5326	3.6709
847967843806	1279.94	714.96	1293.77	699.48	3.4940	3.6304
847967852140	1284.58	718.60	1291.10	710.27	3.4925	3.6778
847967860473	1282.77	721.43	1292.36	721.54	3.4989	3.6888
847967868806	1278.06	700.18	1291.23	723.55	3.4712	3.6886
847967877140	1287.19	717.17	1290.53	719.36	3.5157	3.6843
847967885472	1277.92	707.89	1294.99	712.95	3.4993	3.6641
847967893805	1282.30	707.62	1296.87	705.46	3.4793	3.6395
847967902138	1285.88	705.79	1295.64	717.63	3.4614	3.6853
847967910472	1281.78	707.93	1294.18	711.30	3.4952	3.6718
847967918810	1285.33	708.24	1297.03	713.38	3.4746	3.6808
847967927152	1283.94	696.73	1295.50	712.85	3.4637	3.7023
847967935477	1277.18	704.05	1298.32	721.60	3.4831	3.6848
847967943819	1285.89	713.29	1294.66	727.22	3.4841	3.7081
847967952144	1273.91	711.31	1292.30	721.15	3.4966	3.6862
847967960477	1285.03	709.87	1290.30	721.82	3.5091	3.7062
847967968809	1285.28	714.74	1294.23	726.37	3.5111	3.7298
847967977143	1283.02	717.73	1295.24	720.65	3.5030	3.7038
847967985476	1285.97	712.30	1291.84	702.15	3.4937	3.6684
847967993809	1282.84	693.49	1284.78	710.19	3.4479	3.6942
847968002143	1285.32	707.50	1287.45	720.57	3.5000	3.7210
847968010475	1284.66	724.87	1291.95	721.74	3.5218	3.7186
847968018809	1293.63	703.53	1291.71	728.02	3.4784	3.7119
847968027143	1281.33	708.71	1287.72	723.92	3.4800	3.7207
847968035476	1280.71	696.86	1287.71	731.22	3.4625	3.7584
847968043808	1285.98	714.59	1287.88	702.62	3.5080	3.6845
847968052155	1290.48	698.81	1292.22	713.81	3.4814	3.7079
847968060488	1280.60	721.02	1286.93	718.37	3.5186	3.7377
847968068813	1285.48	726.70	1289.09	712.33	3.5394	3.7022
847968077146	1285.45	722.54	1284.71	724.37	3.5363	3.7401
847968085488	1283.32	731.19	1289.02	721.80	3.5410	3.7361
847968093813	1283.20	715.80	1284.01	716.92	3.5090	3.7375
847968102146	1283.36	715.42	1289.54	722.88	3.5272	3.7335
847968110480	1281.73	719.29	1293.62	713.05	3.5235	3.7292
847968118812	1287.43	722.91	1287.00	715.17	3.5503	3.7230
847968127145	1285.57	710.99	1290.44	722.05	3.5240	3.7431
847968135478	1278.60	709.77	1286.23	740.28	3.5111	3.7737
847968143812	1283.70	720.93	1292.07	715.51	3.5394	3.7220
847968152145	1279.32	711.01	1285.50	716.98	3.5144	3.7438
847968160487	1276.10	711.29	1283.95	723.25	3.5338	3.7289
847968168812	1283.63	708.97	1291.28	715.28	3.5395	3.7620
847968177153	1351.07	770.57	1321.26	798.95	3.5640	3.7859
847968185491	1385.87	892.98	1355.07	887.01	3.5838	3.8116
847968193815	1380.67	911.45	1347.63	899.82	3.5896	3.7803
847968202148	1362.23	902.32	1346.35	917.92	3.5638	3.7983
847968210482	1352.94	859.11	1354.40	885.20	3.5480	3.7762
847968218815	1364.23	890.84	1345.83	910.14	3.5513	3.7627
847968227148	1366.96	895.45	1355.91	898.01	3.5733	3.7730
847968235482	1361.63	886.74	1353.13	904.11	3.5390	3.7764
847968243815	1364.57	880.00	1362.32	902.00	3.5233	3.7637
847968252148	1357.00	879.86	1356.05	902.50	3.5156	3.7683
847968260481	1357.31	885.21	1351.41	895.53	3.5154	3.7435
847968268814	1362.98	886.85	1355.81	903.06	3.4862	3.7623
847968277147	1358.28	881.58	1349.82	890.73	3.4794	3.7169
847968285480	1361.08	888.84	1352.32	897.71	3.4904	3.7413
847968293814	1350.79	888.89	1352.19	890.87	3.4691	3.7098
847968302147	1358.39	894.82	1361.50	897.56	3.4842	3.7211
847968310481	1362.28	884.21	1359.53	901.65	3.4467	3.6972
847968318818	1363.40	883.55	1351.60	903.00	3.4409	3.6998
847968327151	1364.24	875.54	1355.07	898.37	3.4350	3.6927
847968335485	1359.52	881.20	1352.25	901.07	3.4500	3.6948
847968343816	1360.07	884.35	1351.35	901.00	3.4109	3.6696
847968352150	1366.00	885.85	1355.62	904.42	3.4297	3.6696
847968360484	1358.11	886.35	1352.83	896.00	3.4154	3.6420
847968368816	1364.71	880.14	1353.80	898.67	3.3874	3.6187
847968377150	1359.61	880.75	1350.49	900.46	3.3618	3.6356
847968385484	1351.99	878.46	1351.28	899.80	3.3562	3.6161
847968393817	1358.05	875.90	1354.35	902.42	3.3332	3.6307
847968402150	1357.62	886.72	1349.59	900.95	3.3473	3.5767
847968410483	1360.55	883.42	1354.65	907.01	3.3510	3.5955
847968418817	1356.99	880.64	1347.57	905.63	3.3228	3.5804
847968427149	1353.79	879.55	1352.25	903.12	3.3152	3.5584
847968435483	1355.10	878.11	1348.65	898.15	3.3330	3.5576
847968443821	1359.12	893.68	1351.58	892.03	3.3297	3.5351
847968452154	1356.88	876.99	1348.95	893.06	3.3065	3.5311
847968460487	1354.13	881.95	1353.61	899.96	3.3153	3.5269
847968468821	1353.37	882.89	1353.20	907.58	3.2954	3.5384
847968477154	1355.51	883.57	1347.19	895.01	3.3044	3.5164
847968485488	1364.39	887.89	1355.05	891.33	3.3339	3.5210
847968493820	1361.87	878.12	1359.35	898.48	3.2979	3.5033
847968502153	1429.55	810.24	1440.50	831.22	3.2944	3.5306
847968510487	1487.87	765.75	1496.01	743.60	3.2964	3.4711
847968518820	1538.50	720.30	1550.34	711.59	3.2894	3.4582
847968527162	1550.18	688.12	1572.85	685.06	3.2574	3.4534
847968535486	1552.94	701.06	1561.97	692.63	3.2742	3.4369
847968543828	1555.08	698.33	1562.83	695.31	3.2369	3.4495
847968552153	1563.43	695.47	1557.73	696.09	3.2375	3.4545
847968560487	1559.60	692.42	1561.83	691.93	3.2642	3.4722
847968568820	1562.38	701.26	1555.18	698.08	3.2783	3.4475
847968577156	1559.09	695.96	1562.25	692.58	3.2466	3.4340
847968585490	1563.95	699.11	1559.78	693.53	3.2511	3.4340
847968593823	1563.75	699.68	1561.48	685.68	3.2595	3.4205
847968602156	1558.84	689.06	1557.82	687.91	3.2257	3.4279
847968610489	1566.10	693.91	1562.38	694.06	3.2326	3.4292
847968618822	1558.59	683.05	1559.92	695.66	3.2190	3.4100
847968627156	1561.90	676.51	1560.38	692.07	3.2157	3.4295
847968635489	1556.27	681.14	1556.01	695.28	3.2193	3.4199
847968643824	1560.05	690.64	1567.26	696.86	3.2420	3.4458
847968652156	1564.34	689.79	1556.02	698.54	3.2312	3.4374
847968660489	1555.22	685.31	1562.95	685.81	3.2427	3.4303
847968668823	1558.97	681.67	1557.50	691.20	3.2410	3.4314
847968677156	1558.93	672.73	1559.60	685.96	3.2162	3.4192
847968685490	1554.82	679.88	1558.05	687.11	3.2275	3.3898
847968693823	1561.48	690.47	1560.84	688.46	3.2506	3.4197
847968702156	1551.28	685.97	1557.63	686.27	3.2205	3.4161
847968710494	1467.96	722.23	1476.89	681.66	3.3076	3.4610
847968718828	1344.84	679.97	1362.67	663.14	3.2714	3.4445
847968727160	1255.07	635.84	1277.00	646.52	3.2083	3.4274
847968735493	1189.54	613.58	1188.28	631.40	3.1875	3.4666
847968743826	1182.44	601.31	1197.04	637.35	3.1842	3.4644
847968752160	1196.48	609.15	1204.45	643.55	3.2007	3.4547
847968760493	1185.32	604.94	1197.85	633.44	3.1757	3.4571
847968768835	1181.98	607.57	1195.60	629.01	3.1992	3.4363
847968777169	1191.15	617.87	1194.01	629.50	3.2087	3.4491
847968785501	1198.56	615.83	1200.15	635.00	3.2157	3.4639
847968793835	1195.09	610.94	1190.41	632.82	3.2329	3.4615
847968802159	1194.04	608.78	1193.99	628.94	3.1909	3.4465
847968810501	1190.80	616.82	1188.97	631.07	3.2109	3.4427
847968818834	1190.55	615.72	1194.83	631.35	3.2071	3.4536
847968827167	1190.20	617.75	1198.73	637.98	3.2076	3.4624
847968835501	1191.52	613.03	1190.97	633.15	3.2199	3.4559
847968843831	1194.15	613.54	1190.96	634.62	3.2052	3.4641
847968852164	1189.70	615.46	1188.82	632.77	3.2125	3.4468
847968860497	1193.07	619.49	1189.57	630.66	3.2097	3.4552
847968868830	1193.34	618.12	1194.42	632.48	3.2199	3.4733
847968877163	1189.60	617.83	1194.22	637.00	3.2391	3.4815
847968885496	1195.39	614.05	1193.55	629.51	3.2356	3.4687
847968893830	1194.05	612.44	1195.78	640.34	3.2212	3.4793
847968902163	1191.57	612.90	1189.91	634.55	3.2162	3.4830
847968910496	1191.17	615.78	1196.77	629.55	3.2422	3.4864
847968918838	1193.74	612.41	1192.96	629.70	3.2379	3.4866
847968927163	1192.86	614.25	1190.32	629.77	3.2286	3.4847
847968935505	1191.07	613.46	1187.24	631.17	3.2360	3.4947
847968943838	1191.33	615.13	1192.45	631.46	3.2328	3.4886
847968952170	1190.95	607.15	1190.69	633.76	3.2321	3.4996
847968960504	1197.64	615.75	1194.97	637.50	3.2585	3.5006
847968968842	1193.75	619.56	1191.60	634.23	3.2402	3.5072
847968977175	1189.77	612.80	1194.62	634.92	3.2516	3.4965
847968985509	1193.46	616.86	1188.95	632.93	3.2536	3.5049
847968993833	1191.51	617.30	1195.80	642.20	3.2482	3.5137
847969002175	1194.16	615.93	1192.49	629.44	3.2531	3.5019
847969010500	1187.89	614.10	1196.55	633.96	3.2444	3.5029
847969018834	1165.08	606.12	1177.49	616.13	3.2569	3.4954
847969027166	1094.13	576.99	1119.99	565.21	3.2760	3.5281
847969035499	1080.15	536.68	1089.54	541.94	3.2688	3.5588
847969043833	1058.48	519.19	1072.13	536.33	3.3025	3.5613
847969052166	1057.27	506.54	1073.57	513.45	3.2804	3.5517
847969060499	1068.03	516.93	1081.52	537.98	3.2976	3.5774
847969068833	1067.18	526.38	1072.85	527.56	3.3094	3.5585
847969077165	1057.25	521.12	1079.87	529.24	3.2966	3.5903
847969085508	1058.21	518.23	1079.81	532.30	3.2933	3.5592
847969093841	1056.37	519.05	1072.05	528.03	3.2793	3.5791
847969102178	1065.49	519.90	1077.29	529.53	3.3114	3.5703
847969110511	1059.93	520.23	1068.68	531.27	3.3176	3.5742
847969118835	1061.91	515.56	1073.34	528.70	3.2932	3.5880
847969127177	1061.41	521.28	1076.06	520.95	3.3035	3.5741
847969135511	1058.26	521.51	1076.00	526.78	3.3174	3.5909
847969143844	1059.07	519.25	1075.27	518.31	3.3167	3.5924
847969152169	1061.22	518.05	1075.94	523.49	3.3368	3.5795
847969160510	1055.66	520.29	1073.18	524.61	3.3160	3.5762
847969168844	1056.08	519.00	1071.17	520.52	3.3283	3.5946
847969177177	1053.37	523.24	1071.38	520.79	3.3255	3.5643
847969185510	1054.56	519.51	1078.93	531.56	3.3339	3.5974
847969193843	1055.96	522.01	1076.78	528.94	3.3160	3.5823
847969202168	1056.00	522.82	1075.05	526.49	3.3477	3.6013
847969210510	1049.90	517.96	1068.58	525.39	3.3299	3.5921
847969218843	1059.20	518.82	1079.47	532.62	3.3373	3.6034
847969227168	1057.16	514.20	1070.21	529.51	3.3532	3.5965
847969235515	1058.30	515.51	1070.82	524.15	3.3340	3.5952
847969243848	1052.53	517.00	1073.58	526.14	3.3417	3.6003
847969252181	1061.34	518.69	1079.19	528.32	3.3403	3.5971
847969260505	1059.63	510.44	1078.66	530.18	3.3520	3.6079
847969268838	1060.37	517.06	1073.01	528.19	3.3530	3.6149
847969277171	1055.94	504.35	1074.99	525.96	3.3570	3.6141
847969285505	1054.99	513.91	1076.78	528.75	3.3499	3.6082
847969293838	1086.15	546.09	1100.72	544.65	3.3748	3.5901
847969302172	1174.92	619.72	1180.99	639.99	3.3309	3.5567
847969310505	1232.72	692.15	1227.13	726.95	3.3512	3.5769
847969318838	1267.88	785.39	1266.31	787.33	3.4192	3.5981
847969327180	1278.43	812.70	1278.81	802.96	3.4268	3.5992
847969335504	1278.46	785.15	1272.84	795.75	3.4253	3.6102
847969343837	1261.64	786.63	1279.97	781.16	3.4109	3.5877
847969352170	1272.10	805.23	1275.43	802.40	3.4113	3.5973
847969360509	1275.87	807.10	1278.24	794.30	3.4168	3.5737
847969368842	1280.13	807.22	1276.68	799.85	3.4371	3.5772
847969377176	1278.20	792.72	1277.28	796.98	3.4090	3.5853
847969385509	1275.62	806.29	1274.61	798.89	3.4198	3.5850
847969393842	1276.98	803.14	1278.25	797.27	3.4460	3.5826
847969402175	1277.13	801.72	1274.71	798.24	3.4226	3.5864
847969410507	1271.30	798.05	1275.09	796.52	3.4223	3.5808
847969418841	1272.98	786.20	1277.46	797.30	3.4001	3.5804
847969427175	1276.34	794.23	1280.70	800.75	3.4265	3.6006
847969435507	1280.46	794.56	1283.19	802.25	3.4153	3.6084
847969443841	1277.62	801.26	1282.74	793.30	3.4440	3.5722
847969452174	1276.50	797.06	1280.97	799.30	3.4250	3.5838
847969460508	1276.50	796.91	1277.77	798.40	3.4216	3.6055
847969468841	1276.83	802.61	1282.00	805.13	3.4581	3.6007
847969477174	1276.88	795.56	1277.54	803.59	3.4373	3.6076
847969485506	1283.10	799.18	1276.11	794.78	3.4355	3.5860
847969493845	1274.74	800.83	1277.18	795.95	3.4322	3.6130
847969502179	1274.02	798.34	1289.10	796.42	3.4305	3.5981
847969510512	1281.20	795.94	1278.10	801.54	3.4339	3.6252
847969518845	1273.84	804.80	1283.29	795.97	3.4427	3.5945
847969527178	1270.38	808.99	1276.25	815.12	3.4378	3.6018
847969535511	1272.33	872.53	1267.85	871.98	3.4381	3.6008
847969543845	1265.96	888.46	1267.77	885.30	3.4431	3.6100
847969552178	1267.58	860.59	1274.73	862.96	3.4359	3.5930
847969560510	1267.43	863.05	1275.88	867.53	3.4512	3.6016
847969568844	1270.03	874.33	1268.79	870.34	3.4482	3.6152
847969577177	1267.91	868.51	1265.14	872.56	3.4598	3.6154
847969585511	1268.94	860.69	1271.07	864.27	3.4595	3.6047
847969593844	1270.46	868.44	1272.16	865.19	3.4599	3.6064
847969602177	1268.42	860.22	1268.38	865.86	3.4512	3.6078
847969610510	1271.86	859.41	1267.91	861.67	3.4548	3.6079
847969618844	1266.07	869.42	1270.12	864.67	3.4810	3.6205
847969627182	1267.39	870.54	1271.78	866.06	3.4762	3.6384
847969635514	1265.48	863.69	1261.72	861.87	3.4582	3.6196
847969643847	1269.14	874.79	1267.69	863.91	3.4883	3.5940
847969652180	1265.51	861.55	1267.81	869.40	3.4530	3.6362
847969660514	1272.56	874.57	1268.60	873.57	3.4680	3.6440
847969668847	1271.15	868.74	1265.32	865.81	3.4742	3.6305
847969677180	1267.01	869.76	1260.42	862.83	3.4856	3.6272
847969685513	1267.51	868.62	1263.19	866.35	3.4896	3.6340
847969693847	1273.09	864.09	1264.17	866.28	3.4774	3.6419
847969702180	1266.93	870.61	1266.55	866.24	3.4671	3.6451
847969710513	1270.84	861.43	1260.34	866.81	3.4648	3.6315
847969718846	1269.42	858.38	1263.30	863.57	3.4805	3.6315
847969727179	1266.92	866.67	1266.06	866.56	3.4729	3.6551
847969735512	1270.13	868.33	1268.33	870.28	3.4917	3.6522
847969743846	1267.96	866.91	1263.25	866.23	3.4760	3.6384
847969752179	1268.46	858.90	1267.41	865.33	3.4849	3.6725
847969760516	1270.27	864.35	1265.10	859.96	3.4948	3.6319
847969768850	1270.56	867.69	1261.17	865.74	3.4962	3.6406
847969777183	1268.45	873.26	1263.57	864.51	3.5037	3.6465
847969785517	1266.89	865.99	1266.59	866.19	3.4944	3.6739
847969793849	1264.20	863.50	1264.51	861.10	3.4817	3.6546
847969802182	1273.77	862.30	1262.92	869.40	3.5168	3.6517
847969810515	1269.11	863.32	1264.43	864.72	3.4969	3.6470
847969818849	1273.21	871.06	1266.14	870.23	3.5084	3.6473
847969827182	1269.49	869.60	1262.15	868.76	3.5210	3.6575
847969835515	1271.36	869.07	1265.98	865.73	3.4964	3.6490
847969843849	1272.43	859.87	1262.49	862.78	3.4918	3.6588
847969852182	1265.14	876.73	1264.05	869.55	3.5152	3.6616
847969860516	1269.66	869.98	1268.53	861.95	3.5076	3.6641
847969868848	1269.08	867.70	1260.43	863.53	3.5105	3.6620
847969877181	1266.52	875.78	1265.75	858.13	3.5297	3.6491
847969885519	1270.72	860.34	1264.75	862.91	3.4897	3.6620
847969893853	1260.37	867.97	1267.23	866.48	3.4928	3.6559
847969902186	1266.42	864.88	1258.24	868.49	3.5045	3.6477
847969910519	1268.27	867.27	1263.17	869.05	3.5111	3.6331
847969918853	1267.12	864.04	1260.02	862.41	3.4968	3.6317
847969927186	1270.38	864.30	1265.44	861.65	3.5074	3.6306
847969935519	1269.67	868.05	1263.18	863.52	3.5199	3.6410
847969943852	1265.88	870.54	1263.85	870.03	3.5133	3.6394
847969952185	1269.69	868.41	1268.69	864.01	3.5194	3.6488
847969960518	1264.15	868.54	1269.96	864.56	3.5159	3.6396
847969968851	1275.40	862.63	1261.43	860.03	3.5186	3.6414
847969977185	1267.86	865.61	1266.71	862.95	3.4868	3.6497
847969985519	1271.56	865.38	1265.13	864.48	3.5036	3.6372
847969993852	1262.06	867.85	1267.00	865.86	3.5201	3.6266
847970002185	1266.65	871.84	1267.93	866.98	3.5217	3.6447
847970010518	1274.95	852.86	1262.92	863.98	3.5015	3.6361
847970018855	1262.22	859.28	1264.82	862.99	3.4878	3.6441
847970027189	1262.76	870.98	1270.41	870.84	3.4945	3.6274
847970035522	1261.45	864.32	1271.16	864.78	3.5081	3.6445
847970043856	1266.25	866.35	1266.52	863.78	3.4710	3.6358
847970052189	1265.90	866.21	1268.47	864.77	3.5044	3.6143
847970060522	1268.47	857.52	1272.29	873.54	3.4803	3.6284
847970068856	1261.86	861.75	1258.18	859.84	3.4862	3.6212
847970077189	1264.09	865.60	1268.71	866.38	3.4896	3.6286
847970085522	1268.92	864.24	1265.35	861.24	3.4926	3.5976
847970093854	1261.05	865.91	1265.83	865.11	3.4861	3.6134
847970102188	1266.17	867.15	1269.98	865.01	3.4725	3.6179
847970110521	1267.81	865.25	1265.08	865.08	3.4787	3.6102
847970118855	1266.14	863.34	1268.12	866.71	3.4772	3.6136
847970127188	1266.79	869.46	1267.72	864.11	3.4879	3.6199
847970135521	1262.76	867.07	1268.82	863.47	3.4861	3.6194
847970143854	1268.61	866.29	1267.90	867.35	3.5011	3.6249
847970152193	1268.08	863.84	1269.79	859.15	3.4834	3.6110
847970160526	1263.65	861.74	1263.29	865.98	3.4862	3.6253
847970168858	1267.27	862.21	1264.54	858.50	3.4747	3.6128
847970177192	1263.31	860.33	1268.88	870.13	3.4971	3.6215
847970185525	1270.30	864.64	1265.54	868.24	3.4789	3.6448
847970193858	1268.62	867.47	1266.02	861.88	3.5022	3.6158
847970202200	1258.82	863.62	1267.11	864.21	3.4861	3.6142
847970210525	1268.82	865.37	1272.00	862.24	3.4894	3.6189
847970218858	1260.79	867.53	1267.62	872.32	3.4831	3.6332
847970227192	1267.73	859.88	1268.26	860.64	3.4658	3.5937
847970235525	1259.33	858.56	1267.80	866.63	3.4560	3.6037
847970243858	1263.22	864.70	1269.05	865.97	3.4875	3.6045
847970252191	1265.82	870.25	1269.43	860.65	3.5019	3.5992
847970260524	1265.34	867.70	1273.83	860.92	3.4821	3.6058
847970268857	1259.98	864.15	1266.54	865.74	3.4677	3.6009
847970277191	1269.33	864.86	1269.51	859.60	3.4716	3.6074
847970285530	1265.48	864.42	1268.76	863.04	3.4758	3.5770
847970293862	1260.99	866.72	1269.63	864.48	3.4824	3.5928
847970302196	1263.37	867.13	1274.25	857.75	3.4770	3.5927
847970310529	1259.05	867.47	1271.73	862.13	3.4733	3.5946
847970318861	1264.30	864.45	1272.03	861.62	3.4778	3.5886
847970327195	1254.40	862.65	1270.24	870.38	3.4643	3.5927
847970335528	1259.37	868.38	1268.48	861.24	3.4818	3.5782
847970343861	1263.39	860.75	1266.50	859.40	3.4747	3.5877
847970352195	1261.95	860.92	1270.72	861.66	3.4638	3.5907
847970360528	1268.31	872.73	1273.02	860.35	3.4710	3.5882
847970368862	1268.44	865.11	1267.50	861.03	3.4790	3.5872
847970377195	1260.35	874.08	1269.42	863.45	3.4544	3.5807
847970385528	1260.11	868.92	1263.45	864.93	3.4509	3.5775
847970393860	1265.19	856.12	1266.40	860.61	3.4407	3.5859
847970402194	1262.24	859.98	1270.31	863.06	3.4262	3.5588
847970410532	1269.34	863.78	1267.26	860.17	3.4402	3.5624
847970418865	1265.37	863.57	1265.47	862.56	3.4336	3.5629
847970427199	1265.90	868.16	1268.67	870.29	3.4328	3.5770
847970435532	1264.04	851.85	1268.60	859.39	3.4131	3.5797
847970443865	1215.80	814.29	1220.18	811.57	3.4364	3.5730
847970452199	1200.06	776.71	1206.97	786.33	3.4219	3.5759
847970460532	1196.06	745.22	1208.08	749.01	3.4070	3.5426
847970468865	1197.75	737.85	1204.88	744.53	3.3952	3.5351
847970477198	1202.42	756.75	1209.69	771.83	3.4097	3.5724
847970485531	1205.26	760.78	1203.96	748.72	3.4199	3.5405
847970493873	1200.69	747.38	1200.62	754.71	3.3952	3.5437
847970502197	1201.92	759.83	1201.03	755.70	3.4112	3.5383
847970510531	1206.48	759.41	1204.17	746.98	3.3949	3.5226
847970518873	1199.75	755.51	1199.09	745.30	3.4052	3.5099
847970527197	1203.30	752.83	1201.10	750.78	3.4029	3.5269
847970535531	1198.69	746.71	1202.85	749.29	3.3706	3.5199
847970543869	1208.75	755.43	1204.11	758.31	3.4187	3.5352
847970552201	1206.14	754.20	1200.64	757.63	3.4041	3.5455
847970560535	1198.58	748.35	1200.30	739.12	3.3847	3.4923
847970568868	1209.13	756.55	1203.01	751.78	3.3887	3.5235
847970577202	1201.32	754.06	1203.21	736.98	3.3783	3.5014
847970585535	1203.61	761.12	1202.26	758.16	3.3946	3.5395
847970593868	1211.28	761.96	1203.28	736.73	3.3961	3.4989
847970602201	1208.93	754.62	1201.05	750.65	3.3913	3.5049
847970610535	1202.30	757.77	1204.28	745.47	3.4054	3.4818
847970618869	1210.06	751.89	1203.14	757.47	3.3960	3.5022
847970627200	1201.60	746.20	1201.43	748.12	3.3583	3.4866
847970635534	1205.50	753.15	1202.65	755.52	3.3791	3.5221
847970643867	1207.59	748.08	1202.71	736.82	3.3565	3.4820
847970652200	1212.74	746.63	1203.61	736.72	3.3649	3.4830
847970660534	1205.77	726.88	1201.53	746.85	3.3244	3.4958
847970668867	1203.67	740.54	1202.39	734.46	3.3560	3.4567
847970677212	1204.03	748.09	1200.66	729.66	3.3851	3.4693
847970685545	1207.40	739.06	1199.78	735.48	3.3399	3.4597
847970693870	1209.66	734.57	1199.21	727.26	3.3357	3.4527
847970702203	1205.62	749.64	1200.50	749.26	3.3860	3.4866
847970710536	1202.75	747.56	1203.65	730.97	3.3670	3.4437
847970718878	1206.62	753.54	1196.56	731.41	3.3533	3.4466
847970727202	1206.51	732.20	1198.73	721.79	3.3193	3.4202
847970735536	1206.02	737.04	1203.96	727.33	3.3398	3.4289
847970743869	1207.53	759.30	1202.17	745.31	3.3758	3.4793
847970752211	1208.55	758.41	1199.99	735.55	3.3913	3.4660
847970760536	1202.91	749.33	1197.91	735.81	3.3671	3.4739
847970768869	1206.43	740.93	1200.03	730.84	3.3521	3.4553
847970777201	1213.42	749.55	1199.54	751.61	3.3590	3.4969
847970785535	1213.97	752.61	1203.43	748.36	3.3589	3.4713
847970793868	1206.71	736.03	1201.32	718.50	3.3394	3.4002
847970802204	1210.26	739.00	1202.44	720.58	3.3465	3.4286
847970810538	1204.52	734.06	1198.97	741.03	3.3300	3.4523
847970818872	1206.55	750.73	1196.37	737.94	3.3604	3.4494
847970827205	1210.23	743.95	1197.71	727.75	3.3281	3.4252
847970835538	1203.36	736.09	1199.47	739.58	3.3253	3.4464
847970843871	1212.19	740.58	1202.47	729.68	3.3282	3.4401
847970852203	1210.89	735.39	1206.00	728.62	3.3273	3.4143
847970860537	1198.85	731.97	1201.89	746.39	3.3028	3.4507
847970868870	1200.19	721.21	1193.58	734.36	3.2800	3.4223
847970877212	1197.95	731.78	1200.75	724.07	3.3344	3.4090
847970885545	1207.52	724.69	1196.56	747.39	3.3043	3.4735
847970893878	1213.28	749.21	1202.51	721.07	3.3505	3.4059
847970902203	1205.55	734.20	1198.44	737.17	3.3183	3.4530
