t	gaze_point_LX	gaze_point_LY	gaze_point_RX	gaze_point_RY	pupil_diameter_L	pupil_diameter_R
1479107024947	1284.27	754.89	1235.20	770.96	3.5931	3.6368
1479107033280	1282.48	754.76	1241.71	765.12	3.5991	3.6327
1479107041613	1283.84	755.98	1237.40	764.09	3.5896	3.6279
1479107049946	1288.08	754.82	1239.30	769.92	3.5925	3.6387
1479107058280	1288.02	758.19	1241.50	771.25	3.5906	3.6407
1479107066613	1281.93	757.35	1246.92	766.97	3.5873	3.6391
1479107074946	1281.26	748.86	1242.20	765.53	3.5826	3.6382
1479107083280	1289.52	756.24	1248.28	757.22	3.5912	3.6343
1479107091613	1289.65	733.39	1279.68	755.29	3.5849	3.6535
1479107099952	1313.78	813.84	1275.70	888.44	3.4808	3.4725
1479107108285	1515.06	1106.62	NaN	NaN	2.8496	NaN
1479107116618	NaN	NaN	NaN	NaN	NaN	NaN
1479107124951	NaN	NaN	NaN	NaN	NaN	NaN
1479107133285	NaN	NaN	NaN	NaN	NaN	NaN
1479107141618	NaN	NaN	NaN	NaN	NaN	NaN
1479107149951	NaN	NaN	NaN	NaN	NaN	NaN
1479107158285	NaN	NaN	NaN	NaN	NaN	NaN
1479107166618	NaN	NaN	NaN	NaN	NaN	NaN
1479107174951	NaN	NaN	NaN	NaN	NaN	NaN
1479107183285	NaN	NaN	NaN	NaN	NaN	NaN
1479107191618	1495.87	1066.45	NaN	NaN	2.8683	NaN
1479107199951	1353.15	1032.74	NaN	NaN	3.3371	NaN
1479107208285	1332.25	905.59	1065.45	841.29	3.3992	2.7151
1479107216618	1322.02	826.66	NaN	NaN	3.4645	NaN
1479107224951	1295.03	774.07	1308.81	794.90	3.5267	3.6019
1479107233289	1295.75	735.26	1290.86	843.19	3.5806	3.5318
1479107241622	1294.34	715.70	1285.80	804.57	3.6297	3.6039
1479107249956	1296.21	708.49	1290.33	761.53	3.6330	3.6486
1479107258289	1291.87	700.87	1288.72	745.42	3.6267	3.6955
1479107266622	1294.20	708.98	1289.25	742.43	3.6216	3.7046
1479107274955	1300.80	712.90	1285.85	736.04	3.6149	3.7033
1479107283289	1305.21	716.17	1279.82	739.83	3.6216	3.7137
1479107291622	1309.76	719.84	1279.74	745.50	3.6238	3.7155
1479107299955	1308.83	714.31	1283.12	753.07	3.6224	3.7030
1479107308289	1306.79	719.90	1278.12	757.00	3.6299	3.7138
1479107316622	1304.99	717.91	1280.84	748.35	3.6403	3.7090
1479107324955	1307.73	721.36	1283.03	749.90	3.6464	3.7108
1479107333289	1303.09	714.94	1282.59	749.02	3.6444	3.7155
1479107341621	1311.01	709.53	1278.53	749.97	3.6477	3.7269
1479107349954	1309.58	716.17	1281.01	736.00	3.6451	3.7151
1479107358292	1313.29	710.59	1284.80	737.09	3.6449	3.7346
1479107366625	1316.92	716.16	1282.86	737.10	3.6638	3.7377
1479107374958	1312.92	713.44	1281.80	735.65	3.6577	3.7292
1479107383292	1311.41	717.22	1284.85	729.40	3.6551	3.7214
1479107391625	1309.33	721.81	1286.23	734.23	3.6660	3.7296
1479107399958	1304.71	719.38	1285.65	735.17	3.6634	3.7325
1479107408292	1302.42	721.26	1284.51	731.32	3.6743	3.7270
1479107416625	1303.55	723.58	1287.46	731.95	3.6855	3.7330
1479107424958	1304.95	718.26	1286.53	739.41	3.6793	3.7495
1479107433291	1309.64	713.09	1284.56	725.98	3.6948	3.7287
1479107441624	1308.84	708.76	1286.90	735.06	3.6877	3.7471
1479107449957	1311.18	715.08	1281.17	730.83	3.7090	3.7359
1479107458291	1308.76	706.39	1281.83	734.20	3.6878	3.7472
1479107466624	1306.54	708.70	1284.38	742.27	3.7049	3.7583
1479107474957	1309.54	714.49	1287.59	735.52	3.7072	3.7590
1479107483291	1304.15	714.25	1287.06	726.57	3.7057	3.7413
1479107491629	1307.05	719.21	1287.83	727.70	3.7099	3.7465
1479107499962	1304.69	721.08	1288.63	723.35	3.7168	3.7431
1479107508296	1304.08	731.84	1289.43	733.59	3.7221	3.7610
1479107516629	1305.31	732.52	1290.32	739.12	3.7173	3.7613
1479107524961	1304.74	734.91	1287.41	739.66	3.7206	3.7639
1479107533295	1306.12	739.92	1288.79	739.73	3.7196	3.7589
1479107541629	1307.82	728.37	1288.54	739.35	3.7147	3.7562
1479107549962	1311.16	733.55	1292.69	745.37	3.7214	3.7631
1479107558295	1302.05	731.62	1287.10	743.37	3.7058	3.7607
1479107566628	1308.13	735.23	1287.31	745.61	3.7284	3.7607
1479107574961	1309.25	730.59	1286.38	747.09	3.7251	3.7614
1479107583295	1306.16	732.91	1290.31	740.17	3.7209	3.7461
1479107591628	1305.18	737.96	1290.33	742.55	3.7419	3.7569
1479107599961	1303.07	736.76	1290.62	742.31	3.7369	3.7610
1479107608294	1301.53	736.95	1292.59	741.23	3.7361	3.7595
1479107616628	1301.69	734.68	1293.75	740.56	3.7338	3.7627
1479107624967	1300.15	734.33	1290.78	741.33	3.7388	3.7524
1479107633300	1298.82	733.39	1295.81	738.64	3.7382	3.7586
1479107641634	1302.20	732.50	1292.40	738.32	3.7493	3.7677
1479107649966	1302.88	731.77	1292.66	741.12	3.7518	3.7673
1479107658299	1298.04	726.67	1295.68	741.71	3.7340	3.7631
1479107666633	1300.96	724.22	1296.85	732.39	3.7395	3.7700
1479107674966	1302.43	727.93	1294.40	740.92	3.7470	3.7813
1479107683299	1307.55	730.22	1294.14	741.52	3.7478	3.7787
1479107691633	1303.65	725.93	1296.01	740.55	3.7473	3.7800
1479107699966	1301.37	729.85	1296.50	743.62	3.7402	3.7862
1479107708299	1303.06	729.55	1296.55	740.87	3.7448	3.7835
1479107716633	1303.65	735.74	1289.24	733.99	3.7547	3.7714
1479107724966	1308.45	736.26	1294.35	733.12	3.7550	3.7703
1479107733298	1299.48	725.96	1293.25	744.69	3.7249	3.7733
1479107741632	1305.59	731.22	1294.35	736.81	3.7434	3.7696
1479107749965	1303.12	730.90	1290.51	736.44	3.7277	3.7540
1479107758303	1300.91	724.35	1292.17	740.60	3.7175	3.7693
1479107766637	1300.75	722.67	1290.19	735.52	3.7105	3.7544
1479107774970	1305.23	724.54	1288.08	738.64	3.7264	3.7517
1479107783303	1302.98	722.96	1290.70	746.95	3.7299	3.7592
1479107791637	1300.64	719.42	1290.69	737.88	3.7097	3.7442
1479107799970	1300.82	710.98	1290.76	753.91	3.7068	3.7544
1479107808303	1298.71	711.17	1289.60	751.87	3.6967	3.7504
1479107816637	1299.58	710.81	1288.86	743.37	3.7083	3.7270
1479107824970	1299.06	714.62	1286.16	754.21	3.6947	3.7320
1479107833303	1298.12	706.24	1284.49	749.93	3.6806	3.7217
1479107841637	1296.83	711.95	1290.00	753.63	3.6765	3.7102
1479107849970	1296.50	714.42	1285.41	747.86	3.6720	3.7038
1479107858303	1298.19	720.70	1290.39	739.57	3.6920	3.6966
1479107866637	1293.40	724.32	1291.45	746.48	3.6772	3.7177
1479107874969	1292.26	730.29	1296.05	737.57	3.6758	3.6973
1479107883306	1290.43	735.03	1299.63	739.59	3.6540	3.6909
1479107891640	1298.54	745.21	1295.94	745.92	3.6706	3.6854
1479107899973	1294.25	749.67	1295.43	748.46	3.6752	3.6823
1479107908306	1298.57	753.27	1293.28	746.56	3.6641	3.6794
1479107916640	1300.11	755.81	1295.38	752.77	3.6574	3.6835
1479107924973	1298.76	753.06	1299.69	742.33	3.6598	3.6600
1479107933306	1300.62	748.54	1299.19	749.29	3.6621	3.6834
1479107941640	1301.02	742.87	1296.71	753.75	3.6518	3.6796
1479107949973	1302.64	740.44	1292.00	740.12	3.6562	3.6625
1479107958306	1299.10	728.77	1294.56	742.99	3.6428	3.6609
1479107966639	1300.98	731.06	1295.40	741.63	3.6452	3.6528
1479107974972	1300.72	728.15	1294.92	738.22	3.6480	3.6423
1479107983305	1297.39	722.02	1296.81	743.13	3.6302	3.6578
1479107991638	1294.59	731.26	1298.35	747.22	3.6293	3.6637
1479107999972	1291.03	735.41	1304.45	736.16	3.6400	3.6435
1479108008305	1289.85	735.81	1295.19	753.61	3.6268	3.6578
1479108016644	1289.32	733.25	1298.66	749.26	3.6111	3.6414
1479108024977	1289.15	738.26	1295.93	756.45	3.6131	3.6498
1479108033310	1291.45	737.91	1296.15	757.63	3.6163	3.6375
1479108041644	1292.22	739.66	1294.94	762.15	3.6029	3.6481
1479108049976	1295.83	737.43	1297.57	758.78	3.6116	3.6433
1479108058309	1290.84	733.14	1293.52	758.44	3.6062	3.6422
1479108066643	1293.73	733.29	1298.32	754.51	3.6058	3.6408
1479108074976	1295.66	734.20	1293.33	750.87	3.6071	3.6367
1479108083309	1293.51	723.53	1295.98	745.75	3.6030	3.6331
1479108091643	1293.04	725.04	1300.42	743.14	3.6155	3.6345
1479108099976	1293.67	725.89	1299.52	732.43	3.6147	3.6357
1479108108309	1295.13	719.15	1297.36	743.69	3.6167	3.6455
1479108116643	1301.89	717.05	1294.79	743.03	3.6152	3.6464
1479108124976	1296.85	717.75	1295.84	747.41	3.6228	3.6459
1479108133309	1299.76	710.32	1296.58	756.11	3.6078	3.6525
1479108141642	1304.72	710.34	1294.11	752.66	3.6151	3.6479
1479108149981	1304.12	707.07	1295.02	746.18	3.6028	3.6421
1479108158314	1312.85	715.26	1297.17	744.60	3.6162	3.6419
1479108166648	1311.38	717.96	1293.00	740.66	3.6038	3.6461
1479108174981	1313.69	727.11	1292.37	744.54	3.6158	3.6444
1479108183313	1313.88	723.50	1291.06	743.07	3.6147	3.6480
1479108191646	1316.89	721.85	1291.60	742.95	3.6108	3.6519
1479108199980	1314.61	719.73	1290.32	741.96	3.6077	3.6521
1479108208313	1319.13	719.00	1293.45	745.74	3.6103	3.6537
1479108216646	1312.05	719.13	1294.63	747.21	3.6071	3.6409
1479108224980	1322.10	717.90	1295.05	744.72	3.5976	3.6387
1479108233313	1316.95	716.09	1298.86	748.53	3.5938	3.6328
1479108241646	1316.42	712.19	1297.67	746.14	3.5715	3.6194
1479108249980	1313.73	716.43	1302.06	749.43	3.5616	3.6013
1479108258313	1314.15	725.54	1298.72	747.70	3.5623	3.5793
1479108266646	1286.41	761.24	1291.55	760.71	3.5285	3.5553
1479108274984	1255.53	786.39	1262.92	781.39	3.5045	3.5320
1479108283317	1263.31	802.11	1261.93	803.22	3.4770	3.5122
1479108291650	1261.29	802.33	1265.33	812.53	3.4481	3.4943
1479108299984	1254.82	794.64	1265.67	802.32	3.4169	3.4683
1479108308316	1260.76	783.62	1265.35	795.56	3.3941	3.4433
1479108316649	1257.61	769.84	1262.37	788.82	3.3778	3.4189
1479108324984	1264.41	782.71	1270.24	819.68	3.3310	3.3837
1479108333317	1248.27	765.72	1260.48	790.93	3.3258	3.3597
1479108341650	1260.98	793.24	1269.92	813.03	3.3211	3.3414
1479108349984	1254.86	773.12	1273.82	797.47	3.2787	3.3242
1479108358316	1261.01	795.46	1269.95	827.17	3.2703	3.3154
1479108366648	1255.41	765.58	1275.32	798.52	3.2404	3.2954
1479108374983	1267.75	805.89	1265.05	804.06	3.2378	3.2700
1479108383316	1264.70	782.59	1266.94	825.57	3.2274	3.2588
1479108391649	1253.92	770.11	1266.70	795.56	3.2061	3.2390
1479108399983	1253.83	797.42	1265.03	792.75	3.1847	3.2279
1479108408320	1261.48	805.41	1268.10	786.22	3.1742	3.2164
1479108416653	1266.56	803.80	1268.60	786.21	3.1721	3.2098
1479108424987	1266.39	793.17	1267.42	797.18	3.1533	3.1998
1479108433320	1264.29	785.44	1268.12	806.66	3.1495	3.1917
1479108441653	1257.83	779.24	1271.18	814.75	3.1388	3.1792
1479108449987	1254.94	774.34	1268.54	821.62	3.1238	3.1637
1479108458320	1260.95	798.41	1276.73	806.77	3.1237	3.1722
1479108466653	1246.92	785.49	1272.18	797.61	3.1004	3.1550
1479108474987	1261.49	777.93	1267.81	810.66	3.1119	3.1316
1479108483320	1250.22	801.79	1264.47	795.73	3.0952	3.1328
1479108491652	1248.02	769.93	1268.20	818.88	3.0840	3.1261
1479108499986	1255.14	817.92	1260.64	794.55	3.0756	3.1055
1479108508319	1260.32	791.90	1272.04	805.15	3.0750	3.1161
1479108516652	1263.60	772.66	1264.25	827.22	3.0717	3.1051
1479108524985	1259.68	770.64	1265.24	822.81	3.0477	3.0878
1479108533319	1266.08	776.77	1261.23	828.69	3.0443	3.0843
1479108541657	1262.48	777.64	1269.49	835.94	3.0356	3.0800
1479108549991	1265.14	783.04	1268.61	814.50	3.0481	3.0797
1479108558324	1254.31	790.78	1269.74	789.90	3.0135	3.0678
1479108566657	1254.52	801.75	1277.68	800.40	3.0062	3.0482
1479108574990	1259.77	809.55	1273.72	808.10	3.0121	3.0509
1479108583323	1257.15	805.22	1263.46	806.08	3.0089	3.0256
1479108591656	1259.93	821.61	1259.66	801.52	2.9906	3.0282
1479108599990	1260.55	813.62	1266.74	802.64	2.9694	3.0266
1479108608323	1264.45	788.00	1267.73	828.86	2.9792	3.0342
1479108616656	1254.31	792.07	1257.07	815.09	2.9802	3.0170
1479108624989	1263.71	809.00	1269.56	797.27	2.9778	3.0161
1479108633323	1261.89	771.16	1256.73	818.47	2.9738	3.0143
1479108641656	1256.33	817.27	1262.54	805.14	2.9534	2.9984
1479108649990	1255.81	779.63	1267.33	821.65	2.9521	2.9986
1479108658323	1252.82	797.83	1261.62	812.09	2.9519	3.0023
1479108666656	1252.81	818.76	1270.09	813.64	2.9440	3.0083
1479108674994	1243.71	815.11	1270.22	806.41	2.9340	2.9918
1479108683328	1246.08	818.92	1274.80	810.33	2.9628	3.0075
1479108691661	1256.08	815.33	1274.10	816.35	2.9491	2.9913
1479108699994	1255.34	804.95	1272.25	825.02	2.9482	2.9902
1479108708328	1255.34	779.21	1268.31	805.51	2.9652	2.9803
1479108716660	1257.00	777.77	1267.73	799.22	2.9555	2.9790
1479108724993	1260.46	780.79	1266.08	799.05	2.9666	2.9940
1479108733327	1257.86	772.81	1261.24	799.78	2.9713	2.9971
1479108741660	1254.91	790.39	1261.85	796.96	2.9704	2.9976
1479108749993	1253.93	807.78	1269.15	798.35	2.9755	3.0003
1479108758327	1259.35	816.73	1268.63	801.86	2.9642	3.0076
1479108766660	1270.15	800.37	1270.02	824.80	2.9690	3.0135
1479108774993	1264.61	791.35	1266.00	827.56	2.9685	3.0029
1479108783327	1254.38	786.81	1264.20	825.54	2.9697	3.0177
1479108791660	1252.96	792.48	1266.32	808.60	2.9789	3.0143
1479108799996	1252.39	804.36	1269.05	809.17	2.9775	3.0216
1479108808329	1249.00	807.44	1274.63	801.72	2.9828	3.0293
1479108816662	1257.02	816.39	1282.54	805.04	3.0002	3.0257
1479108824995	1251.03	822.61	1281.50	810.45	3.0078	3.0286
1479108833329	1263.21	821.30	1276.56	811.53	3.0081	3.0470
1479108841662	1262.74	815.78	1271.07	813.27	3.0216	3.0501
1479108849995	1255.83	822.17	1264.45	809.92	3.0254	3.0475
1479108858329	1258.83	815.09	1264.32	817.11	3.0349	3.0640
1479108866662	1257.81	823.27	1266.08	817.25	3.0427	3.0865
1479108874995	1262.18	820.06	1260.26	817.27	3.0544	3.0759
1479108883329	1270.24	820.28	1258.38	811.89	3.0580	3.0754
1479108891662	1268.03	809.30	1259.64	807.94	3.0495	3.0961
1479108899994	1260.55	804.69	1264.60	802.07	3.0637	3.0909
1479108908328	1256.40	801.86	1268.72	806.50	3.0691	3.1043
1479108916661	1253.79	804.23	1275.39	799.19	3.0834	3.0955
1479108924994	1251.90	808.39	1277.36	807.72	3.0866	3.1178
1479108933336	1252.35	812.03	1286.76	803.00	3.0936	3.1084
1479108941669	1254.06	815.58	1276.17	809.83	3.0891	3.1165
1479108950002	1255.52	805.34	1277.22	816.87	3.0849	3.1262
1479108958336	1257.68	800.24	1273.88	821.71	3.0974	3.1302
1479108966669	1263.27	788.70	1270.67	830.91	3.1117	3.1294
1479108975002	1258.67	788.27	1270.33	832.17	3.1119	3.1470
1479108983336	1253.84	777.55	1272.72	829.12	3.1140	3.1523
1479108991668	1260.88	790.99	1272.86	822.13	3.1219	3.1661
1479109000001	1258.62	805.29	1274.95	810.93	3.1320	3.1748
1479109008335	1256.45	814.18	1277.37	805.65	3.1409	3.1791
1479109016668	1249.64	800.87	1271.50	807.53	3.1487	3.1891
1479109025001	1257.17	791.48	1261.54	814.50	3.1766	3.2069
1479109033335	1258.17	776.68	1266.27	815.73	3.1656	3.2023
1479109041668	1260.00	773.68	1267.94	812.99	3.1827	3.1988
1479109050001	1211.46	778.84	1228.45	806.63	3.1904	3.2154
1479109058334	1149.33	770.36	1166.38	773.36	3.1846	3.2234
1479109066671	1124.01	760.28	1154.82	761.80	3.2014	3.2276
1479109075004	1092.18	733.57	1106.66	749.48	3.2038	3.2418
1479109083338	1106.49	735.16	1109.48	761.49	3.2179	3.2541
1479109091671	1119.19	725.91	1110.51	757.04	3.2264	3.2500
1479109100004	1121.91	742.10	1110.72	756.33	3.2314	3.2570
1479109108338	1125.07	750.23	1103.39	739.87	3.2423	3.2691
1479109116670	1126.99	747.25	1101.97	746.91	3.2571	3.2725
1479109125003	1118.13	737.90	1102.45	746.45	3.2532	3.2755
1479109133337	1118.51	743.37	1107.95	744.94	3.2630	3.2865
1479109141670	1117.49	742.39	1101.57	743.55	3.2618	3.2891
1479109150003	1124.74	753.04	1106.08	744.48	3.2713	3.2933
1479109158337	1125.85	750.93	1112.61	747.24	3.2826	3.2992
1479109166670	1127.55	741.95	1108.10	762.78	3.2941	3.3034
1479109175003	1126.54	726.55	1111.08	763.70	3.2887	3.3105
1479109183336	1122.13	719.05	1109.77	755.94	3.2995	3.3098
1479109191670	1126.73	722.64	1107.93	756.51	3.3019	3.3068
1479109200008	1129.54	725.65	1106.38	760.22	3.3017	3.3183
1479109208342	1130.38	744.08	1106.50	758.57	3.3067	3.3292
1479109216676	1120.86	754.24	1105.45	747.54	3.2963	3.3256
1479109225009	1120.78	720.07	1097.33	751.52	3.3127	3.3236
1479109233342	1131.47	744.10	1110.43	755.72	3.3024	3.3315
1479109241676	1120.80	738.29	1104.46	744.71	3.3167	3.3427
1479109250009	1138.56	730.20	1107.04	768.34	3.3062	3.3305
1479109258341	1128.50	751.47	1108.61	736.88	3.3159	3.3423
1479109266675	1123.67	738.74	1103.43	744.73	3.3253	3.3479
1479109275008	1126.02	718.65	1103.14	756.64	3.3162	3.3423
1479109283341	1133.41	727.08	1106.74	768.30	3.3201	3.3421
1479109291675	1135.79	735.04	1113.97	767.03	3.3221	3.3452
1479109300008	1136.37	736.24	1112.51	763.29	3.3192	3.3536
1479109308341	1130.04	739.73	1104.92	761.07	3.3278	3.3510
1479109316675	1125.69	733.95	1108.43	761.32	3.3257	3.3515
1479109325011	1114.95	731.54	1106.53	763.84	3.3237	3.3601
1479109333344	1105.41	729.37	1104.79	762.15	3.3298	3.3612
1479109341678	1106.39	724.59	1112.74	759.91	3.3274	3.3523
1479109350010	1103.90	723.34	1113.60	761.18	3.3311	3.3686
1479109358343	1104.16	730.36	1119.99	759.64	3.3242	3.3571
1479109366677	1108.84	728.36	1120.59	769.14	3.3315	3.3826
1479109375010	1113.37	730.94	1115.84	768.78	3.3278	3.3792
1479109383343	1101.35	740.70	1101.96	764.34	3.3273	3.3747
1479109391677	1050.91	762.71	1055.53	746.63	3.3373	3.3595
1479109400010	1047.31	757.85	1060.17	748.25	3.3470	3.3698
1479109408343	1042.84	743.74	1055.40	739.12	3.3402	3.3830
1479109416677	1051.75	728.91	1063.58	757.42	3.3393	3.3799
1479109425010	1039.22	722.56	1048.92	753.75	3.3463	3.3666
1479109433342	1045.17	731.95	1044.68	763.68	3.3585	3.3753
1479109441676	1041.16	742.49	1042.37	757.30	3.3426	3.3790
1479109450009	1045.55	761.67	1042.25	747.29	3.3527	3.3759
1479109458347	1050.03	764.93	1037.51	743.84	3.3465	3.3773
1479109466681	1050.96	756.05	1041.78	748.82	3.3440	3.3739
1479109475014	1054.23	738.99	1037.18	746.43	3.3498	3.3700
1479109483347	1052.42	735.40	1031.83	748.18	3.3498	3.3750
1479109491681	1051.90	734.36	1035.07	747.43	3.3493	3.3772
1479109500014	1052.07	734.29	1035.69	753.08	3.3422	3.3766
1479109508347	1052.43	735.16	1035.13	747.56	3.3364	3.3763
1479109516681	1052.37	736.44	1030.93	746.02	3.3319	3.3704
1479109525013	1052.56	739.16	1030.52	746.04	3.3386	3.3722
1479109533346	1058.30	734.12	1033.44	743.65	3.3366	3.3698
1479109541680	1057.87	730.77	1031.50	747.31	3.3299	3.3706
1479109550013	1050.01	720.35	1034.24	754.04	3.3276	3.3647
1479109558346	1053.13	720.22	1036.36	759.25	3.3229	3.3604
1479109566679	1056.94	738.09	1042.30	760.60	3.3113	3.3530
1479109575013	1050.72	753.85	1038.20	749.84	3.3102	3.3504
1479109583346	1049.55	764.55	1037.83	747.35	3.2921	3.3474
1479109591685	1051.85	736.12	1042.88	753.41	3.3039	3.3470
1479109600019	1112.64	732.49	1145.65	773.68	3.3006	3.3634
1479109608352	1201.35	747.47	1244.13	778.15	3.2906	3.3657
1479109616685	1294.75	781.26	1315.33	763.04	3.2941	3.3479
1479109625018	1357.67	770.78	1381.78	793.50	3.2876	3.3268
1479109633351	1424.78	782.44	1430.94	822.02	3.2758	3.3276
1479109641685	1452.75	804.89	1471.92	828.60	3.2733	3.3223
1479109650018	1463.05	837.86	1482.72	823.86	3.2733	3.3046
1479109658351	1464.65	834.52	1480.33	819.18	3.2772	3.2978
1479109666685	1461.59	825.60	1473.31	826.49	3.2626	3.3034
1479109675018	1472.71	823.43	1479.71	833.52	3.2604	3.2960
1479109683351	1467.06	821.38	1474.07	837.92	3.2543	3.2913
1479109691685	1471.31	822.39	1474.61	843.82	3.2563	3.3008
1479109700018	1471.90	817.52	1477.27	839.09	3.2603	3.2892
1479109708351	1469.94	820.33	1473.44	836.74	3.2529	3.2945
1479109716684	1472.19	827.41	1472.55	820.58	3.2631	3.2939
1479109725022	1469.88	828.88	1482.47	812.83	3.2746	3.2792
1479109733354	1465.69	813.32	1475.05	814.41	3.2599	3.2737
1479109741687	1470.66	808.58	1475.64	822.06	3.2377	3.2784
1479109750021	1479.58	809.26	1468.62	831.56	3.2506	3.2846
1479109758354	1480.89	822.28	1470.21	844.64	3.2553	3.2947
1479109766688	1481.19	834.90	1476.48	842.38	3.2595	3.2947
1479109775022	1473.35	829.57	1471.86	823.51	3.2541	3.2769
1479109783355	1471.96	830.39	1471.84	811.57	3.2642	3.2828
1479109791687	1472.40	810.35	1476.68	817.15	3.2579	3.2859
1479109800021	1475.72	805.32	1480.72	816.36	3.2555	3.2692
1479109808354	1479.37	811.09	1467.42	817.02	3.2557	3.2804
1479109816687	1482.28	821.03	1472.70	839.63	3.2639	3.2944
1479109825021	1481.56	821.49	1475.91	836.19	3.2426	3.2714
1479109833354	1479.08	836.31	1469.46	847.18	3.2601	3.2994
1479109841687	1492.20	832.40	1479.43	834.19	3.2492	3.3069
1479109850028	1543.84	795.76	1551.72	809.43	3.2519	3.2870
1479109858361	1553.57	785.11	1542.41	800.36	3.2625	3.2812
1479109866694	1555.48	780.34	1538.85	812.91	3.2350	3.2909
1479109875028	1543.31	812.64	1531.03	841.62	3.2353	3.3094
1479109883360	1547.92	830.72	1546.92	835.81	3.2491	3.2917
1479109891693	1547.05	825.45	1547.53	821.45	3.2454	3.2953
1479109900027	1552.72	821.92	1546.89	811.31	3.2448	3.2939
1479109908360	1551.18	818.10	1545.39	809.72	3.2392	3.2900
1479109916693	1549.74	812.30	1544.39	805.24	3.2402	3.2944
1479109925027	1549.43	811.76	1544.97	809.77	3.2381	3.2974
1479109933360	1554.92	808.26	1548.07	802.66	3.2565	3.3014
1479109941693	1552.43	798.81	1546.76	795.63	3.2558	3.3040
1479109950027	1552.98	792.55	1543.66	795.47	3.2599	3.3068
1479109958360	1548.09	779.62	1541.75	797.45	3.2571	3.3086
1479109966693	1548.45	788.33	1539.75	802.34	3.2604	3.3152
1479109975026	1544.46	789.92	1539.42	806.08	3.2557	3.3154
1479109983362	1546.55	799.79	1544.26	807.61	3.2531	3.3092
1479109991695	1546.23	805.83	1541.90	822.11	3.2440	3.3185
1479110000029	1552.40	809.46	1540.02	835.60	3.2458	3.3378
1479110008362	1551.29	815.89	1539.39	840.11	3.2459	3.3379
1479110016695	1552.25	818.10	1542.57	842.33	3.2570	3.3338
1479110025029	1552.51	818.61	1542.72	845.28	3.2672	3.3435
1479110033362	1555.04	811.80	1540.07	841.01	3.2462	3.3307
1479110041695	1551.00	810.17	1539.60	839.89	3.2677	3.3443
1479110050029	1549.20	796.63	1541.11	824.51	3.2588	3.3481
1479110058362	1549.91	790.15	1541.36	813.58	3.2661	3.3284
1479110066694	1552.84	783.57	1538.72	807.37	3.2773	3.3430
1479110075028	1549.76	786.19	1540.21	805.34	3.2657	3.3393
1479110083361	1555.07	783.55	1541.14	804.08	3.2614	3.3437
1479110091694	1552.12	786.82	1542.37	802.41	3.2690	3.3282
1479110100028	1550.59	781.91	1540.84	808.97	3.2788	3.3415
1479110108361	1549.57	790.85	1540.57	812.34	3.2783	3.3391
1479110116699	1545.75	781.29	1543.56	804.39	3.2775	3.3315
1479110125032	1581.04	755.10	1587.49	764.09	3.2985	3.3534
1479110133366	1598.55	713.76	1621.36	744.39	3.2888	3.3423
1479110141699	1620.72	661.06	1621.40	693.38	3.3074	3.3483
1479110150031	1613.09	670.48	1614.41	690.69	3.3148	3.3586
1479110158365	1614.48	666.14	1614.94	688.00	3.3097	3.3659
1479110166698	1613.45	658.29	1610.49	683.42	3.3141	3.3591
1479110175031	1616.13	659.53	1600.23	684.46	3.3193	3.3615
1479110183365	1613.98	653.68	1593.74	685.03	3.3163	3.3592
1479110191698	1615.84	660.42	1593.76	683.11	3.3196	3.3608
1479110200032	1612.15	664.12	1591.90	682.42	3.3221	3.3617
1479110208365	1614.15	673.15	1592.87	684.15	3.3163	3.3638
1479110216698	1615.69	666.57	1590.30	679.76	3.3169	3.3695
1479110225032	1617.87	664.54	1590.48	682.21	3.3165	3.3762
1479110233365	1616.70	662.42	1587.74	684.03	3.3252	3.3740
1479110241701	1618.74	655.85	1589.04	685.30	3.3257	3.3686
1479110250035	1617.82	649.34	1583.94	686.71	3.3186	3.3732
1479110258368	1613.71	643.40	1587.17	691.25	3.3181	3.3666
1479110266701	1620.91	642.32	1588.31	697.33	3.3223	3.3674
1479110275034	1620.77	644.00	1591.12	701.15	3.3169	3.3640
1479110283368	1620.00	654.97	1593.13	709.39	3.3255	3.3710
1479110291701	1622.83	655.98	1598.19	705.97	3.3219	3.3671
1479110300034	1622.38	657.89	1595.83	703.05	3.3133	3.3635
1479110308368	1617.27	660.58	1596.87	701.99	3.3138	3.3564
1479110316702	1616.55	661.38	1600.51	697.74	3.3074	3.3448
1479110325035	1618.19	659.82	1596.52	700.33	3.2968	3.3566
1479110333368	1617.09	663.48	1599.74	695.37	3.3003	3.3503
1479110341701	1613.68	665.10	1598.63	693.00	3.2919	3.3492
1479110350034	1612.86	661.03	1600.31	696.77	3.2896	3.3385
1479110358368	1612.04	661.94	1601.38	690.19	3.2813	3.3301
1479110366701	1613.38	666.73	1598.01	686.30	3.2772	3.3246
1479110375041	1613.85	665.26	1600.96	682.30	3.2702	3.3169
1479110383375	1612.91	665.63	1597.48	688.06	3.2576	3.3213
1479110391708	1609.65	665.89	1595.45	688.74	3.2580	3.3125
1479110400041	1607.00	667.97	1596.66	686.29	3.2518	3.3138
1479110408375	1606.68	661.38	1597.46	694.68	3.2421	3.3033
1479110416708	1605.22	658.59	1596.85	703.28	3.2379	3.2971
1479110425040	1605.97	656.26	1593.46	706.96	3.2460	3.2960
1479110433374	1609.67	654.60	1596.07	707.18	3.2430	3.2898
1479110441707	1607.20	652.79	1589.63	707.72	3.2356	3.2797
1479110450040	1607.01	651.19	1590.32	708.98	3.2289	3.2771
1479110458374	1609.08	642.11	1586.27	703.07	3.2326	3.2818
1479110466707	1607.15	643.36	1587.00	701.89	3.2292	3.2727
1479110475040	1607.79	654.56	1588.49	701.79	3.2156	3.2814
1479110483374	1604.07	649.49	1589.24	701.86	3.2152	3.2698
1479110491707	1605.17	654.06	1592.75	700.88	3.2158	3.2612
1479110500040	1603.17	656.84	1591.19	709.75	3.2064	3.2618
1479110508376	1604.85	660.61	1596.34	711.86	3.1952	3.2525
1479110516709	1602.77	663.84	1595.77	710.40	3.1997	3.2490
1479110525042	1602.88	669.74	1595.02	710.21	3.1954	3.2505
1479110533376	1601.41	666.82	1598.01	705.54	3.1763	3.2413
1479110541709	1601.26	668.48	1593.32	706.99	3.1844	3.2445
1479110550042	1600.86	664.56	1593.37	707.88	3.1838	3.2401
1479110558376	1601.91	662.70	1594.78	706.94	3.1751	3.2347
1479110566709	1598.80	663.00	1593.23	703.60	3.1804	3.2336
1479110575042	1595.81	660.27	1592.93	704.95	3.1665	3.2358
1479110583376	1599.21	658.61	1590.59	700.34	3.1748	3.2218
1479110591709	1600.52	657.41	1586.24	696.32	3.1627	3.2224
1479110600041	1601.72	660.39	1591.31	692.97	3.1711	3.2179
1479110608375	1599.92	656.65	1593.85	689.69	3.1643	3.2144
1479110616708	1597.76	658.00	1586.18	692.54	3.1648	3.2278
1479110625041	1598.37	659.55	1594.47	697.65	3.1618	3.2148
1479110633379	1595.00	658.09	1594.58	695.97	3.1576	3.2088
1479110641712	1594.37	666.43	1595.06	701.65	3.1632	3.2017
1479110650045	1593.74	671.43	1596.25	705.62	3.1575	3.2010
1479110658379	1594.60	679.24	1597.68	708.74	3.1452	3.2102
1479110666712	1594.70	686.23	1592.10	710.35	3.1445	3.2003
1479110675045	1599.36	688.91	1596.47	707.80	3.1488	3.2012
1479110683379	1600.08	690.18	1594.66	703.79	3.1508	3.2017
1479110691711	1601.90	688.11	1596.28	708.71	3.1500	3.2123
1479110700044	1604.59	686.49	1597.34	700.52	3.1421	3.2056
1479110708378	1599.93	690.95	1597.24	698.69	3.1454	3.1977
1479110716711	1597.17	686.95	1595.28	706.88	3.1398	3.2002
1479110725044	1596.60	683.98	1594.04	706.29	3.1432	3.1994
1479110733378	1593.87	685.11	1597.81	706.75	3.1371	3.1989
1479110741711	1591.48	682.86	1593.29	706.56	3.1464	3.2099
1479110750044	1590.38	680.76	1595.09	702.34	3.1436	3.1938
1479110758378	1589.80	678.31	1591.57	706.85	3.1353	3.2000
1479110766716	1590.02	685.41	1592.51	704.89	3.1528	3.2007
1479110775049	1586.64	677.48	1585.95	701.84	3.1510	3.2006
1479110783382	1590.45	675.94	1584.00	696.50	3.1385	3.2058
1479110791715	1591.94	677.54	1583.73	698.67	3.1490	3.2018
1479110800048	1592.79	671.85	1583.08	695.24	3.1471	3.2025
1479110808381	1591.99	671.92	1582.83	689.68	3.1572	3.2067
1479110816715	1594.15	676.59	1583.87	690.28	3.1497	3.2135
1479110825048	1595.00	674.48	1584.39	690.34	3.1572	3.2213
1479110833381	1601.00	677.53	1585.07	690.74	3.1524	3.2186
1479110841715	1598.60	677.27	1587.12	694.06	3.1608	3.2256
1479110850048	1598.06	677.22	1582.79	693.96	3.1658	3.2233
1479110858381	1597.66	679.04	1587.18	699.43	3.1738	3.2388
1479110866714	1593.87	682.10	1588.80	700.13	3.1771	3.2337
1479110875047	1596.53	684.88	1595.51	707.51	3.1736	3.2449
1479110883380	1598.97	687.15	1592.34	703.28	3.1825	3.2460
1479110891714	1593.59	685.81	1596.54	701.26	3.1841	3.2391
1479110900056	1600.74	679.77	1597.81	704.13	3.1949	3.2540
1479110908389	1600.13	676.55	1596.51	697.98	3.1977	3.2589
1479110916723	1607.90	679.48	1598.30	690.63	3.2103	3.2663
1479110925056	1604.95	674.22	1599.01	690.71	3.2118	3.2769
1479110933389	1604.95	669.35	1594.33	696.31	3.2163	3.2812
1479110941723	1599.96	676.67	1597.23	689.29	3.2192	3.2740
1479110950056	1604.89	678.70	1595.23	698.55	3.2190	3.2863
1479110958388	1602.09	678.35	1595.66	706.71	3.2234	3.2904
1479110966722	1600.74	682.86	1596.83	707.90	3.2309	3.3034
1479110975055	1597.93	682.23	1593.40	711.07	3.2367	3.3031
1479110983388	1600.59	685.31	1594.24	709.24	3.2342	3.3115
