t	gaze_point_LX	gaze_point_LY	gaze_point_RX	gaze_point_RY	pupil_diameter_L	pupil_diameter_R
422679632927	1414.74	739.83	1422.49	728.42	3.1649	2.9621
422679641259	1421.62	736.71	1420.99	727.96	3.1536	2.9400
422679649593	1413.39	726.94	1419.08	731.33	3.1492	2.9641
422679657927	1380.93	758.49	1374.86	711.31	3.2207	2.9798
422679666260	1304.11	705.28	1314.24	710.22	3.1004	2.9424
422679674592	1296.39	744.26	1298.31	713.95	3.2021	2.9424
422679682925	1302.09	730.36	1307.89	729.21	3.1728	2.9573
422679691258	1307.59	724.51	1309.14	719.44	3.1642	2.9501
422679699592	1309.45	743.71	1301.33	722.16	3.1726	2.9368
422679707925	1306.24	727.11	1297.33	715.48	3.1472	2.9304
422679716262	1303.49	719.84	1297.19	722.40	3.1037	2.9402
422679724595	1304.78	701.01	1299.06	723.58	3.0832	2.9425
422679732928	1308.17	700.58	1291.40	721.62	3.0745	2.9287
422679741262	1304.79	700.63	1287.69	722.92	3.0657	2.9341
422679749594	1305.37	713.31	1294.86	719.92	3.0790	2.9418
422679757927	1308.91	704.43	1295.28	719.10	3.0792	2.9391
422679766260	1302.82	740.31	1285.06	717.64	3.1522	2.9389
422679774594	1309.98	716.02	1287.63	717.72	3.1034	2.9315
422679782927	1308.40	750.81	1285.47	722.26	3.1709	2.9213
422679791261	1305.25	698.36	1285.68	714.83	3.0501	2.9080
422679799594	1309.51	741.61	1284.51	724.67	3.1445	2.9322
422679807927	1304.30	737.97	1280.36	721.57	3.1533	2.8985
422679816260	1301.27	744.13	1288.24	721.65	3.1550	2.9458
422679824593	1303.53	702.16	1285.11	712.49	3.0476	2.9186
422679832926	1299.14	762.07	1286.73	718.72	3.2186	2.9417
422679841267	1306.83	698.37	1288.47	704.40	3.0514	2.9059
422679849600	1299.07	692.31	1294.00	705.16	3.0301	2.9188
422679857933	1304.26	762.11	1297.41	717.46	3.2066	2.9244
422679866267	1300.83	761.37	1297.95	722.27	3.1967	2.9278
422679874600	1313.78	755.94	1294.77	727.10	3.2117	2.9431
422679882933	1298.81	767.27	1286.27	719.80	3.2435	2.9314
422679891266	1304.90	763.55	1292.81	725.05	3.2235	2.9486
422679899599	1297.87	766.35	1295.62	717.98	3.2172	2.9318
422679907932	1308.91	752.99	1293.09	710.59	3.2158	2.9277
422679916266	1306.58	757.22	1293.88	706.95	3.2033	2.9268
422679924599	1312.03	753.74	1298.79	700.39	3.2041	2.9272
422679932932	1302.86	748.15	1303.23	706.69	3.1814	2.9457
422679941265	1305.46	721.08	1288.93	708.41	3.1136	2.9470
422679949599	1298.67	728.70	1290.14	702.94	3.1495	2.9638
422679957932	1303.91	761.59	1285.90	707.36	3.2396	2.9605
422679966266	1294.62	760.89	1281.38	705.35	3.2564	2.9614
422679974602	1285.53	761.72	1277.17	698.94	3.2459	2.9504
422679982936	1290.83	771.99	1286.63	703.93	3.2637	2.9877
422679991270	1296.62	757.55	1285.10	712.16	3.2423	3.0033
422679999603	1306.27	763.04	1283.31	695.62	3.2564	2.9734
422680007936	1303.51	767.37	1284.69	686.99	3.2781	2.9924
422680016269	1309.28	777.36	1285.65	693.17	3.3094	2.9930
422680024602	1309.39	780.70	1283.95	696.13	3.3249	2.9904
422680032936	1310.44	767.74	1293.30	710.02	3.3064	3.0185
422680041270	1306.20	729.00	1287.25	696.79	3.2059	2.9958
422680049602	1301.76	708.13	1286.60	709.86	3.1622	3.0017
422680057935	1297.05	744.85	1282.34	720.89	3.2372	3.0180
422680066268	1290.98	767.42	1280.72	726.93	3.3128	3.0250
422680074602	1294.33	762.42	1280.86	739.04	3.3006	3.0891
422680082935	1298.17	703.05	1284.11	720.51	3.1656	3.0478
422680091269	1303.12	716.85	1285.38	721.90	3.1908	3.0457
422680099602	1298.48	698.72	1277.86	724.34	3.1755	3.0447
422680107937	1294.53	733.84	1275.51	723.12	3.2836	3.0384
422680116271	1298.94	771.93	1280.61	725.62	3.3446	3.0503
422680124603	1303.67	764.72	1282.01	736.78	3.3224	3.1091
422680132936	1312.75	750.13	1281.73	732.55	3.2918	3.0880
422680141269	1310.83	762.57	1285.52	710.69	3.3393	3.0587
422680149602	1307.39	746.45	1280.95	728.96	3.2950	3.1147
422680157936	1311.83	763.32	1284.06	726.10	3.3270	3.1094
422680166270	1307.50	749.07	1283.61	723.86	3.3065	3.1256
422680174603	1311.94	766.17	1283.94	722.39	3.3485	3.1190
422680182936	1311.30	758.29	1280.74	735.17	3.3261	3.1372
422680191269	1311.07	759.12	1286.72	729.65	3.3432	3.1564
422680199603	1307.42	749.09	1277.00	715.67	3.3338	3.1213
422680207935	1308.62	754.26	1283.65	716.32	3.3462	3.0981
422680216269	1304.30	772.32	1280.57	720.62	3.3990	3.1196
422680224601	1301.93	745.74	1282.94	727.97	3.3143	3.1384
422680232935	1307.85	769.23	1280.37	709.96	3.3734	3.1393
422680241272	1308.37	753.90	1279.26	711.12	3.3476	3.1267
422680249606	1311.93	748.82	1279.74	694.64	3.3465	3.1193
422680257939	1305.29	766.65	1279.68	708.04	3.3501	3.1501
422680266272	1304.52	754.31	1277.01	699.61	3.3309	3.1360
422680274605	1304.98	740.15	1283.89	707.41	3.3134	3.1655
422680282938	1308.75	771.77	1279.12	696.26	3.3854	3.1414
422680291271	1313.94	744.55	1278.78	705.22	3.3353	3.1834
422680299605	1306.99	772.53	1281.21	707.46	3.3957	3.1891
422680307938	1308.06	765.62	1282.82	684.20	3.3787	3.1356
422680316271	1306.11	766.71	1281.40	706.32	3.3833	3.1839
422680324605	1308.47	774.69	1272.79	737.68	3.4174	3.2507
422680332938	1309.04	726.85	1277.24	741.57	3.3175	3.2578
422680341271	1306.06	764.58	1280.98	725.88	3.4089	3.2180
422680349604	1313.23	766.19	1284.80	723.84	3.3933	3.1910
422680357937	1310.07	763.12	1283.00	731.18	3.4144	3.2050
422680366277	1312.77	760.28	1274.22	734.22	3.4136	3.2295
422680374611	1310.67	739.93	1275.40	710.39	3.3549	3.1689
422680382944	1308.52	742.56	1285.28	739.50	3.3939	3.2408
422680391277	1313.44	710.32	1281.61	750.95	3.2950	3.2648
422680399610	1303.66	754.30	1279.26	762.71	3.3927	3.2620
422680407944	1299.52	752.05	1280.26	748.90	3.3748	3.2514
422680416277	1299.66	761.32	1282.15	747.90	3.4111	3.2493
422680424611	1304.90	748.90	1285.76	718.35	3.3885	3.2050
422680432943	1303.98	738.93	1290.32	741.36	3.3804	3.2579
422680441276	1302.08	706.56	1282.20	727.86	3.3075	3.2384
422680449610	1300.57	708.84	1282.32	747.32	3.3090	3.2851
422680457943	1308.17	764.22	1286.25	739.11	3.4158	3.2531
422680466276	1310.40	755.66	1284.74	727.09	3.3971	3.2478
422680474609	1310.92	748.71	1285.34	729.43	3.4229	3.2502
422680482943	1314.22	755.13	1286.82	727.40	3.4320	3.2344
422680491276	1313.49	755.38	1282.35	732.31	3.4131	3.2519
422680499613	1317.26	760.51	1285.52	739.57	3.4197	3.2571
422680507945	1310.43	764.54	1279.81	747.81	3.4422	3.2856
422680516278	1314.55	759.11	1286.49	740.43	3.4238	3.2814
422680524611	1312.79	762.44	1280.07	757.30	3.4382	3.3100
422680532945	1312.43	760.57	1280.53	763.96	3.4269	3.3295
422680541278	1312.47	752.98	1286.68	730.71	3.4290	3.2607
422680549612	1310.30	743.32	1277.12	739.24	3.4140	3.2668
422680557945	1311.22	745.52	1293.45	754.43	3.4183	3.3190
422680566278	1307.44	755.66	1284.00	736.76	3.4355	3.2729
422680574612	1314.90	751.70	1284.72	760.33	3.4264	3.3197
422680582944	1314.86	755.87	1285.26	774.48	3.4411	3.3619
422680591277	1309.29	751.27	1292.36	745.05	3.4451	3.3245
422680599610	1311.73	760.13	1285.92	752.88	3.4741	3.3313
422680607944	1312.96	754.61	1285.03	764.37	3.4437	3.3459
422680616277	1313.78	752.38	1285.60	763.76	3.4412	3.3715
422680624611	1310.80	751.57	1285.43	767.95	3.4519	3.3717
422680632953	1312.89	750.57	1289.24	753.16	3.4687	3.3660
422680641286	1315.20	758.28	1290.59	726.09	3.4677	3.3328
422680649620	1314.47	754.94	1281.88	750.77	3.4808	3.3976
422680657952	1310.92	749.95	1284.22	718.00	3.4632	3.2907
422680666285	1314.28	726.59	1289.73	729.83	3.4163	3.3251
422680674619	1310.53	726.92	1289.41	722.43	3.4071	3.3136
422680682951	1309.68	759.00	1297.00	726.94	3.5130	3.3454
422680691285	1312.16	756.55	1294.24	739.28	3.4857	3.3581
422680699619	1313.84	749.06	1291.32	739.71	3.4922	3.3672
422680707952	1311.06	754.30	1289.00	736.67	3.5025	3.3649
422680716285	1310.34	756.71	1291.71	746.18	3.4775	3.3967
422680724618	1311.46	760.03	1297.89	705.83	3.5086	3.3011
422680732951	1311.97	757.09	1289.82	743.07	3.5075	3.3926
422680741284	1305.85	747.98	1291.24	758.71	3.5043	3.3946
422680749618	1313.20	760.41	1287.05	769.12	3.5056	3.4389
422680757951	1307.30	749.09	1299.53	749.10	3.4867	3.3786
422680766284	1312.29	761.65	1287.87	734.86	3.5210	3.3580
422680774617	1304.99	729.38	1293.82	727.06	3.4275	3.3675
422680782951	1310.97	757.70	1289.21	733.01	3.5103	3.3890
422680791284	1305.08	759.64	1288.89	726.04	3.5267	3.3664
422680799618	1307.50	751.02	1289.37	725.92	3.5206	3.3759
422680807949	1300.76	763.75	1282.30	755.00	3.5201	3.4186
422680816283	1308.38	757.42	1282.78	753.40	3.4769	3.3839
422680824617	1305.37	761.98	1278.13	780.53	3.5252	3.4442
422680832950	1309.23	753.15	1285.93	766.33	3.5201	3.4018
422680841283	1305.01	763.00	1282.72	768.35	3.5249	3.4083
422680849616	1308.07	750.40	1285.08	739.78	3.5163	3.3561
422680857950	1304.84	749.12	1288.63	741.29	3.5016	3.3604
422680866283	1302.40	756.58	1289.66	720.66	3.5175	3.3032
422680874616	1304.31	758.87	1291.74	730.71	3.5325	3.3640
422680882949	1305.09	762.17	1293.01	727.40	3.5343	3.3453
422680891288	1305.34	755.43	1292.35	732.16	3.5327	3.3741
422680899621	1307.10	745.43	1291.14	709.13	3.5444	3.3184
422680907955	1311.64	753.42	1293.11	724.65	3.5161	3.3615
422680916288	1309.84	756.18	1289.31	696.62	3.5359	3.3147
422680924622	1311.55	755.83	1284.25	733.54	3.5310	3.3899
422680932954	1304.76	725.84	1291.45	732.86	3.4844	3.3669
422680941288	1303.18	751.24	1286.88	737.92	3.5135	3.4078
422680949622	1310.22	752.42	1289.48	731.73	3.5151	3.3870
422680957954	1306.71	763.34	1287.93	729.95	3.5727	3.3923
422680966287	1300.67	753.39	1288.01	729.79	3.5549	3.3928
422680974620	1298.12	753.35	1283.34	710.58	3.5482	3.3607
422680982954	1302.47	749.81	1284.08	742.37	3.5266	3.4128
422680991287	1328.27	760.04	1351.62	754.04	3.5098	3.4306
422680999620	1353.44	766.76	1367.78	776.00	3.5522	3.4394
422681007954	1383.29	773.75	1380.82	782.87	3.5467	3.4375
422681016287	1377.68	785.44	1376.40	783.26	3.5410	3.4146
422681024624	1367.51	778.20	1369.24	776.47	3.5323	3.3988
422681032957	1366.96	771.29	1372.39	765.71	3.4951	3.3852
422681041290	1367.12	777.04	1377.93	767.17	3.5097	3.3786
422681049623	1366.78	768.65	1380.11	777.46	3.5002	3.3465
422681057957	1367.59	773.92	1383.85	774.14	3.4883	3.3491
422681066290	1376.26	766.39	1393.38	718.73	3.4730	3.2290
422681074623	1368.75	766.33	1389.71	744.90	3.4497	3.2657
422681082957	1378.54	770.69	1376.33	781.19	3.4412	3.3187
422681091290	1369.00	782.17	1375.50	791.75	3.4563	3.2888
422681099623	1371.82	771.96	1378.98	768.34	3.4036	3.2430
422681107956	1367.69	783.88	1377.07	763.46	3.4172	3.2074
422681116289	1372.87	777.49	1384.41	777.61	3.3819	3.2164
422681124622	1370.71	772.78	1386.04	750.37	3.3812	3.1728
422681132956	1363.85	768.88	1385.17	765.79	3.3373	3.2283
422681141289	1372.97	764.20	1379.48	745.11	3.3248	3.1510
422681149622	1377.15	770.40	1379.27	761.88	3.3129	3.1685
422681157961	1379.31	762.02	1380.25	758.18	3.2902	3.1283
422681166294	1383.22	780.42	1378.99	762.54	3.2935	3.1294
422681174627	1381.02	770.27	1374.04	760.64	3.2901	3.0817
422681182960	1386.83	794.66	1380.94	743.83	3.2992	3.0597
422681191293	1375.10	787.20	1387.81	776.34	3.2587	3.0888
422681199626	1373.40	795.15	1383.40	772.97	3.2629	3.0780
422681207960	1366.31	785.21	1383.53	760.22	3.2366	3.0585
422681216293	1371.30	785.20	1388.16	749.89	3.2223	3.0394
422681224626	1376.74	767.27	1398.91	731.45	3.1625	3.0070
422681232960	1382.41	788.11	1394.03	737.35	3.1960	3.0060
422681241293	1385.44	771.36	1393.59	753.98	3.1733	2.9922
422681249626	1387.51	789.75	1384.46	754.44	3.1456	2.9603
422681257959	1393.42	788.07	1384.41	755.49	3.1178	2.9621
422681266292	1398.17	826.53	1384.53	793.69	3.1383	2.9499
422681274625	1414.77	827.17	1381.78	821.09	3.0957	2.9624
422681282961	1438.26	818.21	1397.20	798.18	3.1966	2.9609
422681291295	NaN	NaN	NaN	NaN	NaN	NaN
422681299628	NaN	NaN	NaN	NaN	NaN	NaN
422681307961	NaN	NaN	NaN	NaN	NaN	NaN
422681316295	NaN	NaN	NaN	NaN	NaN	NaN
422681324628	NaN	NaN	NaN	NaN	NaN	NaN
422681332960	NaN	NaN	NaN	NaN	NaN	NaN
422681341293	NaN	NaN	NaN	NaN	NaN	NaN
422681349627	NaN	NaN	NaN	NaN	NaN	NaN
422681357960	NaN	NaN	NaN	NaN	NaN	NaN
422681366293	NaN	NaN	NaN	NaN	NaN	NaN
422681374627	NaN	NaN	NaN	NaN	NaN	NaN
422681382961	NaN	NaN	NaN	NaN	NaN	NaN
422681391294	NaN	NaN	NaN	NaN	NaN	NaN
422681399627	NaN	NaN	NaN	NaN	NaN	NaN
422681407959	NaN	NaN	NaN	NaN	NaN	NaN
422681416297	NaN	NaN	NaN	NaN	NaN	NaN
422681424631	NaN	NaN	NaN	NaN	NaN	NaN
422681432964	NaN	NaN	NaN	NaN	NaN	NaN
422681441297	NaN	NaN	NaN	NaN	NaN	NaN
422681449631	NaN	NaN	NaN	NaN	NaN	NaN
422681457964	NaN	NaN	NaN	NaN	NaN	NaN
422681466298	NaN	NaN	NaN	NaN	NaN	NaN
422681474631	NaN	NaN	NaN	NaN	NaN	NaN
422681482963	NaN	NaN	NaN	NaN	NaN	NaN
422681491297	NaN	NaN	NaN	NaN	NaN	NaN
422681499630	NaN	NaN	NaN	NaN	NaN	NaN
422681507963	NaN	NaN	NaN	NaN	NaN	NaN
422681516296	NaN	NaN	NaN	NaN	NaN	NaN
422681524629	NaN	NaN	NaN	NaN	NaN	NaN
422681532963	NaN	NaN	NaN	NaN	NaN	NaN
422681541297	NaN	NaN	NaN	NaN	NaN	NaN
422681549635	NaN	NaN	NaN	NaN	NaN	NaN
422681557967	1293.11	820.57	NaN	NaN	3.0702	NaN
422681566301	NaN	NaN	1302.76	686.23	NaN	2.8470
422681574634	1315.63	776.47	1285.90	702.48	2.9958	2.8224
422681582967	1305.84	787.94	1294.58	721.10	3.0483	2.8172
422681591300	NaN	NaN	1293.58	734.14	NaN	2.8301
422681599633	1285.99	760.03	1304.95	752.08	2.9773	2.7459
422681607967	1290.25	751.40	1300.98	744.45	2.9531	2.7640
422681616300	1281.15	789.70	1293.50	736.18	2.9904	2.7395
422681624634	1284.88	815.44	1290.55	741.57	3.0405	2.7505
422681632966	1290.12	827.35	1297.92	754.22	3.0264	2.7476
422681641300	1290.24	755.63	1292.79	751.12	2.8364	2.7540
422681649633	1285.09	826.80	1300.20	768.52	2.9961	2.7826
422681657966	1298.13	843.45	1298.71	768.89	3.0518	2.7986
422681666299	1297.50	846.43	1300.61	771.62	3.0280	2.7853
422681674632	1287.64	843.62	1297.46	777.99	3.0385	2.8083
422681682970	1299.58	833.75	1305.20	763.90	3.0212	2.7681
422681691303	1301.08	819.81	1299.67	753.02	2.9994	2.8052
422681699636	1293.98	805.64	1294.56	761.99	3.0124	2.7863
422681707969	1288.34	799.59	1293.59	770.91	3.0071	2.8201
422681716303	1288.34	792.41	1290.20	763.61	2.9823	2.8012
422681724636	1296.39	733.29	1290.49	777.11	2.8346	2.8055
422681732969	1291.44	814.53	1291.91	793.04	3.0369	2.8424
422681741303	1290.25	777.21	1293.95	781.39	2.9215	2.8204
422681749635	1294.39	778.27	1292.14	787.96	2.9151	2.8253
422681757969	1286.89	773.77	NaN	NaN	2.9495	NaN
422681766302	1289.97	801.74	1299.15	762.57	3.0221	2.8354
422681774635	1285.24	820.00	1299.19	767.18	3.0719	2.8499
422681782968	1291.61	798.55	1303.76	750.16	3.0016	2.8416
422681791301	1278.93	804.68	1298.16	758.79	3.0176	2.8373
422681799635	1282.09	768.94	1290.80	775.02	2.9772	2.8486
422681807973	1194.39	827.35	1214.48	772.41	3.1455	2.8382
422681816307	NaN	NaN	1134.71	759.17	NaN	2.9182
422681824640	1060.24	768.70	1067.95	737.50	3.0536	2.9188
422681832973	1023.89	740.03	1055.91	728.91	2.9794	2.9523
422681841307	1054.65	767.39	1085.23	733.43	3.0845	2.9704
422681849639	1046.56	760.02	1074.57	729.14	3.0744	2.9400
422681857972	1045.79	751.00	1073.34	738.52	3.0606	2.9620
422681866305	1050.56	753.07	1071.02	744.10	3.0776	2.9853
422681874638	1051.37	753.54	1063.47	751.03	3.0778	2.9868
422681882972	1049.72	755.27	1066.81	736.22	3.1001	2.9417
422681891306	1045.22	739.22	1056.36	731.51	3.0708	2.9756
422681899638	1052.76	726.83	1053.32	743.60	3.0295	3.0148
422681907972	1043.98	759.18	1053.88	735.05	3.1176	2.9945
422681916306	1049.84	759.88	1054.38	721.95	3.1103	2.9763
422681924638	1048.98	762.78	1063.49	730.29	3.1246	2.9979
422681932971	1050.79	777.53	1058.87	738.89	3.1363	3.0259
422681941310	1052.79	766.97	1056.52	722.10	3.1032	2.9815
422681949642	1051.12	733.07	1058.46	733.33	3.0191	2.9478
422681957976	1042.61	777.18	1055.79	759.15	3.1405	2.9856
422681966310	1048.77	779.74	1058.36	748.62	3.1561	2.9821
422681974643	1048.68	790.47	1064.00	735.62	3.1680	2.9605
422681982976	1045.04	765.97	1061.34	726.30	3.1154	2.9622
422681991309	1041.08	742.78	1064.66	725.54	3.0511	2.9707
422681999643	1050.46	785.74	1059.38	708.17	3.1552	2.9541
422682007975	1045.05	769.15	1060.53	726.25	3.1203	2.9743
422682016308	1045.96	767.25	1059.72	713.34	3.1093	2.9539
422682024642	1044.12	766.09	1066.98	729.50	3.1270	2.9537
422682032975	1048.84	786.02	1064.08	720.73	3.1327	2.9452
422682041308	1039.80	777.97	1062.25	733.29	3.1105	2.9361
422682049642	1042.10	769.33	1059.62	744.94	3.1239	2.9442
422682057975	1051.14	780.98	1055.49	742.12	3.1383	2.9391
422682066312	1052.13	776.78	1054.24	737.05	3.0986	2.9447
422682074646	1048.63	788.09	1052.85	735.84	3.1186	2.9235
422682082977	1052.40	775.50	1049.78	726.68	3.1045	2.9624
422682091311	1051.25	786.22	1055.47	710.38	3.1240	2.9214
422682099644	1052.67	772.51	1055.56	723.37	3.0885	2.9399
422682107978	1057.12	790.56	1050.19	711.00	3.1181	2.9066
422682116311	1079.35	747.54	1098.22	721.86	3.0633	2.9302
422682124645	1169.82	773.71	1182.17	744.08	3.1181	2.9336
422682132978	1255.18	773.77	1261.75	721.32	3.1170	2.9235
422682141311	1319.00	764.44	1324.52	711.35	3.1527	2.9208
422682149644	1314.66	706.80	1333.62	705.74	2.9970	2.8911
422682157977	1318.87	770.90	1320.75	706.14	3.1644	2.9265
422682166310	1323.10	760.08	1321.87	707.59	3.1513	2.9190
422682174643	1330.31	768.36	1318.89	704.62	3.1639	2.9257
422682182976	1336.72	763.88	1314.79	701.34	3.1404	2.9030
422682191310	1337.17	756.19	1322.99	694.03	3.1367	2.9039
422682199656	1335.18	748.15	1327.04	703.16	3.1322	2.8882
422682207990	1330.36	770.13	1320.66	710.81	3.1666	2.8994
422682216323	1331.66	753.16	1324.27	703.34	3.1279	2.9088
422682224657	1331.19	746.22	1320.79	721.44	3.1058	2.9141
422682232989	1328.39	731.24	1321.70	729.29	3.0868	2.9068
422682241322	1327.64	738.58	1329.29	727.57	3.0984	2.8934
422682249655	1329.67	751.71	1323.38	724.71	3.1297	2.9108
422682257988	1329.01	745.35	1318.63	722.96	3.1201	2.9127
422682266322	1324.11	753.78	1323.72	711.51	3.1597	2.9086
422682274656	1325.87	725.22	1321.25	704.59	3.0711	2.9149
422682282989	1321.00	751.65	1330.25	705.75	3.1524	2.9320
422682291322	1323.43	733.14	1326.90	708.50	3.1011	2.9179
422682299656	1327.46	719.63	1328.41	719.66	3.1032	2.9381
422682307988	1331.03	727.96	1327.07	720.56	3.0989	2.9238
422682316321	1325.23	742.95	1329.75	732.67	3.1458	2.9250
422682324654	1326.84	745.18	1325.41	731.18	3.1537	2.9153
422682332985	1334.69	716.57	1318.78	729.43	3.0942	2.9282
422682341319	1325.95	748.88	1318.67	734.53	3.1490	2.9313
422682349652	1339.44	736.38	1319.87	724.94	3.1498	2.9249
422682357986	1317.85	715.91	1307.60	707.03	3.0811	2.9320
422682366319	1282.24	672.24	1286.63	666.69	3.0799	2.9528
422682374652	1290.17	692.78	1278.10	677.93	3.1452	2.9934
422682382986	1288.69	657.49	1280.42	681.88	3.0832	2.9895
422682391318	1291.18	664.41	1286.29	682.40	3.0806	2.9928
422682399651	1288.65	694.07	1292.55	668.53	3.1551	2.9804
422682407984	1285.53	669.73	1287.20	673.71	3.0986	2.9818
422682416318	1288.33	670.30	1287.54	666.53	3.1184	2.9709
422682424651	1282.62	693.36	1286.64	671.27	3.1706	2.9826
422682432984	1281.46	687.24	1287.77	682.20	3.1484	2.9825
422682441318	1283.06	664.97	1284.72	691.78	3.1126	3.0000
422682449651	1285.88	688.62	1286.64	685.21	3.1551	3.0002
422682457985	1284.33	673.19	1287.77	694.93	3.1382	2.9944
422682466322	1283.72	703.56	1282.47	691.68	3.2110	3.0038
422682474656	1280.70	699.99	1291.22	689.43	3.2178	3.0137
422682482988	1282.14	699.66	1285.68	693.47	3.2169	3.0353
422682491322	1280.63	657.42	1284.81	689.42	3.1522	3.0185
422682499655	1278.30	665.68	1283.26	691.95	3.1474	3.0151
422682507988	1282.70	685.93	1279.02	688.86	3.1783	3.0132
422682516322	1284.31	690.63	1282.14	679.70	3.1948	3.0199
422682524656	1284.88	699.91	1278.99	675.46	3.2349	3.0291
422682532989	1279.91	702.72	1287.82	675.32	3.2340	3.0137
422682541321	1285.58	683.46	1282.36	670.74	3.1787	3.0266
422682549654	1284.65	693.98	1283.33	666.60	3.2047	3.0355
422682557988	1282.05	683.33	1287.41	668.59	3.1953	3.0210
422682566321	1281.21	701.90	1290.07	668.83	3.2547	3.0228
422682574654	1280.21	704.18	1281.83	674.43	3.2425	3.0422
422682582987	1283.18	696.61	1281.27	678.74	3.2376	3.0252
422682591321	1282.33	723.46	1282.04	681.29	3.3045	3.0246
422682599658	1283.44	674.53	1281.70	690.38	3.2065	3.0382
422682607992	1281.91	684.36	1284.38	692.07	3.2075	3.0311
422682616324	1281.82	658.00	1284.40	694.16	3.1285	3.0508
422682624657	1281.51	662.54	1283.18	690.48	3.1601	3.0408
422682632991	1280.44	669.51	1285.83	691.74	3.1432	3.0505
422682641324	1278.32	666.98	1286.18	685.84	3.1557	3.0425
422682649657	1284.63	666.33	1288.00	696.52	3.1591	3.0534
422682657990	1289.91	691.23	1282.29	696.51	3.2136	3.0370
422682666324	1284.56	660.37	1282.67	694.33	3.1641	3.0352
422682674657	1288.48	679.98	1284.02	690.55	3.2096	3.0510
422682682990	1288.44	687.06	1289.88	682.86	3.1974	3.0379
422682691323	1284.14	673.73	1285.81	689.05	3.1736	3.0508
422682699656	1290.58	693.83	1290.50	693.92	3.2154	3.0387
422682707990	1285.07	703.93	1287.20	686.99	3.2225	3.0330
422682716323	1296.28	712.35	1309.26	699.85	3.2517	2.9945
422682724660	1322.33	734.18	1334.66	721.78	3.2240	3.0168
422682732993	1335.73	767.54	1331.64	719.14	3.2741	3.0088
422682741326	1342.25	768.31	1335.07	708.44	3.2711	2.9950
422682749660	1338.72	740.80	1330.22	710.18	3.2439	2.9983
422682757993	1339.01	697.72	1330.42	708.33	3.1192	3.0031
422682766326	1341.90	739.13	1337.13	704.44	3.2224	2.9950
422682774659	1333.37	747.26	1337.21	704.20	3.2316	3.0058
422682782993	1341.32	713.30	1341.09	695.82	3.1555	2.9924
422682791326	1339.54	733.58	1338.92	694.27	3.1954	3.0038
422682799659	1345.51	740.44	1335.80	699.67	3.2033	2.9998
422682807993	1339.71	734.71	1335.31	697.31	3.1925	2.9990
422682816325	1344.88	734.19	1332.07	706.21	3.1973	3.0129
422682824659	1341.67	731.86	1335.22	708.72	3.1995	3.0004
422682832992	1339.94	720.87	1340.54	707.66	3.1713	3.0006
422682841324	1343.52	727.65	1331.52	707.49	3.1965	3.0057
422682849658	1345.98	733.91	1336.93	708.85	3.2109	2.9849
422682857996	1346.63	735.59	1330.44	712.92	3.2176	3.0078
422682866329	1350.51	733.18	1333.61	711.32	3.2341	2.9880
422682874662	1344.30	732.98	1335.84	712.83	3.2132	3.0004
422682882996	1345.72	736.37	1335.37	703.56	3.2204	3.0183
422682891329	1347.31	735.81	1335.56	703.23	3.2177	3.0096
422682899662	1341.22	737.57	1337.98	703.60	3.2229	3.0182
422682907995	1347.14	736.67	1339.20	703.79	3.2264	2.9962
422682916327	1344.96	721.53	1342.60	704.05	3.2171	3.0059
422682924661	1334.28	730.50	1337.45	701.46	3.2229	3.0009
422682932994	1340.73	725.85	1336.97	704.21	3.2080	3.0045
422682941328	1341.47	709.75	1335.53	702.89	3.1891	3.0065
422682949661	1336.52	714.53	1331.52	696.67	3.1881	2.9932
422682957994	1342.54	719.45	1341.51	698.62	3.1900	2.9969
422682966328	1345.91	735.69	1334.73	700.22	3.2193	3.0175
422682974661	1348.11	729.55	1340.75	708.03	3.2186	3.0108
422682982994	1344.98	747.11	1333.79	710.43	3.2422	3.0184
422682991331	1345.66	740.43	1332.85	713.57	3.2443	3.0126
422682999665	1344.60	739.62	1355.92	723.77	3.2500	3.0215
422683007998	1388.23	734.86	1402.81	729.96	3.2280	3.0334
422683016331	1397.14	759.44	1408.81	732.91	3.2722	3.0381
422683024665	1390.95	755.64	1407.27	725.91	3.2636	3.0445
422683032998	1392.81	729.95	1403.86	725.12	3.2285	3.0533
422683041332	1393.05	759.82	1401.03	709.68	3.2849	3.0258
422683049665	1400.43	750.30	1395.17	712.56	3.2629	3.0408
422683057998	1403.16	775.79	1406.68	707.74	3.3190	3.0438
422683066330	1398.30	768.75	1401.35	713.24	3.2911	3.0459
422683074664	1397.17	767.88	1394.42	707.88	3.3026	3.0440
422683082997	1395.74	771.58	1394.73	713.45	3.3212	3.0500
422683091330	1402.37	752.67	1393.68	714.21	3.2632	3.0567
422683099664	1400.81	761.27	1393.37	706.37	3.2911	3.0632
422683107997	1401.62	747.91	1395.33	714.89	3.2683	3.0596
422683116331	1402.83	755.17	1392.92	721.19	3.3001	3.0639
422683124668	1399.23	756.18	1394.24	731.81	3.3018	3.0758
422683133001	1394.96	762.42	1394.70	723.44	3.3192	3.0465
422683141334	1399.49	771.52	1398.80	725.16	3.3310	3.0661
422683149666	1398.67	759.54	1398.18	722.67	3.3073	3.0891
422683158000	1397.78	767.30	1399.52	731.13	3.3409	3.0975
422683166333	1398.68	721.16	1400.05	718.90	3.2598	3.0936
422683174666	1400.36	723.26	1398.86	717.64	3.2568	3.0918
422683183000	1365.38	740.57	1381.51	717.55	3.2929	3.1059
422683191334	1267.47	776.85	1300.13	763.49	3.3587	3.1635
422683199667	1188.76	782.67	1206.42	793.64	3.3565	3.2418
422683208000	1127.31	762.16	1142.53	755.64	3.3327	3.1607
422683216333	1150.76	766.70	1158.97	749.41	3.2943	3.1884
422683224666	1147.30	746.52	1158.26	761.02	3.2651	3.1898
422683232999	1155.03	781.65	1158.50	760.27	3.3662	3.1723
422683241332	1144.12	754.52	1155.18	768.10	3.2802	3.1933
422683249670	1152.30	767.27	1152.91	753.05	3.3134	3.1492
422683258004	1154.87	769.82	1148.46	735.70	3.3333	3.1043
422683266337	1150.05	780.05	1148.22	764.47	3.3652	3.1541
422683274671	1149.63	766.66	1144.58	737.52	3.3102	3.0959
422683283004	1144.04	758.35	1147.16	729.69	3.2886	3.1048
422683291337	1150.15	763.90	1147.90	745.81	3.3054	3.1361
422683299670	1148.70	759.69	1141.34	751.59	3.3217	3.1662
422683308003	1145.13	770.23	1148.58	739.40	3.3321	3.1608
422683316336	1146.28	761.49	1143.09	740.66	3.3148	3.1578
422683324670	1145.76	732.43	1140.01	737.56	3.2451	3.1238
422683333003	1143.98	736.14	1147.75	760.62	3.2713	3.1827
422683341336	1142.04	743.47	1147.04	733.55	3.2446	3.1223
422683349670	1148.86	766.13	1147.15	751.44	3.3005	3.1535
422683358003	1142.21	745.89	1149.27	766.69	3.2581	3.1872
422683366336	1143.95	745.41	1144.02	766.73	3.2745	3.2080
422683374669	1150.55	786.29	1147.09	721.21	3.3505	3.0927
422683383007	1148.53	778.58	1142.12	771.45	3.3489	3.1850
422683391341	1146.73	756.56	1149.84	765.40	3.2876	3.1857
422683399673	1149.79	773.23	1140.58	780.04	3.3406	3.1835
422683408007	1159.34	774.04	1147.36	732.56	3.3377	3.1005
422683416340	1144.37	777.11	1150.96	768.46	3.3524	3.1877
422683424673	1160.34	779.31	1147.61	726.20	3.3467	3.0957
422683433007	1154.24	772.67	1146.27	717.80	3.3433	3.0827
422683441339	1152.98	750.78	1143.60	762.36	3.2758	3.1803
422683449673	1153.68	735.50	1150.12	758.63	3.2424	3.2052
422683458006	1157.60	777.72	1154.80	766.79	3.3270	3.2103
422683466339	1157.63	774.60	1145.66	756.33	3.3547	3.1857
422683474673	1153.99	736.41	1148.51	757.38	3.2635	3.2119
422683483006	1151.14	770.06	1147.56	755.97	3.3196	3.2005
422683491339	1159.54	764.98	1149.58	718.56	3.3233	3.0807
422683499672	1153.19	772.64	1149.21	721.99	3.3305	3.0881
422683508006	1153.52	778.79	1149.89	769.60	3.3269	3.1944
422683516344	1161.39	781.68	1151.49	777.20	3.3580	3.1978
422683524677	1151.43	778.03	1148.01	774.24	3.3387	3.1889
422683533011	1151.46	775.45	1146.43	774.80	3.3533	3.1853
422683541344	1169.57	774.23	1163.28	782.00	3.3276	3.1968
422683549678	1208.63	782.92	1214.36	769.74	3.3343	3.1982
422683558011	1222.49	777.96	1219.55	795.43	3.3519	3.2506
422683566344	1231.11	773.69	1225.55	787.17	3.3566	3.2493
422683574678	1219.78	767.13	1218.74	761.26	3.3292	3.1780
422683583011	1224.75	764.98	1217.90	774.70	3.3402	3.2513
422683591343	1226.85	766.67	1222.08	759.75	3.3480	3.2023
422683599676	1223.35	776.17	1222.63	739.30	3.3478	3.1371
422683608010	1220.46	777.40	1220.43	756.80	3.3643	3.2102
422683616343	1213.88	763.14	1214.44	780.96	3.3263	3.2330
422683624677	1224.54	766.56	1223.47	770.31	3.3279	3.1976
422683633010	1221.78	771.69	1222.36	739.05	3.3353	3.1326
422683641346	1221.24	765.55	1224.42	755.43	3.3298	3.1618
422683649680	1220.24	765.02	1225.49	784.64	3.3318	3.2113
422683658013	1221.23	781.15	1237.45	780.62	3.3612	3.2130
422683666345	1224.14	782.21	1235.63	791.50	3.3645	3.2515
422683674679	1219.34	775.97	1238.55	773.82	3.3677	3.2179
422683683012	1223.69	776.00	1239.53	737.05	3.3450	3.1564
422683691345	1223.47	767.32	1236.00	772.56	3.3437	3.2194
422683699678	1227.20	771.75	1237.00	757.13	3.3669	3.1669
422683708012	1225.23	773.02	1221.73	796.11	3.3460	3.2662
