t	gaze_point_LX	gaze_point_LY	gaze_point_RX	gaze_point_RY	pupil_diameter_L	pupil_diameter_R
315663585670	1397.95	715.62	1382.36	688.77	2.6843	2.8527
315663594004	1404.08	713.63	1385.61	692.45	2.6987	2.8532
315663602337	1397.99	715.06	1384.57	693.33	2.6994	2.8592
315663610669	1397.71	705.81	1383.89	693.99	2.7020	2.8455
315663619003	1400.29	717.24	1383.90	689.73	2.7021	2.8511
315663627336	1398.53	713.57	1381.15	688.48	2.6969	2.8551
315663635670	1400.84	715.69	1386.82	694.73	2.6893	2.8551
315663644003	1402.62	713.84	1395.06	695.98	2.6958	2.8370
315663652336	1365.89	734.53	1391.96	688.51	2.6969	2.8616
315663660669	1300.65	753.29	1336.07	682.31	2.6890	2.8593
315663669007	1284.60	705.74	1300.64	694.05	2.6907	2.8540
315663677340	1274.37	714.73	1298.81	706.65	2.6578	2.8428
315663685673	1266.32	721.34	1303.52	707.44	2.6642	2.8523
315663694008	1265.28	719.27	1299.30	716.65	2.6611	2.8415
315663702341	1266.16	723.39	1305.17	718.38	2.6855	2.8512
315663710674	1259.78	722.25	1306.20	721.85	2.6703	2.8563
315663719008	1260.48	722.55	1307.36	720.68	2.6729	2.8449
315663727341	1257.25	724.38	1304.06	717.95	2.6845	2.8638
315663735674	1262.65	717.91	1307.72	721.33	2.6716	2.8610
315663744008	1262.68	716.66	1309.80	718.51	2.6726	2.8693
315663752341	1265.94	712.63	1309.07	715.80	2.6801	2.8648
315663760674	1263.16	711.93	1308.41	713.87	2.6702	2.8508
315663769008	1267.12	710.15	1304.44	715.25	2.6758	2.8683
315663777340	1267.52	711.67	1300.60	714.21	2.6648	2.8641
315663785674	1262.92	715.64	1297.06	715.25	2.6852	2.8739
315663794007	1265.83	719.24	1294.67	711.36	2.7017	2.8598
315663802346	1265.18	719.73	1293.74	713.89	2.6996	2.8734
315663810679	1263.91	719.53	1292.24	712.12	2.6986	2.8746
315663819013	1261.20	715.57	1291.92	709.12	2.6934	2.8807
315663827346	1264.56	717.85	1293.52	714.74	2.7009	2.8870
315663835679	1266.62	709.33	1292.43	713.51	2.6969	2.8810
315663844013	1265.43	713.15	1290.80	714.62	2.6998	2.8797
315663852346	1263.98	704.77	1293.80	709.01	2.7082	2.8936
315663860678	1264.44	710.56	1295.95	711.95	2.7240	2.9052
315663869012	1261.75	720.25	1295.87	712.66	2.7433	2.9099
315663877345	1256.54	718.14	1295.63	717.56	2.7356	2.9205
315663885678	1261.73	718.75	1295.54	716.06	2.7269	2.9259
315663894012	1263.83	722.79	1297.90	713.80	2.7597	2.9321
315663902345	1264.93	732.73	1293.99	717.09	2.7767	2.9442
315663910678	1270.14	721.81	1297.04	713.01	2.7686	2.9485
315663919012	1271.53	723.53	1284.01	715.08	2.7747	2.9573
315663927345	1275.86	726.06	1283.94	713.84	2.7926	2.9614
315663935682	1278.09	729.68	1284.27	708.80	2.8047	2.9675
315663944015	1282.52	730.58	1281.24	711.92	2.8012	2.9810
315663952348	1283.13	722.15	1285.38	711.56	2.8038	2.9911
315663960681	1282.94	716.00	1284.84	707.45	2.8221	2.9944
315663969015	1278.16	715.57	1280.23	707.50	2.8376	3.0124
315663977348	1285.73	719.68	1281.45	710.18	2.8443	3.0138
315663985681	1283.14	718.96	1281.99	707.52	2.8576	3.0172
315663994015	1284.00	722.95	1281.03	709.50	2.8656	3.0385
315664002348	1282.48	719.55	1282.31	709.18	2.8717	3.0360
315664010681	1284.29	708.46	1281.96	713.97	2.8836	3.0482
315664019015	1282.72	710.09	1281.68	713.30	2.8844	3.0680
315664027347	1278.93	708.47	1280.29	714.75	2.9017	3.0721
315664035680	1278.39	713.40	1283.77	718.09	2.9041	3.0794
315664044014	1272.83	721.53	1278.13	715.89	2.9119	3.0881
315664052347	1277.22	723.92	1273.89	715.57	2.9194	3.1024
315664060680	1281.33	730.71	1275.42	722.35	2.9421	3.1114
315664069018	1280.47	732.26	1278.63	719.06	2.9334	3.1093
315664077352	1279.13	732.86	1284.93	718.06	2.9589	3.1176
315664085685	1282.64	723.05	1284.24	717.21	2.9594	3.1266
315664094019	1284.76	723.68	1279.88	718.19	2.9673	3.1443
315664102352	1284.35	726.06	1277.92	716.09	2.9904	3.1567
315664110684	1286.13	723.14	1277.07	716.94	2.9843	3.1531
315664119017	1285.72	720.97	1274.69	722.75	2.9952	3.1731
315664127351	1289.82	720.68	1273.43	722.95	3.0045	3.1773
315664135684	1299.97	723.94	1278.08	720.58	3.0143	3.1779
315664144017	1292.93	722.25	1282.93	713.19	3.0257	3.1971
315664152351	1297.12	726.90	1282.39	712.60	3.0385	3.2077
315664160684	1297.11	726.38	1286.01	706.79	3.0394	3.2026
315664169016	1298.84	727.76	1286.75	705.99	3.0426	3.2186
315664177351	1304.33	725.13	1280.14	705.42	3.0472	3.2255
315664185682	1297.55	724.84	1288.35	710.81	3.0433	3.2267
315664194020	1305.09	722.90	1286.70	713.28	3.0500	3.2301
315664202355	1300.49	723.07	1290.32	720.42	3.0432	3.2263
315664210688	1298.42	720.84	1289.94	723.20	3.0396	3.2255
315664219021	1291.84	720.75	1285.00	725.47	3.0342	3.2205
315664227353	1290.42	723.68	1280.50	723.45	3.0150	3.2149
315664235686	1289.63	727.00	1284.41	715.43	3.0103	3.1952
315664244021	1269.86	722.28	1290.04	705.90	2.9821	3.1968
315664252355	1314.57	698.00	1305.48	685.28	2.9850	3.1816
315664260688	1322.59	686.58	1304.45	697.40	2.9668	3.1517
315664269021	1305.77	691.92	1303.83	682.93	2.9630	3.1408
315664277354	1300.11	694.15	1303.20	682.67	2.9386	3.1423
315664285685	1295.96	694.71	1308.40	675.07	2.9264	3.1303
315664294018	1289.91	696.97	1301.85	679.40	2.9143	3.1083
315664302352	1289.98	695.08	1297.90	675.82	2.8932	3.0879
315664310685	1296.36	694.26	1298.33	670.55	2.8883	3.0724
315664319018	1298.91	694.98	1307.68	672.17	2.8754	3.0603
315664327357	1301.26	696.82	1314.18	671.09	2.8510	3.0357
315664335690	1298.91	696.47	1317.23	667.08	2.8510	3.0248
315664344023	1300.67	694.03	1321.93	667.64	2.8347	3.0161
315664352357	1300.34	693.82	1325.36	664.07	2.8192	2.9954
315664360689	1302.18	688.49	1323.29	664.38	2.8103	2.9755
315664369022	1306.69	686.44	1326.11	671.06	2.8011	2.9808
315664377356	1301.57	680.03	1319.39	666.82	2.7880	2.9491
315664385689	1307.46	678.66	1318.20	665.48	2.7674	2.9541
315664394022	1308.30	676.57	1315.52	662.91	2.7630	2.9353
315664402356	1309.05	680.09	1319.85	663.37	2.7671	2.9285
315664410689	1306.13	676.97	1318.85	660.40	2.7512	2.9192
315664419022	1305.55	672.27	1321.73	661.36	2.7566	2.9241
315664427356	1308.83	678.28	1327.77	659.07	2.7298	2.9148
315664435689	1307.60	674.25	1323.35	655.74	2.7347	2.9088
315664444022	1304.53	671.72	1324.09	654.76	2.7271	2.8971
315664452355	1302.91	671.48	1324.45	657.52	2.7288	2.9107
315664460693	1304.94	674.31	1326.76	652.31	2.7199	2.8882
315664469026	1301.96	678.64	1321.33	657.31	2.7255	2.8768
315664477360	1304.00	676.86	1327.67	650.52	2.7160	2.8860
315664485693	1323.08	655.16	1350.23	634.92	2.7318	2.8641
315664494026	1324.38	648.97	1364.06	599.47	2.7158	2.8646
315664502360	1327.01	634.79	1365.19	601.26	2.7349	2.8781
315664510693	1327.74	634.78	1361.30	596.86	2.7231	2.8867
315664519026	1331.00	638.61	1357.84	597.42	2.7368	2.8907
315664527362	1328.13	645.01	1359.43	592.02	2.7379	2.8929
315664535694	1329.38	644.00	1358.20	594.17	2.7245	2.8928
315664544027	1330.27	643.40	1361.77	602.81	2.7469	2.8848
315664552361	1329.29	646.03	1358.26	598.72	2.7474	2.8840
315664560694	1334.54	640.42	1359.39	594.97	2.7395	2.8934
315664569027	1331.95	644.41	1364.97	600.04	2.7414	2.8979
315664577361	1325.88	637.42	1364.81	603.13	2.7431	2.8859
315664585697	1333.26	643.07	1364.03	602.78	2.7429	2.8977
315664594030	1330.51	642.31	1366.40	607.57	2.7622	2.8944
315664602361	1332.91	636.41	1368.18	605.71	2.7538	2.8987
315664610697	1337.70	637.29	1368.66	604.11	2.7654	2.9108
315664619027	1333.22	639.76	1364.20	604.01	2.7645	2.9057
315664627360	1334.68	643.51	1368.33	607.31	2.7708	2.9123
315664635694	1328.11	639.90	1371.01	607.51	2.7792	2.9121
315664644027	1331.35	641.15	1369.65	599.77	2.7803	2.9167
315664652360	1328.81	645.06	1371.86	603.93	2.7938	2.9219
315664660694	1327.62	648.16	1370.04	601.23	2.7989	2.9227
315664669029	1324.29	650.96	1374.79	605.43	2.7931	2.9448
315664677362	1329.94	656.37	1369.84	612.15	2.7987	2.9420
315664685696	1330.34	654.07	1372.47	605.60	2.8019	2.9386
315664694029	1327.31	655.68	1373.98	611.49	2.8107	2.9524
315664702362	1323.41	670.74	1375.85	611.68	2.8160	2.9509
315664710695	1347.85	631.55	1392.44	599.55	2.8426	2.9627
315664719032	1390.18	580.49	1439.61	574.99	2.8713	2.9639
315664727365	1394.23	573.70	1414.42	576.70	2.8615	2.9508
315664735699	1394.34	573.07	1410.90	573.69	2.8709	2.9613
315664744032	1395.33	580.77	1405.98	579.77	2.8797	2.9752
315664752365	1405.05	573.15	1407.39	575.06	2.8925	2.9767
315664760699	1400.94	578.64	1410.72	581.42	2.9092	2.9860
315664769032	1400.73	580.65	1417.63	578.36	2.9039	2.9793
315664777365	1398.74	576.62	1417.62	577.59	2.9155	2.9894
315664785699	1394.40	575.50	1417.55	580.66	2.8974	2.9901
315664794032	1386.77	582.64	1418.37	581.26	2.9145	3.0032
315664802365	1384.79	577.53	1417.42	582.57	2.9286	3.0009
315664810699	1381.85	582.13	1417.38	582.77	2.9395	3.0066
315664819032	1377.84	579.07	1420.60	583.71	2.9266	3.0135
315664827366	1369.04	579.21	1422.51	586.02	2.9286	3.0249
315664835697	1368.90	585.00	1422.37	587.87	2.9405	3.0310
315664844031	1367.77	583.15	1427.57	587.64	2.9579	3.0302
315664852371	1372.59	575.12	1425.56	586.88	2.9548	3.0412
315664860705	1375.11	580.10	1428.21	585.94	2.9626	3.0456
315664869038	1374.04	586.50	1423.94	586.55	2.9682	3.0389
315664877371	1373.10	587.18	1422.95	593.61	2.9688	3.0515
315664885705	1373.49	590.40	1422.80	590.20	2.9704	3.0452
315664894036	1376.29	590.60	1422.45	587.83	2.9774	3.0532
315664902369	1378.28	599.36	1422.41	587.69	2.9783	3.0582
315664910703	1368.24	605.75	1424.78	592.26	2.9795	3.0551
315664919036	1369.65	602.81	1428.93	591.80	2.9823	3.0726
315664927368	1370.10	598.40	1434.05	585.29	2.9865	3.0726
315664935704	1369.77	599.71	1435.69	584.93	2.9734	3.0722
315664944037	1378.08	599.44	1444.11	580.71	2.9912	3.0730
315664952370	1385.17	602.46	1440.42	577.63	2.9893	3.0844
315664960704	1389.73	601.95	1439.74	580.04	3.0040	3.0822
315664969037	1391.28	596.26	1439.45	580.21	3.0024	3.0817
315664977370	1385.91	595.23	1438.41	579.18	2.9975	3.0910
315664985709	1387.64	601.20	1435.42	578.64	3.0044	3.0854
315664994042	1389.70	588.55	1433.08	579.10	2.9981	3.0956
315665002375	1383.84	587.68	1432.63	581.76	3.0010	3.0991
315665010709	1381.36	590.35	1428.67	586.14	3.0078	3.1042
315665019042	1379.98	597.55	1432.06	590.30	3.0171	3.0982
315665027375	1380.28	597.47	1426.93	587.50	3.0073	3.1016
315665035708	1383.05	606.29	1424.97	587.11	3.0111	3.1069
315665044039	1376.16	605.91	1430.54	586.23	3.0091	3.1093
315665052372	1380.93	608.62	1425.62	587.35	3.0168	3.1090
315665060706	1383.15	609.33	1424.42	590.81	3.0116	3.1171
315665069039	1385.00	600.38	1419.06	590.52	3.0212	3.1083
315665077372	1388.30	599.35	1418.27	599.95	3.0211	3.1277
315665085706	1387.57	597.29	1416.41	600.59	3.0275	3.1227
315665094039	1395.41	599.58	1415.85	599.54	3.0265	3.1193
315665102372	1389.85	604.22	1422.45	595.14	3.0246	3.1171
315665110710	1390.11	598.89	1417.92	592.88	3.0329	3.1171
315665119043	1393.75	600.22	1417.16	588.74	3.0351	3.1350
315665127376	1390.07	602.34	1415.27	589.15	3.0289	3.1129
315665135710	1394.07	601.46	1413.22	589.60	3.0318	3.1247
315665144043	1389.54	603.58	1410.63	595.46	3.0367	3.1431
315665152376	1388.26	605.07	1400.66	594.01	3.0360	3.1417
315665160709	1389.35	601.26	1400.40	592.99	3.0526	3.1349
315665169043	1385.82	601.86	1397.26	591.29	3.0422	3.1455
315665177376	1395.07	593.27	1397.20	592.54	3.0490	3.1409
315665185709	1417.06	606.20	1439.88	622.45	3.0481	3.1625
315665194043	1440.27	598.62	1503.10	592.08	3.0517	3.1633
315665202375	1448.26	599.71	1506.26	595.31	3.0523	3.1659
315665210708	1446.39	601.67	1500.18	597.46	3.0578	3.1784
315665219042	1442.61	597.10	1498.30	591.22	3.0652	3.1765
315665227375	1450.26	594.55	1492.50	599.34	3.0598	3.1776
315665235708	1448.45	592.04	1493.64	599.29	3.0650	3.1829
315665244049	1452.41	590.03	1490.45	613.33	3.0802	3.1855
315665252382	1449.92	591.46	1489.31	613.75	3.0708	3.1872
315665260715	1450.12	591.99	1487.80	613.87	3.0761	3.1974
315665269049	1451.28	598.39	1474.80	624.01	3.0735	3.1859
315665277382	1454.73	595.88	1463.20	638.43	3.0853	3.1919
315665285714	1449.61	600.99	1462.95	651.41	3.0899	3.1850
315665294048	1450.80	606.32	1451.49	661.18	3.0845	3.1934
315665302381	1445.47	607.79	1455.85	658.57	3.0903	3.1961
315665310714	1439.45	610.01	1452.50	672.64	3.0874	3.1904
315665319048	1438.75	611.47	1448.76	672.57	3.0876	3.1950
315665327381	1436.21	608.18	1445.97	673.51	3.0801	3.1989
315665335714	1438.90	604.78	1451.12	663.71	3.0831	3.1947
315665344048	1438.14	606.66	1455.79	660.74	3.0923	3.1961
315665352381	1438.58	605.05	1451.04	655.47	3.0948	3.1949
315665360714	1441.13	603.06	1450.02	643.93	3.0883	3.2146
315665369047	1442.32	595.12	1462.83	638.04	3.0863	3.2132
315665377384	1439.77	600.39	1459.35	631.99	3.0872	3.2083
315665385718	1442.43	603.34	1461.22	627.65	3.0898	3.2119
315665394051	1440.94	606.80	1470.79	620.67	3.0849	3.2100
315665402384	1439.52	604.67	1483.92	613.57	3.0802	3.2216
315665410717	1435.72	611.24	1486.07	610.08	3.0828	3.2308
315665419051	1434.15	612.99	1493.14	601.63	3.0764	3.2297
315665427384	1434.64	617.91	1497.42	601.35	3.0713	3.2325
315665435717	1433.63	610.07	1496.14	604.88	3.0783	3.2319
315665444051	1433.15	613.20	1494.99	598.46	3.0761	3.2276
315665452383	1437.70	608.22	1496.09	599.34	3.0723	3.2399
315665460716	1434.51	609.86	1496.07	596.83	3.0766	3.2373
315665469050	1436.46	606.82	1493.29	598.01	3.0707	3.2434
315665477383	1434.48	610.34	1493.58	597.22	3.0680	3.2402
315665485716	1438.12	607.77	1494.75	596.65	3.0699	3.2471
315665494050	1439.50	610.46	1491.06	598.15	3.0737	3.2428
315665502383	1437.35	608.22	1486.96	603.49	3.0737	3.2444
315665510721	1439.35	608.89	1474.63	607.13	3.0741	3.2438
315665519055	1443.28	609.75	1468.40	601.24	3.0643	3.2604
315665527388	1436.85	613.91	1461.18	606.46	3.0711	3.2417
315665535720	1427.61	606.61	1425.05	662.86	3.0677	3.2192
315665544054	1451.24	627.58	1503.82	604.78	3.0770	3.2432
315665552387	1440.26	633.45	1470.31	627.12	3.0662	3.2453
315665560720	1435.47	641.81	1449.51	628.58	3.0765	3.2337
315665569054	1384.89	659.34	1452.98	650.54	3.0712	3.2441
315665577387	1409.12	655.78	1409.60	651.24	3.0567	3.2367
315665585720	1389.36	664.31	1427.72	650.26	3.0604	3.2426
315665594054	1371.51	679.71	1416.14	679.60	3.0708	3.2497
315665602387	1368.88	690.27	1396.07	705.83	3.0563	3.2510
315665610720	1358.02	728.70	1393.32	709.32	3.0612	3.2388
315665619053	1337.80	760.72	1369.57	721.98	3.0422	3.2430
315665627384	1323.29	749.19	1350.38	736.15	3.0441	3.2368
315665635722	1323.61	729.56	1363.32	734.26	3.0522	3.2331
315665644056	1325.08	734.97	1359.08	736.19	3.0441	3.2434
315665652389	1330.03	740.80	1336.34	744.15	3.0383	3.2470
315665660722	1327.37	742.52	1338.79	732.55	3.0430	3.2431
315665669055	1322.78	741.70	1325.59	732.85	3.0467	3.2569
315665677389	1323.85	737.21	1327.71	747.54	3.0574	3.2420
315665685722	1324.71	731.72	1339.59	749.76	3.0348	3.2540
315665694056	1321.84	733.33	1344.15	742.65	3.0502	3.2417
315665702388	1317.57	730.51	1346.03	746.60	3.0482	3.2531
315665710721	1317.04	726.05	1340.01	746.77	3.0676	3.2517
315665719054	1313.95	731.03	1338.32	741.91	3.0765	3.2446
315665727388	1307.80	738.12	1336.70	746.50	3.0629	3.2599
315665735721	1314.18	739.18	1341.37	743.11	3.0569	3.2553
315665744054	1311.50	747.58	1340.66	741.84	3.0542	3.2418
315665752388	1311.64	746.94	1338.40	739.14	3.0623	3.2534
315665760722	1307.59	752.34	1337.40	737.29	3.0545	3.2666
315665769061	1304.72	749.82	1347.10	732.67	3.0680	3.2592
315665777394	1298.50	756.22	1343.66	734.78	3.0627	3.2568
315665785727	1295.03	761.44	1348.90	731.24	3.0659	3.2617
315665794060	1301.16	760.82	1350.94	734.58	3.0562	3.2665
315665802392	1298.96	760.04	1353.60	730.40	3.0572	3.2561
315665810725	1295.37	765.35	1353.67	731.27	3.0653	3.2567
315665819058	1298.48	759.06	1350.16	732.76	3.0502	3.2563
315665827392	1300.70	768.49	1348.94	738.75	3.0570	3.2613
315665835725	1306.33	756.85	1353.14	738.46	3.0525	3.2530
315665844058	1309.96	760.99	1347.75	742.33	3.0694	3.2564
315665852393	1312.83	758.74	1346.45	744.17	3.0559	3.2628
315665860726	1311.90	761.53	1345.36	748.09	3.0696	3.2484
315665869059	1311.04	761.69	1344.20	745.49	3.0607	3.2525
315665877391	1309.13	762.86	1340.69	742.90	3.0614	3.2482
315665885726	1308.23	765.85	1342.09	738.91	3.0496	3.2485
315665894059	1310.72	770.55	1341.27	743.03	3.0429	3.2525
315665902396	1308.52	770.43	1340.90	744.02	3.0474	3.2398
315665910731	1305.33	772.77	1339.08	737.99	3.0327	3.2440
315665919062	1306.39	769.62	1339.68	741.89	3.0376	3.2357
315665927398	1305.07	769.40	1338.59	747.83	3.0345	3.2488
315665935730	1302.01	776.46	1344.15	740.87	3.0363	3.2329
315665944061	1288.74	773.80	1330.43	736.10	3.0374	3.2448
315665952395	1280.30	773.56	1276.06	758.76	3.0279	3.2442
315665960728	1282.29	768.45	1287.23	753.54	3.0058	3.2188
315665969061	1285.62	773.50	1285.09	748.17	3.0213	3.2201
315665977395	1282.45	775.96	1288.49	749.05	3.0175	3.2188
315665985728	1282.11	776.83	1288.97	753.56	3.0156	3.2207
315665994061	1281.78	777.79	1290.90	753.25	3.0149	3.2205
315666002395	1285.20	769.32	1288.99	752.78	3.0105	3.2258
315666010728	1292.53	771.24	1288.05	749.54	3.0198	3.2109
315666019060	1285.06	776.45	1284.42	747.29	3.0154	3.2120
315666027398	1291.82	776.33	1282.19	752.60	3.0166	3.2117
315666035731	1287.02	767.36	1279.12	760.52	3.0096	3.2148
315666044064	1283.72	773.84	1280.73	771.82	3.0043	3.2083
315666052398	1287.46	769.61	1277.19	778.42	3.0142	3.2125
315666060731	1283.81	773.05	1279.92	774.69	3.0226	3.2202
315666069064	1287.21	775.94	1279.45	768.19	3.0284	3.2169
315666077398	1287.19	773.09	1278.98	765.68	3.0134	3.2148
315666085731	1285.43	779.02	1275.01	759.19	3.0206	3.2163
315666094064	1285.06	778.96	1273.75	754.91	3.0196	3.2263
315666102397	1285.30	781.98	1271.54	757.25	3.0141	3.2215
315666110730	1281.77	786.06	1270.59	758.63	3.0269	3.2208
315666119063	1281.46	783.69	1270.37	758.71	3.0300	3.2218
315666127397	1284.87	780.75	1272.50	753.58	3.0294	3.2140
315666135730	1288.74	779.02	1274.88	755.31	3.0282	3.2298
315666144063	1289.59	776.38	1278.97	756.39	3.0376	3.2234
315666152397	1282.80	773.23	1280.22	754.17	3.0359	3.2311
315666160736	1295.67	779.12	1284.25	752.85	3.0491	3.2335
315666169069	1285.47	774.27	1288.27	752.20	3.0283	3.2367
315666177402	1282.94	776.28	1293.28	756.17	3.0412	3.2472
315666185735	1281.59	781.57	1300.45	756.96	3.0516	3.2421
315666194068	1283.28	778.00	1301.76	766.12	3.0410	3.2447
315666202401	1283.18	775.40	1298.92	762.59	3.0363	3.2513
315666210735	1281.53	780.58	1302.51	767.40	3.0480	3.2511
315666219068	1289.08	784.45	1297.74	772.59	3.0515	3.2508
315666227401	1282.11	777.68	1297.60	767.93	3.0459	3.2557
315666235735	1284.46	777.95	1297.38	762.90	3.0494	3.2560
315666244068	1282.68	776.28	1298.41	763.05	3.0559	3.2616
315666252401	1237.59	785.72	1228.10	758.96	3.0536	3.2359
315666260735	1182.04	789.39	1200.86	780.77	3.0571	3.2548
315666269068	1151.47	810.39	1157.09	841.70	3.0461	3.2647
315666277401	1163.44	808.06	1175.33	803.95	3.0408	3.2714
315666285735	1167.92	808.44	1187.69	789.74	3.0434	3.2720
315666294072	1166.78	813.74	1192.04	788.88	3.0477	3.2620
315666302405	1172.71	807.41	1188.28	793.29	3.0412	3.2699
315666310741	1166.47	811.43	1191.62	790.57	3.0320	3.2652
315666319074	1169.50	810.01	1188.43	791.55	3.0418	3.2657
315666327405	1164.00	811.52	1192.90	790.41	3.0364	3.2643
315666335739	1168.42	810.23	1195.28	794.02	3.0343	3.2657
315666344074	1170.15	818.14	1189.43	786.13	3.0540	3.2749
315666352405	1170.10	812.22	1186.75	785.93	3.0375	3.2650
315666360741	1172.38	808.63	1182.89	788.93	3.0402	3.2639
315666369074	1169.06	816.43	1183.91	778.79	3.0316	3.2467
315666377404	1167.25	813.25	1189.79	787.11	3.0091	3.2675
315666385738	1167.13	813.27	1184.32	778.64	3.0313	3.2554
315666394071	1173.94	815.40	1181.08	783.18	3.0235	3.2551
315666402404	1172.07	811.81	1183.21	785.40	3.0257	3.2538
315666410738	1175.61	814.78	1183.08	791.16	3.0280	3.2542
315666419071	1175.80	813.05	1178.44	793.57	3.0219	3.2602
315666427409	1176.91	815.37	1181.26	793.56	3.0255	3.2465
315666435743	1177.22	811.55	1177.87	789.17	3.0143	3.2474
315666444076	1181.85	811.79	1176.59	789.18	3.0214	3.2317
315666452410	1181.23	807.87	1179.35	799.26	3.0094	3.2334
315666460742	1180.19	803.87	1174.22	795.61	3.0061	3.2295
315666469075	1174.37	801.80	1174.58	794.21	2.9902	3.2306
315666477410	1179.05	804.74	1174.21	798.97	2.9984	3.2232
315666485744	1176.40	801.81	1173.34	790.24	2.9799	3.2199
315666494075	1178.67	801.37	1168.16	790.90	2.9835	3.2231
315666502410	1180.46	802.66	1169.16	794.19	2.9779	3.2152
315666510742	1181.20	809.06	1165.35	792.25	2.9894	3.2027
315666519075	1178.84	798.05	1164.39	792.68	2.9629	3.1874
315666527410	1178.43	803.76	1163.45	793.34	2.9555	3.1856
315666535742	1181.68	801.15	1169.45	788.57	2.9450	3.1786
315666544074	1187.77	802.31	1180.63	786.81	2.9287	3.1680
315666552410	1116.01	809.20	1158.77	805.46	2.9081	3.1576
315666560744	1116.72	823.87	1144.60	809.19	2.9156	3.1516
315666569077	1120.26	818.15	1153.57	810.19	2.9052	3.1426
315666577412	1114.47	810.76	1150.10	810.64	2.8936	3.1238
315666585746	1115.97	813.72	1146.87	810.93	2.9015	3.1252
315666594079	1110.62	816.65	1145.19	814.32	2.8846	3.1100
315666602412	1108.54	814.76	1146.94	807.70	2.8607	3.0990
315666610746	1106.16	822.20	1142.50	813.03	2.8643	3.0878
315666619079	1104.81	821.73	1143.58	814.06	2.8598	3.0968
315666627411	1104.12	823.96	1140.37	813.80	2.8535	3.0836
315666635745	1100.55	817.90	1144.37	807.24	2.8394	3.0686
315666644078	1101.60	816.94	1140.69	808.70	2.8430	3.0640
315666652411	1095.48	820.73	1143.94	803.49	2.8325	3.0504
315666660745	1087.66	813.60	1144.24	807.58	2.7958	3.0424
315666669078	1093.20	819.24	1148.07	805.60	2.8291	3.0457
315666677411	1088.72	826.03	1145.67	806.51	2.8069	3.0361
315666685750	1089.13	825.60	1149.88	807.75	2.8101	3.0444
315666694085	1086.92	821.46	1151.86	807.57	2.7988	3.0216
315666702418	1087.27	817.06	1150.34	806.96	2.7869	3.0208
315666710751	1083.94	821.10	1148.19	809.90	2.7890	3.0128
315666719084	1086.70	817.17	1145.98	812.73	2.7906	3.0080
315666727417	1091.30	819.59	1141.21	822.87	2.8002	3.0089
315666735750	1092.67	816.11	1138.84	822.59	2.7734	3.0004
315666744084	1086.87	821.98	1143.24	811.14	2.7808	2.9915
315666752417	1091.14	828.88	1139.38	813.72	2.7802	2.9916
315666760752	1095.12	835.21	1135.61	810.95	2.7888	2.9936
315666769083	1092.18	836.38	1142.39	812.42	2.7826	2.9861
315666777415	1091.99	832.04	1146.68	807.39	2.7754	2.9851
315666785748	1095.33	827.46	1148.07	807.42	2.7568	2.9755
315666794082	1096.16	817.65	1141.76	811.30	2.7717	2.9706
315666802415	1094.46	822.63	1145.43	809.86	2.7646	2.9768
315666810748	1097.10	819.15	1149.53	807.64	2.7732	2.9809
315666819086	1101.44	829.87	1150.71	811.49	2.7589	2.9618
315666827419	1100.55	823.92	1164.59	816.01	2.7524	2.9660
315666835752	1112.48	845.94	1124.34	834.68	2.7696	2.9478
315666844088	1082.48	870.21	1087.32	850.51	2.7403	2.9400
315666852421	1109.06	868.55	1117.49	847.88	2.7436	2.9456
315666860754	1107.07	863.04	1110.87	847.01	2.7407	2.9304
315666869085	1116.54	867.75	1103.82	849.38	2.7355	2.9484
315666877418	1119.63	888.66	1103.09	849.62	2.7548	2.9356
315666885751	1114.92	882.79	1107.75	860.66	2.7428	2.9349
315666894085	1115.88	889.58	1102.69	863.66	2.7404	2.9298
315666902418	1112.15	885.78	1108.68	861.52	2.7340	2.9203
315666910751	1102.92	876.36	1108.21	867.15	2.7145	2.9178
315666919085	1109.42	885.45	1102.87	857.24	2.7538	2.9034
315666927418	1102.40	881.20	1109.41	872.45	2.7225	2.9282
315666935752	1099.33	889.19	1107.60	865.49	2.7365	2.9193
315666944084	1097.16	886.69	1108.37	850.13	2.7355	2.8914
