t	gaze_point_LX	gaze_point_LY	gaze_point_RX	gaze_point_RY	pupil_diameter_L	pupil_diameter_R
249600847024	1608.60	662.31	1593.21	676.34	3.8357	3.6500
249600855358	1611.46	664.41	1592.67	678.65	3.8368	3.6567
249600863691	1610.52	665.04	1587.69	670.34	3.8244	3.6498
249600872024	1496.58	668.33	1499.52	679.74	3.8377	3.6493
249600880358	1377.12	670.99	1374.95	685.04	3.8447	3.6564
249600888691	1302.29	689.31	1293.99	702.42	3.8247	3.6485
249600897024	1261.88	685.32	1241.59	696.81	3.8067	3.6509
249600905357	1309.46	698.00	1290.51	696.17	3.8152	3.6737
249600913691	1312.14	699.93	1304.64	684.48	3.8245	3.6739
249600922024	1285.92	700.36	1277.02	685.66	3.8183	3.6486
249600930358	1280.41	706.71	1265.04	691.94	3.8088	3.6436
249600938691	1281.49	709.74	1269.15	696.67	3.8085	3.6432
249600947024	1282.31	709.72	1270.09	699.77	3.8075	3.6251
249600955358	1283.79	709.82	1270.19	702.80	3.8016	3.6308
249600963691	1282.85	710.83	1270.92	705.49	3.7946	3.6320
249600972024	1282.77	708.69	1268.71	706.40	3.7947	3.6293
249600980358	1280.51	710.23	1272.06	710.97	3.7851	3.6267
249600988690	1285.07	715.66	1269.58	715.87	3.7927	3.6240
249600997023	1283.87	716.03	1271.67	719.90	3.7819	3.6222
249601005357	1283.72	713.72	1270.35	717.92	3.7771	3.6201
249601013690	1286.32	714.65	1268.08	721.75	3.7825	3.6200
249601022023	1287.54	714.99	1267.85	719.86	3.7751	3.6304
249601030357	1289.63	711.76	1269.22	713.73	3.7731	3.6160
249601038690	1288.50	715.08	1270.93	711.82	3.7699	3.6073
249601047030	1287.00	709.67	1269.20	708.87	3.7651	3.6203
249601055363	1285.76	712.73	1267.50	709.86	3.7689	3.6141
249601063697	1287.31	712.91	1268.20	707.62	3.7648	3.6066
249601072030	1284.92	713.50	1267.13	707.43	3.7646	3.6067
249601080363	1283.78	713.16	1268.20	707.35	3.7633	3.5931
249601088697	1280.34	711.89	1268.21	708.70	3.7535	3.5931
249601097030	1276.67	714.09	1270.37	712.91	3.7475	3.5881
249601105363	1274.05	713.10	1269.17	716.72	3.7547	3.5841
249601113696	1273.58	713.91	1267.69	721.04	3.7441	3.5774
249601122029	1270.13	712.16	1271.40	721.41	3.7340	3.5714
249601130362	1270.96	714.16	1272.50	723.70	3.7334	3.5689
249601138696	1268.86	714.89	1273.10	723.62	3.7362	3.5619
249601147029	1268.31	716.02	1275.00	723.58	3.7337	3.5592
249601155362	1270.68	717.89	1270.94	723.48	3.7310	3.5581
249601163696	1266.78	716.45	1273.85	722.71	3.7252	3.5534
249601172033	1276.43	715.83	1270.53	718.62	3.7160	3.5513
249601180366	1323.52	781.06	1281.22	722.98	3.6768	3.5405
249601188700	NaN	NaN	1295.35	726.29	NaN	3.5412
249601197032	NaN	NaN	1285.32	724.08	NaN	3.5425
249601205365	NaN	NaN	1285.06	717.53	NaN	3.5339
249601213700	NaN	NaN	1287.68	717.35	NaN	3.5405
249601222033	NaN	NaN	1289.60	720.15	NaN	3.5352
249601230366	NaN	NaN	1289.03	719.97	NaN	3.5379
249601238699	NaN	NaN	1288.95	723.39	NaN	3.5430
249601247032	NaN	NaN	1285.34	724.47	NaN	3.5413
249601255365	NaN	NaN	1286.59	727.59	NaN	3.5401
249601263699	NaN	NaN	1284.55	728.94	NaN	3.5558
249601272032	NaN	NaN	1284.84	730.82	NaN	3.5432
249601280365	NaN	NaN	1282.81	735.02	NaN	3.5528
249601288699	NaN	NaN	1279.82	736.65	NaN	3.5612
249601297032	NaN	NaN	1282.65	738.71	NaN	3.5610
249601305370	NaN	NaN	1277.35	735.92	NaN	3.5674
249601313704	NaN	NaN	1279.59	735.70	NaN	3.5857
249601322036	NaN	NaN	1280.44	735.67	NaN	3.5954
249601330369	NaN	NaN	1281.49	734.60	NaN	3.5944
249601338703	NaN	NaN	1282.41	730.58	NaN	3.6003
249601347036	NaN	NaN	1282.20	731.11	NaN	3.6111
249601355369	NaN	NaN	1284.39	729.00	NaN	3.6170
249601363703	NaN	NaN	1283.36	730.34	NaN	3.6291
249601372036	NaN	NaN	1283.29	735.27	NaN	3.6365
249601380369	NaN	NaN	1282.02	737.33	NaN	3.6470
249601388703	NaN	NaN	1282.97	740.11	NaN	3.6510
249601397036	NaN	NaN	1279.38	742.83	NaN	3.6651
249601405368	NaN	NaN	1278.37	744.29	NaN	3.6777
249601413702	NaN	NaN	1276.59	746.29	NaN	3.6897
249601422035	NaN	NaN	1277.95	747.08	NaN	3.6961
249601430368	NaN	NaN	1276.85	744.54	NaN	3.7026
249601438707	NaN	NaN	1274.96	746.09	NaN	3.7196
249601447040	NaN	NaN	1274.61	747.28	NaN	3.7256
249601455373	NaN	NaN	1278.15	747.38	NaN	3.7366
249601463707	NaN	NaN	1277.66	743.02	NaN	3.7505
249601472040	NaN	NaN	1278.71	739.77	NaN	3.7638
249601480373	NaN	NaN	1279.01	739.52	NaN	3.7757
249601488706	NaN	NaN	1279.45	739.45	NaN	3.7776
249601497039	1364.24	837.72	1279.51	741.47	3.8659	3.7893
249601505372	1357.20	820.90	1279.49	743.24	3.8777	3.7924
249601513706	1345.55	803.06	1279.08	745.69	3.8964	3.7981
249601522039	1341.32	790.57	1277.01	742.86	3.9061	3.7982
249601530372	1340.21	779.47	1277.22	748.26	3.9208	3.8145
249601538706	1332.99	761.47	1274.16	744.63	3.9253	3.8240
249601547039	1325.89	755.17	1278.90	743.53	3.9373	3.8308
249601555372	1326.13	751.67	1278.94	747.25	3.9392	3.8301
249601563709	1327.42	747.95	1278.06	745.22	3.9541	3.8382
249601572042	1321.78	743.10	1280.46	746.98	3.9517	3.8320
249601580375	1320.74	739.39	1280.94	749.00	3.9566	3.8448
249601588709	1316.91	734.35	1277.99	749.94	3.9646	3.8517
249601597042	1318.68	733.11	1277.91	749.06	3.9636	3.8578
249601605374	1318.84	726.33	1277.37	749.31	3.9787	3.8591
249601613707	1317.13	721.19	1276.83	748.20	3.9795	3.8583
249601622041	1315.04	723.45	1276.29	745.95	3.9808	3.8608
249601630374	1313.03	721.94	1277.96	749.82	3.9914	3.8651
249601638707	1316.75	724.61	1276.65	751.76	3.9863	3.8675
249601647041	1316.32	723.12	1277.26	751.57	3.9946	3.8745
249601655374	1314.03	721.36	1276.22	751.96	3.9863	3.8765
249601663707	1318.01	725.58	1275.19	756.62	3.9917	3.8786
249601672041	1317.28	721.83	1273.98	755.22	3.9995	3.8819
249601680374	1314.83	726.92	1273.28	757.66	3.9944	3.8817
249601688707	1317.68	732.07	1273.57	757.10	3.9940	3.8790
249601697047	1317.78	733.39	1274.48	760.84	3.9974	3.8856
249601705380	1317.17	733.74	1271.10	760.68	3.9960	3.8974
249601713713	1321.98	739.41	1272.06	762.92	3.9992	3.8904
249601722047	1318.98	735.99	1274.77	762.90	4.0024	3.8955
249601730380	1319.47	737.22	1273.43	763.89	3.9991	3.8980
249601738712	1316.33	733.28	1277.72	767.25	4.0067	3.8925
249601747046	1318.54	733.72	1277.89	768.11	4.0090	3.9056
249601755379	1304.57	725.79	1274.53	767.39	4.0073	3.9082
249601763712	1302.13	725.60	1272.23	768.81	4.0350	3.9048
249601772046	1307.47	751.42	1264.42	799.03	4.0123	3.8790
249601780379	1076.43	903.40	1256.41	1019.59	3.0302	3.4526
249601788712	NaN	NaN	NaN	NaN	NaN	NaN
249601797046	NaN	NaN	NaN	NaN	NaN	NaN
249601805379	NaN	NaN	NaN	NaN	NaN	NaN
249601813712	NaN	NaN	NaN	NaN	NaN	NaN
249601822045	NaN	NaN	NaN	NaN	NaN	NaN
249601830383	NaN	NaN	NaN	NaN	NaN	NaN
249601838716	NaN	NaN	NaN	NaN	NaN	NaN
249601847050	NaN	NaN	NaN	NaN	NaN	NaN
249601855383	NaN	NaN	NaN	NaN	NaN	NaN
249601863716	NaN	NaN	NaN	NaN	NaN	NaN
249601872050	NaN	NaN	NaN	NaN	NaN	NaN
249601880383	NaN	NaN	NaN	NaN	NaN	NaN
249601888716	NaN	NaN	NaN	NaN	NaN	NaN
249601897050	NaN	NaN	NaN	NaN	NaN	NaN
249601905382	NaN	NaN	NaN	NaN	NaN	NaN
249601913715	NaN	NaN	NaN	NaN	NaN	NaN
249601922049	NaN	NaN	NaN	NaN	NaN	NaN
249601930382	NaN	NaN	NaN	NaN	NaN	NaN
249601938715	NaN	NaN	NaN	NaN	NaN	NaN
249601947049	NaN	NaN	NaN	NaN	NaN	NaN
249601955382	NaN	NaN	NaN	NaN	NaN	NaN
249601963720	NaN	NaN	NaN	NaN	NaN	NaN
249601972054	NaN	NaN	NaN	NaN	NaN	NaN
249601980387	NaN	NaN	NaN	NaN	NaN	NaN
249601988720	NaN	NaN	NaN	NaN	NaN	NaN
249601997053	NaN	NaN	NaN	NaN	NaN	NaN
249602005386	NaN	NaN	NaN	NaN	NaN	NaN
249602013719	NaN	NaN	NaN	NaN	NaN	NaN
249602022053	NaN	NaN	NaN	NaN	NaN	NaN
249602030386	NaN	NaN	NaN	NaN	NaN	NaN
249602038719	NaN	NaN	NaN	NaN	NaN	NaN
249602047053	NaN	NaN	NaN	NaN	NaN	NaN
249602055386	NaN	NaN	NaN	NaN	NaN	NaN
249602063719	NaN	NaN	NaN	NaN	NaN	NaN
249602072052	NaN	NaN	NaN	NaN	NaN	NaN
249602080386	NaN	NaN	NaN	NaN	NaN	NaN
249602088721	NaN	NaN	NaN	NaN	NaN	NaN
249602097054	NaN	NaN	NaN	NaN	NaN	NaN
249602105387	NaN	NaN	NaN	NaN	NaN	NaN
249602113720	NaN	NaN	NaN	NaN	NaN	NaN
249602122054	NaN	NaN	NaN	NaN	NaN	NaN
249602130388	NaN	NaN	NaN	NaN	NaN	NaN
249602138721	NaN	NaN	NaN	NaN	NaN	NaN
249602147054	NaN	NaN	NaN	NaN	NaN	NaN
249602155388	NaN	NaN	NaN	NaN	NaN	NaN
249602163720	NaN	NaN	NaN	NaN	NaN	NaN
249602172053	NaN	NaN	NaN	NaN	NaN	NaN
249602180387	NaN	NaN	NaN	NaN	NaN	NaN
249602188720	NaN	NaN	NaN	NaN	NaN	NaN
249602197053	NaN	NaN	NaN	NaN	NaN	NaN
249602205387	NaN	NaN	NaN	NaN	NaN	NaN
249602213720	NaN	NaN	NaN	NaN	NaN	NaN
249602222060	NaN	NaN	NaN	NaN	NaN	NaN
249602230394	NaN	NaN	NaN	NaN	NaN	NaN
249602238727	NaN	NaN	NaN	NaN	NaN	NaN
249602247059	NaN	NaN	NaN	NaN	NaN	NaN
249602255393	NaN	NaN	NaN	NaN	NaN	NaN
249602263726	NaN	NaN	NaN	NaN	NaN	NaN
249602272059	NaN	NaN	NaN	NaN	NaN	NaN
249602280393	NaN	NaN	NaN	NaN	NaN	NaN
249602288726	NaN	NaN	NaN	NaN	NaN	NaN
249602297059	NaN	NaN	NaN	NaN	NaN	NaN
249602305393	NaN	NaN	NaN	NaN	NaN	NaN
249602313726	NaN	NaN	NaN	NaN	NaN	NaN
249602322059	NaN	NaN	NaN	NaN	NaN	NaN
249602330392	NaN	NaN	NaN	NaN	NaN	NaN
249602338679	NaN	NaN	NaN	NaN	NaN	NaN
249602346966	NaN	NaN	NaN	NaN	NaN	NaN
249602355253	NaN	NaN	NaN	NaN	NaN	NaN
249602363586	NaN	NaN	NaN	NaN	NaN	NaN
249602371920	NaN	NaN	NaN	NaN	NaN	NaN
249602380253	NaN	NaN	NaN	NaN	NaN	NaN
249602388586	NaN	NaN	NaN	NaN	NaN	NaN
249602396966	NaN	NaN	NaN	NaN	NaN	NaN
249602405346	NaN	NaN	NaN	NaN	NaN	NaN
249602413727	1265.91	633.56	1245.71	663.80	2.9684	2.7537
249602422061	1266.29	641.64	1251.89	669.94	2.9434	2.7374
249602430394	1270.78	652.05	1253.48	676.17	2.9521	2.7205
249602438727	1267.10	663.31	1252.91	677.93	2.9408	2.7118
249602447061	1267.45	668.30	1250.61	685.40	2.9542	2.7126
249602455395	1270.39	670.23	1251.59	689.52	2.9312	2.7032
249602463728	1273.88	673.30	1259.53	692.92	2.9320	2.7107
249602472061	1269.03	672.94	1260.04	695.85	2.9300	2.6956
249602480395	1272.64	680.72	1257.51	699.14	2.9307	2.6970
249602488734	1267.07	675.26	1260.81	701.50	2.9241	2.6938
249602497066	1266.22	686.83	1257.84	704.94	2.9227	2.6935
249602505400	1270.32	683.35	1260.82	706.62	2.9163	2.6941
249602513733	1269.56	685.99	1261.25	707.72	2.9198	2.6957
249602522066	1268.89	690.46	1260.60	710.47	2.9191	2.6918
249602530400	1263.21	694.44	1260.66	715.93	2.9260	2.7023
249602538733	1267.21	693.86	1260.60	710.82	2.9233	2.7035
249602547066	1270.35	690.34	1263.58	710.85	2.9238	2.7024
249602555400	1268.45	694.13	1264.15	717.42	2.9219	2.6999
249602563733	1267.67	700.20	1262.22	721.49	2.9330	2.6974
249602572066	1264.94	696.55	1263.94	715.59	2.9325	2.7133
249602580399	1267.13	702.28	1263.78	717.86	2.9318	2.7198
249602588733	1275.94	703.80	1265.03	714.22	2.9356	2.7208
249602597066	1275.73	703.65	1265.50	719.01	2.9428	2.7206
249602605399	1274.95	705.02	1267.26	720.29	2.9463	2.7240
249602613736	1282.43	709.64	1266.15	717.89	2.9682	2.7301
249602622069	1277.08	704.87	1269.62	720.01	2.9787	2.7447
249602630402	1278.87	714.84	1266.43	716.24	2.9800	2.7536
249602638736	1277.66	715.40	1271.00	719.93	2.9931	2.7529
249602647069	1275.00	718.36	1269.15	720.82	2.9989	2.7796
249602655402	1278.37	717.61	1268.12	722.99	3.0132	2.7832
249602663735	1281.52	721.02	1268.75	722.45	3.0115	2.7893
249602672068	1278.65	719.47	1271.23	717.69	3.0297	2.8016
249602680401	1277.55	720.06	1269.84	721.15	3.0245	2.8226
249602688735	1283.39	720.05	1267.40	726.53	3.0380	2.8281
249602697068	1281.39	722.62	1273.83	723.97	3.0574	2.8264
249602705401	1282.04	721.45	1273.50	721.54	3.0695	2.8415
249602713735	1288.29	717.51	1276.40	720.24	3.0779	2.8595
249602722068	1288.20	715.66	1276.71	717.84	3.0884	2.8815
249602730401	1285.46	710.51	1277.37	722.15	3.0942	2.8899
249602738735	1283.50	711.08	1278.87	717.18	3.1073	2.9023
249602747074	1284.71	713.66	1276.32	717.44	3.1161	2.9147
249602755407	1283.39	710.92	1278.31	719.50	3.1363	2.9185
249602763741	1283.38	710.91	1279.14	717.94	3.1454	2.9393
249602772074	1286.53	714.80	1278.11	718.48	3.1548	2.9543
249602780407	1286.26	716.14	1273.07	718.98	3.1587	2.9630
249602788741	1285.01	717.50	1279.30	719.73	3.1768	2.9788
249602797074	1287.73	719.64	1273.26	722.03	3.1937	2.9900
249602805407	1286.18	719.99	1271.81	720.68	3.1982	2.9966
249602813741	1281.45	721.17	1274.97	718.14	3.2055	3.0059
249602822074	1286.62	720.89	1275.40	718.65	3.2243	3.0254
249602830406	1286.23	717.87	1276.56	719.84	3.2373	3.0433
249602838740	1286.16	716.44	1279.51	717.92	3.2487	3.0472
249602847073	1286.85	710.15	1281.17	715.97	3.2516	3.0640
249602855406	1287.58	709.52	1278.78	711.50	3.2627	3.0710
249602863740	1284.76	709.14	1279.44	714.16	3.2763	3.0902
249602872073	1283.63	705.90	1279.92	712.57	3.2935	3.1054
249602880411	1282.74	708.38	1278.61	714.13	3.3001	3.1074
249602888745	1286.04	710.96	1280.07	706.73	3.3126	3.1138
249602897078	1289.05	714.93	1277.43	713.46	3.3185	3.1300
249602905411	1289.01	713.44	1283.30	714.94	3.3139	3.1393
249602913744	1290.71	716.33	1277.73	718.21	3.3194	3.1385
249602922077	1289.89	728.42	1270.49	722.62	3.3203	3.1455
249602930410	1291.82	722.19	1278.17	726.11	3.3277	3.1438
249602938744	1327.94	742.90	1316.97	738.13	3.3327	3.1637
249602947077	1348.28	773.85	1340.82	770.01	3.3414	3.1659
249602955410	1325.49	771.81	1328.31	776.01	3.3541	3.1640
249602963744	1311.81	750.06	1319.43	759.61	3.3370	3.1773
249602972077	1320.34	758.46	1328.54	759.21	3.3415	3.1669
249602980410	1324.82	758.11	1323.73	761.95	3.3134	3.1525
249602988744	1324.58	765.12	1331.52	763.27	3.3220	3.1447
249602997076	1323.23	765.85	1333.44	766.01	3.3076	3.1361
249603005410	1325.77	764.78	1331.75	764.24	3.2974	3.1339
249603013744	1325.80	766.36	1328.94	769.83	3.2978	3.1310
249603022077	1323.61	766.12	1325.70	773.07	3.2943	3.1277
249603030411	1323.06	763.63	1324.90	762.06	3.2793	3.1148
249603038745	1323.38	762.81	1333.20	762.96	3.2711	3.1087
249603047078	1324.36	763.47	1325.92	764.14	3.2591	3.0918
249603055411	1320.05	764.58	1329.66	759.41	3.2473	3.0941
249603063745	1318.89	763.48	1332.20	758.66	3.2475	3.0807
249603072078	1322.48	765.22	1333.79	760.68	3.2341	3.0675
249603080410	1320.89	767.48	1328.32	758.62	3.2317	3.0713
249603088744	1322.73	766.10	1329.32	757.23	3.2195	3.0585
249603097077	1326.85	762.85	1329.72	758.06	3.2121	3.0498
249603105410	1330.34	768.22	1329.27	755.27	3.2141	3.0483
249603113744	1328.33	764.53	1328.80	751.18	3.2030	3.0458
249603122077	1333.58	767.00	1330.25	757.63	3.1922	3.0475
249603130410	1333.45	767.88	1335.34	753.06	3.1991	3.0365
249603138754	1333.14	765.34	1334.33	753.41	3.1838	3.0339
249603147087	1335.68	767.15	1333.61	758.42	3.1861	3.0331
249603155420	1333.83	769.26	1331.08	757.92	3.1849	3.0319
249603163752	1338.63	771.18	1331.24	757.41	3.1966	3.0204
249603172086	1336.82	767.32	1329.67	753.43	3.1911	3.0253
249603180419	1335.24	768.19	1328.07	754.15	3.1900	3.0267
249603188752	1336.95	772.72	1328.93	752.82	3.1910	3.0204
249603197086	1338.08	764.65	1327.98	754.59	3.1903	3.0320
249603205419	1338.50	785.07	1346.53	769.87	3.1860	3.0307
249603213752	1413.03	845.75	1386.38	826.20	3.1863	3.0406
249603222086	1398.65	857.21	1376.61	850.65	3.1981	3.0609
249603230419	1365.89	814.74	1365.93	824.81	3.2020	3.0447
249603238752	1373.95	820.58	1375.42	817.51	3.1985	3.0548
249603247085	1385.71	824.44	1377.22	823.05	3.1994	3.0414
249603255418	1384.58	824.92	1378.29	827.20	3.1969	3.0511
249603263751	1381.39	826.34	1379.09	830.05	3.1848	3.0498
249603272088	1383.35	829.47	1377.97	827.31	3.1965	3.0550
249603280421	1381.19	825.36	1379.46	824.50	3.1899	3.0586
249603288754	1378.85	824.82	1379.26	824.84	3.1941	3.0687
249603297088	1384.83	824.58	1373.03	822.71	3.1973	3.0603
249603305421	1388.57	823.09	1377.10	821.30	3.1967	3.0623
249603313754	1383.95	827.63	1376.04	826.15	3.2034	3.0780
249603322088	1384.49	828.82	1376.88	829.55	3.2006	3.0736
249603330420	1381.66	827.40	1375.42	834.87	3.1988	3.0858
249603338753	1381.81	832.69	1375.34	835.80	3.1996	3.0766
249603347087	1382.64	832.38	1376.41	834.71	3.2175	3.0846
249603355420	1383.82	834.90	1378.94	837.93	3.2061	3.0877
249603363753	1385.21	834.71	1378.75	836.94	3.2079	3.0983
249603372087	1385.77	836.56	1373.24	840.76	3.2186	3.1069
249603380420	1386.67	834.65	1378.32	837.94	3.2259	3.1072
249603388753	1387.59	828.94	1377.28	837.06	3.2263	3.1084
249603397087	1389.00	824.88	1378.90	835.08	3.2332	3.1158
249603405425	1384.89	824.91	1378.52	830.07	3.2300	3.1258
249603413757	1383.77	829.28	1376.52	826.79	3.2386	3.1357
249603422091	1385.00	828.85	1376.45	824.55	3.2464	3.1373
249603430424	1385.22	825.53	1377.76	830.55	3.2501	3.1549
249603438757	1386.18	825.56	1374.84	829.00	3.2589	3.1719
249603447091	1385.50	827.95	1377.21	830.27	3.2621	3.1791
249603455424	1385.19	828.49	1377.03	831.29	3.2745	3.1780
249603463757	1383.14	829.01	1375.80	829.30	3.2802	3.1890
249603472091	1385.12	828.72	1378.85	834.96	3.2845	3.2043
249603480424	1386.83	832.39	1376.64	835.75	3.2972	3.2146
249603488757	1388.45	834.86	1376.24	838.45	3.2940	3.2080
249603497090	1387.23	840.87	1374.62	843.36	3.3082	3.2416
249603505423	1385.37	843.58	1377.12	841.42	3.3185	3.2320
249603513756	1388.39	836.88	1373.76	842.27	3.3174	3.2468
249603522090	1387.07	836.04	1372.20	838.42	3.3363	3.2490
249603530426	1387.16	829.89	1375.30	837.52	3.3518	3.2632
249603538759	1384.38	830.08	1375.59	836.50	3.3462	3.2734
249603547093	1383.99	830.08	1375.28	831.60	3.3562	3.2891
249603555426	1384.30	833.57	1375.02	834.41	3.3698	3.2896
249603563759	1384.45	836.47	1376.23	833.22	3.3898	3.2944
249603572093	1386.02	833.16	1377.45	833.89	3.3920	3.3125
249603580425	1385.33	832.31	1377.23	833.55	3.3983	3.3217
249603588758	1387.49	832.71	1376.41	833.62	3.4139	3.3405
249603597092	1388.60	834.49	1378.85	834.59	3.4292	3.3495
249603605425	1387.45	835.41	1374.44	831.82	3.4248	3.3642
249603613758	1393.70	834.54	1375.51	836.74	3.4388	3.3737
249603622092	1392.63	835.55	1373.49	835.56	3.4569	3.3863
249603630425	1396.86	835.11	1377.50	835.89	3.4646	3.3975
249603638758	1395.75	840.60	1376.18	837.61	3.4702	3.4096
249603647092	1393.89	845.86	1375.56	841.81	3.4787	3.4175
249603655425	1376.94	827.62	1362.34	822.05	3.4860	3.4229
249603663763	1374.08	825.85	1356.63	829.14	3.4931	3.4257
249603672097	1382.37	829.80	1364.06	823.03	3.4959	3.4271
249603680430	1382.54	827.39	1366.23	825.79	3.5067	3.4460
249603688763	1380.88	829.00	1367.43	821.05	3.5201	3.4397
249603697097	1377.20	829.69	1371.27	828.41	3.5305	3.4559
249603705430	1379.39	825.14	1369.56	824.01	3.5391	3.4628
249603713763	1380.12	829.81	1367.21	828.86	3.5419	3.4639
249603722096	1375.24	829.58	1364.47	825.40	3.5419	3.4746
249603730430	1378.89	832.96	1364.32	831.19	3.5537	3.4834
249603738763	1376.47	836.79	1363.92	835.25	3.5536	3.4896
249603747095	1378.61	844.82	1363.25	840.27	3.5669	3.4873
249603755429	1377.77	851.04	1363.32	843.91	3.5625	3.4971
249603763762	1375.41	856.43	1365.47	844.67	3.5719	3.4943
249603772095	1378.12	863.08	1367.40	848.37	3.5807	3.4973
249603780429	1377.32	861.00	1366.76	850.67	3.5835	3.5081
249603788762	1378.48	862.37	1370.05	850.48	3.5834	3.4983
249603797100	1374.71	862.85	1367.35	848.02	3.5846	3.5064
249603805434	1380.10	863.62	1365.40	851.37	3.5946	3.5091
249603813767	1376.36	856.34	1364.42	851.08	3.5949	3.5085
249603822100	1376.74	856.51	1365.13	852.28	3.5995	3.5115
249603830433	1376.15	854.91	1363.59	851.05	3.6131	3.5132
249603838766	1374.32	850.22	1361.95	851.94	3.6109	3.5148
249603847099	1372.55	850.60	1359.61	848.88	3.6178	3.5183
249603855433	1372.26	850.77	1361.32	849.86	3.6135	3.5235
249603863766	1375.44	849.00	1360.10	849.92	3.6163	3.5199
249603872099	1376.93	850.46	1360.71	851.18	3.6204	3.5292
249603880433	1375.75	855.76	1359.28	851.41	3.6254	3.5266
249603888766	1380.91	862.89	1359.74	852.72	3.6245	3.5240
249603897099	1379.49	870.38	1358.70	851.93	3.6267	3.5285
249603905433	1381.66	873.01	1359.59	852.70	3.6254	3.5301
249603913765	1383.48	868.19	1357.04	851.22	3.6279	3.5319
249603922098	1382.50	867.85	1353.72	851.31	3.6325	3.5314
249603930437	1381.95	866.61	1357.51	855.06	3.6331	3.5343
249603938770	1374.04	868.90	1359.04	855.32	3.6336	3.5260
249603947103	1308.73	856.83	1303.30	871.61	3.6558	3.5226
249603955437	1273.37	855.97	1259.90	870.94	3.6486	3.5280
249603963770	1298.07	858.31	1282.80	863.93	3.6300	3.5407
249603972103	1309.04	852.56	1295.01	865.70	3.6414	3.5433
249603980437	1306.66	854.93	1291.94	864.07	3.6429	3.5475
249603988770	1302.72	852.09	1286.39	864.87	3.6549	3.5538
249603997103	1301.07	861.26	1283.11	867.28	3.6573	3.5515
249604005436	1299.06	858.18	1283.78	866.04	3.6566	3.5570
249604013769	1300.82	864.05	1282.64	867.51	3.6598	3.5489
249604022102	1296.18	863.71	1279.30	870.40	3.6568	3.5601
249604030436	1298.97	864.18	1277.36	874.03	3.6705	3.5563
249604038769	1298.41	864.28	1276.60	871.22	3.6740	3.5679
249604047102	1300.25	869.60	1276.86	871.60	3.6759	3.5538
249604055438	1299.52	868.72	1275.49	873.60	3.6821	3.5692
249604063771	1302.97	868.25	1277.17	875.25	3.6811	3.5642
249604072104	1298.22	866.45	1277.12	871.49	3.6882	3.5669
249604080438	1298.19	863.31	1273.13	870.79	3.6925	3.5715
249604088770	1299.55	862.09	1275.87	871.94	3.6962	3.5767
249604097103	1299.70	859.43	1275.19	868.82	3.7049	3.5751
249604105437	1298.04	860.66	1276.10	871.44	3.7063	3.5661
249604113770	1297.77	862.51	1274.78	871.18	3.7019	3.5674
249604122103	1300.04	860.45	1276.93	872.55	3.7080	3.5761
249604130437	1300.11	861.34	1277.59	868.96	3.7149	3.5685
249604138770	1296.09	857.62	1274.90	869.67	3.7095	3.5757
249604147103	1297.86	858.09	1273.80	871.98	3.7170	3.5811
249604155437	1297.79	858.05	1273.87	871.33	3.7215	3.5843
249604163770	1298.10	861.86	1277.12	874.74	3.7202	3.5806
249604172102	1299.32	864.72	1276.07	874.88	3.7217	3.5820
249604180436	1298.29	864.74	1276.31	875.61	3.7278	3.5825
249604188777	1294.63	857.01	1277.74	875.16	3.7312	3.5743
249604197110	1255.33	855.16	1245.35	899.03	3.7421	3.5723
249604205444	1238.82	867.65	1222.84	907.22	3.7389	3.5678
249604213777	1263.30	869.17	1246.78	903.78	3.7353	3.5728
249604222110	1259.28	863.73	1242.11	894.85	3.7421	3.5661
249604230443	1257.12	864.21	1244.39	891.81	3.7504	3.5694
249604238777	1254.63	866.13	1241.33	899.39	3.7449	3.5681
249604247110	1253.49	865.73	1240.84	895.02	3.7525	3.5679
249604255442	1252.05	864.46	1239.51	896.36	3.7522	3.5684
249604263776	1255.19	865.80	1241.18	899.00	3.7585	3.5788
249604272109	1254.72	865.62	1239.08	896.48	3.7628	3.5787
249604280442	1251.77	860.35	1239.51	898.62	3.7570	3.5734
249604288776	1252.04	863.96	1236.93	898.82	3.7635	3.5710
249604297109	1255.35	864.52	1240.90	904.63	3.7689	3.5748
249604305442	1256.93	870.40	1239.80	904.08	3.7676	3.5746
249604313776	1254.36	865.25	1237.91	908.40	3.7711	3.5808
249604322114	1252.71	863.90	1238.68	907.30	3.7710	3.5806
249604330447	1255.89	866.69	1239.61	899.23	3.7800	3.5748
249604338780	1251.07	861.07	1238.40	896.30	3.7759	3.5742
249604347113	1251.21	860.53	1240.52	896.28	3.7899	3.5851
249604355446	1250.61	858.89	1243.34	890.83	3.7872	3.5866
249604363780	1254.03	864.25	1241.89	884.50	3.7883	3.5849
249604372113	1252.52	869.38	1241.94	883.08	3.7925	3.5928
249604380446	1253.32	866.17	1243.41	881.14	3.7916	3.5996
249604388780	1252.54	868.42	1237.88	877.15	3.8020	3.6008
249604397113	1250.71	870.77	1243.84	883.02	3.8027	3.6000
249604405446	1252.54	867.81	1239.12	883.82	3.8019	3.6048
249604413780	1253.75	870.10	1240.34	891.57	3.8061	3.6053
249604422112	1250.60	869.23	1244.12	894.26	3.8116	3.5959
249604430445	1255.18	868.44	1241.46	890.48	3.8119	3.5999
249604438779	1252.14	867.02	1240.80	894.87	3.8102	3.6068
249604447114	1252.24	866.24	1246.23	889.51	3.8153	3.6097
249604455447	1251.83	869.87	1245.99	891.28	3.8219	3.6058
249604463781	1255.69	867.49	1245.24	883.42	3.8200	3.6093
249604472114	1266.47	838.04	1250.61	881.20	3.8112	3.6110
249604480447	1293.32	825.58	1279.49	846.28	3.8186	3.6071
249604488781	1291.30	840.01	1271.76	848.65	3.8133	3.6082
249604497114	1288.27	845.48	1271.21	859.89	3.8219	3.6077
249604505446	1286.42	838.95	1267.06	854.65	3.8168	3.6066
249604513780	1286.75	838.69	1269.92	853.24	3.8242	3.5928
249604522113	1291.92	836.91	1268.80	850.70	3.8201	3.5989
249604530446	1291.41	843.03	1269.72	851.57	3.8131	3.6036
249604538780	1289.56	844.90	1269.78	849.74	3.8197	3.6030
249604547113	1290.40	845.90	1271.32	847.50	3.8144	3.5932
249604555446	1290.29	846.98	1274.10	850.12	3.8213	3.5952
249604563780	1292.35	852.79	1272.97	852.53	3.8050	3.6017
249604572113	1291.07	852.56	1270.29	852.01	3.8130	3.5908
249604580453	1292.74	851.80	1272.51	851.12	3.8076	3.5864
249604588786	1295.45	853.91	1273.70	856.30	3.8117	3.5880
249604597119	1292.84	851.68	1272.30	857.35	3.8132	3.5938
249604605452	1292.77	855.06	1275.63	857.02	3.8087	3.5976
249604613786	1289.40	851.05	1274.00	852.80	3.8102	3.5880
249604622119	1292.20	854.05	1274.66	856.86	3.8099	3.5933
249604630452	1291.07	851.87	1275.42	852.86	3.8127	3.5931
249604638786	1289.78	850.85	1275.72	853.26	3.8167	3.5919
249604647119	1288.89	850.11	1273.54	849.18	3.8191	3.5860
249604655452	1290.35	851.49	1275.32	854.63	3.8180	3.5854
249604663786	1290.51	849.95	1273.29	850.93	3.8097	3.5869
249604672118	1291.59	850.11	1273.92	853.21	3.8084	3.5900
249604680451	1290.82	851.14	1271.63	853.84	3.8107	3.5928
249604688785	1292.74	853.79	1271.18	854.22	3.8131	3.5860
249604697118	1311.60	845.88	1290.21	862.74	3.8013	3.5848
249604705451	1360.58	855.94	1345.18	861.74	3.8161	3.5892
249604713790	1352.52	859.20	1341.11	866.66	3.8033	3.5747
249604722123	1333.74	858.95	1326.78	870.59	3.8040	3.5704
249604730456	1338.23	862.40	1328.86	869.17	3.8060	3.5702
249604738790	1340.31	862.29	1330.06	862.39	3.7990	3.5767
249604747123	1341.78	859.13	1329.99	864.17	3.7938	3.5668
249604755455	1342.38	860.09	1334.84	867.14	3.7839	3.5688
249604763789	1345.33	855.93	1332.05	862.66	3.7860	3.5687
249604772122	1344.05	854.55	1334.02	861.80	3.7767	3.5726
249604780455	1343.25	852.11	1331.04	859.67	3.7780	3.5642
249604788788	1344.86	854.53	1331.87	861.33	3.7759	3.5629
249604797122	1344.38	851.06	1332.37	860.94	3.7693	3.5636
249604805455	1345.77	852.28	1332.87	861.04	3.7663	3.5644
249604813788	1344.32	853.40	1332.92	859.42	3.7577	3.5473
249604822122	1346.37	854.40	1335.66	862.76	3.7503	3.5514
249604830455	1346.60	856.08	1333.76	862.96	3.7417	3.5574
249604838787	1344.29	857.57	1334.65	862.62	3.7522	3.5524
249604847126	1346.68	855.00	1335.67	861.93	3.7480	3.5509
249604855459	1346.20	859.72	1335.96	861.60	3.7483	3.5371
249604863792	1346.41	852.72	1336.42	861.03	3.7409	3.5406
249604872126	1346.47	852.91	1335.50	859.82	3.7407	3.5349
249604880459	1344.94	851.46	1334.77	858.55	3.7324	3.5470
249604888792	1347.15	844.43	1332.29	858.10	3.7283	3.5394
249604897126	1345.72	847.15	1333.85	853.28	3.7346	3.5383
249604905459	1343.55	844.50	1330.97	852.70	3.7221	3.5439
249604913792	1345.29	839.81	1333.32	852.73	3.7239	3.5403
249604922125	1371.54	835.48	1348.47	844.42	3.7230	3.5542
249604930458	1409.51	831.56	1381.45	830.48	3.7218	3.5459
249604938791	1387.33	832.04	1360.10	840.41	3.7276	3.5332
249604947125	1379.46	828.67	1355.31	842.97	3.7197	3.5296
249604955458	1389.42	836.33	1356.87	841.37	3.7172	3.5272
249604963791	1387.82	837.84	1360.78	842.31	3.7161	3.5251
249604972129	1389.29	833.91	1357.69	842.33	3.7113	3.5300
249604980462	1389.78	838.21	1357.97	843.49	3.7152	3.5271
249604988795	1392.31	833.78	1356.15	842.50	3.7081	3.5267
249604997129	1390.76	836.16	1357.72	840.86	3.7123	3.5248
249605005461	1389.84	834.16	1357.09	841.34	3.7077	3.5196
249605013794	1389.72	829.64	1358.30	841.40	3.7083	3.5214
249605022128	1384.98	831.74	1357.20	831.18	3.7134	3.5225
249605030461	1269.09	723.40	1288.13	740.14	3.7517	3.5365
249605038794	1203.51	623.22	1194.63	650.09	3.7128	3.5291
249605047128	1168.34	566.85	1174.65	595.70	3.6723	3.5094
249605055461	1145.36	499.21	1167.93	512.27	3.6680	3.5074
249605063794	1164.89	470.37	1190.48	475.27	3.6552	3.4950
249605072128	1157.35	498.63	1176.59	508.91	3.6642	3.5037
249605080461	1154.82	498.14	1163.46	506.62	3.6817	3.5207
249605088793	1158.03	489.63	1158.63	490.97	3.6717	3.5267
249605097127	1160.82	485.56	1158.81	482.34	3.6730	3.5180
249605105463	1164.33	486.90	1157.73	482.43	3.6714	3.5228
249605113796	1166.43	489.47	1159.56	483.63	3.6674	3.5210
249605122130	1169.67	492.66	1159.71	485.59	3.6640	3.5161
249605130463	1169.14	494.13	1159.75	486.83	3.6576	3.5073
249605138796	1169.16	493.33	1162.68	490.85	3.6622	3.5147
249605147130	1169.31	492.82	1164.20	496.63	3.6673	3.5146
249605155463	1169.71	494.87	1166.29	494.82	3.6581	3.5183
249605163796	1171.37	492.05	1166.42	499.14	3.6657	3.5133
249605172129	1169.74	493.45	1169.51	495.94	3.6590	3.5168
249605180462	1169.18	492.96	1168.18	496.42	3.6560	3.5043
249605188795	1166.81	495.01	1170.02	492.90	3.6569	3.5065
249605197129	1167.27	491.05	1168.58	491.53	3.6557	3.4991
249605205462	1165.37	493.57	1168.69	490.79	3.6535	3.5067
249605213795	1164.87	491.68	1166.70	490.71	3.6564	3.5163
249605222129	1162.50	495.11	1167.23	487.04	3.6498	3.5012
249605230462	1162.12	493.57	1165.28	487.48	3.6462	3.4967
249605238802	1160.61	493.81	1163.03	485.56	3.6501	3.4914
249605247136	1159.30	491.77	1161.53	489.97	3.6536	3.5020
249605255468	1160.17	496.96	1162.18	489.92	3.6428	3.4865
249605263801	1158.12	494.55	1162.16	489.77	3.6454	3.4950
249605272135	1157.46	492.85	1161.72	490.73	3.6409	3.4920
249605280468	1159.54	494.27	1161.04	491.34	3.6400	3.4812
249605288801	1157.79	495.56	1161.46	492.06	3.6439	3.4825
249605297134	1159.56	495.45	1164.90	493.62	3.6400	3.4877
249605305468	1160.32	494.33	1167.69	493.01	3.6380	3.4795
249605313801	1163.76	495.09	1167.23	491.78	3.6326	3.4879
249605322134	1165.74	494.88	1169.22	491.87	3.6274	3.4810
249605330468	1165.51	495.43	1168.27	492.55	3.6285	3.4771
249605338800	1166.67	493.22	1170.35	493.43	3.6269	3.4748
249605347133	1165.19	495.55	1170.69	496.22	3.6227	3.4811
249605355467	1168.08	497.31	1172.03	496.19	3.6236	3.4782
249605363800	1166.05	492.70	1173.16	496.35	3.6316	3.4836
249605372138	1169.74	495.41	1170.13	495.90	3.6297	3.4846
249605380472	1168.23	494.44	1173.27	496.54	3.6231	3.4746
249605388805	1135.59	494.33	1137.99	501.04	3.6388	3.4855
249605397138	1060.36	489.78	1066.25	524.94	3.6572	3.4866
249605405472	1050.12	501.33	1033.69	554.03	3.6276	3.4779
249605413805	1098.65	505.36	1083.89	550.42	3.6305	3.4907
249605422137	1090.20	492.39	1085.79	535.63	3.6384	3.5154
249605430471	1079.95	497.35	1074.74	542.51	3.6458	3.5062
249605438804	1076.61	501.13	1070.64	543.15	3.6468	3.5004
249605447137	1072.87	502.03	1072.68	544.98	3.6458	3.5100
249605455471	1074.89	502.58	1074.38	546.53	3.6526	3.5171
249605463804	1076.92	502.52	1075.09	546.56	3.6555	3.5139
249605472137	1075.66	504.17	1075.70	543.59	3.6577	3.5207
249605480471	1074.90	506.03	1078.41	541.40	3.6596	3.5291
249605488804	1074.69	505.40	1080.79	540.22	3.6614	3.5265
249605497140	1075.37	510.51	1081.75	543.86	3.6567	3.5327
249605505473	1074.01	510.52	1079.98	541.81	3.6667	3.5418
249605513806	1074.87	511.49	1081.55	540.72	3.6728	3.5347
249605522139	1071.46	509.22	1081.17	541.23	3.6707	3.5397
249605530473	1075.04	510.58	1082.98	541.66	3.6705	3.5364
249605538806	1074.04	509.88	1081.11	541.39	3.6707	3.5518
249605547139	1074.62	512.55	1082.66	541.19	3.6730	3.5521
249605555473	1070.93	505.09	1083.00	539.88	3.6797	3.5484
249605563806	1074.09	510.56	1081.05	540.93	3.6706	3.5515
249605572139	1070.42	508.49	1082.77	543.18	3.6743	3.5555
249605580473	1071.02	507.19	1079.41	544.42	3.6743	3.5552
249605588805	1069.41	506.92	1079.25	544.64	3.6790	3.5555
249605597138	1069.47	507.70	1077.10	544.25	3.6740	3.5589
249605605472	1067.97	505.08	1080.25	545.05	3.6793	3.5562
249605613805	1066.74	504.54	1075.51	542.81	3.6744	3.5573
249605622138	1068.30	505.33	1075.07	546.38	3.6748	3.5547
