t	gaze_point_LX	gaze_point_LY	gaze_point_RX	gaze_point_RY	pupil_diameter_L	pupil_diameter_R
1380029577584	1251.93	593.89	1250.08	608.10	3.2370	3.2332
1380029585917	1245.82	587.75	1246.97	606.13	3.2276	3.2222
1380029594251	1254.32	584.04	1249.47	602.02	3.2010	3.1988
1380029602583	1246.49	590.04	1245.36	611.65	3.2273	3.1999
1380029610917	1248.77	593.65	1249.70	613.11	3.2162	3.2194
1380029619251	1253.12	628.28	1258.07	634.13	3.2044	3.2002
1380029627584	1273.11	667.69	1273.51	659.39	3.1672	3.2000
1380029635917	1277.28	679.11	1290.04	685.12	3.1556	3.1667
1380029644249	1274.58	688.66	1277.56	700.72	3.1556	3.1445
1380029652583	1265.78	685.58	1281.10	693.57	3.1716	3.1618
1380029660916	1269.15	684.49	1278.21	694.84	3.1690	3.1652
1380029669250	1278.04	684.41	1279.37	697.84	3.1625	3.1475
1380029677583	1273.36	687.89	1277.41	700.59	3.1725	3.1567
1380029685916	1268.61	685.70	1282.92	695.69	3.1692	3.1567
1380029694250	1275.74	684.76	1278.00	703.16	3.1575	3.1448
1380029702583	1270.60	690.69	1278.89	701.72	3.1695	3.1627
1380029710921	1270.72	688.33	1283.64	706.85	3.1442	3.1707
1380029719254	1270.68	691.95	1283.20	707.29	3.1747	3.1713
1380029727586	1270.67	695.35	1282.39	699.72	3.1754	3.1519
1380029735920	1271.50	694.48	1282.63	699.60	3.1776	3.1601
1380029744254	1273.69	696.54	1280.41	705.91	3.1703	3.1878
1380029752587	1274.21	707.32	1285.12	704.33	3.1876	3.1778
1380029760920	1271.75	699.29	1279.85	698.38	3.1663	3.1841
1380029769253	1266.51	697.58	1280.72	696.11	3.1670	3.1859
1380029777587	1274.76	701.94	1282.99	708.82	3.1653	3.1977
1380029785920	1270.14	700.26	1279.18	709.24	3.1517	3.1989
1380029794252	1274.61	697.28	1279.97	710.03	3.1882	3.2126
1380029802586	1270.65	692.62	1279.56	715.91	3.2001	3.2234
1380029810919	1275.48	691.40	1273.87	700.39	3.1972	3.2204
1380029819252	1273.91	684.39	1274.91	708.98	3.1948	3.2201
1380029827586	1274.65	691.98	1285.13	710.73	3.1839	3.2475
1380029835922	1280.35	695.63	1279.30	716.40	3.2140	3.2536
1380029844255	1270.28	690.76	1279.09	708.74	3.2067	3.2503
1380029852588	1272.64	693.08	1282.65	703.54	3.2017	3.2617
1380029860922	1273.82	703.42	1278.42	713.16	3.2229	3.2618
1380029869254	1270.01	697.50	1278.78	701.26	3.2050	3.2620
1380029877588	1274.97	701.85	1277.52	702.40	3.2195	3.2700
1380029885921	1265.27	700.33	1281.84	709.59	3.2297	3.2587
1380029894254	1273.05	701.56	1280.18	702.78	3.2285	3.2582
1380029902588	1272.28	696.11	1275.34	714.31	3.2269	3.2832
1380029910921	1277.73	694.94	1275.76	709.24	3.2498	3.2907
1380029919254	1272.79	697.26	1273.37	718.10	3.2542	3.3130
1380029927588	1275.03	694.54	1284.12	711.00	3.2452	3.2851
1380029935921	1274.71	696.50	1274.06	714.61	3.2689	3.3031
1380029944253	1272.62	689.52	1281.34	704.04	3.2730	3.3067
1380029952587	1265.81	686.79	1276.35	716.71	3.2706	3.3194
1380029960920	1268.08	685.58	1286.25	716.29	3.2851	3.3188
1380029969259	1273.25	686.06	1274.68	709.57	3.2905	3.3418
1380029977592	1277.48	689.08	1271.37	708.69	3.2968	3.3205
1380029985926	1273.51	699.36	1278.80	711.28	3.3048	3.3268
1380029994259	1274.08	681.61	1274.36	707.90	3.2652	3.3227
1380030002593	1276.07	696.19	1272.24	717.47	3.3006	3.3218
1380030010926	1269.98	705.41	1278.46	720.81	3.3138	3.3332
1380030019258	1271.74	705.50	1272.79	719.34	3.2844	3.3363
1380030027592	1283.51	708.16	1286.20	726.40	3.2855	3.3243
1380030035925	1277.72	714.39	1284.63	721.53	3.3215	3.3314
1380030044258	1284.23	697.95	1276.93	725.13	3.2914	3.3654
1380030052592	1278.01	708.34	1279.41	722.63	3.3279	3.3307
1380030060924	1283.80	702.84	1280.61	716.27	3.3113	3.3200
1380030069258	1281.67	694.94	1275.39	723.23	3.3014	3.3407
1380030077592	1279.08	695.80	1276.82	721.65	3.3036	3.3611
1380030085925	1279.38	696.86	1272.59	724.09	3.3182	3.3440
1380030094257	1277.54	696.54	1274.35	729.26	3.3035	3.3666
1380030102595	1290.31	708.27	1273.76	714.15	3.3375	3.3389
1380030110929	1275.92	703.89	1278.35	719.14	3.2884	3.3513
1380030119262	1277.05	699.62	1272.12	731.18	3.3140	3.3651
1380030127595	1282.37	699.29	1276.65	723.29	3.3034	3.3585
1380030135929	1291.45	706.47	1272.78	720.75	3.3138	3.3401
1380030144262	1284.12	708.79	1278.49	716.50	3.3155	3.3523
1380030152596	1285.67	713.52	1277.62	714.34	3.3314	3.3414
1380030160929	1287.76	704.42	1274.27	715.68	3.3195	3.3313
1380030169261	1290.12	709.57	1280.53	727.51	3.3148	3.3556
1380030177595	1292.45	707.78	1273.01	720.45	3.3043	3.3401
1380030185927	1282.83	712.31	1272.56	717.94	3.3293	3.3368
1380030194261	1286.23	703.76	1272.02	711.39	3.3113	3.3368
1380030202595	1296.27	707.44	1282.80	713.58	3.3139	3.3433
1380030210928	1295.87	714.61	1273.99	709.84	3.3135	3.3324
1380030219261	1292.14	700.42	1269.11	717.98	3.3039	3.3665
1380030227595	1290.60	693.42	1277.18	711.90	3.2834	3.3483
1380030235934	1294.51	700.41	1279.43	719.80	3.3070	3.3425
1380030244266	1286.92	684.36	1276.40	720.46	3.2401	3.3657
1380030252600	1282.63	693.18	1273.40	718.72	3.2959	3.3665
1380030260933	1287.08	699.28	1270.34	716.37	3.2970	3.3589
1380030269266	1289.34	691.59	1270.84	717.38	3.2671	3.3500
1380030277600	1287.21	695.40	1275.38	717.79	3.2796	3.3427
1380030285933	1285.24	688.00	1277.38	712.95	3.2794	3.3302
1380030294266	1290.52	700.90	1270.58	716.89	3.2876	3.3577
1380030302599	1281.29	698.57	1279.82	709.97	3.2863	3.3491
1380030310932	1289.47	691.49	1278.76	711.58	3.2740	3.3244
1380030319265	1272.79	704.45	1283.81	710.22	3.2542	3.3521
1380030327598	1281.74	713.82	1284.07	704.15	3.2887	3.3141
1380030335932	1284.72	712.60	1285.22	704.66	3.2600	3.3291
1380030344265	1288.37	713.37	1279.17	711.22	3.2711	3.3315
1380030352598	1281.58	715.57	1278.79	716.21	3.2515	3.3177
1380030360935	1281.61	729.04	1277.71	717.35	3.2752	3.3139
1380030369268	1290.21	731.73	1274.60	707.24	3.2833	3.3014
1380030377601	1283.22	711.56	1276.21	714.05	3.2645	3.3324
1380030385934	1276.72	702.77	1277.15	720.12	3.2824	3.3323
1380030394267	1280.68	696.66	1279.72	717.90	3.2681	3.3426
1380030402600	1276.40	707.08	1275.22	725.87	3.2715	3.3397
1380030410934	1283.97	717.24	1271.29	723.26	3.2733	3.3410
1380030419267	1278.28	717.40	1275.44	720.05	3.2625	3.3371
1380030427600	1284.11	706.80	1279.25	724.41	3.2461	3.3521
1380030435933	1284.24	714.79	1280.13	710.14	3.2721	3.3320
1380030444267	1286.37	699.36	1280.12	721.82	3.2525	3.3092
1380030452600	1281.09	697.74	1281.75	719.27	3.2595	3.3112
1380030460933	1279.61	696.95	1280.22	711.14	3.2275	3.3187
1380030469266	1291.91	713.37	1276.19	715.05	3.2656	3.3325
1380030477599	1285.27	722.79	1277.06	715.40	3.2571	3.3214
1380030485933	1285.96	720.77	1272.58	716.19	3.2278	3.2885
1380030494272	1286.35	722.61	1280.51	714.69	3.2372	3.2844
1380030502605	1285.75	718.06	1283.73	722.45	3.2188	3.2822
1380030510939	1277.71	727.00	1285.46	713.65	3.2242	3.2369
1380030519272	1284.37	717.01	1286.01	727.07	3.1939	3.2439
1380030527605	1289.77	708.31	1278.75	718.54	3.1815	3.2192
1380030535938	1273.11	722.14	1284.37	722.35	3.1833	3.1788
1380030544271	1287.69	718.70	1278.44	722.37	3.1467	3.1631
1380030552604	1278.07	740.40	1286.64	717.25	3.1448	3.1349
1380030560937	1278.04	735.71	1282.16	722.80	3.1323	3.1548
1380030569271	1290.27	731.45	1294.67	737.45	3.1068	3.1070
1380030577604	1291.47	730.89	1300.65	756.39	3.0611	3.1185
1380030585938	1292.00	725.05	1304.42	744.71	3.0417	3.0730
1380030594271	1286.58	730.22	1309.93	748.33	3.0338	3.0810
1380030602604	1289.36	731.45	1302.61	745.69	3.0227	3.0612
1380030610937	1299.77	741.64	1308.01	738.19	3.0251	3.0311
1380030619270	1290.62	751.59	1307.14	741.93	3.0359	3.0562
1380030627608	1294.23	755.51	1307.54	735.99	3.0157	3.0475
1380030635941	1290.26	749.27	1311.86	740.13	2.9817	3.0392
1380030644274	1292.06	752.41	1305.81	734.63	3.0064	3.0083
1380030652608	1294.93	757.55	1311.41	736.55	3.0042	3.0078
1380030660942	1296.35	740.31	1305.62	737.35	2.9611	2.9774
1380030669275	1287.62	743.10	1305.79	746.80	2.9545	2.9877
1380030677608	1292.35	751.34	1309.83	742.10	2.9668	2.9784
1380030685940	1287.10	740.14	1306.70	745.66	2.9716	2.9738
1380030694274	1292.50	739.11	1312.21	730.81	2.9729	2.9564
1380030702607	1289.70	740.25	1301.10	748.84	2.9545	2.9829
1380030710940	1286.13	744.51	1310.26	745.52	2.9485	2.9748
1380030719274	1292.47	745.73	1313.37	745.84	2.9632	2.9864
1380030727607	1248.27	759.89	1275.97	752.20	2.9699	2.9771
1380030735941	1195.08	745.56	1224.13	740.52	2.9276	2.9725
1380030744274	1155.87	764.02	1177.10	746.48	2.9443	2.9569
1380030752607	1160.82	758.64	1171.49	747.49	2.9254	2.9745
1380030760945	1158.61	765.04	1179.37	746.94	2.9476	2.9674
1380030769277	1156.62	763.62	1172.80	747.75	2.9580	2.9821
1380030777611	1159.14	765.92	1170.76	747.00	2.9370	2.9521
1380030785943	1157.03	762.30	1168.78	745.87	2.9421	2.9577
1380030794276	1157.46	762.54	1163.29	745.93	2.9401	2.9672
1380030802611	1158.97	764.92	1167.81	751.89	2.9751	2.9915
1380030810944	1160.36	766.06	1165.05	745.00	2.9585	2.9544
1380030819278	1155.57	763.25	1166.19	748.45	2.9497	2.9783
1380030827611	1158.63	755.64	1173.41	745.77	2.9425	2.9569
1380030835944	1153.95	764.46	1166.60	741.02	2.9605	2.9659
1380030844277	1154.01	769.21	1169.52	745.51	2.9580	2.9602
1380030852610	1154.97	770.04	1165.04	749.15	2.9491	2.9653
1380030860943	1154.92	768.10	1170.25	750.45	2.9728	2.9496
1380030869277	1149.55	751.20	1169.02	754.72	2.9449	2.9661
1380030877610	1151.08	760.51	1173.80	756.33	2.9665	2.9562
1380030885947	1154.42	758.74	1166.68	753.81	2.9672	2.9573
1380030894280	1153.21	763.72	1170.61	750.03	2.9619	2.9637
1380030902614	1156.39	770.34	1166.41	748.68	2.9671	2.9710
1380030910946	1151.06	768.56	1172.74	753.06	2.9590	2.9642
1380030919280	1153.91	772.19	1166.51	745.56	2.9715	2.9660
1380030927611	1150.76	763.37	1158.99	740.09	2.9709	2.9607
1380030935946	1161.72	769.13	1173.65	762.07	2.9853	2.9768
1380030944280	1137.91	762.08	1154.12	747.78	2.9802	2.9508
1380030952613	1051.90	741.07	1079.79	722.26	3.0118	2.9830
1380030960946	997.30	714.55	1021.90	704.45	3.0320	2.9987
1380030969280	960.95	697.35	973.06	698.38	3.0186	2.9922
1380030977613	957.28	707.24	945.41	688.70	3.0623	3.0186
1380030985945	947.76	699.41	948.56	697.97	3.0417	3.0235
1380030994279	961.27	717.96	943.91	695.84	3.0454	3.0161
1380031002611	952.35	705.23	935.08	695.99	3.0263	3.0049
1380031010945	949.60	707.50	943.48	697.35	3.0051	2.9960
1380031019284	950.76	712.04	940.52	690.67	2.9997	3.0022
1380031027617	944.39	720.66	947.16	688.51	3.0427	2.9942
1380031035950	950.48	716.33	942.44	693.94	3.0331	2.9831
1380031044284	959.62	721.47	932.78	694.12	3.0206	3.0090
1380031052617	955.83	716.12	939.34	695.76	3.0147	2.9903
1380031060949	951.23	710.23	948.16	698.00	3.0051	3.0017
1380031069282	954.31	715.32	939.03	698.16	3.0280	2.9938
1380031077616	958.94	712.62	939.73	691.61	3.0260	2.9933
1380031085949	952.06	707.72	947.19	707.16	3.0169	3.0039
1380031094283	947.61	700.44	943.62	690.80	3.0214	2.9901
1380031102615	949.94	698.30	942.88	694.25	3.0083	2.9815
1380031110949	954.44	713.36	938.47	693.62	3.0438	2.9705
1380031119283	948.48	702.11	944.45	698.86	3.0331	2.9897
1380031127616	959.34	700.79	954.05	691.50	3.0237	2.9689
1380031135948	951.36	713.01	950.15	701.78	3.0506	2.9930
1380031144281	947.95	707.90	949.43	696.91	3.0308	2.9970
1380031152619	951.97	716.40	955.69	697.70	3.0403	2.9665
1380031160953	948.50	717.56	946.81	699.28	3.0543	2.9809
1380031169286	952.37	704.74	953.58	700.24	3.0276	3.0191
1380031177620	946.02	705.52	951.02	694.05	3.0233	2.9981
1380031185953	1002.80	714.73	1006.69	707.32	3.0194	3.0045
1380031194286	1093.83	721.40	1153.44	723.87	3.0230	3.0096
1380031202620	1211.43	729.77	1289.72	717.51	3.0293	3.0007
1380031210952	1316.90	750.89	1395.22	736.87	3.0364	2.9663
1380031219285	1396.40	743.98	1451.29	756.52	3.0326	2.9838
1380031227619	1455.28	738.01	1490.30	760.15	2.9998	2.9768
1380031235952	1450.86	750.03	1475.50	763.60	3.0349	2.9816
1380031244285	1454.08	742.48	1479.30	765.54	3.0347	3.0066
1380031252619	1463.98	751.04	1485.95	771.33	3.0211	3.0164
1380031260952	1465.41	752.10	1477.79	759.10	3.0305	2.9829
1380031269286	1465.93	750.40	1476.79	761.04	3.0359	3.0041
1380031277622	1462.49	756.84	1478.85	754.68	3.0646	2.9881
1380031285955	1460.95	761.56	1480.78	757.89	3.0638	3.0101
1380031294289	1466.70	758.55	1482.41	762.89	3.0409	3.0181
1380031302622	1461.61	748.78	1482.63	762.79	3.0556	3.0296
1380031310955	1464.91	747.38	1479.78	763.38	3.0586	3.0283
1380031319288	1465.06	743.22	1480.43	763.54	3.0512	3.0549
1380031327622	1462.58	760.29	1477.06	772.85	3.1027	3.0667
1380031335955	1464.18	747.75	1475.61	757.95	3.0917	3.0521
1380031344289	1465.69	757.61	1476.31	762.13	3.1040	3.0580
1380031352622	1469.47	753.14	1480.81	769.53	3.0733	3.0712
1380031360954	1461.80	755.68	1476.93	769.01	3.0697	3.0858
1380031369287	1466.34	760.68	1480.90	767.35	3.1011	3.0779
1380031377621	1464.05	755.94	1481.51	769.53	3.1066	3.0883
1380031385954	1466.20	765.49	1483.55	774.32	3.1275	3.0923
1380031394287	1469.91	759.07	1481.86	766.22	3.1029	3.1134
1380031402620	1463.36	754.53	1480.50	767.14	3.1142	3.1079
1380031410959	1467.86	758.50	1468.86	772.61	3.1151	3.1349
1380031419292	1464.93	762.19	1473.44	765.82	3.1319	3.1384
1380031427626	1466.57	754.48	1470.51	762.86	3.1120	3.1222
1380031435958	1467.33	750.40	1473.61	757.38	3.1193	3.1428
1380031444291	1462.80	739.96	1473.33	761.49	3.1012	3.1496
1380031452625	1468.53	736.84	1472.68	767.08	3.1084	3.1616
1380031460958	1464.89	736.69	1470.30	757.79	3.1145	3.1598
1380031469291	1466.49	741.16	1475.71	763.37	3.1367	3.1723
1380031477625	1468.63	740.05	1472.27	755.01	3.1189	3.1621
1380031485958	1466.90	735.37	1478.17	752.69	3.1307	3.1810
1380031494291	1462.87	701.77	1484.37	733.38	3.1394	3.1907
1380031502625	1448.57	690.71	1466.49	720.48	3.1249	3.1697
1380031510957	1456.72	708.03	1465.85	736.04	3.1241	3.2040
1380031519290	1458.10	714.26	1463.63	737.24	3.1400	3.2035
1380031527623	1450.58	716.01	1462.66	736.60	3.1413	3.2076
1380031535957	1454.51	710.62	1460.52	721.52	3.1178	3.1859
1380031544295	1455.65	725.14	1458.83	733.89	3.1455	3.1945
1380031552629	1458.58	711.03	1460.87	739.50	3.1146	3.2014
1380031560962	1460.14	712.69	1458.49	730.32	3.1158	3.1838
1380031569295	1457.40	704.57	1463.50	726.91	3.1246	3.1724
1380031577629	1454.15	705.35	1467.12	727.65	3.0981	3.1742
1380031585961	1458.17	707.68	1458.99	731.39	3.1306	3.1577
1380031594294	1460.69	706.06	1469.57	738.13	3.1181	3.1678
1380031602628	1452.70	709.51	1462.33	735.67	3.1233	3.1611
1380031610961	1455.10	705.19	1466.02	736.38	3.1178	3.1460
1380031619294	1454.24	704.40	1465.04	735.11	3.1112	3.1477
1380031627628	1460.75	709.50	1463.51	738.18	3.1235	3.1490
1380031635961	1455.19	709.80	1464.03	736.88	3.1173	3.1269
1380031644294	1462.45	716.98	1464.01	735.29	3.1149	3.1380
1380031652626	1455.08	706.02	1470.35	727.18	3.0765	3.1217
1380031660960	1460.89	707.03	1464.52	729.98	3.0902	3.1048
1380031669293	1454.88	706.00	1462.51	730.58	3.0790	3.1319
1380031677631	1453.40	718.04	1463.70	738.62	3.0717	3.1233
1380031685964	1457.53	714.92	1472.66	741.32	3.0625	3.1207
1380031694297	1454.25	719.86	1469.57	739.03	3.0582	3.1058
1380031702631	1446.89	736.33	1474.45	746.24	3.0500	3.0922
1380031710964	1435.18	710.98	1470.06	717.17	3.0609	3.1155
1380031719297	1429.35	1128.39	1439.20	1021.46	3.0668	2.8712
1380031727630	NaN	NaN	NaN	NaN	NaN	NaN
1380031735962	NaN	NaN	NaN	NaN	NaN	NaN
1380031744294	NaN	NaN	NaN	NaN	NaN	NaN
1380031752629	NaN	NaN	NaN	NaN	NaN	NaN
1380031760963	NaN	NaN	NaN	NaN	NaN	NaN
1380031769296	NaN	NaN	1305.86	1392.92	NaN	2.0901
1380031777630	NaN	NaN	1266.10	1333.08	NaN	2.6834
1380031785962	NaN	NaN	1265.26	1065.43	NaN	2.6078
1380031794294	1251.76	964.79	1255.34	913.65	2.8075	2.8672
1380031802632	1253.63	762.92	1251.37	728.08	2.7736	2.8373
1380031810965	1248.54	675.41	1243.48	637.78	2.8930	3.0046
1380031819299	1247.80	616.49	1242.50	586.52	3.0072	3.0964
1380031827633	1247.19	577.65	1240.45	553.36	3.0806	3.1393
1380031835966	1248.84	567.33	1249.20	556.18	3.1051	3.1046
1380031844299	1244.02	575.66	1246.61	578.10	3.1075	3.1090
1380031852632	1245.96	605.16	1251.81	598.61	3.0610	3.0847
1380031860966	1243.34	606.02	1251.45	600.36	3.0450	3.0831
1380031869299	1250.33	607.25	1249.93	604.98	3.0457	3.0591
1380031877631	1245.94	615.34	1253.68	603.13	3.0741	3.0887
1380031885965	1241.26	619.79	1246.69	602.92	3.0806	3.0824
1380031894298	1245.85	622.00	1250.20	611.00	3.0568	3.0832
1380031902631	1252.71	618.74	1255.75	605.67	3.0563	3.0773
1380031910965	1242.72	618.55	1254.76	612.65	3.0641	3.0822
1380031919298	1239.24	617.98	1255.26	612.60	3.0735	3.0745
1380031927631	1244.15	610.43	1253.04	613.32	3.0604	3.0779
1380031935969	1246.73	609.51	1256.69	617.50	3.0863	3.0686
1380031944302	1246.79	605.65	1258.18	623.41	3.0710	3.0646
1380031952634	1248.32	605.49	1257.89	619.64	3.0745	3.0619
1380031960968	1240.54	606.30	1253.75	620.53	3.0547	3.0684
1380031969301	1242.11	612.41	1252.16	616.29	3.0687	3.0785
1380031977634	1245.21	609.80	1259.33	609.98	3.0513	3.0601
1380031985968	1242.61	616.11	1258.01	609.21	3.0749	3.0719
1380031994301	1246.55	621.24	1259.95	614.49	3.0662	3.0506
1380032002634	1242.48	611.12	1257.33	610.14	3.0538	3.0537
1380032010967	1248.71	618.13	1255.30	607.40	3.0693	3.0422
1380032019301	1250.75	613.57	1266.56	613.37	3.0495	3.0564
1380032027633	1241.09	619.78	1252.75	599.39	3.0594	3.0510
1380032035967	1244.80	616.01	1262.00	613.04	3.0737	3.0638
1380032044300	1245.96	613.80	1256.57	613.63	3.0573	3.0446
1380032052633	1238.06	609.09	1251.04	613.51	3.0579	3.0626
1380032060967	1246.67	596.68	1262.84	615.58	3.0602	3.0531
1380032069306	1256.10	602.14	1274.09	626.58	3.0576	3.0535
1380032077639	1268.47	609.86	1280.37	628.74	3.0560	3.0487
1380032085973	1260.86	610.08	1267.44	635.13	3.0323	3.0544
1380032094306	1260.08	613.67	1275.45	624.92	3.0719	3.0486
1380032102638	1265.67	611.28	1279.76	624.56	3.0541	3.0458
1380032110971	1265.30	610.53	1276.03	627.86	3.0536	3.0569
1380032119305	1259.22	613.86	1275.21	623.18	3.0404	3.0282
1380032127638	1261.93	614.66	1278.38	624.92	3.0625	3.0507
1380032135971	1267.27	609.62	1275.89	623.95	3.0657	3.0527
1380032144305	1269.00	615.05	1278.82	626.40	3.0437	3.0823
1380032152638	1263.67	608.01	1278.29	625.69	3.0583	3.0695
1380032160971	1270.99	605.77	1279.27	622.46	3.0634	3.0632
1380032169305	1271.63	609.63	1277.85	623.34	3.0822	3.0704
1380032177637	1264.55	615.39	1275.63	629.08	3.0666	3.0536
1380032185971	1267.52	608.56	1277.05	633.97	3.0670	3.0630
1380032194306	1265.82	609.08	1281.40	636.20	3.0619	3.0619
1380032202640	1266.15	611.62	1273.39	635.73	3.0610	3.0549
1380032210974	1265.43	613.54	1270.36	625.35	3.0735	3.0733
1380032219306	1267.34	620.01	1281.70	626.89	3.0905	3.0660
1380032227640	1266.45	620.14	1275.65	623.08	3.0647	3.0744
1380032235973	1266.35	629.59	1271.08	616.29	3.0810	3.0707
1380032244306	1265.33	629.08	1279.23	615.60	3.0870	3.0746
1380032252639	1264.95	632.45	1271.09	618.50	3.0763	3.0591
1380032260972	1272.26	633.97	1276.72	621.18	3.0998	3.0874
1380032269306	1264.11	634.69	1274.72	619.45	3.1050	3.0733
1380032277639	1271.99	631.52	1273.43	625.93	3.0906	3.0833
1380032285972	1275.97	626.90	1277.29	616.44	3.0709	3.0865
1380032294305	1261.63	626.64	1280.14	623.51	3.0869	3.0648
1380032302639	1262.67	629.46	1277.44	619.83	3.0850	3.0604
1380032310973	1261.57	633.75	1276.98	622.91	3.0879	3.0857
1380032319305	1261.27	625.42	1275.45	623.29	3.0920	3.0869
1380032327644	1263.49	624.66	1278.40	621.07	3.0816	3.0733
1380032335977	1266.30	620.47	1276.90	615.77	3.0927	3.0643
1380032344310	1261.88	612.28	1276.26	617.19	3.0833	3.0648
1380032352644	1261.93	618.14	1272.43	626.45	3.0607	3.0747
1380032360977	1264.69	615.21	1280.25	618.65	3.0888	3.0658
1380032369310	1260.80	615.51	1275.32	619.23	3.0715	3.0699
1380032377644	1268.89	614.75	1270.72	616.06	3.0498	3.0771
1380032385977	1260.19	616.28	1276.32	616.26	3.0738	3.0607
1380032394311	1256.69	630.87	1275.74	623.36	3.0891	3.0542
1380032402643	1257.17	622.79	1275.84	621.55	3.0589	3.0617
1380032410976	1260.73	629.20	1271.78	617.67	3.0659	3.0602
1380032419309	1234.01	633.49	1248.18	616.06	3.0452	3.0666
1380032427643	1195.23	632.66	1201.64	619.22	3.0617	3.0514
1380032435976	1168.46	648.00	1186.88	629.09	3.0780	3.0471
1380032444309	1175.48	645.59	1188.91	643.78	3.0626	3.0611
1380032452643	1172.91	645.76	1194.54	633.00	3.0464	3.0577
1380032460981	1167.78	642.08	1188.28	636.24	3.0611	3.0553
1380032469314	1172.92	644.25	1188.87	635.56	3.0563	3.0452
1380032477647	1173.76	646.56	1191.06	635.54	3.0507	3.0563
1380032485980	1175.30	643.92	1185.12	639.79	3.0674	3.0282
1380032494313	1174.69	644.80	1196.76	633.57	3.0531	3.0453
1380032502647	1174.71	639.69	1190.71	638.60	3.0817	3.0494
1380032510980	1171.60	645.66	1188.03	642.57	3.0566	3.0605
1380032519313	1175.27	637.09	1188.24	637.89	3.0467	3.0542
1380032527647	1171.60	637.23	1183.62	635.72	3.0477	3.0428
1380032535980	1174.51	642.19	1185.36	632.11	3.0633	3.0611
1380032544314	1177.50	643.65	1193.69	640.44	3.0694	3.0721
1380032552646	1175.03	635.97	1186.03	631.78	3.0584	3.0571
1380032560979	1173.55	640.21	1183.56	642.07	3.0799	3.0554
1380032569312	1166.01	630.08	1189.41	637.29	3.0597	3.0581
1380032577646	1177.29	634.84	1182.51	644.39	3.0683	3.0531
1380032585977	1174.44	631.34	1182.97	637.09	3.0649	3.0560
1380032594316	1172.04	634.42	1189.46	635.38	3.0844	3.0810
1380032602651	1171.90	638.73	1190.19	638.92	3.0734	3.0500
1380032610982	1177.20	631.83	1185.70	642.33	3.0725	3.0497
1380032619315	1168.73	631.07	1184.27	636.54	3.0688	3.0503
1380032627648	1172.80	625.08	1180.56	642.13	3.0626	3.0443
1380032635983	1174.27	630.23	1183.97	637.43	3.0758	3.0794
1380032644314	1172.09	631.36	1184.22	636.69	3.0576	3.0639
1380032652650	1173.93	629.58	1184.93	638.09	3.0639	3.0521
1380032660981	1174.74	632.42	1180.15	635.01	3.0775	3.0701
1380032669315	1176.05	630.19	1186.49	643.31	3.0724	3.0760
1380032677648	1175.77	629.40	1188.48	643.97	3.0698	3.0579
1380032685981	1172.05	628.56	1182.46	647.30	3.0766	3.0778
1380032694317	1173.75	627.63	1189.19	640.28	3.0869	3.0615
1380032702648	1171.67	628.72	1180.06	644.34	3.1124	3.0754
1380032710982	1179.67	637.39	1184.43	632.88	3.0676	3.0666
1380032719322	1170.57	635.39	1182.54	635.38	3.0818	3.0529
1380032727654	1175.72	635.36	1184.21	637.36	3.0853	3.0649
1380032735986	1181.25	629.09	1185.80	629.44	3.0891	3.0571
1380032744321	1173.76	643.29	1187.44	634.06	3.0945	3.0721
1380032752655	1175.84	641.92	1185.47	625.02	3.1078	3.0865
1380032760988	1171.77	635.88	1187.98	629.78	3.0917	3.0797
1380032769321	1172.84	630.72	1180.59	632.64	3.0908	3.0948
1380032777654	1174.46	633.68	1179.80	628.19	3.0930	3.0627
1380032785987	1176.00	633.77	1184.82	628.31	3.1263	3.0907
1380032794321	1177.00	634.91	1184.15	631.47	3.0953	3.0930
1380032802654	1182.46	636.28	1188.86	630.38	3.1152	3.0980
1380032810987	1173.28	630.90	1181.23	635.48	3.1023	3.0874
1380032819321	1169.74	627.31	1184.63	637.17	3.1111	3.0970
1380032827651	1179.01	626.02	1186.43	641.82	3.1239	3.0863
1380032835985	1172.95	630.51	1183.91	632.09	3.0974	3.0890
1380032844319	1181.00	635.36	1190.12	634.48	3.1062	3.0886
1380032852652	1229.04	638.65	1260.59	649.37	3.0981	3.1050
1380032860986	1320.72	621.85	1369.80	633.47	3.1082	3.1215
1380032869319	1395.58	636.11	1451.66	622.13	3.0984	3.1010
1380032877653	1449.29	638.91	1484.69	635.04	3.1065	3.0835
1380032885988	1473.34	643.52	1481.80	636.96	3.1092	3.0906
1380032894321	1459.45	642.54	1477.73	631.34	3.1242	3.0709
1380032902655	1471.11	636.09	1482.94	633.20	3.0931	3.0856
1380032910988	1474.15	645.12	1492.97	639.60	3.1109	3.0698
1380032919320	1475.71	636.09	1490.67	636.79	3.0803	3.0776
1380032927654	1474.65	630.51	1481.61	636.96	3.0935	3.0528
1380032935987	1473.28	637.49	1485.28	635.78	3.0866	3.0505
1380032944320	1472.40	626.98	1490.46	640.62	3.0700	3.0331
1380032952653	1477.07	625.66	1488.77	639.08	3.0974	3.0537
1380032960987	1478.66	626.23	1485.27	627.92	3.0744	3.0381
1380032969321	1478.51	626.66	1497.74	638.24	3.0822	3.0422
1380032977653	1475.98	633.98	1483.06	642.96	3.0760	3.0415
1380032985993	1478.88	624.60	1492.50	638.82	3.0706	3.0259
1380032994325	1474.07	627.30	1489.24	643.34	3.0611	3.0444
1380033002659	1481.98	620.16	1489.88	642.37	3.0646	3.0333
1380033010992	1485.30	626.86	1494.25	637.09	3.0697	3.0376
1380033019325	1474.35	627.01	1490.84	640.57	3.0583	3.0302
1380033027659	1480.84	626.63	1490.49	639.18	3.0569	3.0571
1380033035992	1483.22	623.34	1489.85	631.93	3.0517	3.0347
1380033044325	1475.07	630.57	1495.48	635.46	3.0455	3.0238
1380033052659	1477.22	633.13	1490.10	633.02	3.0468	3.0053
1380033060992	1476.08	630.21	1487.88	637.66	3.0500	3.0106
1380033069324	1475.89	627.44	1501.09	637.16	3.0485	3.0098
1380033077657	1478.87	623.49	1493.98	635.56	3.0230	3.0244
1380033085991	1477.95	622.35	1493.04	644.53	3.0420	3.0154
1380033094324	1481.36	628.67	1492.89	634.87	3.0440	3.0183
1380033102657	1483.36	630.66	1487.75	642.71	3.0342	3.0241
1380033110991	1480.37	624.74	1489.43	645.54	3.0316	3.0036
1380033119329	1476.42	625.75	1495.14	638.18	3.0238	3.0100
1380033127663	1478.93	636.18	1488.70	638.26	3.0292	3.0135
1380033135996	1467.48	632.82	1490.95	646.05	3.0351	3.0243
1380033144328	1474.62	631.76	1493.46	643.75	3.0159	3.0169
1380033152662	1478.68	636.82	1489.12	645.26	3.0101	2.9874
1380033160995	1472.34	639.71	1491.27	647.24	3.0292	2.9981
1380033169328	1478.00	628.71	1489.79	642.19	3.0032	2.9925
1380033177662	1476.49	633.36	1491.30	644.13	2.9896	2.9909
1380033185994	1473.61	631.65	1493.19	646.52	2.9868	2.9717
1380033194328	1479.76	628.05	1489.62	647.71	2.9874	2.9787
1380033202661	1477.71	626.57	1490.47	644.13	3.0089	2.9840
1380033210995	1483.84	630.13	1493.47	632.87	3.0028	2.9780
