t	gaze_point_LX	gaze_point_LY	gaze_point_RX	gaze_point_RY	pupil_diameter_L	pupil_diameter_R
1381262680101	1218.80	797.62	1247.34	798.74	2.9864	2.8979
1381262688434	1246.96	789.02	1268.39	797.68	2.9765	2.8942
1381262696767	1229.00	788.62	1252.05	793.80	2.9708	2.9030
1381262705101	1228.79	771.42	1260.03	799.37	2.9468	2.8951
1381262713434	1238.11	770.04	1263.44	793.03	2.9353	2.9148
1381262721767	1234.99	767.17	1261.87	791.44	2.9470	2.8934
1381262730106	1243.25	761.30	1266.79	786.44	2.9153	2.8857
1381262738439	1238.27	773.82	1266.63	814.28	2.9306	2.9269
1381262746771	1240.78	782.78	1262.12	791.89	2.9664	2.8727
1381262755105	1239.24	778.21	1270.89	788.71	2.9630	2.8779
1381262763438	1240.51	776.09	1267.19	790.15	2.9538	2.8937
1381262771771	1243.57	774.87	1263.99	792.01	2.9589	2.8962
1381262780105	1245.17	769.73	1264.54	792.20	2.9405	2.8853
1381262788438	1242.80	757.67	1269.13	764.21	2.9700	2.8960
1381262796771	1241.09	727.11	1271.00	736.69	2.9600	2.9166
1381262805105	1253.05	722.80	1268.14	746.01	2.9714	2.9617
1381262813439	1255.28	719.67	1269.28	726.10	2.9637	2.9318
1381262821770	1257.54	711.38	1270.34	731.09	2.9822	2.9438
1381262830104	1253.29	718.69	1270.04	732.71	2.9666	2.9321
1381262838437	1258.97	717.35	1266.92	728.64	2.9722	2.9596
1381262846770	1252.36	721.44	1265.55	724.81	2.9811	2.9488
1381262855104	1257.84	726.94	1273.50	734.08	3.0020	2.9728
1381262863441	1264.99	729.54	1271.42	723.08	3.0019	2.9603
1381262871774	1253.69	723.04	1272.52	731.53	2.9817	2.9662
1381262880108	1258.26	718.11	1274.60	727.91	2.9617	2.9705
1381262888441	1255.73	724.08	1282.00	719.87	2.9812	2.9732
1381262896775	1253.44	716.65	1269.62	729.17	2.9948	2.9727
1381262905107	1256.66	724.63	1270.90	729.39	2.9893	2.9797
1381262913440	1259.90	719.86	1274.50	729.50	2.9792	2.9867
1381262921773	1256.23	723.92	1270.46	725.20	2.9728	2.9669
1381262930107	1262.33	720.13	1272.03	726.31	2.9756	2.9965
1381262938440	1255.73	722.41	1277.26	733.24	2.9865	2.9820
1381262946773	1258.69	725.49	1277.77	726.05	3.0023	2.9851
1381262955107	1261.63	725.64	1275.98	730.15	2.9965	3.0027
1381262963440	1260.09	722.59	1276.05	730.68	3.0077	3.0025
1381262971773	1264.01	722.59	1271.95	734.10	3.0110	3.0066
1381262980106	1261.47	734.67	1276.75	737.76	3.0237	3.0025
1381262988439	1257.78	725.28	1275.83	734.64	3.0010	3.0070
1381262996775	1261.58	724.40	1278.13	733.14	2.9831	3.0337
1381263005109	1260.23	728.61	1281.56	733.15	3.0159	3.0177
1381263013442	1263.98	720.55	1278.26	729.80	3.0181	3.0341
1381263021776	1261.84	707.97	1289.06	715.65	3.0162	3.0418
1381263030109	1268.04	714.09	1278.96	713.79	3.0344	3.0480
1381263038442	1267.23	697.96	1276.27	716.66	2.9989	3.0510
1381263046775	1266.81	696.40	1276.57	710.68	2.9959	3.0399
1381263055109	1267.12	706.15	1272.58	717.04	3.0051	3.0491
1381263063441	1269.83	709.41	1279.17	711.15	3.0254	3.0656
1381263071774	1264.99	706.71	1282.54	718.93	3.0226	3.0686
1381263080108	1262.69	705.39	1274.54	712.20	3.0168	3.0584
1381263088441	1261.85	709.23	1276.58	721.20	3.0359	3.0694
1381263096774	1267.69	706.70	1278.24	714.21	3.0467	3.0748
1381263105108	1267.70	704.07	1282.10	725.19	3.0488	3.0899
1381263113441	1266.08	704.81	1271.71	717.31	3.0373	3.1170
1381263121780	1260.89	705.51	1278.04	711.99	3.0512	3.0840
1381263130113	1268.76	710.23	1278.38	722.49	3.0410	3.0900
1381263138446	1269.83	703.91	1278.12	729.52	3.0290	3.1152
1381263146780	1269.10	711.45	1277.18	722.98	3.0683	3.1069
1381263155112	1262.12	705.40	1279.48	718.86	3.0701	3.1262
1381263163446	1264.89	710.75	1283.18	727.87	3.0582	3.1128
1381263171779	1261.47	707.88	1282.10	723.69	3.0621	3.1136
1381263180112	1264.73	707.85	1280.22	722.97	3.0566	3.1305
1381263188446	1263.11	711.18	1279.69	719.02	3.0549	3.0978
1381263196779	1272.49	716.96	1282.10	729.08	3.0698	3.1291
1381263205112	1270.79	712.10	1280.10	723.61	3.0750	3.1185
1381263213446	1271.08	711.85	1279.07	722.06	3.0820	3.1142
1381263221778	1268.69	711.09	1279.23	719.30	3.0540	3.1001
1381263230112	1269.29	717.38	1288.44	730.09	3.0674	3.1204
1381263238445	1272.86	709.59	1283.64	730.66	3.0605	3.1319
1381263246778	1260.47	718.26	1283.14	720.03	3.0855	3.1433
1381263255116	1266.21	714.88	1277.70	721.56	3.0485	3.1122
1381263263450	1264.18	712.15	1286.21	713.69	3.0520	3.1080
1381263271784	1263.52	706.73	1282.90	713.56	3.0478	3.1213
1381263280116	1268.15	714.34	1278.58	720.53	3.0769	3.1210
1381263288450	1265.11	709.47	1273.81	712.79	3.0709	3.1153
1381263296782	1270.77	706.07	1275.68	707.05	3.0767	3.1243
1381263305115	1267.73	712.45	1278.43	712.97	3.0810	3.1262
1381263313449	1265.54	723.12	1278.19	705.99	3.0938	3.1113
1381263321782	1269.99	721.59	1270.32	711.04	3.0671	3.1464
1381263330116	1268.97	713.65	1276.98	711.15	3.0710	3.1340
1381263338449	1254.26	712.88	1278.32	714.06	3.0874	3.1063
1381263346782	1270.72	709.44	1272.27	713.54	3.0820	3.1181
1381263355116	1261.35	720.64	1272.08	719.92	3.0839	3.1269
1381263363449	1264.54	722.77	1278.34	726.72	3.0805	3.1364
1381263371782	1268.47	713.16	1276.03	718.53	3.0748	3.1087
1381263380114	1271.31	702.08	1278.60	717.92	3.0769	3.1308
1381263388453	1272.09	709.20	1283.07	718.16	3.0802	3.1210
1381263396786	1271.45	708.91	1278.99	717.84	3.0750	3.1238
1381263405119	1267.17	705.28	1281.52	717.17	3.0308	3.1257
1381263413453	1267.99	709.67	1273.72	719.24	3.0640	3.1263
1381263421786	1268.27	723.13	1271.68	715.13	3.0846	3.1510
1381263430119	1270.91	705.51	1276.05	714.89	3.0663	3.1239
1381263438453	1266.31	700.12	1277.91	716.02	3.0583	3.1318
1381263446786	1269.10	695.26	1280.14	718.19	3.0653	3.1322
1381263455119	1267.07	696.08	1278.57	721.93	3.0812	3.1306
1381263463452	1266.56	714.91	1274.41	710.83	3.0714	3.1060
1381263471785	1274.41	715.54	1274.69	720.61	3.0715	3.1280
1381263480119	1278.50	712.23	1280.02	717.25	3.0579	3.1078
1381263488452	1276.99	698.58	1279.35	716.33	3.0651	3.0902
1381263496785	1268.88	696.77	1282.10	723.36	3.0551	3.1180
1381263505118	1269.24	700.91	1280.25	721.05	3.0790	3.1156
1381263513456	1267.88	698.75	1278.55	724.74	3.0854	3.1235
1381263521790	1270.65	704.64	1277.29	725.94	3.0776	3.1187
1381263530122	1278.57	709.52	1273.04	734.29	3.0686	3.1255
1381263538456	1265.00	716.95	1273.83	729.55	3.0623	3.1065
1381263546789	1238.80	732.49	1254.93	748.41	3.0470	3.1018
1381263555122	1213.93	740.43	1233.10	758.34	3.0403	3.0898
1381263563456	1217.95	740.05	1231.45	745.28	3.0186	3.0790
1381263571789	1215.29	746.48	1232.54	740.32	3.0377	3.0767
1381263580122	1218.41	749.92	1235.12	743.40	3.0257	3.0893
1381263588456	1219.55	748.29	1220.49	746.79	3.0063	3.0833
1381263596789	1230.67	751.34	1231.67	755.86	3.0404	3.0810
1381263605123	1223.47	754.85	1230.60	756.16	3.0297	3.0701
1381263613455	1215.84	751.72	1226.91	750.47	3.0253	3.0543
1381263621788	1221.07	750.45	1229.21	754.16	3.0228	3.0623
1381263630121	1218.57	745.30	1230.49	745.43	3.0003	3.0101
1381263638454	1220.61	730.37	1225.18	751.24	3.0033	3.0117
1381263646792	1214.36	729.42	1225.98	749.54	2.9783	3.0255
1381263655125	1218.97	730.43	1234.83	750.17	2.9762	3.0086
1381263663458	1224.72	729.15	1235.55	748.59	2.9490	2.9943
1381263671792	1223.29	732.72	1235.63	744.90	2.9640	2.9948
1381263680125	1216.52	735.48	1233.19	747.30	2.9548	2.9718
1381263688458	1224.04	741.10	1231.86	756.41	2.9613	2.9884
1381263696791	1215.35	747.21	1234.34	758.20	2.9545	2.9793
1381263705124	1221.73	751.77	1234.34	756.48	2.9291	2.9606
1381263713457	1217.36	749.17	1237.90	759.42	2.9212	2.9580
1381263721791	1260.06	765.07	1277.53	766.36	2.8933	2.9163
1381263730125	1293.33	766.86	1312.88	783.15	2.8409	2.9090
1381263738457	1281.86	768.21	1308.36	785.64	2.8915	2.9005
1381263746791	1273.01	759.28	1301.91	784.41	2.8511	2.9092
1381263755124	1279.48	763.56	1308.48	781.17	2.8856	2.9137
1381263763457	1279.38	749.88	1307.90	782.65	2.8464	2.9086
1381263771791	1288.96	775.66	1303.60	783.33	2.8943	2.9052
1381263780129	1273.17	748.85	1306.01	786.00	2.8380	2.8783
1381263788462	1282.61	762.32	1309.49	785.16	2.8619	2.8966
1381263796796	1280.00	760.96	1306.62	786.99	2.8490	2.8883
1381263805128	1281.19	766.08	1313.31	786.30	2.8486	2.8977
1381263813462	1279.39	770.31	1308.96	790.01	2.8349	2.8837
1381263821795	1281.02	768.12	1316.85	792.72	2.8509	2.9011
1381263830128	1283.62	772.54	1304.21	790.62	2.8503	2.9101
1381263838461	1278.68	766.33	1305.63	789.98	2.8489	2.9054
1381263846795	1289.86	784.18	1309.35	778.97	2.8682	2.8838
1381263855129	1281.09	761.12	1300.58	787.24	2.8154	2.8943
1381263863461	1283.80	776.77	1312.26	793.92	2.8555	2.9126
1381263871795	1286.25	767.45	1299.30	790.18	2.8714	2.9194
1381263880127	1293.47	796.51	1310.25	790.39	2.9309	2.9117
1381263888460	1287.50	800.67	1308.97	800.91	2.9463	2.9165
1381263896794	1278.44	786.49	1307.25	814.44	2.9013	2.9793
1381263905127	1289.45	796.09	1309.91	792.10	2.9354	2.9340
1381263913465	1297.37	780.27	1312.95	792.72	2.8922	2.9259
1381263921799	1300.93	775.41	1331.25	804.71	2.8547	2.9400
1381263930132	1298.59	798.09	1323.33	791.71	2.9215	2.9164
1381263938466	1299.92	794.55	1318.14	803.39	2.9243	2.9420
1381263946799	1295.40	789.47	1327.26	799.59	2.9140	2.9350
1381263955132	1295.81	803.50	1325.31	802.35	2.9585	2.9301
1381263963464	1287.35	808.97	1320.69	808.42	2.9665	2.9594
1381263971798	1293.00	791.73	1321.55	794.32	2.9237	2.9340
1381263980131	1293.01	798.53	1329.96	799.93	2.9528	2.9463
1381263988464	1302.03	803.79	1324.85	819.49	2.9636	2.9678
1381263996798	1296.79	837.64	1330.74	793.98	3.0131	2.9239
1381264005131	1297.39	799.51	1330.81	806.88	2.9159	2.9726
1381264013464	1298.89	817.71	1319.48	787.88	2.9887	2.9330
1381264021798	1290.33	817.77	1323.54	797.43	2.9688	2.9407
1381264030131	1290.50	795.91	1325.60	795.98	2.9189	2.9190
1381264038467	1290.68	780.68	1320.75	813.27	2.8775	2.9617
1381264046801	1293.51	819.79	1323.05	813.39	2.9418	2.9680
1381264055134	1294.93	838.96	1318.66	814.03	3.0237	2.9426
1381264063468	1305.78	831.74	1319.99	794.27	3.0092	2.9367
1381264071800	1289.44	817.53	1326.65	817.68	2.9561	2.9906
1381264080134	1292.79	822.39	1325.20	792.66	2.9626	2.9377
1381264088467	1294.52	822.49	1328.14	808.43	2.9702	2.9595
1381264096801	1291.91	826.85	1326.47	792.28	2.9772	2.9526
1381264105134	1288.89	794.32	1331.18	790.05	2.9146	2.9659
1381264113467	1300.90	852.02	1330.16	792.45	3.0518	2.9667
1381264121799	1292.09	818.16	1326.05	815.57	2.9643	3.0080
1381264130133	1297.38	841.25	1327.95	807.58	3.0260	2.9894
1381264138466	1298.90	836.68	1317.46	831.19	3.0054	3.0369
1381264146800	1302.75	858.06	1318.62	804.14	3.0718	2.9871
1381264155133	1301.90	847.45	1324.01	799.63	3.0285	2.9560
1381264163466	1299.99	836.97	1316.53	804.79	3.0233	3.0058
1381264171808	1302.13	842.25	1319.77	822.18	3.0033	3.0098
1381264180141	1302.83	845.71	1331.18	792.08	3.0321	2.9462
1381264188475	1301.33	840.07	1320.50	803.59	3.0163	2.9744
1381264196807	1294.57	830.69	1323.28	799.39	2.9812	2.9902
1381264205141	1302.88	831.87	1331.44	798.99	2.9770	2.9784
1381264213474	1296.13	837.58	1324.45	814.53	3.0119	3.0018
1381264221807	1298.61	828.72	1325.09	818.35	2.9752	2.9825
1381264230141	1303.55	818.34	1316.23	828.80	2.9804	3.0473
1381264238474	1302.93	838.91	1322.31	851.22	3.0065	3.0876
1381264246806	1300.16	845.26	1324.80	820.85	3.0566	3.0294
1381264255140	1304.91	849.57	1314.28	836.02	3.0797	3.0645
1381264263473	1298.66	837.75	1326.83	828.79	3.0290	3.0043
1381264271807	1310.07	862.26	1324.61	803.71	3.0792	3.0134
1381264280140	1308.89	844.42	1320.58	807.68	3.0594	3.0155
1381264288473	1305.78	843.05	1321.87	793.17	3.0622	2.9900
1381264296807	1301.96	827.45	1317.70	790.79	3.0192	2.9694
1381264305143	1293.65	815.36	1318.30	827.50	2.9829	3.0401
1381264313476	1304.31	839.25	1318.28	811.05	3.0595	3.0291
1381264321808	1303.59	849.81	1315.30	840.59	3.0616	3.0832
1381264330142	1293.55	824.15	1324.29	803.12	3.0337	3.0155
1381264338476	1302.82	845.18	1323.89	825.19	3.0689	3.0478
1381264346808	1311.97	861.35	1316.75	842.18	3.0914	3.0687
1381264355142	1308.29	864.56	1317.37	847.06	3.1057	3.1060
1381264363475	1296.68	821.55	1314.61	834.47	3.0110	3.0434
1381264371808	1308.09	866.25	1309.38	822.97	3.1278	3.0797
1381264380142	1307.74	845.75	1318.37	820.71	3.0650	3.0574
1381264388475	1308.03	868.99	1317.67	825.87	3.1066	3.0789
1381264396808	1305.93	857.71	1318.20	823.05	3.0975	3.0789
1381264405141	1303.00	864.01	1316.11	809.69	3.1069	3.0265
1381264413474	1312.12	852.76	1317.45	818.14	3.1016	3.0693
1381264421808	1302.63	847.00	1322.30	810.32	3.0872	3.0343
1381264430141	1305.49	846.41	1322.87	832.73	3.0908	3.0921
1381264438478	1312.17	862.31	1319.38	821.78	3.1467	3.1100
1381264446811	1303.84	864.34	1319.95	817.31	3.1562	3.0902
1381264455145	1311.53	851.93	1314.50	827.78	3.1089	3.0984
1381264463478	1306.05	837.09	1318.57	818.76	3.0948	3.1030
1381264471811	1304.16	840.01	1314.38	814.24	3.0973	3.1239
1381264480144	1300.45	847.76	1309.62	837.15	3.1211	3.1303
1381264488477	1309.55	829.59	1312.25	841.98	3.1157	3.1710
1381264496810	1310.85	846.10	1316.86	826.55	3.1498	3.1681
1381264505144	1312.80	845.83	1314.88	803.99	3.1698	3.0944
1381264513477	1308.02	844.39	1309.63	810.66	3.1703	3.1038
1381264521810	1312.61	844.34	1307.56	842.06	3.1553	3.1951
1381264530143	1316.32	843.85	1306.13	837.11	3.1740	3.1974
1381264538477	1308.53	842.61	1303.03	844.25	3.1643	3.2055
1381264546810	1306.62	854.55	1306.71	837.28	3.1906	3.1955
1381264555144	1307.75	845.34	1315.89	830.77	3.1667	3.1856
1381264563480	1303.54	833.43	1303.47	853.49	3.1463	3.2391
1381264571813	1308.00	854.58	1316.37	818.74	3.2060	3.1716
1381264580147	1317.08	863.35	1301.31	841.57	3.2320	3.2336
1381264588480	1315.59	856.78	1312.09	817.78	3.2215	3.1692
1381264596814	1313.06	834.63	1298.99	858.09	3.1831	3.2927
1381264605146	1314.77	844.80	1305.51	811.52	3.2215	3.1745
1381264613480	1324.76	869.11	1310.10	826.92	3.2738	3.2116
1381264621814	1320.57	843.90	1306.71	845.39	3.2451	3.2482
1381264630146	1316.61	828.85	1312.92	831.06	3.2262	3.2396
1381264638479	1313.17	847.18	1302.01	857.08	3.2464	3.2771
1381264646812	1319.45	852.61	1306.35	859.47	3.2677	3.2923
1381264655145	1312.69	851.65	1306.62	859.28	3.2527	3.3099
1381264663479	1313.58	851.70	1308.55	856.70	3.2433	3.2835
1381264671812	1309.74	854.32	1303.05	863.19	3.2414	3.3297
1381264680145	1309.12	849.09	1300.36	879.20	3.2519	3.3277
1381264688479	1317.42	855.60	1306.08	858.30	3.2912	3.3250
1381264696817	1315.82	839.93	1301.59	865.91	3.2683	3.3258
1381264705151	1318.11	827.06	1306.70	846.34	3.2420	3.3057
1381264713484	1315.69	849.58	1314.43	844.16	3.2903	3.2813
1381264721816	1322.73	867.03	1308.94	854.06	3.3268	3.3158
1381264730149	1312.11	840.33	1304.33	843.75	3.2648	3.3136
1381264738483	1316.44	851.47	1304.44	858.34	3.3095	3.3377
1381264746817	1317.05	847.54	1311.67	861.90	3.2895	3.3375
1381264755149	1316.29	833.28	1321.46	826.40	3.2510	3.2628
1381264763483	1309.95	830.43	1311.23	864.99	3.2492	3.3707
1381264771816	1315.11	837.47	1308.64	875.22	3.2665	3.3680
1381264780149	1322.61	863.72	1314.20	857.67	3.3270	3.3434
1381264788483	1318.75	848.61	1305.34	857.52	3.2702	3.3327
1381264796815	1314.15	844.31	1314.15	858.84	3.2617	3.3396
1381264805148	1322.14	858.52	1303.98	870.07	3.2880	3.3584
1381264813482	1316.60	855.40	1309.89	875.16	3.2908	3.3682
1381264821815	1314.95	856.70	1302.04	867.98	3.2753	3.3796
1381264830154	1310.70	847.02	1312.57	845.43	3.2526	3.3263
1381264838487	1318.73	861.00	1315.62	855.78	3.2700	3.3160
1381264846820	1313.07	859.90	1310.22	850.10	3.3108	3.3477
1381264855154	1312.26	864.40	1305.61	858.13	3.2833	3.3536
1381264863487	1317.25	876.64	1301.87	866.40	3.3110	3.3594
1381264871821	1315.74	859.81	1305.53	860.84	3.2947	3.3457
1381264880152	1326.51	877.42	1310.48	850.98	3.3205	3.3353
1381264888486	1310.93	874.37	1302.40	881.30	3.3077	3.3914
1381264896820	1309.99	852.79	1308.77	859.85	3.2717	3.3482
1381264905152	1319.29	863.08	1303.25	873.18	3.2929	3.3737
1381264913486	1303.59	844.64	1311.54	858.08	3.2874	3.3173
1381264921819	1317.17	845.58	1300.60	876.20	3.2621	3.3890
1381264930152	1316.63	855.66	1301.77	867.88	3.3123	3.3737
1381264938486	1323.61	865.15	1301.19	869.44	3.3140	3.3782
1381264946819	1309.49	853.14	1306.77	859.38	3.2858	3.3347
1381264955157	1315.35	862.34	1310.90	855.03	3.3143	3.3373
1381264963490	1314.19	861.58	1306.59	861.17	3.3116	3.3457
1381264971823	1315.86	875.53	1304.57	853.56	3.3292	3.3205
1381264980157	1319.28	850.47	1303.56	861.05	3.2803	3.3644
1381264988490	1311.93	867.40	1307.17	860.06	3.3169	3.3496
1381264996824	1319.59	871.73	1304.36	858.88	3.3324	3.3478
1381265005157	1314.33	869.97	1305.35	870.11	3.3394	3.3977
1381265013490	1314.86	852.97	1309.84	862.18	3.3070	3.3732
1381265021823	1311.76	847.74	1308.00	850.45	3.2924	3.3631
1381265030156	1313.01	864.61	1314.91	849.65	3.3665	3.3435
1381265038490	1318.71	868.82	1307.90	839.08	3.3599	3.3347
1381265046823	1314.75	863.86	1307.96	865.69	3.3430	3.4047
1381265055156	1320.58	871.96	1306.52	853.16	3.3683	3.3725
1381265063490	1325.90	865.24	1318.73	835.94	3.3752	3.3474
1381265071822	1311.29	867.39	1303.11	849.79	3.3517	3.3779
1381265080156	1323.72	863.69	1307.35	839.86	3.3532	3.3353
1381265088488	1322.01	877.63	1308.04	859.33	3.3770	3.4080
1381265096822	1318.62	881.47	1305.34	853.43	3.3930	3.3766
1381265105156	1315.26	872.10	1300.28	862.30	3.3764	3.3963
1381265113489	1326.99	861.78	1308.82	861.80	3.3610	3.4084
1381265121822	1320.74	880.39	1306.27	844.88	3.3967	3.3727
1381265130155	1317.40	861.54	1308.62	860.29	3.3488	3.4015
1381265138488	1317.16	858.73	1300.77	841.64	3.3556	3.3731
1381265146822	1316.26	866.58	1303.69	859.89	3.3925	3.4162
1381265155155	1319.03	865.02	1298.44	869.90	3.3890	3.4382
1381265163488	1317.23	866.34	1303.36	868.26	3.3653	3.4424
1381265171821	1323.12	865.18	1316.87	851.33	3.4064	3.4092
1381265180154	1380.34	826.70	1383.52	853.01	3.4249	3.4340
1381265188488	1454.71	761.80	1479.94	745.00	3.3647	3.3479
1381265196821	1517.91	716.99	1542.65	702.68	3.3647	3.3526
1381265205154	1563.26	650.26	1565.84	670.08	3.3617	3.3473
1381265213488	1578.57	627.48	1571.36	648.54	3.3622	3.3546
1381265221830	1567.63	641.31	1561.24	637.32	3.4074	3.3599
1381265230163	1571.69	630.54	1560.85	647.17	3.3616	3.3721
1381265238495	1576.88	626.37	1561.46	650.73	3.3699	3.4148
1381265246829	1578.29	621.75	1557.97	644.40	3.3962	3.3875
1381265255162	1579.41	620.21	1549.32	640.54	3.3801	3.4032
1381265263496	1585.22	615.81	1548.48	645.35	3.3688	3.4005
1381265271829	1579.03	617.92	1553.05	636.68	3.3858	3.3797
1381265280162	1579.45	614.54	1554.13	638.71	3.3861	3.3954
1381265288495	1579.40	620.00	1556.72	634.27	3.3912	3.3852
1381265296829	1582.18	609.84	1552.63	633.65	3.3704	3.3831
1381265305162	1578.12	621.11	1554.11	639.97	3.3855	3.3871
1381265313495	1578.72	603.73	1552.34	631.25	3.3603	3.3835
1381265321828	1582.05	622.18	1563.52	634.74	3.3828	3.3747
1381265330161	1582.08	610.89	1560.07	640.81	3.3731	3.3728
1381265338494	1576.30	606.04	1564.98	631.86	3.3640	3.3919
1381265346828	1574.44	612.67	1558.30	605.33	3.4085	3.3830
1381265355167	1567.41	575.17	1566.26	565.94	3.4062	3.3814
1381265363499	1563.72	566.47	1552.53	560.24	3.4368	3.3986
1381265371833	1551.55	543.63	1538.20	556.88	3.4169	3.3775
1381265380166	1555.59	541.78	1544.13	543.68	3.3850	3.3709
1381265388498	1560.92	553.89	1541.13	547.60	3.4115	3.3615
1381265396832	1569.81	548.81	1547.34	546.70	3.4021	3.3581
1381265405165	1568.77	544.64	1540.10	558.43	3.3866	3.3875
1381265413498	1558.02	557.80	1545.42	547.63	3.4059	3.3719
1381265421832	1560.45	551.53	1539.51	544.81	3.3817	3.3637
1381265430165	1554.99	548.90	1541.67	563.85	3.3833	3.3411
1381265438499	1558.29	550.70	1536.38	560.61	3.3417	3.3463
1381265446832	1564.43	549.65	1539.98	564.65	3.3484	3.3274
1381265455165	1557.82	557.26	1537.54	558.45	3.3368	3.3189
1381265463498	1554.27	548.69	1531.05	557.16	3.3294	3.2888
1381265471831	1557.06	551.03	1538.52	562.08	3.3008	3.2835
1381265480168	1553.58	554.78	1532.89	562.11	3.2903	3.2828
1381265488501	1560.85	551.26	1539.34	558.18	3.2942	3.2622
1381265496835	1564.26	553.63	1545.64	564.70	3.3026	3.2805
1381265505168	1564.31	561.27	1538.37	566.24	3.2552	3.2553
1381265513501	1557.39	547.56	1534.09	563.69	3.2603	3.2473
1381265521835	1560.32	556.87	1537.64	561.00	3.2662	3.2409
1381265530168	1565.20	555.32	1534.78	563.41	3.2522	3.2165
1381265538501	1559.35	548.36	1540.23	570.49	3.2531	3.2131
1381265546834	1556.05	546.79	1540.26	566.53	3.2289	3.1969
1381265555167	1558.65	549.22	1540.64	568.21	3.2329	3.1953
1381265563501	1556.25	547.97	1536.43	564.30	3.2155	3.1760
1381265571834	1550.49	550.64	1542.11	571.95	3.1961	3.1762
1381265580167	1554.83	548.32	1539.29	566.29	3.1853	3.1985
1381265588500	1551.47	562.14	1533.53	559.47	3.1997	3.1699
1381265596834	1552.44	550.74	1539.24	560.84	3.1807	3.1868
1381265605167	1551.83	556.49	1539.93	563.37	3.1796	3.1773
1381265613503	1559.58	561.77	1539.47	563.11	3.1769	3.1957
1381265621836	1561.87	567.81	1546.80	553.23	3.2099	3.1633
1381265630169	1555.42	558.86	1539.64	557.92	3.1893	3.1761
1381265638502	1560.54	557.45	1544.36	559.52	3.1751	3.1575
1381265646836	1554.82	566.35	1539.68	552.15	3.1711	3.1729
1381265655169	1550.33	562.37	1537.79	554.86	3.1784	3.1761
1381265663502	1560.50	559.68	1545.05	560.77	3.1776	3.1930
1381265671836	1532.09	560.55	1521.84	553.23	3.1788	3.1658
1381265680169	1456.56	563.83	1460.45	554.30	3.1738	3.1602
1381265688503	1403.25	560.71	1416.40	557.31	3.1793	3.1676
1381265696836	1378.99	572.89	1371.69	564.36	3.1748	3.1701
1381265705168	1381.42	572.95	1372.08	569.02	3.1575	3.1822
1381265713501	1389.08	573.86	1383.37	567.56	3.1759	3.2034
1381265721834	1383.71	567.83	1377.27	564.32	3.1754	3.1653
1381265730168	1382.77	573.52	1366.69	566.84	3.1777	3.1693
1381265738501	1375.11	573.87	1371.99	569.15	3.1789	3.2014
1381265746842	1382.60	575.05	1377.41	575.92	3.1828	3.2175
1381265755176	1389.74	575.05	1374.54	564.77	3.1846	3.1935
1381265763509	1387.46	573.28	1370.83	572.67	3.1964	3.1855
1381265771843	1387.33	570.39	1371.92	561.98	3.1935	3.2082
1381265780176	1384.65	567.40	1371.42	568.34	3.1736	3.2238
1381265788508	1381.74	568.87	1375.82	567.34	3.1999	3.2117
1381265796841	1383.47	568.37	1376.66	564.61	3.2099	3.2269
1381265805175	1380.97	572.34	1373.87	568.24	3.1953	3.2253
1381265813509	1387.39	566.87	1377.21	561.38	3.2144	3.2353
1381265821841	1390.23	563.17	1370.59	566.71	3.2098	3.2469
1381265830175	1392.45	559.62	1370.28	569.59	3.2144	3.2502
1381265838508	1393.40	565.82	1377.00	564.55	3.2125	3.2490
1381265846841	1390.59	567.11	1376.70	571.64	3.2274	3.2456
1381265855175	1390.92	569.48	1369.67	567.37	3.2419	3.2775
1381265863508	1385.51	575.29	1372.35	571.13	3.2323	3.2692
1381265871841	1353.83	574.49	1340.46	578.46	3.2574	3.2389
1381265880179	1271.68	632.25	1283.08	632.69	3.2338	3.2617
1381265888512	1225.52	682.27	1246.75	670.93	3.2087	3.2540
1381265896846	1192.56	700.04	1210.68	699.50	3.1936	3.2287
1381265905178	1179.31	746.03	1198.61	720.59	3.1685	3.1861
1381265913511	1189.27	760.28	1198.22	739.60	3.2008	3.2094
1381265921844	1194.83	752.87	1196.02	747.20	3.2011	3.2511
1381265930178	1185.57	745.48	1194.28	739.85	3.1771	3.2417
1381265938512	1192.35	740.19	1198.06	753.59	3.1738	3.2386
1381265946844	1197.29	745.34	1188.72	739.28	3.1821	3.2159
1381265955178	1199.70	764.63	1188.24	733.50	3.2293	3.2411
1381265963511	1193.59	743.95	1191.64	735.99	3.1901	3.2408
1381265971844	1196.33	749.01	1188.26	733.95	3.2242	3.2375
1381265980178	1188.25	750.57	1196.14	726.88	3.2398	3.2156
1381265988510	1192.36	733.38	1189.54	723.90	3.2018	3.2209
1381265996843	1202.34	763.09	1184.82	724.93	3.2699	3.2292
1381266005182	1202.67	781.96	1188.14	741.24	3.3097	3.2526
1381266013515	1193.46	759.72	1187.94	734.11	3.2340	3.2469
1381266021849	1193.74	755.06	1188.42	744.60	3.2512	3.2389
1381266030182	1198.66	765.93	1178.73	741.27	3.2671	3.2556
1381266038515	1197.97	772.25	1192.00	732.41	3.3154	3.2702
1381266046848	1198.95	749.81	1189.67	732.09	3.2444	3.2361
1381266055182	1194.55	761.55	1191.01	733.28	3.2735	3.2673
1381266063514	1209.37	783.30	1189.76	721.83	3.3648	3.2334
1381266071847	1205.42	762.26	1179.72	783.92	3.3234	3.3628
1381266080181	1201.51	769.48	1187.81	729.09	3.3302	3.2718
1381266088514	1210.50	772.73	1185.68	723.02	3.3413	3.2564
1381266096847	1192.06	742.30	1187.35	740.82	3.2590	3.3094
1381266105181	1125.20	703.07	1136.00	717.80	3.3071	3.3372
1381266113514	1071.21	687.70	1077.35	678.69	3.3294	3.3410
1381266121847	1034.92	664.03	1032.61	660.26	3.3412	3.3769
1381266130181	1026.01	625.39	1015.46	626.73	3.3667	3.3674
1381266138521	1029.42	597.20	1015.69	597.87	3.3761	3.3805
1381266146854	1031.56	591.05	1024.52	591.73	3.3678	3.3671
1381266155187	1039.49	596.71	1026.29	593.15	3.3619	3.3950
1381266163520	1043.88	595.73	1028.67	578.53	3.3696	3.3791
1381266171853	1043.06	579.72	1027.80	556.76	3.3910	3.4003
1381266180187	1060.00	568.21	1044.24	551.19	3.3768	3.3880
1381266188520	1058.70	569.98	1052.45	554.05	3.3809	3.4046
1381266196854	1067.43	576.93	1055.47	565.48	3.3798	3.3992
1381266205187	1072.66	577.92	1059.82	561.79	3.4309	3.3832
1381266213520	1079.18	577.89	1065.83	558.55	3.4056	3.4095
1381266221852	1082.86	581.04	1074.81	570.95	3.3910	3.3992
1381266230186	1092.97	588.75	1083.43	578.52	3.4128	3.3877
1381266238519	1113.21	593.74	1095.99	584.79	3.3793	3.4030
1381266246852	1132.01	592.99	1124.66	619.55	3.3708	3.4189
1381266255186	1154.61	604.50	1154.01	610.48	3.4002	3.3817
1381266263519	1184.11	611.54	1175.90	639.93	3.3829	3.3779
1381266271855	1192.25	647.05	1194.67	663.50	3.3420	3.3809
1381266280188	1200.07	685.78	1206.74	682.01	3.3352	3.3279
1381266288521	1212.63	699.18	1211.20	693.01	3.3556	3.3260
1381266296854	1216.60	693.38	1211.27	695.70	3.3302	3.3125
1381266305187	1218.29	704.08	1211.56	694.22	3.3659	3.3073
1381266313521	1212.92	697.62	1205.94	690.32	3.3268	3.2900
1381266321854	1206.90	687.43	1212.59	708.45	3.3064	3.3436
1381266330188	1218.77	700.74	1217.56	696.12	3.3243	3.3105
