t	gaze_point_LX	gaze_point_LY	gaze_point_RX	gaze_point_RY	pupil_diameter_L	pupil_diameter_R
862464546801	988.51	771.53	1018.74	815.06	3.5254	3.3292
862464555134	994.24	788.99	1013.17	816.51	3.5567	3.3592
862464563468	1051.94	793.57	1077.60	807.10	3.5830	3.3408
862464571801	1167.62	778.83	1187.87	770.04	3.6239	3.3439
862464580134	1235.31	757.71	1247.04	749.81	3.6142	3.3164
862464588467	1278.03	768.92	1286.34	753.95	3.6225	3.3289
862464596801	1261.38	792.20	1278.72	752.32	3.6817	3.2891
862464605134	1252.44	759.86	1286.50	749.05	3.6378	3.3107
862464613467	1279.09	750.04	1295.58	765.43	3.6015	3.3677
862464621800	1286.20	763.62	1297.92	755.66	3.6222	3.3320
862464630133	1277.71	778.33	1288.68	746.09	3.6592	3.3273
862464638466	1277.03	774.30	1293.02	777.83	3.6357	3.3694
862464646800	1277.75	758.94	1295.80	755.61	3.6354	3.3091
862464655139	1271.67	769.97	1291.51	766.51	3.6336	3.3462
862464663473	1280.22	772.91	1288.10	778.33	3.6549	3.3742
862464671806	1272.36	776.71	1287.95	769.20	3.6696	3.3614
862464680139	1276.49	760.72	1292.15	750.38	3.6289	3.3121
862464688472	1277.88	769.91	1286.01	764.79	3.6487	3.3594
862464696806	1275.96	738.36	1281.14	755.59	3.5988	3.3525
862464705138	1285.32	775.07	1293.07	758.65	3.6636	3.3593
862464713471	1272.64	768.03	1296.38	755.97	3.6560	3.3496
862464721804	1279.05	767.80	1288.85	755.28	3.6671	3.3465
862464730138	1278.49	766.67	1287.80	754.25	3.6660	3.3568
862464738472	1272.46	756.30	1293.16	744.12	3.6236	3.3511
862464746805	1282.79	768.14	1295.04	750.50	3.6683	3.3486
862464755138	1278.60	764.51	1289.70	757.92	3.6407	3.3855
862464763471	1274.26	748.84	1295.42	758.33	3.6201	3.3716
862464771805	1276.44	768.76	1293.03	747.84	3.6548	3.3730
862464780137	1283.25	774.70	1291.71	772.50	3.6811	3.4189
862464788472	1270.63	773.58	1292.17	752.15	3.6826	3.3725
862464796806	1278.45	749.76	1299.24	766.35	3.6422	3.3835
862464805139	1271.78	755.97	1291.81	770.78	3.6333	3.4066
862464813472	1268.65	760.75	1286.86	778.19	3.6460	3.4162
862464821806	1269.14	768.39	1296.97	764.04	3.6743	3.3927
862464830139	1271.83	767.31	1285.91	770.03	3.6775	3.4207
862464838472	1272.45	772.99	1294.09	763.67	3.6820	3.4059
862464846805	1272.77	748.61	1287.47	753.34	3.6335	3.3806
862464855138	1281.99	770.15	1287.49	779.06	3.6714	3.4415
862464863471	1274.98	763.47	1286.70	775.30	3.6758	3.4404
862464871805	1283.18	769.62	1292.02	765.32	3.6616	3.4144
862464880138	1278.57	775.20	1288.55	775.81	3.6897	3.4242
862464888471	1277.70	778.96	1291.53	751.52	3.6932	3.4153
862464896805	1270.44	769.10	1291.17	755.58	3.6790	3.3958
862464905138	1274.88	766.45	1290.70	774.91	3.6544	3.4302
862464913471	1268.28	766.28	1293.47	783.82	3.6581	3.4616
862464921811	1275.13	757.06	1296.91	762.29	3.6461	3.4189
862464930142	1269.55	771.42	1289.34	756.43	3.6786	3.4106
862464938476	1271.92	779.72	1297.81	761.46	3.6730	3.4151
862464946810	1274.22	775.32	1294.54	765.51	3.6586	3.4106
862464955143	1272.00	747.87	1296.23	758.88	3.6080	3.4225
862464963476	1269.97	762.99	1292.34	761.66	3.6262	3.4251
862464971809	1276.97	779.21	1297.38	757.85	3.6457	3.4243
862464980143	1273.03	758.94	1295.66	778.58	3.6078	3.4431
862464988476	1266.42	777.93	1293.05	774.28	3.6360	3.4542
862464996810	1269.58	772.12	1290.13	773.17	3.6549	3.4276
862465005143	1277.24	779.14	1300.40	763.37	3.6517	3.4062
862465013475	1270.60	777.69	1296.58	759.82	3.6360	3.4140
862465021809	1268.59	775.76	1301.58	765.11	3.6335	3.4138
862465030142	1265.87	774.49	1296.98	755.49	3.6060	3.3758
862465038475	1273.37	776.67	1299.41	761.73	3.6072	3.3988
862465046809	1273.47	767.28	1299.36	761.68	3.6127	3.4067
862465055147	1273.42	765.11	1295.81	739.62	3.6145	3.3539
862465063480	1267.63	777.35	1295.06	751.08	3.6264	3.3655
862465071814	1262.70	785.25	1299.34	750.39	3.6313	3.3638
862465080147	1269.55	761.18	1296.67	743.61	3.6091	3.3702
862465088479	1270.35	775.15	1300.65	757.51	3.6422	3.3985
862465096813	1265.56	773.75	1301.03	749.80	3.6241	3.3527
862465105146	1267.62	784.25	1300.45	746.88	3.6086	3.3396
862465113479	1270.02	773.68	1291.22	756.45	3.6107	3.3797
862465121813	1263.94	777.37	1302.74	743.19	3.6183	3.3578
862465130146	1262.43	772.54	1298.93	750.62	3.6013	3.3397
862465138479	1276.59	783.49	1300.27	743.79	3.6525	3.3454
862465146813	1268.52	723.80	1306.79	693.81	3.5635	3.3127
862465155146	1268.11	729.22	1299.21	708.42	3.5604	3.3299
862465163478	1278.44	764.12	1296.38	737.57	3.6196	3.3499
862465171812	1280.11	756.66	1306.12	690.26	3.6190	3.2806
862465180148	1273.85	749.48	1298.23	709.95	3.6091	3.3077
862465188481	1276.52	740.93	1302.08	696.52	3.5812	3.2950
862465196814	1278.40	756.71	1298.89	704.32	3.6228	3.3251
862465205148	1269.38	749.47	1304.64	723.00	3.6183	3.3290
862465213481	1276.86	735.74	1298.60	702.78	3.5960	3.3217
862465221815	1276.59	754.94	1295.57	693.26	3.5937	3.3077
862465230148	1282.70	759.91	1294.51	713.90	3.6371	3.3318
862465238480	1281.41	750.78	1301.88	722.25	3.6023	3.3595
862465246814	1270.92	753.76	1304.57	725.94	3.6141	3.3510
862465255147	1276.23	752.04	1301.65	708.31	3.6309	3.3188
862465263480	1271.16	732.65	1301.33	702.14	3.5815	3.3336
862465271814	1271.87	747.50	1300.36	708.75	3.6100	3.3220
862465280147	1273.81	752.98	1292.80	698.81	3.6192	3.3198
862465288480	1267.81	745.20	1303.37	708.75	3.6267	3.3416
862465296813	1260.39	741.15	1292.84	722.69	3.6112	3.3546
862465305147	1275.87	759.95	1293.22	724.34	3.6255	3.3522
862465313485	1268.58	762.40	1297.45	710.74	3.6278	3.3506
862465321818	1268.40	751.38	1298.90	715.79	3.6199	3.3320
862465330152	1267.81	754.51	1298.54	700.37	3.6190	3.2983
862465338485	1267.74	754.70	1298.67	700.64	3.6482	3.3231
862465346818	1269.35	756.32	1294.94	724.04	3.6399	3.3523
862465355152	1270.47	763.08	1298.55	714.91	3.6575	3.3628
862465363485	1273.10	757.22	1309.27	706.58	3.6220	3.3177
862465371818	1275.26	757.12	1303.26	707.97	3.6300	3.3066
862465380152	1270.14	749.56	1296.59	718.88	3.6161	3.3390
862465388485	1279.19	739.91	1296.65	714.00	3.5819	3.3301
862465396817	1273.05	765.32	1303.31	691.49	3.6504	3.2945
862465405151	1272.16	737.04	1296.74	695.70	3.6054	3.3063
862465413484	1275.21	762.25	1297.05	692.69	3.6377	3.2808
862465421817	1277.07	757.61	1286.72	722.81	3.6411	3.3389
862465430151	1276.56	746.53	1295.81	714.15	3.6199	3.3003
862465438484	1266.05	745.33	1289.32	724.52	3.6104	3.3501
862465446822	1272.34	733.81	1294.70	714.23	3.5973	3.3087
862465455156	1276.53	762.72	1301.40	694.32	3.6452	3.2679
862465463489	1278.22	760.22	1287.36	731.12	3.6514	3.3390
862465471821	1275.61	755.70	1291.90	697.08	3.6328	3.2837
862465480155	1273.65	733.54	1296.76	707.70	3.5886	3.2969
862465488488	1276.07	762.78	1300.28	703.32	3.6453	3.2701
862465496821	1273.02	762.10	1299.65	710.07	3.6279	3.2767
862465505155	1272.18	713.86	1302.86	697.15	3.5695	3.2756
862465513488	1268.34	756.85	1298.64	695.26	3.6742	3.2627
862465521821	1275.88	758.24	1300.01	717.13	3.6469	3.2845
862465530155	1269.56	758.35	1300.12	684.21	3.6395	3.2245
862465538488	1270.38	763.00	1297.28	692.34	3.6537	3.2337
862465546820	1264.93	746.34	1294.56	695.59	3.6062	3.2411
862465555154	1264.43	731.12	1293.99	691.60	3.6093	3.2411
862465563487	1269.01	762.06	1300.43	691.41	3.6615	3.2386
862465571825	1262.81	757.83	1304.00	693.22	3.6683	3.2323
862465580159	1254.85	746.67	1303.72	700.65	3.6709	3.2411
862465588492	1262.41	748.81	1290.18	717.94	3.6476	3.2666
862465596825	1273.10	763.51	1296.70	714.12	3.6733	3.2310
862465605159	1272.06	754.27	1291.86	700.42	3.6189	3.2345
862465613491	1262.99	752.32	1282.98	710.56	3.6477	3.2178
862465621824	1250.43	799.08	1268.64	776.35	3.5947	3.2584
862465630158	1245.89	803.88	1269.29	747.04	3.6106	3.2131
862465638491	1248.07	788.04	1271.39	772.25	3.5787	3.2433
862465646824	1248.78	789.59	1266.54	715.84	3.5961	3.1816
862465655158	1243.01	808.53	1265.11	758.09	3.5859	3.1937
862465663491	1242.63	782.76	1266.83	758.64	3.5354	3.1971
862465671824	1244.62	797.06	1271.60	736.28	3.5458	3.1412
862465680158	1241.65	787.67	1262.89	726.37	3.5181	3.1140
862465688490	1237.22	802.22	1262.73	740.37	3.5330	3.1470
862465696823	1234.77	797.94	1269.30	747.35	3.5232	3.1434
862465705162	1239.78	798.17	1263.33	742.77	3.5184	3.1179
862465713495	1240.96	799.71	1258.09	745.27	3.4896	3.1124
862465721828	1237.86	798.62	1265.50	737.46	3.5015	3.0957
862465730161	1235.31	798.79	1264.45	732.87	3.4846	3.0720
862465738495	1234.01	793.57	1269.40	737.92	3.4680	3.0710
862465746828	1239.01	766.30	1265.94	729.20	3.4012	3.0630
862465755161	1242.65	781.15	1258.01	748.49	3.4151	3.0741
862465763494	1236.14	787.76	1261.73	736.32	3.4505	3.0664
862465771827	1250.37	779.42	1263.56	732.93	3.4033	3.0556
862465780161	1248.59	759.29	1259.68	737.67	3.3541	3.0531
862465788494	1248.76	798.91	1253.49	735.25	3.4233	3.0486
862465796827	1240.85	792.05	1258.49	726.37	3.4111	3.0219
862465805160	1248.28	787.41	1259.59	730.98	3.4006	3.0189
862465813494	1249.69	798.77	1259.90	740.45	3.4225	3.0419
862465821827	1243.06	783.40	1264.47	729.03	3.3816	3.0044
862465830160	1243.86	787.31	1267.89	727.28	3.3723	2.9900
862465838498	1246.94	794.44	1262.64	733.36	3.4115	3.0070
862465846830	1234.67	761.32	1260.47	730.78	3.3447	3.0025
862465855163	1242.63	766.59	1265.06	735.60	3.3430	3.0219
862465863497	1233.83	766.10	1261.46	737.83	3.3444	3.0271
862465871830	1244.82	783.73	1264.83	736.33	3.4005	3.0314
862465880164	1243.16	769.84	1260.12	734.69	3.3613	3.0339
862465888497	1244.44	729.40	1265.38	742.86	3.2802	3.0249
862465896830	1249.34	754.54	1264.52	730.72	3.3245	3.0126
862465905163	1238.63	758.30	1268.64	735.26	3.3604	3.0361
862465913497	1246.87	792.33	1262.50	730.12	3.4144	2.9946
862465921829	1246.16	796.16	1261.99	718.38	3.4229	3.0022
862465930162	1254.59	760.35	1259.97	732.20	3.3272	2.9998
862465938496	1243.06	779.69	1262.44	740.49	3.3697	3.0264
862465946829	1253.32	790.37	1267.33	740.19	3.3851	3.0222
862465955162	1254.07	791.10	1257.75	730.84	3.3939	3.0064
862465963496	1239.20	790.36	1261.23	732.43	3.4013	3.0117
862465971834	1241.63	788.02	1265.98	740.71	3.4014	3.0022
862465980167	1245.09	797.99	1269.45	733.15	3.3995	2.9859
862465988501	1241.25	764.71	1269.03	727.05	3.3312	2.9835
862465996833	1243.80	739.13	1268.30	723.44	3.2562	2.9965
862466005166	1231.32	730.14	1268.64	719.62	3.3024	2.9943
862466013500	1247.14	771.65	1266.61	719.78	3.3780	2.9776
862466021833	1240.40	762.24	1267.24	722.88	3.3363	2.9773
862466030166	1240.23	724.74	1262.88	716.20	3.2763	2.9766
862466038500	1242.90	755.51	1263.65	721.87	3.3531	2.9730
862466046833	1240.39	727.44	1258.29	733.19	3.2540	2.9977
862466055166	1235.19	739.64	1261.43	735.35	3.3004	3.0108
862466063500	1242.85	728.71	1255.00	724.13	3.2849	2.9863
862466071832	1233.61	739.42	1259.46	723.06	3.3233	2.9946
862466080165	1229.64	760.44	1255.39	720.11	3.3470	2.9878
862466088499	1240.30	740.23	1257.24	728.03	3.3156	2.9953
862466096835	1233.06	727.50	1260.87	721.89	3.3016	2.9835
862466105168	1234.21	758.60	1262.23	731.81	3.3571	2.9934
862466113502	1241.96	728.08	1259.30	727.58	3.2864	2.9934
862466121835	1237.67	720.48	1262.82	712.29	3.2576	2.9744
862466130168	1231.33	710.57	1263.71	726.35	3.2591	2.9759
862466138502	1240.32	724.58	1266.88	712.72	3.2873	2.9710
862466146834	1234.63	721.76	1267.42	734.34	3.2558	3.0046
862466155167	1233.03	714.29	1267.31	728.16	3.2741	3.0108
862466163501	1240.17	733.75	1262.92	724.33	3.3051	3.0079
862466171834	1236.41	712.20	1254.03	723.47	3.2580	2.9955
862466180167	1241.14	740.01	1260.57	723.61	3.3084	2.9913
862466188500	1229.13	752.85	1262.08	726.57	3.3345	3.0023
862466196834	1231.44	724.81	1262.73	726.12	3.2839	2.9949
862466205167	1231.38	727.01	1257.77	725.94	3.2836	3.0044
862466213501	1240.37	754.09	1257.98	725.21	3.3387	3.0078
862466221834	1239.38	774.34	1255.88	725.92	3.3817	3.0027
862466230174	1237.75	715.63	1260.54	728.68	3.2615	3.0110
862466238507	1240.32	740.01	1255.90	727.25	3.3156	3.0093
862466246841	1231.33	713.49	1263.00	733.37	3.2848	3.0324
862466255174	1238.74	749.99	1262.08	719.38	3.3491	3.0064
862466263507	1233.62	744.80	1261.26	726.12	3.3399	3.0098
862466271841	1243.19	750.91	1261.96	727.82	3.3476	3.0194
862466280174	1234.37	744.16	1260.15	722.98	3.3417	3.0248
862466288507	1244.04	749.06	1256.93	727.96	3.3449	3.0123
862466296841	1242.68	743.03	1265.85	726.12	3.3342	3.0235
862466305173	1235.84	771.58	1270.05	721.73	3.4202	3.0051
862466313506	1241.06	748.78	1263.27	726.04	3.3804	3.0379
862466321840	1235.52	750.28	1268.40	729.07	3.3642	3.0455
862466330173	1228.64	735.19	1272.26	722.26	3.3315	3.0241
862466338507	1232.05	756.65	1265.11	715.84	3.3836	3.0162
862466346840	1233.52	741.11	1267.93	725.98	3.3419	3.0433
862466355173	1234.75	756.53	1273.39	719.64	3.3931	3.0368
862466363509	1241.15	745.73	1261.46	726.65	3.3672	3.0286
862466371843	1244.98	769.48	1265.98	731.02	3.4258	3.0641
862466380175	1237.29	773.58	1264.10	723.27	3.4159	3.0402
862466388508	1240.87	790.30	1268.93	735.41	3.4647	3.0468
862466396842	1237.87	778.23	1262.55	727.51	3.4189	3.0421
862466405175	1229.71	718.60	1266.35	730.84	3.3074	3.0398
862466413508	1236.03	775.95	1268.49	721.95	3.4231	3.0419
862466421842	1232.52	742.29	1264.88	727.04	3.3439	3.0301
862466430174	1243.23	789.42	1269.73	726.40	3.4558	3.0354
862466438507	1237.18	746.21	1272.10	723.06	3.4133	3.0571
862466446841	1231.16	729.80	1272.01	724.52	3.3701	3.0464
862466455174	1236.78	749.79	1267.04	723.78	3.4098	3.0337
862466463507	1236.71	770.60	1268.20	718.84	3.4285	3.0449
862466471840	1232.70	737.06	1274.72	723.95	3.3772	3.0450
862466480173	1232.62	705.42	1273.67	717.37	3.3212	3.0364
862466488506	1236.63	778.28	1269.85	713.05	3.4792	3.0416
862466496845	1247.32	750.84	1264.38	716.64	3.4066	3.0188
862466505178	1234.90	754.99	1267.78	718.17	3.4225	3.0541
862466513511	1230.78	779.34	1272.55	711.41	3.4821	3.0586
862466521845	1238.51	764.41	1263.84	719.57	3.4492	3.0429
862466530178	1241.06	769.26	1276.25	718.02	3.4753	3.0535
862466538511	1241.69	782.35	1272.88	730.01	3.5031	3.0717
862466546844	1239.83	787.54	1272.41	738.16	3.4907	3.0934
862466555177	1236.70	752.03	1266.72	711.96	3.4426	3.0570
862466563510	1203.84	802.02	1220.42	731.65	3.5133	3.0746
862466571844	1210.45	794.27	1229.28	738.17	3.4961	3.0576
862466580177	1205.83	787.29	1228.52	752.70	3.4678	3.0959
862466588510	1218.40	773.07	1231.57	735.86	3.4702	3.0686
862466596844	1206.98	787.79	1223.15	742.23	3.4956	3.1004
862466605177	1210.47	800.26	1225.53	741.55	3.5354	3.0952
862466613510	1212.01	792.57	1229.35	739.34	3.5093	3.0953
862466621846	1215.79	789.02	1220.28	736.76	3.5054	3.0700
862466630178	1212.90	789.94	1218.38	743.85	3.5209	3.0986
862466638511	1210.87	788.93	1223.33	743.82	3.5019	3.0936
862466646845	1205.29	788.27	1229.76	737.13	3.5069	3.0788
862466655178	1217.02	805.90	1223.45	741.62	3.5298	3.1066
862466663511	1206.99	779.52	1226.09	744.20	3.5051	3.1040
862466671845	1207.29	772.20	1226.04	729.49	3.4906	3.0639
862466680178	1213.04	792.08	1226.87	739.30	3.5262	3.1018
862466688511	1212.20	783.75	1227.36	732.75	3.4899	3.0884
862466696845	1200.73	770.46	1233.87	728.82	3.4899	3.0815
862466705177	1210.36	789.03	1230.03	728.53	3.5082	3.0712
862466713510	1201.54	771.43	1230.07	732.73	3.4684	3.0815
862466721844	1209.77	785.86	1226.68	740.08	3.5076	3.0816
862466730177	1201.68	781.78	1231.13	750.87	3.5167	3.1110
862466738510	1202.24	773.21	1233.21	757.34	3.5073	3.1004
862466746844	1203.99	784.64	1235.64	728.15	3.5188	3.0460
862466755184	1207.23	794.93	1237.34	721.56	3.5323	3.0626
862466763517	1204.79	786.91	1241.32	728.34	3.5312	3.0583
862466771851	1212.71	797.29	1232.77	763.45	3.5125	3.1051
862466780183	1210.00	793.51	1228.97	741.68	3.5165	3.0751
862466788516	1210.11	794.78	1239.28	736.16	3.5111	3.0753
862466796850	1208.59	779.21	1240.87	729.92	3.4900	3.0473
862466805183	1206.67	789.59	1239.47	732.48	3.5174	3.0575
862466813516	1203.79	779.42	1231.01	747.79	3.5124	3.0680
862466821849	1208.23	768.69	1238.03	731.76	3.4729	3.0623
862466830183	1210.24	783.65	1233.53	737.74	3.5030	3.0684
862466838516	1202.20	773.20	1232.43	737.17	3.5025	3.0715
862466846850	1203.26	791.87	1240.72	749.78	3.5345	3.0819
862466855182	1204.98	791.07	1229.17	730.99	3.5295	3.0566
862466863515	1206.34	788.13	1233.80	739.70	3.4982	3.0660
862466871849	1202.65	776.12	1236.91	758.33	3.4890	3.1071
862466880182	1199.95	791.32	1233.64	736.43	3.5222	3.0812
862466888520	1205.60	783.29	1233.07	763.83	3.5113	3.1232
862466896854	1204.58	780.21	1233.07	733.68	3.4859	3.0501
862466905187	1205.98	793.88	1232.79	754.71	3.5238	3.1033
862466913520	1203.16	773.00	1236.78	739.01	3.4763	3.0750
862466921853	1207.76	780.10	1221.83	758.31	3.4967	3.1145
862466930187	1210.85	793.24	1244.04	740.07	3.4928	3.0707
862466938519	1205.25	782.43	1236.97	747.33	3.4674	3.0867
862466946852	1208.05	783.88	1235.90	728.16	3.4843	3.0603
862466955186	1204.43	790.59	1240.50	740.51	3.4902	3.0735
862466963519	1208.76	783.47	1237.85	734.59	3.4851	3.0520
862466971852	1213.16	785.71	1233.50	743.80	3.4760	3.0911
862466980186	1219.30	791.93	1236.46	743.65	3.5018	3.0915
862466988519	1213.78	789.71	1235.07	745.10	3.5005	3.0930
862466996852	1216.74	794.12	1237.36	738.78	3.5086	3.0907
862467005186	1215.19	796.66	1233.32	756.69	3.4973	3.1007
862467013522	1216.84	798.28	1236.11	732.15	3.5045	3.0757
862467021855	1210.06	789.14	1229.41	753.49	3.4905	3.1128
862467030189	1219.41	792.97	1250.01	748.34	3.5024	3.1144
862467038522	1259.46	772.42	1279.70	719.14	3.5250	3.1203
862467046855	1261.15	768.44	1279.31	734.23	3.5146	3.1125
862467055189	1258.88	769.26	1282.12	733.38	3.4796	3.1005
862467063522	1253.37	764.62	1273.64	735.56	3.4955	3.0983
862467071855	1254.52	766.07	1277.23	733.71	3.5022	3.1124
862467080189	1256.98	769.90	1275.39	733.62	3.5152	3.1116
862467088521	1258.14	768.59	1284.76	732.19	3.4971	3.1174
862467096854	1253.95	780.43	1283.59	732.36	3.5257	3.1147
862467105188	1257.49	778.65	1280.89	746.85	3.5139	3.1467
862467113521	1255.58	778.01	1277.48	720.44	3.5224	3.1017
862467121854	1261.06	777.58	1283.99	732.96	3.5040	3.1136
862467130188	1255.14	749.98	1281.74	742.54	3.4821	3.1359
862467138521	1247.95	759.07	1277.03	725.05	3.5053	3.1066
862467146859	1253.07	767.95	1280.12	734.79	3.5190	3.1254
862467155193	1253.28	774.13	1280.62	743.85	3.5214	3.1410
862467163525	1254.70	758.43	1281.40	727.36	3.5080	3.1075
862467171858	1259.92	777.91	1270.05	735.81	3.5442	3.1351
862467180192	1258.56	772.02	1271.87	750.18	3.5350	3.1356
862467188525	1257.57	775.96	1274.79	737.45	3.5312	3.1245
862467196858	1252.62	764.89	1275.22	733.18	3.5258	3.1153
862467205192	1255.89	783.36	1278.97	725.64	3.5400	3.1191
862467213525	1249.19	763.26	1277.66	732.66	3.5086	3.1049
862467221858	1256.27	775.48	1277.51	729.99	3.5576	3.1221
862467230192	1252.18	762.04	1279.37	726.05	3.4794	3.1161
862467238525	1256.77	769.94	1280.68	735.12	3.5215	3.1198
862467246857	1257.71	766.52	1281.94	731.12	3.5100	3.1159
862467255191	1257.18	781.85	1279.81	725.62	3.5400	3.1227
862467263524	1256.60	762.53	1280.24	743.13	3.4762	3.1469
862467271857	1254.16	779.62	1276.41	726.52	3.5230	3.0938
862467280195	1254.82	775.13	1278.86	726.27	3.5150	3.0916
862467288529	1257.18	770.46	1278.78	730.19	3.5015	3.0955
862467296861	1254.69	755.24	1275.28	727.83	3.4513	3.0867
862467305194	1255.81	775.81	1279.67	725.96	3.5057	3.0694
862467313528	1258.23	779.37	1279.82	740.78	3.5183	3.0902
862467321861	1254.26	753.32	1272.16	725.28	3.4668	3.0798
862467330194	1257.41	771.22	1276.63	724.18	3.4948	3.0771
862467338528	1251.98	779.32	1276.91	727.48	3.5057	3.0853
862467346861	1252.70	767.01	1275.31	722.93	3.4697	3.0589
862467355195	1260.01	776.86	1273.30	735.25	3.4874	3.0911
862467363528	1250.81	757.95	1284.06	725.16	3.4567	3.0660
862467371860	1260.69	755.28	1268.98	745.81	3.4588	3.1016
862467380194	1245.00	750.42	1278.82	733.16	3.4496	3.0734
862467388527	1258.05	767.09	1278.76	724.48	3.4603	3.0514
862467396860	1256.60	727.86	1275.72	741.36	3.3510	3.0655
862467405193	1247.49	759.86	1278.17	732.87	3.4481	3.0648
862467413532	1249.80	778.26	1279.70	719.36	3.4657	3.0390
862467421865	1256.76	773.46	1277.71	732.74	3.4479	3.0639
862467430199	1251.19	750.76	1276.48	737.56	3.3972	3.0818
862467438532	1254.68	756.12	1279.48	722.05	3.4134	3.0238
862467446865	1256.68	766.98	1280.34	725.03	3.4444	3.0409
862467455198	1249.66	760.72	1279.53	735.21	3.4182	3.0819
862467463531	1246.58	766.44	1281.93	726.53	3.4111	3.0496
862467471864	1248.88	720.78	1275.25	732.91	3.3419	3.0485
862467480198	1254.74	765.00	1273.43	749.30	3.4182	3.0930
862467488531	1251.54	733.98	1272.58	724.91	3.3634	3.0500
862467496864	1244.99	738.96	1279.52	729.71	3.3943	3.0647
862467505198	1253.63	763.02	1277.12	742.39	3.4199	3.0783
862467513531	1242.51	748.59	1278.92	728.02	3.3855	3.0505
862467521864	1246.37	750.83	1277.54	728.08	3.4085	3.0619
862467530196	1256.52	712.60	1279.50	735.04	3.3289	3.0695
862467538534	1251.43	737.32	1275.97	727.16	3.3810	3.0449
862467546867	1256.47	726.87	1277.97	725.76	3.3335	3.0430
862467555200	1255.88	750.76	1276.59	727.16	3.4155	3.0623
862467563534	1260.67	771.77	1278.70	727.37	3.4262	3.0502
862467571867	1245.89	748.94	1281.26	733.62	3.3983	3.0586
862467580200	1247.08	772.51	1281.34	735.26	3.4434	3.0638
862467588534	1251.97	746.98	1275.75	743.49	3.4084	3.0796
862467596867	1252.67	768.60	1280.17	735.56	3.4239	3.0581
862467605199	1251.41	760.82	1276.17	733.60	3.4139	3.0859
862467613533	1259.90	777.95	1284.08	733.85	3.4355	3.0700
862467621866	1257.64	780.34	1279.79	727.84	3.4547	3.0640
862467630199	1262.54	779.91	1278.61	752.85	3.4411	3.0953
862467638533	1257.73	781.81	1277.92	739.43	3.4563	3.0820
862467646866	1254.60	751.71	1279.19	724.95	3.4148	3.0611
862467655199	1261.98	781.41	1279.21	731.47	3.4624	3.0827
862467663533	1258.18	758.53	1276.70	743.22	3.4338	3.1021
862467671870	1250.62	747.86	1271.93	747.57	3.4216	3.1063
862467680202	1261.09	784.83	1278.82	743.06	3.4813	3.1079
862467688536	1260.14	785.57	1273.25	723.54	3.4966	3.0800
862467696869	1262.52	749.65	1270.29	730.99	3.4297	3.1087
862467705202	1260.04	768.81	1277.89	741.03	3.4644	3.1113
862467713536	1265.56	773.70	1276.81	734.05	3.4769	3.1077
862467721869	1261.42	773.00	1266.18	731.90	3.4667	3.0924
862467730202	1266.00	784.74	1273.90	730.10	3.4881	3.0826
862467738536	1263.57	774.73	1278.07	741.83	3.4890	3.1116
862467746869	1256.63	774.87	1280.91	725.85	3.4708	3.0957
862467755201	1262.88	750.91	1273.63	732.73	3.4527	3.1126
862467763535	1264.06	777.87	1277.62	730.11	3.4839	3.1023
862467771868	1253.83	768.78	1277.54	750.26	3.4639	3.1500
862467780201	1256.04	778.01	1278.24	740.31	3.4852	3.1134
862467788535	1259.04	782.53	1277.64	747.12	3.4974	3.1403
862467796868	1252.46	770.23	1283.50	734.18	3.4861	3.1058
862467805206	1265.23	764.55	1283.17	723.66	3.4803	3.0910
862467813540	1260.69	784.45	1277.31	731.35	3.5168	3.1044
862467821873	1263.61	761.48	1283.15	747.04	3.4706	3.1485
862467830205	1257.69	784.97	1276.78	758.24	3.5296	3.1595
862467838539	1264.39	771.55	1279.24	770.72	3.5054	3.1881
862467846872	1257.54	783.36	1290.15	730.31	3.5191	3.0992
862467855205	1259.29	760.28	1279.89	740.48	3.4855	3.1384
862467863538	1259.99	776.90	1281.48	741.64	3.5071	3.1395
862467871872	1267.56	778.33	1284.81	734.21	3.5027	3.1418
862467880205	1262.86	752.79	1286.62	734.91	3.4621	3.1235
862467888538	1259.57	784.12	1284.03	728.63	3.5344	3.1026
862467896872	1255.05	781.79	1281.98	733.28	3.5198	3.1252
862467905205	1261.93	772.16	1288.31	733.73	3.4928	3.1267
862467913537	1261.16	791.81	1279.93	730.87	3.5253	3.1252
862467921871	1255.51	757.83	1283.21	743.99	3.4934	3.1512
862467930204	1251.08	749.87	1284.89	737.95	3.4786	3.1387
862467938542	1257.40	761.07	1285.58	736.68	3.4790	3.1257
862467946876	1260.07	774.07	1286.58	734.66	3.5011	3.1360
862467955209	1256.67	753.60	1286.00	740.28	3.4697	3.1278
862467963542	1266.65	778.07	1287.51	739.71	3.5203	3.1556
862467971876	1246.74	767.90	1271.99	741.21	3.5038	3.1477
862467980209	1179.10	779.16	1213.77	734.83	3.5389	3.1487
862467988541	1131.54	688.03	1167.02	694.62	3.4045	3.1453
862467996875	1106.19	731.22	1124.57	691.10	3.4728	3.1600
862468005208	1083.64	686.32	1126.50	705.02	3.3976	3.1469
862468013541	1094.16	702.49	1131.68	693.95	3.4315	3.1425
862468021875	1097.04	702.39	1116.05	728.75	3.4329	3.2133
862468030208	1088.44	685.87	1120.24	699.31	3.3975	3.1591
862468038541	1086.63	685.26	1112.86	704.69	3.3909	3.1552
862468046875	1095.60	723.58	1116.64	688.16	3.4607	3.1338
862468055208	1081.74	681.83	1115.54	690.52	3.3883	3.1513
862468063545	1086.79	693.92	1113.72	690.83	3.4336	3.1519
862468071879	1088.47	689.51	1117.15	690.95	3.4015	3.1562
862468080212	1077.96	678.28	1111.37	696.16	3.3842	3.1522
862468088545	1086.86	701.37	1112.20	690.53	3.4363	3.1447
862468096879	1087.21	694.59	1108.33	692.86	3.4065	3.1377
862468105212	1084.23	694.25	1110.29	699.03	3.4229	3.1407
862468113545	1077.94	684.00	1107.68	689.65	3.3815	3.1350
862468121879	1090.53	712.55	1114.56	690.40	3.4440	3.1459
862468130212	1078.85	677.37	1105.59	687.95	3.3665	3.1332
862468138544	1093.13	691.34	1107.00	692.53	3.3997	3.1502
862468146878	1086.38	694.66	1110.44	694.48	3.3991	3.1331
862468155211	1083.03	685.95	1111.91	697.08	3.3836	3.1518
862468163544	1083.87	698.37	1108.58	692.36	3.4039	3.1487
862468171878	1088.90	688.41	1109.67	693.42	3.3907	3.1373
862468180211	1084.62	705.54	1115.97	696.80	3.4268	3.1333
862468188544	1090.27	708.52	1109.95	693.26	3.4318	3.1415
862468196883	1086.15	696.77	1106.50	692.43	3.3975	3.1369
862468205216	1091.37	694.98	1112.03	705.99	3.3951	3.1585
862468213548	1097.12	715.46	1113.67	691.98	3.4555	3.1458
862468221882	1088.31	696.52	1120.73	693.23	3.3811	3.1575
862468230215	1092.77	713.20	1107.95	739.37	3.4242	3.2274
862468238548	1082.80	707.86	1117.61	703.25	3.4256	3.1528
862468246882	1090.53	694.49	1117.53	697.06	3.4035	3.1250
862468255215	1095.04	717.22	1111.99	712.60	3.4438	3.1928
862468263548	1090.65	696.86	1118.45	693.38	3.3851	3.1562
862468271882	1096.32	701.47	1112.86	696.70	3.4099	3.1267
862468280215	1095.01	704.41	1119.65	691.21	3.4230	3.1524
862468288548	1101.89	721.76	1118.03	691.78	3.4383	3.1444
862468296881	1097.21	724.14	1121.09	697.56	3.4339	3.1579
862468305214	1101.70	714.33	1118.73	712.14	3.4268	3.1869
862468313547	1089.90	707.97	1119.68	718.93	3.4145	3.1723
