t	gaze_point_LX	gaze_point_LY	gaze_point_RX	gaze_point_RY	pupil_diameter_L	pupil_diameter_R
236038716071	1267.66	711.79	1292.41	697.74	2.7729	2.8312
236038724404	1273.07	706.52	1289.50	698.18	2.7744	2.8369
236038732738	1270.95	709.54	1290.43	701.93	2.7689	2.8551
236038741071	1271.34	708.80	1294.22	688.79	2.7705	2.8251
236038749404	1269.46	713.30	1293.66	698.01	2.7625	2.8326
236038757737	1275.54	716.29	1288.49	703.33	2.7791	2.8490
236038766070	1274.69	712.74	1291.69	706.51	2.7659	2.8397
236038774403	1275.70	718.35	1291.67	713.01	2.7746	2.8343
236038782736	1274.76	708.68	1290.09	708.99	2.7596	2.8349
236038791070	1274.21	703.80	1291.26	708.55	2.7548	2.8494
236038799403	1280.37	701.71	1290.05	705.86	2.7588	2.8492
236038807736	1273.30	705.19	1289.18	702.49	2.7642	2.8414
236038816070	1274.09	707.07	1292.08	703.42	2.7576	2.8238
236038824403	1275.42	709.63	1289.50	705.87	2.7751	2.8436
236038832736	1274.53	704.94	1290.33	703.96	2.7614	2.8484
236038841069	1277.03	729.44	1289.64	710.05	2.7307	2.8423
236038849407	1282.98	727.39	1296.40	726.56	2.7104	2.8184
236038857741	1335.79	971.59	1317.66	770.11	1.6544	2.7664
236038866073	NaN	NaN	NaN	NaN	NaN	NaN
236038874407	NaN	NaN	NaN	NaN	NaN	NaN
236038882740	NaN	NaN	NaN	NaN	NaN	NaN
236038891073	NaN	NaN	NaN	NaN	NaN	NaN
236038899407	NaN	NaN	NaN	NaN	NaN	NaN
236038907741	NaN	NaN	NaN	NaN	NaN	NaN
236038916074	NaN	NaN	NaN	NaN	NaN	NaN
236038924407	NaN	NaN	NaN	NaN	NaN	NaN
236038932740	NaN	NaN	NaN	NaN	NaN	NaN
236038941072	NaN	NaN	NaN	NaN	NaN	NaN
236038949406	NaN	NaN	NaN	NaN	NaN	NaN
236038957739	NaN	NaN	NaN	NaN	NaN	NaN
236038966072	NaN	NaN	NaN	NaN	NaN	NaN
236038974406	NaN	NaN	NaN	NaN	NaN	NaN
236038982745	NaN	NaN	NaN	NaN	NaN	NaN
236038991078	NaN	NaN	NaN	NaN	NaN	NaN
236038999411	1313.95	1291.78	1279.07	927.93	2.6473	2.6705
236039007745	1424.03	899.26	1292.47	846.39	1.9041	2.8156
236039016076	1306.04	970.93	1292.54	762.32	2.5946	2.7880
236039024410	1304.47	871.61	1291.69	731.07	2.6674	2.8590
236039032743	1287.56	796.39	1290.32	720.71	2.6506	2.8784
236039041076	1285.01	761.57	1293.12	727.68	2.7119	2.8646
236039049410	1291.76	735.55	1288.35	739.83	2.7691	2.8828
236039057744	1293.05	714.73	1295.79	734.65	2.8044	2.8654
236039066077	1291.36	731.22	1289.47	727.96	2.8024	2.8850
236039074410	1290.69	730.49	1292.01	730.23	2.8210	2.8913
236039082744	1297.38	725.83	1295.49	724.25	2.8028	2.8995
236039091077	1293.99	728.35	1289.79	729.79	2.8190	2.9155
236039099409	1300.84	730.90	1290.06	722.40	2.8271	2.9374
236039107748	1298.77	724.84	1287.12	720.18	2.8235	2.9376
236039116081	1293.13	722.27	1288.15	716.48	2.8304	2.9519
236039124414	1297.50	726.13	1290.28	713.95	2.8362	2.9458
236039132747	1298.36	726.53	1289.75	719.32	2.8477	2.9613
236039141081	1297.94	720.46	1288.89	717.77	2.8537	2.9781
236039149414	1296.92	721.52	1289.61	706.46	2.8605	2.9622
236039157747	1298.31	721.11	1291.51	708.60	2.8569	2.9700
236039166081	1296.82	720.38	1291.68	713.38	2.8709	2.9839
236039174413	1301.39	727.38	1292.27	712.56	2.8880	3.0030
236039182746	1300.40	722.91	1290.25	713.48	2.8878	2.9979
236039191080	1300.96	721.13	1294.51	707.60	2.8931	2.9861
236039199413	1295.61	723.82	1283.40	706.90	2.8785	3.0057
236039207746	1294.98	733.92	1279.04	715.12	2.8988	3.0070
236039216080	1296.89	726.66	1281.83	717.04	2.8971	2.9991
236039224413	1297.45	719.88	1279.46	711.73	2.9091	3.0208
236039232746	1300.49	718.84	1282.34	712.05	2.9016	3.0201
236039241084	1295.03	725.33	1277.71	709.51	2.9128	3.0281
236039249418	1293.74	721.20	1281.62	709.47	2.9172	3.0527
236039257750	1295.50	719.55	1284.67	706.27	2.9350	3.0233
236039266083	1297.44	721.46	1274.60	706.42	2.9453	3.0482
236039274417	1295.62	720.68	1282.04	706.38	2.9386	3.0452
236039282750	1300.34	719.33	1278.44	707.96	2.9471	3.0699
236039291084	1297.64	717.15	1284.48	705.79	2.9505	3.0559
236039299417	1303.80	717.39	1275.38	710.45	2.9613	3.0644
236039307750	1304.52	721.41	1277.51	709.31	2.9827	3.0782
236039316084	1302.06	721.61	1278.25	707.01	2.9958	3.0626
236039324417	1299.60	718.25	1279.06	711.56	2.9806	3.0791
236039332750	1300.92	724.46	1274.36	707.91	3.0020	3.0878
236039341082	1304.07	730.65	1280.39	709.18	3.0156	3.0912
236039349415	1305.30	724.08	1280.98	708.32	3.0206	3.0956
236039357749	1297.17	712.82	1276.33	710.73	2.9980	3.1085
236039366082	1302.66	720.95	1275.24	705.93	3.0271	3.1115
236039374420	1302.86	722.81	1278.64	706.81	3.0158	3.1162
236039382753	1300.03	714.58	1278.24	705.01	3.0262	3.1129
236039391087	1302.94	712.36	1278.17	708.86	3.0225	3.1328
236039399420	1306.58	714.00	1271.16	702.14	3.0405	3.1376
236039407753	1300.32	714.78	1270.21	706.63	3.0521	3.1347
236039416086	1304.75	709.79	1274.38	700.51	3.0531	3.1224
236039424419	1302.76	720.08	1274.58	698.01	3.0667	3.1388
236039432752	1305.78	720.10	1267.88	704.70	3.0754	3.1488
236039441085	1303.16	718.81	1271.90	707.99	3.1013	3.1592
236039449418	1304.74	722.31	1270.70	704.03	3.0988	3.1635
236039457752	1306.93	715.91	1267.92	707.22	3.0956	3.1787
236039466086	1301.05	717.19	1270.17	712.03	3.1028	3.1707
236039474419	1304.79	727.31	1267.31	708.37	3.1050	3.1895
236039482752	1297.03	731.30	1273.23	708.36	3.0999	3.1735
236039491085	1307.74	737.87	1270.38	715.80	3.1178	3.1935
236039499419	1308.26	734.12	1269.85	735.96	3.0933	3.1538
236039507755	NaN	NaN	1269.29	818.01	NaN	3.0513
236039516088	NaN	NaN	NaN	NaN	NaN	NaN
236039524421	NaN	NaN	NaN	NaN	NaN	NaN
236039532755	NaN	NaN	NaN	NaN	NaN	NaN
236039541089	NaN	NaN	NaN	NaN	NaN	NaN
236039549422	NaN	NaN	NaN	NaN	NaN	NaN
236039557755	NaN	NaN	NaN	NaN	NaN	NaN
236039566089	NaN	NaN	NaN	NaN	NaN	NaN
236039574422	NaN	NaN	NaN	NaN	NaN	NaN
236039582755	NaN	NaN	NaN	NaN	NaN	NaN
236039591087	NaN	NaN	NaN	NaN	NaN	NaN
236039599420	NaN	NaN	NaN	NaN	NaN	NaN
236039607754	NaN	NaN	NaN	NaN	NaN	NaN
236039616087	NaN	NaN	NaN	NaN	NaN	NaN
236039624421	NaN	NaN	NaN	NaN	NaN	NaN
236039632759	NaN	NaN	NaN	NaN	NaN	NaN
236039641093	NaN	NaN	NaN	NaN	NaN	NaN
236039649426	NaN	NaN	NaN	NaN	NaN	NaN
236039657759	NaN	NaN	NaN	NaN	NaN	NaN
236039666092	NaN	NaN	NaN	NaN	NaN	NaN
236039674424	NaN	NaN	NaN	NaN	NaN	NaN
236039682758	NaN	NaN	1256.81	1006.57	NaN	3.1251
236039691091	1416.69	955.67	1261.02	926.73	2.4166	3.0880
236039699425	NaN	NaN	NaN	NaN	NaN	NaN
236039707758	1348.19	988.70	1250.55	860.50	2.9725	3.2247
236039716091	1316.08	914.11	1259.92	776.74	3.0425	3.2119
236039724425	1306.06	830.54	1260.22	733.27	3.0393	3.2149
236039732758	1305.11	800.67	1264.14	721.84	3.1107	3.2245
236039741091	1303.59	773.13	1264.34	725.79	3.1427	3.2217
236039749424	1299.30	753.72	1263.80	743.38	3.1565	3.2222
236039757757	1300.74	747.78	1266.93	750.44	3.1429	3.2248
236039766096	1303.10	762.19	1269.22	749.39	3.1415	3.2233
236039774429	1301.16	759.94	1271.09	747.81	3.1338	3.2259
236039782763	1300.79	758.63	1277.23	741.18	3.1586	3.2231
236039791096	1297.42	758.00	1269.04	739.85	3.1357	3.2311
236039799430	1300.83	754.48	1267.24	744.03	3.1365	3.2476
236039807763	1299.86	760.65	1262.66	738.30	3.1487	3.2297
236039816096	1300.70	758.79	1265.24	734.41	3.1357	3.2409
236039824430	1298.22	750.42	1265.49	733.91	3.1414	3.2513
236039832763	1299.44	750.43	1273.90	730.84	3.1421	3.2447
236039841095	1297.10	754.95	1278.91	723.38	3.1427	3.2391
236039849429	1295.28	750.87	1276.38	720.31	3.1301	3.2432
236039857762	1299.86	752.02	1271.17	719.50	3.1402	3.2389
236039866095	1300.74	751.62	1267.72	722.45	3.1284	3.2552
236039874429	1300.23	749.10	1267.65	715.51	3.1242	3.2412
236039882762	1302.59	748.53	1272.18	712.26	3.1245	3.2309
236039891095	1300.21	742.90	1270.67	716.53	3.1303	3.2490
236039899432	1293.73	745.42	1267.34	723.96	3.1341	3.2465
236039907765	1304.38	744.72	1265.41	721.76	3.1371	3.2360
236039916098	1297.60	742.00	1264.95	718.26	3.1265	3.2289
236039924431	1302.32	738.40	1263.99	719.79	3.1129	3.2455
236039932764	1299.84	741.75	1268.05	717.63	3.1140	3.2366
236039941097	1295.22	745.38	1271.34	716.07	3.1029	3.2394
236039949431	1296.21	743.01	1273.84	718.33	3.1152	3.2442
236039957764	1294.14	741.90	1268.36	719.38	3.1150	3.2380
236039966097	1299.24	746.15	1271.30	713.91	3.1328	3.2410
236039974431	1301.61	747.90	1267.18	719.25	3.1414	3.2521
236039982764	1297.57	742.20	1270.59	710.75	3.1326	3.2322
236039991097	1299.44	742.85	1271.76	715.26	3.1426	3.2307
236039999431	1296.74	737.79	1271.42	711.69	3.1324	3.2512
236040007762	1301.26	742.09	1273.43	711.76	3.1379	3.2349
236040016096	1296.93	739.75	1271.61	716.82	3.1342	3.2620
236040024433	1298.07	737.71	1276.88	710.39	3.1387	3.2449
236040032766	1292.10	740.78	1268.85	711.34	3.1349	3.2545
236040041100	1293.57	740.32	1272.73	715.99	3.1431	3.2583
236040049433	1295.21	733.70	1269.63	711.11	3.1454	3.2615
236040057767	1294.76	736.13	1272.23	708.85	3.1454	3.2702
236040066100	1291.57	737.12	1270.97	710.79	3.1462	3.2618
236040074434	1295.67	737.87	1268.83	708.95	3.1531	3.2649
236040082767	1300.01	738.98	1271.41	708.18	3.1618	3.2616
236040091099	1302.18	738.30	1266.38	710.68	3.1420	3.2694
236040099433	1300.65	743.38	1270.20	710.73	3.1478	3.2673
236040107766	1295.78	734.96	1267.70	709.69	3.1566	3.2854
236040116099	1293.42	733.80	1268.98	706.30	3.1478	3.2669
236040124432	1296.61	734.25	1268.19	712.33	3.1512	3.2802
236040132766	1297.67	735.28	1272.06	710.34	3.1598	3.2843
236040141099	1291.21	734.46	1266.42	704.14	3.1447	3.2852
236040149432	1294.95	730.99	1267.36	705.67	3.1423	3.3015
236040157771	1295.87	735.30	1264.52	712.46	3.1493	3.2935
236040166105	1293.54	729.50	1265.68	703.47	3.1525	3.2843
236040174437	1289.82	728.99	1263.44	707.06	3.1378	3.3008
236040182770	1287.98	730.50	1265.07	708.26	3.1354	3.2822
236040191104	1289.24	731.07	1268.22	709.65	3.1496	3.3012
236040199437	1296.36	723.65	1268.48	710.30	3.1373	3.2970
236040207770	1297.67	722.36	1266.38	706.00	3.1315	3.2809
236040216104	1293.29	722.68	1265.69	711.13	3.1373	3.2926
236040224437	1295.33	726.04	1270.75	707.62	3.1317	3.2875
236040232770	1292.02	729.76	1265.44	707.02	3.1561	3.2839
236040241104	1289.27	727.55	1269.68	710.07	3.1240	3.2916
236040249437	1293.11	728.98	1265.06	703.63	3.1417	3.2825
236040257769	1294.25	727.82	1265.82	709.65	3.1484	3.2784
236040266103	1294.31	735.50	1272.09	706.44	3.1600	3.2604
236040274436	1293.57	730.74	1269.33	703.05	3.1507	3.2592
236040282770	1292.76	733.39	1276.31	700.49	3.1383	3.2664
236040291113	1292.58	730.94	1270.24	703.00	3.1277	3.2616
236040299446	1292.36	736.62	1274.33	699.77	3.1356	3.2474
236040307780	1289.82	736.04	1270.96	697.92	3.1400	3.2557
236040316113	1291.70	736.20	1274.84	702.95	3.1364	3.2552
236040324446	1294.38	732.08	1276.36	701.99	3.1334	3.2544
236040332780	1293.25	733.67	1274.40	701.28	3.1294	3.2482
236040341112	1296.73	733.85	1274.15	704.10	3.1241	3.2594
236040349445	1287.89	733.38	1270.85	703.56	3.1128	3.2572
236040357779	1291.41	737.83	1275.46	711.27	3.1243	3.2512
236040366112	1291.41	732.13	1272.23	714.81	3.1104	3.2707
236040374445	1289.80	731.51	1275.50	711.39	3.1000	3.2683
236040382778	1291.97	733.40	1272.17	714.06	3.1033	3.2644
236040391112	1293.92	728.76	1281.07	720.25	3.1022	3.2692
236040399445	1292.96	726.66	1275.92	716.42	3.1010	3.2747
236040407779	1294.12	730.09	1275.26	710.11	3.1000	3.2546
236040416112	1293.67	730.40	1279.15	710.05	3.1059	3.2502
236040424444	1296.93	728.77	1274.28	710.35	3.0996	3.2538
236040432778	1294.67	737.13	1278.14	715.86	3.1006	3.2502
236040441111	1293.38	738.64	1277.02	713.87	3.0946	3.2678
236040449444	1290.31	731.20	1278.09	717.68	3.0974	3.2635
236040457777	1294.67	738.53	1276.87	711.84	3.0920	3.2603
236040466110	1293.11	734.84	1281.35	713.12	3.1087	3.2716
236040474444	1288.77	741.39	1282.07	714.55	3.0898	3.2662
236040482778	1290.42	735.67	1285.98	705.99	3.0801	3.2445
236040491111	1288.45	738.42	1279.80	716.84	3.0893	3.2536
236040499444	1287.94	731.54	1278.25	714.67	3.0882	3.2726
236040507776	1293.62	735.52	1282.04	710.00	3.0905	3.2660
236040516110	1285.40	739.59	1279.52	718.67	3.0737	3.2626
236040524443	1291.47	727.15	1281.23	711.81	3.0694	3.2588
236040532777	1292.28	734.77	1283.76	714.58	3.0737	3.2722
236040541110	1297.96	733.00	1281.87	716.50	3.0843	3.2588
236040549447	1288.72	738.70	1280.93	717.98	3.0890	3.2706
236040557781	1287.72	732.54	1282.12	723.98	3.0725	3.2924
236040566114	1294.43	733.39	1276.61	712.32	3.0809	3.2634
236040574447	1286.12	737.59	1284.28	712.52	3.0743	3.2529
236040582781	1291.83	739.41	1284.38	713.55	3.0783	3.2593
236040591112	1292.11	738.13	1284.51	708.71	3.0776	3.2608
236040599446	1291.40	732.98	1287.91	711.45	3.0884	3.2534
236040607780	1290.30	731.07	1281.13	710.56	3.0707	3.2570
236040616113	1286.33	729.19	1277.81	711.59	3.0768	3.2500
236040624446	1293.95	735.37	1281.10	713.37	3.0807	3.2545
236040632779	1293.64	732.18	1278.23	714.14	3.0859	3.2567
236040641113	1284.75	737.97	1280.34	716.79	3.0750	3.2642
236040649446	1288.90	733.44	1280.01	719.34	3.0701	3.2802
236040657780	1289.73	736.26	1279.75	710.28	3.0804	3.2636
236040666113	1290.28	734.28	1283.22	708.95	3.0765	3.2528
236040674445	1291.68	735.98	1281.76	711.29	3.0800	3.2545
236040682781	1292.96	739.82	1281.07	709.26	3.0770	3.2637
236040691113	1294.24	729.09	1283.72	703.71	3.0660	3.2567
236040699447	1293.95	728.34	1278.15	708.34	3.0697	3.2654
236040707781	1293.62	720.24	1277.28	707.70	3.0629	3.2773
236040716114	1293.09	720.75	1276.09	709.01	3.0737	3.2752
236040724447	1290.68	724.64	1279.51	712.14	3.0638	3.2793
236040732780	1292.57	727.83	1276.77	710.48	3.0777	3.2843
236040741113	1296.01	725.77	1273.66	709.46	3.0797	3.2774
236040749447	1293.38	727.78	1276.16	716.47	3.0955	3.2809
236040757779	1299.15	724.29	1271.91	711.78	3.0674	3.2834
236040766112	1290.14	731.63	1277.38	711.41	3.0988	3.2982
236040774446	1290.50	724.26	1271.71	716.85	3.0845	3.2899
236040782779	1295.71	731.00	1270.81	718.85	3.1009	3.3098
236040791113	1288.83	736.44	1277.51	715.85	3.0935	3.2976
236040799446	1290.14	733.03	1271.05	716.76	3.0955	3.3023
236040807779	1290.10	733.87	1270.08	720.98	3.1110	3.3147
236040816121	1292.93	733.78	1276.23	717.73	3.1062	3.2972
236040824455	1289.36	735.05	1278.57	710.07	3.1121	3.3043
236040832788	1286.93	728.08	1275.47	697.93	3.1124	3.3063
236040841120	1287.55	723.71	1272.71	689.89	3.1229	3.3052
236040849454	1287.70	720.54	1274.89	686.39	3.1086	3.2971
236040857787	1284.46	725.33	1275.66	692.76	3.1194	3.2850
236040866120	1283.21	723.08	1273.63	693.98	3.1021	3.2909
236040874454	1288.94	721.98	1277.10	690.96	3.1127	3.2960
236040882787	1283.88	722.94	1276.90	696.22	3.1264	3.2990
236040891120	1285.53	721.55	1279.40	697.39	3.1128	3.2968
236040899454	1288.02	722.98	1277.32	694.40	3.1105	3.2868
236040907787	1280.36	717.55	1276.29	691.83	3.0825	3.2685
236040916120	1285.81	719.12	1277.41	691.82	3.0884	3.2807
236040924453	1289.67	718.85	1275.15	687.20	3.0852	3.2528
236040932786	1288.21	711.73	1274.89	690.73	3.0714	3.2462
236040941119	1280.75	720.02	1271.10	699.42	3.0889	3.2681
236040949458	1285.12	722.43	1272.43	695.00	3.0812	3.2360
236040957791	1282.02	719.71	1274.95	698.13	3.0789	3.2455
236040966124	1283.44	715.57	1275.51	694.64	3.0700	3.2322
236040974458	1285.63	721.51	1272.11	694.73	3.0689	3.2422
236040982791	1283.82	716.57	1270.43	694.67	3.0675	3.2297
236040991124	1286.28	717.67	1271.76	701.43	3.0625	3.2269
236040999457	1285.15	717.72	1274.75	700.94	3.0620	3.2264
236041007790	1286.39	720.16	1274.11	695.68	3.0551	3.2062
236041016123	1288.46	718.84	1273.87	700.25	3.0547	3.2035
236041024456	1290.90	721.61	1278.57	700.05	3.0571	3.1900
236041032790	1285.92	715.55	1275.11	702.51	3.0487	3.1970
236041041124	1288.97	720.06	1281.26	704.70	3.0462	3.2146
236041049456	1286.25	715.66	1276.63	707.65	3.0402	3.2018
236041057790	1286.63	713.67	1277.28	694.41	3.0292	3.1718
236041066123	1286.24	717.73	1278.42	694.92	3.0303	3.1763
236041074460	1278.96	718.80	1281.75	696.93	3.0330	3.1699
236041082793	1290.00	716.99	1274.87	699.94	3.0349	3.1732
236041091126	1280.40	720.60	1276.93	697.72	3.0264	3.1594
236041099459	1288.58	721.88	1282.39	693.79	3.0315	3.1548
236041107793	1283.67	722.44	1278.49	693.17	3.0328	3.1513
236041116126	1286.23	723.58	1281.18	697.74	3.0363	3.1474
236041124460	1282.43	724.11	1284.26	694.38	3.0333	3.1389
236041132793	1288.14	720.95	1279.94	695.54	3.0339	3.1444
236041141126	1285.49	719.42	1279.27	693.15	3.0303	3.1310
236041149459	1287.81	726.28	1284.21	700.72	3.0398	3.1512
236041157793	1289.46	720.29	1278.52	695.84	3.0175	3.1394
236041166126	1285.35	713.58	1285.09	695.90	3.0118	3.1430
236041174458	1291.02	717.78	1281.32	697.36	3.0213	3.1391
236041182792	1285.13	719.74	1278.82	693.97	3.0217	3.1325
236041191125	1286.32	718.09	1279.26	693.31	3.0158	3.1401
236041199458	1285.35	719.71	1283.63	700.69	3.0156	3.1368
236041207798	1285.66	717.67	1284.69	697.64	3.0197	3.1280
236041216131	1290.30	717.39	1278.08	695.05	3.0241	3.1421
236041224464	1282.07	715.85	1281.49	695.54	2.9983	3.1383
236041232798	1285.54	720.19	1286.71	698.76	3.0081	3.1308
236041241131	1284.80	719.12	1285.81	694.48	3.0166	3.1435
236041249464	1280.39	718.79	1279.05	697.51	3.0226	3.1399
236041257797	1284.46	716.72	1285.30	698.43	3.0287	3.1471
236041266130	1281.74	716.05	1282.44	694.68	3.0145	3.1311
236041274463	1284.09	719.73	1282.56	695.58	3.0275	3.1626
236041282797	1280.04	723.41	1284.02	701.74	3.0292	3.1428
236041291130	1282.64	720.16	1283.56	699.65	3.0362	3.1606
236041299463	1281.51	720.81	1285.90	691.17	3.0386	3.1299
236041307797	1281.51	717.37	1280.25	695.74	3.0284	3.1462
236041316130	1280.64	719.64	1285.82	700.20	3.0290	3.1429
236041324463	1302.07	724.66	1306.69	701.65	3.0353	3.1278
236041332796	1328.86	730.12	1328.59	715.35	3.0488	3.1519
236041341132	1332.71	730.24	1330.57	720.49	3.0490	3.1435
236041349465	1323.56	733.03	1325.12	722.30	3.0329	3.1651
236041357799	1327.07	736.24	1331.41	721.63	3.0476	3.1511
236041366132	1326.51	731.69	1333.67	713.53	3.0207	3.1342
236041374465	1330.29	741.06	1335.07	714.39	3.0447	3.1255
236041382799	1330.51	733.83	1332.44	719.19	3.0524	3.1541
236041391132	1334.63	735.29	1331.63	710.84	3.0489	3.1358
236041399465	1336.38	737.09	1327.71	712.01	3.0485	3.1418
236041407798	1337.22	739.50	1335.26	712.54	3.0583	3.1406
236041416130	1333.98	743.04	1329.63	713.45	3.0591	3.1385
236041424463	1333.75	733.59	1332.17	714.01	3.0407	3.1355
236041432797	1338.55	735.39	1333.13	718.07	3.0450	3.1322
236041441130	1335.80	732.00	1335.81	712.30	3.0399	3.1447
236041449463	1333.11	734.34	1329.86	716.53	3.0352	3.1547
236041457797	1334.35	740.03	1329.60	717.95	3.0527	3.1393
236041466130	1334.08	739.82	1332.87	717.52	3.0490	3.1543
236041474468	1333.39	738.37	1327.43	718.40	3.0358	3.1524
236041482802	1332.74	734.25	1325.70	715.87	3.0463	3.1335
236041491135	1334.34	734.84	1332.68	720.35	3.0434	3.1535
236041499467	1336.00	740.76	1331.93	719.21	3.0450	3.1487
236041507801	1332.50	737.32	1326.14	721.01	3.0370	3.1386
236041516134	1331.86	735.23	1328.43	713.40	3.0435	3.1392
236041524467	1337.60	732.72	1325.60	718.77	3.0319	3.1447
236041532801	1339.98	728.85	1324.60	727.36	3.0329	3.1605
236041541134	1338.95	729.17	1326.91	722.83	3.0335	3.1457
236041549467	1336.64	736.46	1327.32	718.57	3.0361	3.1465
236041557800	1338.82	735.18	1328.43	724.34	3.0314	3.1445
236041566134	1338.08	736.30	1326.11	723.19	3.0354	3.1566
236041574467	1335.61	738.12	1327.33	718.14	3.0430	3.1486
236041582799	1333.08	736.56	1326.59	722.94	3.0410	3.1410
236041591133	1336.40	734.87	1330.45	722.37	3.0525	3.1450
236041599471	1341.35	738.40	1328.05	716.71	3.0532	3.1128
236041607804	1333.04	743.42	1329.31	709.33	3.0486	3.1105
236041616138	1337.62	738.46	1327.29	711.18	3.0584	3.1001
236041624471	1334.18	738.23	1328.70	710.73	3.0390	3.1234
236041632804	1332.67	733.47	1334.35	710.76	3.0510	3.1156
236041641138	1319.61	729.60	1316.26	709.66	3.0354	3.1250
236041649471	1303.60	731.43	1295.82	715.81	3.0332	3.1294
236041657804	1309.94	723.25	1300.02	713.29	3.0257	3.1279
236041666137	1303.32	718.97	1302.99	718.80	3.0171	3.1387
236041674470	1302.48	722.86	1300.92	721.63	3.0201	3.1411
236041682803	1309.38	724.69	1296.79	719.90	3.0165	3.1338
236041691137	1310.15	725.37	1298.64	717.60	3.0347	3.1413
236041699470	1305.93	729.52	1300.07	721.38	3.0287	3.1419
236041707803	1307.17	727.07	1297.76	717.54	3.0322	3.1367
236041716137	1307.37	727.91	1296.77	714.74	3.0306	3.1282
236041724470	1305.46	722.57	1297.54	716.15	3.0201	3.1369
236041732809	1308.11	720.62	1300.39	716.15	3.0268	3.1359
236041741143	1305.44	722.07	1301.83	720.82	3.0316	3.1464
236041749475	1303.51	725.56	1299.85	714.50	3.0260	3.1301
236041757808	1310.97	721.77	1300.11	717.96	3.0277	3.1527
236041766142	1307.00	726.20	1299.24	712.66	3.0375	3.1435
236041774475	1310.36	724.74	1295.89	721.67	3.0554	3.1454
236041782808	1311.29	727.81	1296.53	714.72	3.0391	3.1592
236041791142	1313.93	723.27	1295.38	721.46	3.0308	3.1599
236041799475	1306.30	721.98	1297.94	717.95	3.0238	3.1404
236041807808	1311.50	728.69	1296.60	719.17	3.0451	3.1360
236041816142	1301.96	730.27	1293.21	717.64	3.0562	3.1396
236041824475	1306.22	729.19	1298.52	716.55	3.0321	3.1406
236041832807	1302.99	729.55	1294.98	723.16	3.0499	3.1571
236041841141	1305.05	728.92	1296.39	722.81	3.0278	3.1569
236041849474	1309.96	726.23	1298.12	723.67	3.0364	3.1510
236041857807	1309.03	729.20	1293.46	722.32	3.0499	3.1492
236041866145	1307.19	728.29	1293.35	725.51	3.0275	3.1577
236041874478	1306.03	727.53	1298.41	721.38	3.0283	3.1645
236041882811	1302.94	729.72	1294.08	722.11	3.0381	3.1504
236041891145	1306.59	731.48	1297.98	723.00	3.0301	3.1466
236041899478	1310.33	731.21	1295.88	721.27	3.0349	3.1476
236041907810	1302.17	726.60	1292.45	727.10	3.0298	3.1406
236041916144	1302.50	734.85	1295.29	728.44	3.0286	3.1620
236041924477	1304.57	732.77	1295.77	719.51	3.0180	3.1461
236041932810	1306.51	737.25	1296.62	728.40	3.0407	3.1559
236041941144	1305.75	730.69	1293.64	727.70	3.0269	3.1540
236041949477	1305.78	728.16	1292.11	725.96	3.0234	3.1493
236041957809	1310.74	730.00	1297.70	720.54	3.0218	3.1362
236041966143	1307.66	732.55	1298.91	723.17	3.0177	3.1372
236041974476	1301.80	735.14	1294.89	716.59	3.0284	3.1322
236041982809	1304.91	730.26	1297.44	713.23	3.0241	3.1349
236041991145	1307.40	731.18	1297.43	713.59	3.0326	3.1354
236041999477	1305.38	738.60	1297.95	713.79	3.0091	3.1471
236042007810	1312.68	733.22	1296.87	708.71	3.0139	3.1109
236042016144	1303.94	734.42	1293.33	715.08	3.0262	3.1380
236042024477	1304.73	732.23	1296.82	726.29	3.0280	3.1372
236042032810	1302.18	730.68	1293.24	717.10	3.0298	3.1487
236042041144	1302.16	729.65	1295.37	723.26	3.0150	3.1442
236042049477	1305.33	732.08	1298.16	716.60	3.0196	3.1305
236042057810	1309.27	728.76	1297.92	722.72	3.0147	3.1453
236042066144	1309.21	730.70	1294.35	723.97	3.0210	3.1387
236042074477	1308.16	732.30	1296.55	723.66	3.0336	3.1396
236042082809	1306.66	727.95	1296.16	722.30	3.0275	3.1351
236042091142	1306.04	730.31	1297.57	718.95	3.0126	3.1358
236042099476	1313.34	730.01	1297.65	722.73	3.0220	3.1340
236042107809	1309.18	731.38	1295.80	723.00	3.0304	3.1389
236042116142	1310.87	726.21	1294.19	720.63	3.0143	3.1374
236042124477	1304.48	729.84	1299.58	717.69	3.0085	3.1211
236042132810	1311.26	722.20	1303.69	718.92	2.9921	3.1347
236042141143	1306.74	725.55	1297.23	715.42	3.0093	3.1255
236042149477	1304.98	717.91	1302.93	713.24	2.9884	3.1401
236042157810	1306.42	722.07	1301.80	714.84	2.9989	3.1318
236042166142	1303.31	717.52	1300.66	717.65	2.9945	3.1382
236042174476	1306.99	728.06	1299.78	721.11	3.0094	3.1353
236042182809	1303.82	727.40	1293.87	719.18	3.0237	3.1290
236042191142	1313.05	729.52	1298.73	718.50	3.0195	3.1261
236042199476	1304.86	724.59	1296.49	720.41	3.0033	3.1457
236042207809	1301.79	725.17	1291.55	722.73	3.0219	3.1412
236042216142	1306.60	728.39	1299.76	716.77	3.0206	3.1153
236042224476	1305.02	728.12	1293.46	717.12	3.0185	3.1135
236042232809	1301.84	726.77	1295.34	714.09	3.0220	3.1136
236042241142	1305.55	732.44	1299.39	715.31	3.0186	3.1164
236042249475	1307.94	731.03	1297.24	708.78	3.0202	3.1020
236042257819	1305.61	728.96	1299.98	712.67	3.0226	3.1115
236042266152	1306.76	727.77	1301.00	711.40	3.0074	3.1150
236042274486	1306.91	731.31	1301.44	712.11	3.0197	3.1213
236042282819	1301.66	731.23	1297.15	710.23	3.0204	3.1066
236042291152	1302.95	730.05	1301.82	710.26	3.0146	3.1050
236042299486	1302.11	731.77	1301.46	710.77	3.0020	3.0954
236042307819	1302.14	728.90	1298.61	711.50	3.0079	3.1231
236042316152	1311.82	729.70	1292.57	720.57	3.0124	3.1203
236042324486	1304.70	726.56	1295.98	711.95	3.0025	3.1061
236042332818	1304.47	721.34	1291.66	723.31	2.9979	3.1248
236042341151	1308.52	727.96	1294.90	715.98	3.0171	3.1176
236042349485	1308.23	725.25	1298.53	716.01	3.0162	3.1126
236042357818	1303.58	722.74	1300.43	715.63	3.0186	3.1115
236042366151	1305.87	722.59	1299.36	718.77	3.0162	3.1181
236042374485	1311.51	722.77	1297.04	715.99	2.9996	3.1156
236042382818	1306.54	722.54	1293.80	714.58	2.9977	3.1099
236042391156	1307.83	724.98	1293.81	728.11	2.9937	3.1201
236042399490	1309.69	724.61	1293.24	721.57	3.0065	3.1110
236042407822	1312.02	718.62	1293.99	718.04	2.9989	3.1104
236042416155	1312.72	721.35	1292.70	724.64	2.9861	3.1166
236042424489	1311.46	719.11	1295.76	712.78	2.9929	3.1099
236042432822	1305.33	726.59	1298.81	714.90	2.9858	3.1028
236042441155	1310.94	719.82	1297.44	716.57	2.9859	3.1063
236042449489	1306.75	718.23	1294.21	715.93	2.9855	3.0967
236042457821	1309.67	722.22	1298.15	711.87	2.9906	3.0992
236042466154	1306.27	725.54	1297.43	716.00	2.9938	3.0984
236042474488	1313.44	722.16	1299.72	716.72	2.9973	3.1078
236042482821	1307.74	729.45	1298.85	719.84	2.9938	3.1153
236042491154	1307.33	720.00	1299.95	714.55	2.9940	3.1016
236042499488	1313.02	720.30	1299.76	715.64	2.9841	3.0942
236042507821	1313.04	722.85	1298.73	716.13	2.9797	3.0946
236042516155	1313.28	720.05	1297.17	716.29	2.9833	3.1004
236042524489	1309.80	720.78	1298.06	718.12	2.9743	3.0870
236042532822	1310.05	728.57	1298.48	718.03	2.9897	3.0937
236042541155	1307.11	715.98	1299.84	715.68	2.9699	3.0952
236042549489	1304.56	717.87	1300.07	717.01	2.9685	3.0865
236042557822	1310.59	718.94	1295.54	709.19	2.9629	3.0874
236042566155	1313.22	717.48	1300.58	718.35	2.9713	3.0875
236042574488	1310.43	722.20	1297.45	720.34	2.9735	3.0962
236042582821	1313.84	717.95	1296.69	716.22	2.9802	3.0872
236042591154	1318.95	728.61	1309.61	720.85	2.9961	3.0897
236042599487	1353.28	726.69	1353.53	716.14	2.9772	3.0798
236042607821	1373.44	734.30	1371.96	707.67	3.0071	3.0824
236042616154	1376.68	727.41	1369.60	717.98	2.9836	3.0738
236042624487	1370.90	727.26	1373.23	712.79	2.9891	3.0730
236042632821	1380.34	728.45	1369.57	718.16	2.9928	3.0662
236042641154	1379.91	734.10	1367.10	725.54	2.9958	3.0981
236042649494	1383.48	724.77	1372.33	718.14	2.9970	3.0897
236042657828	1385.12	719.88	1369.28	720.57	2.9790	3.0934
236042666160	1383.22	722.11	1365.79	714.96	2.9832	3.0834
236042674493	1384.03	724.67	1369.74	717.04	2.9751	3.0823
236042682827	1377.42	717.86	1367.11	719.17	2.9818	3.0883
236042691160	1383.44	722.42	1371.63	723.02	2.9838	3.0804
236042699493	1382.24	721.18	1367.21	717.96	2.9776	3.0949
236042707827	1377.00	722.31	1369.93	719.91	2.9759	3.0775
236042716160	1382.12	724.22	1370.52	720.04	2.9836	3.0849
236042724493	1379.85	722.80	1369.49	722.52	2.9858	3.0855
236042732827	1384.06	724.38	1371.39	716.97	2.9800	3.0729
236042741159	1388.33	725.44	1369.76	719.34	2.9935	3.0848
236042749492	1376.57	722.72	1373.49	721.52	2.9812	3.0996
236042757826	1384.64	724.09	1367.79	718.95	2.9907	3.1044
236042766159	1389.85	721.06	1366.74	718.88	2.9812	3.0969
236042774492	1381.66	719.60	1370.26	719.49	2.9838	3.1022
236042782830	1385.91	719.17	1367.79	715.80	2.9859	3.0888
236042791163	1385.96	717.58	1367.39	716.56	2.9900	3.1028
236042799496	1387.45	723.95	1364.31	710.31	3.0097	3.1018
236042807830	1385.24	723.33	1371.11	716.92	2.9884	3.1095
236042816163	1388.35	721.38	1367.23	714.17	3.0079	3.0984
236042824495	1380.92	726.05	1367.65	713.89	2.9929	3.1110
236042832829	1381.97	729.20	1363.86	719.81	3.0013	3.1187
236042841162	1382.47	721.71	1367.92	714.92	2.9971	3.0943
236042849495	1386.19	721.39	1367.59	714.03	3.0015	3.1090
236042857829	1382.57	720.84	1368.40	716.85	3.0050	3.0972
236042866162	1387.51	720.46	1360.66	712.45	3.0102	3.1026
236042874495	1386.59	722.32	1365.91	714.09	3.0105	3.1180
236042882829	1387.08	714.12	1365.09	718.83	3.0095	3.1161
236042891162	1381.04	717.77	1367.57	714.39	3.0070	3.0993
236042899495	1386.44	721.58	1364.88	714.73	3.0136	3.1116
236042907828	1385.10	722.13	1359.23	713.61	3.0187	3.1266
236042916167	1385.58	724.90	1365.05	719.12	3.0150	3.1348
236042924500	1384.09	727.53	1363.91	714.10	3.0253	3.1205
236042932834	1381.96	731.65	1363.07	717.17	3.0198	3.1247
236042941167	1382.42	727.18	1360.52	708.48	3.0290	3.1371
236042949499	1381.26	729.71	1367.19	719.99	3.0323	3.1579
236042957833	1383.31	726.75	1366.35	719.53	3.0326	3.1400
236042966166	1381.83	729.79	1364.88	717.10	3.0449	3.1385
236042974499	1384.68	728.92	1364.79	718.00	3.0459	3.1536
236042982833	1382.71	728.46	1362.21	707.03	3.0408	3.1251
236042991166	1384.59	727.91	1365.76	700.85	3.0500	3.1151
236042999499	1380.78	724.82	1360.56	705.02	3.0392	3.1246
236043007833	1385.53	724.36	1363.46	710.68	3.0550	3.1524
236043016166	1381.13	727.71	1365.30	709.89	3.0598	3.1575
236043024499	1382.87	722.46	1362.39	711.02	3.0505	3.1444
236043032832	1382.49	724.89	1363.09	700.75	3.0497	3.1340
236043041167	1382.61	731.07	1359.62	703.49	3.0496	3.1496
236043049500	1386.77	728.65	1362.31	708.35	3.0529	3.1571
236043057834	1388.59	735.71	1367.79	706.77	3.0650	3.1564
236043066167	1402.25	733.45	1384.19	705.77	3.0745	3.1425
236043074499	1423.75	736.68	1402.57	697.80	3.0742	3.1339
236043082833	1428.43	742.84	1406.69	712.87	3.0768	3.1549
236043091166	1425.32	743.32	1406.34	707.17	3.0803	3.1600
236043099499	1426.90	741.95	1398.48	716.17	3.0884	3.1725
236043107833	1430.21	740.26	1405.49	697.85	3.0882	3.1497
236043116166	1430.94	743.97	1404.05	703.18	3.0823	3.1337
236043124499	1429.13	743.32	1406.80	701.94	3.0914	3.1502
236043132833	1433.74	740.17	1402.13	702.75	3.1105	3.1417
236043141166	1432.00	734.88	1399.44	701.09	3.0910	3.1542
236043149499	1428.65	746.80	1404.94	696.36	3.0934	3.1287
236043157831	1431.70	740.97	1407.40	698.48	3.1064	3.1414
236043166165	1431.27	745.42	1403.67	700.60	3.1127	3.1570
236043174504	1433.08	740.07	1404.32	701.52	3.1148	3.1530
236043182837	1432.42	746.74	1400.40	695.17	3.1098	3.1549
236043191171	1434.52	747.91	1404.76	697.86	3.1129	3.1455
236043199504	1433.19	748.53	1401.26	718.46	3.1393	3.1867
236043207837	1436.82	750.07	1402.24	712.83	3.1282	3.1787
236043216171	1434.43	743.85	1400.66	724.10	3.1264	3.1939
236043224504	1435.59	748.01	1400.42	713.93	3.1216	3.1821
236043232837	1435.08	750.86	1400.60	717.25	3.1330	3.1934
236043241170	1437.02	749.01	1401.02	711.93	3.1450	3.1808
236043249503	1441.82	745.35	1405.99	714.90	3.1380	3.1972
236043257836	1438.70	744.93	1403.54	704.83	3.1410	3.1915
236043266170	1439.77	751.02	1404.19	693.62	3.1329	3.1580
236043274503	1443.47	743.09	1402.02	690.92	3.1586	3.1623
236043282836	1437.66	737.70	1401.82	693.56	3.1297	3.1478
236043291170	1438.71	751.01	1399.96	707.84	3.1578	3.1753
236043299503	1439.37	742.06	1400.94	704.17	3.1357	3.1922
236043307842	1440.69	743.22	1404.40	707.46	3.1478	3.1944
236043316176	1437.95	744.40	1402.20	708.38	3.1450	3.1929
236043324508	1439.56	738.72	1403.65	692.39	3.1423	3.1759
236043332841	1437.56	742.70	1402.37	703.13	3.1617	3.1875
236043341175	1435.13	737.62	1400.67	713.47	3.1420	3.2108
236043349508	1437.29	744.88	1399.32	712.89	3.1462	3.2239
236043357841	1438.44	740.18	1399.61	719.60	3.1476	3.2330
236043366175	1438.49	741.93	1398.74	715.58	3.1484	3.2334
236043374508	1439.08	742.12	1396.88	714.72	3.1602	3.2206
236043382841	1445.67	745.37	1394.20	713.64	3.1613	3.2383
236043391175	1436.42	737.40	1398.46	716.25	3.1485	3.2282
236043399508	1437.60	745.92	1398.29	712.71	3.1526	3.2273
236043407840	1436.17	737.32	1398.56	711.43	3.1485	3.2415
236043416174	1440.01	738.84	1398.15	716.16	3.1742	3.2622
236043424507	1437.89	742.08	1399.76	716.51	3.1630	3.2635
236043432844	1435.96	745.82	1399.30	713.80	3.1695	3.2509
236043441177	1439.54	742.30	1401.44	707.20	3.1727	3.2630
236043449510	1438.17	745.36	1398.38	703.55	3.1908	3.2366
236043457843	1444.44	739.93	1393.95	699.56	3.1864	3.2481
236043466177	1434.72	742.70	1399.26	696.62	3.1795	3.2307
236043474510	1440.25	745.02	1404.30	701.47	3.1719	3.2446
236043482843	1435.47	743.36	1399.96	712.23	3.1887	3.2761
236043491177	1442.43	751.18	1399.75	714.47	3.1940	3.2763
236043499510	1436.98	757.20	1399.70	708.61	3.1973	3.2675
236043507843	1440.64	751.69	1404.23	710.07	3.2114	3.2690
236043516177	1443.12	754.87	1399.08	706.68	3.2087	3.2682
236043524509	1441.80	742.80	1401.52	686.66	3.1939	3.2321
236043532842	1439.48	758.42	1405.17	688.77	3.2329	3.2457
236043541176	1438.70	747.41	1406.05	685.74	3.2017	3.2366
