t	gaze_point_LX	gaze_point_LY	gaze_point_RX	gaze_point_RY	pupil_diameter_L	pupil_diameter_R
510791298362	1206.99	847.37	1178.70	826.94	3.5389	3.4724
510791306696	1210.82	851.01	1172.87	827.69	3.5416	3.4547
510791315028	1208.53	848.54	1174.94	820.11	3.5282	3.4576
510791323361	1221.39	816.99	1205.93	809.63	3.5406	3.4697
510791331695	1286.97	751.89	1287.86	750.56	3.5564	3.4754
510791340028	1314.29	711.36	1299.40	698.74	3.5444	3.4551
510791348360	1311.15	720.06	1300.66	687.20	3.5612	3.4818
510791356694	1311.63	731.29	1293.31	696.66	3.5673	3.4850
510791365031	1308.12	724.70	1291.77	695.66	3.5633	3.4828
510791373364	1305.64	717.25	1289.04	694.31	3.5738	3.4910
510791381698	1309.59	713.42	1289.89	694.60	3.5845	3.4892
510791390031	1308.74	718.09	1290.53	694.60	3.5809	3.4865
510791398364	1312.89	718.99	1291.46	696.62	3.5837	3.5060
510791406698	1312.85	717.41	1296.81	696.04	3.5861	3.5010
510791415030	1314.76	716.51	1295.20	698.99	3.5818	3.5124
510791423363	1315.77	716.52	1295.67	695.62	3.5899	3.5054
510791431697	1315.68	717.99	1297.20	695.79	3.5849	3.5210
510791440030	1312.80	723.59	1293.95	693.74	3.5952	3.5233
510791448363	1313.37	717.98	1298.00	695.28	3.5991	3.5240
510791456697	1316.44	719.11	1291.30	694.71	3.6088	3.5207
510791465030	1312.86	716.64	1295.88	693.47	3.6041	3.5279
510791473363	1309.56	721.81	1291.02	696.48	3.6071	3.5316
510791481697	1309.78	712.10	1289.14	698.44	3.6084	3.5362
510791490032	1309.24	716.99	1287.55	689.74	3.6063	3.5358
510791498365	1309.35	711.81	1286.61	697.25	3.6112	3.5341
510791506699	1305.98	716.17	1285.51	699.95	3.6024	3.5524
510791515032	1305.05	710.22	1294.19	700.22	3.6142	3.5435
510791523365	1307.92	712.38	1295.31	697.07	3.6115	3.5575
510791531699	1305.45	712.47	1296.44	696.21	3.6187	3.5496
510791540032	1301.06	715.04	1297.19	685.93	3.6156	3.5492
510791548365	1300.43	727.44	1299.19	687.93	3.6243	3.5560
510791556699	1298.48	724.40	1300.45	701.67	3.6289	3.5501
510791565032	1299.86	724.87	1294.76	718.89	3.6254	3.5576
510791573364	1299.29	717.07	1303.07	725.61	3.6413	3.5553
510791581698	1293.41	796.19	1302.93	725.80	3.5406	3.5568
510791590031	NaN	NaN	1292.91	734.23	NaN	3.5516
510791598364	NaN	NaN	1293.97	955.36	NaN	3.1900
510791606699	NaN	NaN	NaN	NaN	NaN	NaN
510791615032	NaN	NaN	NaN	NaN	NaN	NaN
510791623375	NaN	NaN	NaN	NaN	NaN	NaN
510791631708	NaN	NaN	NaN	NaN	NaN	NaN
510791640042	NaN	NaN	NaN	NaN	NaN	NaN
510791648374	NaN	NaN	NaN	NaN	NaN	NaN
510791656708	NaN	NaN	NaN	NaN	NaN	NaN
510791665041	NaN	NaN	NaN	NaN	NaN	NaN
510791673374	NaN	NaN	NaN	NaN	NaN	NaN
510791681707	NaN	NaN	NaN	NaN	NaN	NaN
510791690041	NaN	NaN	NaN	NaN	NaN	NaN
510791698374	NaN	NaN	1462.24	865.67	NaN	2.7117
510791706707	NaN	NaN	1267.90	783.93	NaN	3.4458
510791715041	NaN	NaN	1258.73	706.45	NaN	3.6081
510791723374	1491.36	901.31	1273.54	700.71	2.4899	3.6181
510791731707	1246.10	862.88	1262.28	721.27	3.4417	3.6166
510791740040	1261.82	770.60	1268.63	714.01	3.6086	3.6336
510791748373	1274.30	717.88	1265.35	714.82	3.6974	3.6270
510791756708	1273.96	702.59	1275.10	702.16	3.7286	3.6274
510791765041	1276.21	705.82	1268.82	702.50	3.7369	3.6363
510791773374	1280.17	716.39	1265.45	695.61	3.7433	3.6226
510791781707	1282.79	713.99	1269.70	696.90	3.7456	3.6401
510791790041	1287.90	709.11	1268.42	693.29	3.7381	3.6462
510791798374	1286.00	699.71	1266.38	697.50	3.7384	3.6535
510791806707	1286.72	695.20	1263.97	698.69	3.7474	3.6493
510791815041	1282.79	701.53	1262.89	697.20	3.7503	3.6513
510791823374	1284.87	697.68	1265.21	701.88	3.7515	3.6542
510791831706	1289.99	692.95	1264.74	703.31	3.7622	3.6579
510791840040	1284.72	694.93	1261.76	708.80	3.7603	3.6727
510791848373	1280.95	696.35	1264.14	705.12	3.7642	3.6810
510791856706	1284.84	690.33	1266.61	704.26	3.7605	3.6736
510791865040	1285.22	695.13	1261.72	705.84	3.7884	3.6831
510791873373	1282.02	694.02	1259.32	710.89	3.7626	3.6933
510791881710	1285.78	695.54	1262.97	704.82	3.7870	3.6938
510791890044	1292.92	694.39	1264.82	706.05	3.7934	3.6879
510791898377	1293.26	685.55	1265.22	707.49	3.7825	3.6962
510791906710	1295.27	691.95	1264.98	714.75	3.7962	3.7093
510791915043	1291.06	688.68	1267.85	719.68	3.7825	3.7056
510791923376	1293.31	698.80	1267.15	719.04	3.7860	3.7119
510791931709	1290.81	706.74	1266.29	718.81	3.8012	3.7137
510791940043	1286.83	708.64	1267.88	718.80	3.7908	3.7243
510791948376	1284.76	711.20	1268.47	716.44	3.8019	3.7117
510791956709	1288.17	708.42	1270.01	719.86	3.7977	3.7229
510791965043	1290.64	714.27	1267.94	718.68	3.8175	3.7232
510791973376	1291.08	712.71	1265.28	719.71	3.8074	3.7188
510791981709	1291.21	714.51	1268.63	719.07	3.8119	3.7137
510791990043	1296.10	715.01	1265.89	720.99	3.8215	3.7243
510791998376	1294.68	710.87	1269.15	716.23	3.8253	3.7297
510792006709	1295.76	714.44	1270.16	722.44	3.8297	3.7293
510792015049	1297.17	712.94	1268.22	714.83	3.8410	3.7247
510792023382	1295.18	712.63	1268.64	712.46	3.8316	3.7162
510792031715	1288.52	711.93	1264.79	700.99	3.8443	3.7287
510792040049	1289.70	717.85	1266.26	698.61	3.8404	3.7377
510792048381	1287.91	714.26	1267.15	693.81	3.8445	3.7439
510792056714	1290.08	720.60	1264.94	694.15	3.8589	3.7527
510792065048	1288.87	721.62	1271.05	692.73	3.8578	3.7521
510792073381	1288.02	715.83	1270.14	695.88	3.8501	3.7705
510792081714	1291.12	718.62	1268.37	694.06	3.8558	3.7676
510792090048	1296.36	721.55	1268.75	687.63	3.8683	3.7577
510792098381	1292.85	721.35	1274.48	692.92	3.8812	3.7480
510792106715	1295.47	724.66	1273.18	701.66	3.8675	3.7668
510792115048	1295.41	724.16	1272.16	697.40	3.8782	3.7636
510792123382	1295.29	731.81	1274.19	701.43	3.8852	3.7657
510792131713	1298.15	729.87	1271.41	704.92	3.8847	3.7836
510792140047	1294.36	733.99	1274.79	707.55	3.8976	3.7764
510792148384	1291.78	732.01	1273.28	702.93	3.8901	3.7809
510792156717	1294.87	731.25	1275.69	701.55	3.8957	3.7849
510792165050	1293.87	728.40	1275.31	695.57	3.8918	3.7760
510792173384	1293.20	727.31	1272.90	696.42	3.8998	3.8014
510792181717	1294.95	718.67	1267.26	695.30	3.9058	3.7902
510792190052	1294.79	709.33	1266.27	698.09	3.8986	3.7925
510792198385	1294.17	705.60	1267.87	698.96	3.9017	3.8028
510792206716	1298.82	699.91	1262.61	699.96	3.9007	3.7974
510792215050	1293.19	696.79	1268.51	699.90	3.9092	3.8023
510792223384	1299.25	706.25	1271.43	695.89	3.9239	3.7925
510792231717	1301.07	698.93	1267.30	694.81	3.9175	3.7982
510792240050	1296.30	698.26	1270.50	697.93	3.9158	3.7990
510792248384	1297.17	703.99	1269.71	694.54	3.9244	3.8036
510792256717	1294.27	702.28	1273.00	697.65	3.9248	3.8021
510792265050	1294.43	706.79	1272.16	705.37	3.9254	3.8080
510792273384	1292.72	705.38	1275.71	699.37	3.9352	3.8073
510792281722	1295.15	704.93	1278.08	701.29	3.9368	3.8086
510792290054	1288.86	706.30	1279.14	701.84	3.9426	3.8176
510792298388	1291.69	707.37	1277.01	703.31	3.9380	3.8126
510792306721	1289.82	703.09	1280.47	707.44	3.9345	3.8134
510792315054	1288.76	706.14	1275.24	706.23	3.9369	3.8079
510792323388	1285.02	706.66	1278.87	706.04	3.9414	3.8073
510792331721	1288.11	707.26	1276.68	707.72	3.9388	3.8129
510792340054	1285.89	708.10	1278.71	705.68	3.9427	3.8035
510792348388	1284.80	709.92	1275.55	709.06	3.9452	3.8038
510792356721	1282.30	709.81	1277.68	705.02	3.9387	3.8064
510792365053	1284.68	708.05	1277.13	709.36	3.9405	3.8170
510792373387	1285.78	709.38	1275.48	706.48	3.9375	3.8083
510792381720	1285.54	709.08	1274.89	710.98	3.9392	3.8021
510792390053	1281.97	712.23	1269.14	714.82	3.9377	3.7989
510792398387	1283.57	713.41	1268.12	716.92	3.9387	3.8027
510792406724	1285.78	714.77	1268.54	715.64	3.9322	3.8025
510792415057	1283.95	715.26	1272.19	716.49	3.9292	3.7925
510792423391	1286.27	713.44	1273.37	711.81	3.9272	3.7797
510792431724	1288.01	711.65	1274.81	712.94	3.9261	3.7875
510792440057	1286.10	711.42	1276.50	703.24	3.9176	3.7838
510792448391	1291.86	711.08	1273.53	702.94	3.9135	3.7797
510792456724	1296.95	711.04	1274.44	699.65	3.9102	3.7819
510792465057	1292.31	709.52	1272.06	698.76	3.9103	3.7814
510792473391	1293.89	708.68	1273.90	693.37	3.8889	3.7636
510792481724	1296.68	713.50	1269.85	698.22	3.8997	3.7677
510792490057	1297.91	715.65	1270.49	700.82	3.8852	3.7605
510792498391	1292.82	713.35	1270.38	696.91	3.8786	3.7531
510792506724	1294.10	708.45	1273.75	697.15	3.8576	3.7425
510792515057	1293.51	709.88	1272.59	699.97	3.8593	3.7345
510792523391	1292.70	711.15	1271.34	703.46	3.8487	3.7326
510792531723	1291.57	714.22	1269.64	703.93	3.8453	3.7225
510792540061	1293.65	716.76	1270.61	708.19	3.8339	3.7135
510792548395	1296.46	711.96	1271.54	707.09	3.8207	3.7130
510792556728	1295.38	719.01	1269.32	705.75	3.8185	3.7046
510792565061	1286.83	709.73	1261.06	699.90	3.7966	3.6982
510792573395	1188.72	713.99	1185.53	679.36	3.8125	3.6902
510792581728	1087.36	683.37	1098.66	648.86	3.8083	3.7089
510792590061	1045.67	636.84	1033.06	606.05	3.7884	3.7156
510792598394	1021.31	632.11	1004.10	608.40	3.7653	3.7012
510792606726	1024.96	634.49	992.56	605.32	3.7652	3.6927
510792615060	1032.47	630.79	1008.05	605.89	3.7573	3.6739
510792623394	1029.98	633.73	1002.76	610.71	3.7477	3.6732
510792631727	1031.46	630.66	1009.91	608.88	3.7343	3.6606
510792640059	1030.84	623.98	1008.69	606.32	3.7339	3.6510
510792648394	1030.13	624.52	1007.94	600.02	3.7161	3.6425
510792656726	1030.80	620.49	1006.27	593.53	3.7083	3.6314
510792665060	1029.12	618.54	1005.93	594.02	3.6957	3.6186
510792673397	1023.75	615.57	1006.44	588.91	3.6873	3.6017
510792681731	1027.98	617.55	1006.47	592.58	3.6646	3.5917
510792690063	1026.74	617.10	1005.50	590.22	3.6601	3.5683
510792698396	1024.68	613.95	1003.07	596.31	3.6276	3.5628
510792706730	1032.13	616.85	1006.09	605.19	3.6253	3.5391
510792715063	1028.75	622.24	1008.57	612.71	3.5943	3.5198
510792723396	1016.77	618.25	971.72	596.60	3.5910	3.5197
510792731730	915.54	583.89	925.18	552.77	3.5710	3.5016
510792740063	904.12	547.93	890.67	524.90	3.5395	3.4775
510792748395	897.32	521.18	880.69	513.06	3.5192	3.4689
510792756729	902.36	523.52	892.78	516.92	3.5070	3.4481
510792765062	899.11	536.61	884.34	513.84	3.4909	3.4252
510792773395	894.12	537.17	887.80	513.82	3.4744	3.4141
510792781729	893.91	539.97	890.65	514.58	3.4593	3.4017
510792790062	895.22	536.89	888.15	513.84	3.4400	3.3851
510792798395	891.19	534.84	886.54	519.23	3.4251	3.3663
510792806734	891.68	530.02	887.81	518.66	3.4108	3.3498
510792815068	893.51	535.13	883.49	514.27	3.3960	3.3421
510792823401	893.91	534.40	888.08	517.91	3.3810	3.3383
510792831734	895.44	526.53	882.56	519.54	3.3675	3.3183
510792840067	897.04	531.06	885.06	513.85	3.3540	3.3002
510792848399	896.54	523.99	886.22	515.68	3.3379	3.2943
510792856733	905.90	519.21	888.49	512.97	3.3323	3.2792
510792865067	906.80	517.49	889.70	510.31	3.3167	3.2793
510792873400	909.82	520.97	884.95	515.68	3.3179	3.2726
510792881734	915.04	514.93	883.63	514.99	3.3109	3.2554
510792890067	914.74	521.69	888.00	509.99	3.3116	3.2608
510792898400	912.31	513.47	890.84	513.77	3.3051	3.2425
510792906734	913.79	515.59	894.42	512.86	3.2957	3.2388
510792915067	915.33	514.91	891.09	511.76	3.2814	3.2365
510792923399	912.47	514.47	893.56	512.71	3.2756	3.2244
510792931738	909.82	514.28	890.89	515.63	3.2639	3.2205
510792940071	906.39	515.64	893.90	519.57	3.2598	3.2209
510792948404	904.36	522.10	893.17	513.82	3.2586	3.2137
510792956738	904.70	517.03	889.62	519.23	3.2516	3.2044
510792965071	903.29	519.92	892.59	516.29	3.2539	3.2107
510792973404	895.84	522.52	895.20	514.94	3.2438	3.2031
510792981738	909.03	513.03	894.15	519.93	3.2300	3.1993
510792990071	909.91	479.96	904.90	489.53	3.2350	3.2017
510792998404	909.65	469.54	898.76	473.75	3.2154	3.1968
510793006737	908.37	463.25	899.47	464.97	3.2049	3.1971
510793015069	899.42	467.58	894.34	474.65	3.2135	3.1946
510793023402	902.49	468.76	899.72	473.33	3.2165	3.2079
510793031736	898.92	467.96	897.71	473.23	3.2161	3.1954
510793040069	901.83	459.67	898.06	474.26	3.2105	3.2037
510793048402	900.20	465.13	897.97	473.57	3.2083	3.2089
510793056736	902.33	464.06	897.00	470.29	3.2037	3.1939
510793065074	899.83	463.37	897.66	475.39	3.2012	3.2075
510793073407	904.06	466.66	897.71	475.13	3.1921	3.1895
510793081740	908.68	467.97	898.13	469.85	3.1937	3.1962
510793090073	908.35	466.68	899.38	470.81	3.1945	3.1871
510793098406	910.55	471.99	900.04	476.30	3.1990	3.2003
510793106740	914.40	467.04	900.76	476.91	3.1985	3.2023
510793115073	916.05	464.43	897.09	475.74	3.1959	3.1919
510793123406	916.26	466.98	897.88	473.30	3.1764	3.1974
510793131740	918.83	466.16	904.17	476.18	3.1801	3.1962
510793140073	918.47	472.62	897.17	475.31	3.1857	3.1882
510793148406	912.58	470.27	899.28	472.28	3.1745	3.1919
510793156740	913.48	466.44	898.89	474.91	3.1772	3.1789
510793165072	910.58	470.43	893.33	475.88	3.1722	3.1937
510793173405	911.53	468.71	892.60	473.38	3.1725	3.1900
510793181739	907.97	461.24	894.46	476.55	3.1602	3.1927
510793190072	900.83	465.79	896.30	469.71	3.1623	3.1781
510793198409	901.81	468.37	895.76	474.11	3.1623	3.1880
510793206743	898.45	468.58	895.27	470.56	3.1547	3.1804
510793215076	897.84	465.74	901.52	472.19	3.1415	3.1829
510793223409	897.80	469.61	898.19	474.26	3.1475	3.1821
510793231743	899.40	468.07	900.53	472.66	3.1431	3.1851
510793240075	912.33	477.66	925.76	477.21	3.1481	3.1783
510793248408	1030.07	501.47	1047.02	518.59	3.1493	3.1877
510793256742	1138.05	532.90	1158.18	551.09	3.1587	3.1684
510793265075	1192.49	544.72	1185.50	544.22	3.1500	3.1591
510793273408	1226.80	546.31	1230.87	547.21	3.1570	3.1415
510793281741	1208.36	546.19	1213.82	545.96	3.1402	3.1477
510793290076	1218.90	538.38	1224.98	546.03	3.1310	3.1430
510793298409	1216.84	538.88	1225.30	555.96	3.1398	3.1511
510793306742	1215.12	533.84	1224.74	556.77	3.1423	3.1469
510793315075	1214.31	537.97	1222.97	561.91	3.1290	3.1429
510793323411	1210.77	537.25	1226.55	556.47	3.1416	3.1455
510793331744	1209.23	537.01	1223.21	559.76	3.1352	3.1489
510793340078	1213.66	539.09	1221.42	557.34	3.1410	3.1355
510793348411	1209.25	539.44	1225.61	557.28	3.1351	3.1434
510793356745	1211.81	540.63	1222.50	556.37	3.1356	3.1400
510793365078	1212.13	544.31	1221.98	555.75	3.1339	3.1372
510793373411	1214.34	545.91	1222.62	555.93	3.1287	3.1357
510793381745	1209.92	549.35	1220.47	555.32	3.1365	3.1443
510793390079	1212.63	553.15	1223.45	553.34	3.1416	3.1440
510793398412	1219.41	555.21	1216.95	556.82	3.1498	3.1386
510793406744	1218.95	557.80	1218.91	557.19	3.1413	3.1427
510793415078	1222.41	556.88	1218.24	558.57	3.1533	3.1449
510793423411	1223.83	552.26	1214.76	556.51	3.1520	3.1469
510793431744	1220.11	553.32	1210.99	561.08	3.1525	3.1582
510793440078	1222.82	550.27	1214.78	556.19	3.1736	3.1452
510793448411	1217.70	547.72	1211.76	556.75	3.1653	3.1513
510793456752	1224.00	552.04	1209.19	556.18	3.1742	3.1654
510793465085	1222.58	552.06	1214.55	560.86	3.1753	3.1514
510793473418	1223.68	550.05	1211.95	557.99	3.1912	3.1566
510793481749	1219.45	551.74	1215.92	558.16	3.1933	3.1645
510793490083	1221.17	552.12	1210.70	556.82	3.1920	3.1647
510793498416	1220.02	549.39	1218.53	553.83	3.2057	3.1727
510793506749	1215.14	554.33	1216.38	557.15	3.2061	3.1816
510793515083	1215.91	550.54	1217.33	552.52	3.2064	3.1822
510793523417	1212.35	555.57	1218.69	557.88	3.2267	3.2022
510793531749	1212.67	549.52	1219.02	555.25	3.2302	3.2036
510793540083	1209.77	551.20	1218.17	547.93	3.2436	3.2073
510793548416	1207.33	557.64	1220.48	554.64	3.2478	3.2043
510793556750	1204.72	552.06	1220.76	553.26	3.2483	3.2232
510793565083	1204.68	550.03	1216.35	554.21	3.2612	3.2426
510793573416	1205.81	555.00	1220.18	560.48	3.2738	3.2351
510793581749	1201.77	553.24	1218.22	554.03	3.2723	3.2541
510793590087	1207.42	555.37	1216.04	557.83	3.2824	3.2586
510793598420	1206.14	554.25	1218.22	553.20	3.2894	3.2559
510793606753	1231.68	563.55	1229.05	561.74	3.2971	3.2479
510793615087	1272.99	581.81	1257.46	590.96	3.3144	3.2635
510793623419	1261.33	584.72	1238.97	598.10	3.3146	3.2517
510793631752	1258.29	578.29	1233.98	594.59	3.3204	3.2601
510793640085	1260.01	578.08	1236.54	596.47	3.3242	3.2750
510793648418	1264.42	580.76	1237.16	594.59	3.3391	3.2790
510793656751	1257.64	575.97	1235.38	598.43	3.3319	3.2735
510793665085	1258.03	583.09	1235.50	597.70	3.3481	3.2689
510793673418	1256.28	580.07	1230.68	596.18	3.3477	3.2802
510793681751	1257.53	580.47	1236.15	596.43	3.3546	3.2874
510793690085	1251.39	585.67	1236.54	592.52	3.3627	3.2907
510793698418	1253.27	585.02	1241.05	591.77	3.3709	3.3011
510793706751	1249.44	587.94	1243.06	584.06	3.3663	3.2947
510793715085	1247.17	591.04	1243.81	582.97	3.3647	3.3068
510793723421	1248.63	590.19	1242.22	581.83	3.3792	3.3159
510793731754	1249.23	589.03	1240.91	586.28	3.3815	3.3201
510793740088	1252.87	588.59	1232.68	587.73	3.3894	3.3175
510793748421	1256.63	585.49	1234.76	590.38	3.3920	3.3282
510793756754	1258.67	585.45	1232.32	591.93	3.3938	3.3318
510793765088	1260.35	584.33	1234.59	594.23	3.4088	3.3333
510793773421	1256.68	586.98	1237.49	593.32	3.4108	3.3397
510793781754	1263.00	583.34	1242.36	595.89	3.4130	3.3396
510793790088	1265.94	587.88	1239.49	589.41	3.4108	3.3287
510793798420	1263.53	591.42	1239.60	589.38	3.4052	3.3396
510793806753	1263.64	591.50	1244.31	589.61	3.4097	3.3423
510793815086	1266.07	591.02	1244.34	592.01	3.4164	3.3525
510793823420	1263.81	591.00	1242.27	591.79	3.4198	3.3522
510793831753	1265.62	591.16	1240.30	591.63	3.4239	3.3502
510793840086	1266.80	592.38	1242.64	588.44	3.4381	3.3569
510793848425	1264.35	589.24	1238.48	590.07	3.4330	3.3557
510793856758	1264.73	588.39	1236.04	590.83	3.4207	3.3624
510793865091	1293.95	573.55	1316.13	573.05	3.4442	3.3853
510793873425	1400.97	510.87	1431.77	536.40	3.4448	3.3909
510793881757	1498.86	472.23	1509.36	519.68	3.4624	3.3875
510793890091	1550.11	466.38	1549.04	486.07	3.4622	3.3741
510793898424	1595.85	451.49	1574.72	469.84	3.4705	3.3645
510793906757	1585.91	457.39	1573.12	473.54	3.4678	3.3585
510793915090	1583.63	456.40	1568.79	473.93	3.4692	3.3735
510793923424	1593.01	454.11	1575.81	474.44	3.4710	3.3739
510793931757	1590.87	457.36	1575.70	476.59	3.4812	3.3823
510793940090	1593.09	456.71	1573.94	470.20	3.4916	3.3878
510793948424	1590.28	458.24	1572.18	474.69	3.4937	3.3847
510793956756	1591.33	455.56	1576.66	472.90	3.4886	3.3868
510793965089	1592.03	459.82	1571.63	474.82	3.5016	3.3900
510793973423	1589.72	458.37	1574.77	477.69	3.4983	3.3990
510793981762	1591.94	459.96	1572.99	474.18	3.5016	3.3908
510793990095	1589.15	460.41	1575.14	472.00	3.5047	3.3991
510793998429	1587.93	459.60	1578.80	470.02	3.5089	3.4078
510794006762	1587.50	457.47	1574.51	470.99	3.5123	3.4078
510794015095	1584.32	456.02	1574.31	468.98	3.5214	3.4213
510794023429	1585.84	454.76	1580.39	469.96	3.5199	3.4127
510794031762	1586.37	455.21	1578.46	470.54	3.5282	3.4164
510794040094	1586.97	454.42	1574.39	474.88	3.5304	3.4268
510794048428	1593.30	454.47	1575.80	473.48	3.5414	3.4243
510794056761	1588.78	461.30	1581.19	477.02	3.5447	3.4458
510794065094	1590.17	465.14	1586.59	474.17	3.5412	3.4389
510794073428	1593.66	464.18	1582.30	476.10	3.5546	3.4537
510794081761	1598.38	462.36	1585.14	477.18	3.5616	3.4506
510794090094	1597.96	460.87	1585.04	473.08	3.5736	3.4532
510794098428	1599.29	454.64	1584.36	474.53	3.5647	3.4563
510794106761	1602.47	455.19	1584.57	475.11	3.5732	3.4608
510794115098	1597.81	460.41	1585.29	477.20	3.5949	3.4646
510794123431	1595.30	458.73	1584.08	481.00	3.5912	3.4826
510794131764	1596.46	459.74	1583.00	471.93	3.5866	3.4775
510794140097	1597.33	463.12	1579.91	469.65	3.6107	3.4870
510794148431	1593.58	456.61	1580.65	471.23	3.5989	3.4933
510794156764	1591.88	461.22	1578.09	466.53	3.6192	3.4937
510794165097	1591.29	458.04	1583.54	466.55	3.6067	3.4987
510794173431	1587.14	462.21	1578.71	464.09	3.6164	3.5024
510794181764	1591.03	460.02	1582.62	468.85	3.6231	3.5034
510794190097	1585.35	464.90	1582.46	473.25	3.6188	3.5097
510794198430	1585.97	466.11	1580.56	473.06	3.6308	3.5132
510794206763	1587.43	470.30	1579.41	478.67	3.6316	3.5138
510794215096	1586.63	469.02	1574.57	475.53	3.6353	3.5277
510794223430	1586.02	470.15	1568.06	477.96	3.6348	3.5311
510794231763	1583.69	469.56	1570.24	476.80	3.6495	3.5284
510794240096	1584.14	466.48	1570.62	471.94	3.6447	3.5267
510794248434	1583.74	470.05	1573.51	471.83	3.6446	3.5352
510794256767	1586.15	469.72	1569.80	475.75	3.6485	3.5441
510794265100	1585.16	471.32	1577.04	473.68	3.6516	3.5386
510794273434	1606.92	466.02	1596.26	479.74	3.6635	3.5612
510794281766	1669.36	453.63	1676.81	457.30	3.6645	3.5324
510794290099	1695.34	455.35	1689.27	434.36	3.6763	3.5407
510794298433	1704.75	450.38	1695.65	429.63	3.6570	3.5415
510794306766	1695.91	447.95	1689.46	428.15	3.6682	3.5409
510794315099	1694.67	442.21	1689.11	425.34	3.6582	3.5479
510794323433	1693.51	446.88	1689.18	425.41	3.6736	3.5556
510794331766	1697.73	446.72	1688.26	427.93	3.6724	3.5524
510794340099	1699.62	445.38	1688.61	426.06	3.6727	3.5583
510794348432	1701.17	443.74	1688.50	431.29	3.6663	3.5578
510794356765	1698.20	445.14	1688.36	435.84	3.6508	3.5640
510794365098	1694.29	451.53	1686.13	441.95	3.6644	3.5608
510794373434	1694.14	457.35	1690.42	449.62	3.6714	3.5518
510794381768	1694.48	454.17	1689.10	449.53	3.6626	3.5605
510794390101	1694.28	451.88	1690.51	452.82	3.6672	3.5645
510794398434	1692.92	447.47	1690.11	451.81	3.6625	3.5661
510794406768	1697.22	448.53	1685.87	446.78	3.6650	3.5728
510794415101	1698.50	450.31	1688.01	444.26	3.6535	3.5696
510794423434	1698.89	457.06	1689.39	437.69	3.6684	3.5809
510794431768	1698.35	455.47	1689.82	435.28	3.6562	3.5759
510794440100	1699.89	455.02	1692.60	430.69	3.6551	3.5733
510794448433	1700.08	451.32	1687.83	431.46	3.6495	3.5773
510794456767	1695.20	456.35	1687.88	433.59	3.6470	3.5792
510794465100	1696.41	459.22	1686.61	434.56	3.6374	3.5848
510794473433	1696.50	459.59	1686.51	440.98	3.6529	3.5789
510794481767	1696.51	461.41	1684.33	447.00	3.6498	3.5743
510794490100	1698.71	454.92	1683.60	451.35	3.6495	3.5818
510794498433	1698.94	460.38	1683.92	450.56	3.6476	3.5799
510794506774	1700.04	460.22	1684.62	456.53	3.6546	3.5804
510794515106	1702.89	456.99	1683.71	452.18	3.6502	3.5853
510794523439	1698.59	458.92	1688.12	453.17	3.6491	3.5818
510794531773	1696.18	463.20	1690.80	455.49	3.6482	3.5820
510794540106	1697.10	459.31	1687.48	453.49	3.6447	3.5772
510794548439	1695.22	463.24	1688.76	451.52	3.6518	3.5812
510794556773	1610.18	523.06	1621.44	521.70	3.6598	3.5788
510794565106	1515.14	666.73	1506.73	653.11	3.6639	3.5884
510794573439	1499.58	681.25	1478.14	705.97	3.6663	3.5731
510794581773	1488.69	712.83	1481.17	709.05	3.6396	3.5741
510794590106	1498.72	704.05	1483.93	700.65	3.6410	3.5725
510794598447	1497.42	702.25	1487.97	695.43	3.6427	3.5670
510794606772	1498.41	706.15	1485.42	702.87	3.6482	3.5592
510794615105	1499.65	705.23	1486.66	707.13	3.6322	3.5538
510794623438	1502.67	701.24	1487.06	706.78	3.6482	3.5623
510794631772	1504.60	703.29	1483.85	709.54	3.6447	3.5613
510794640110	1505.80	704.59	1486.36	706.40	3.6460	3.5629
510794648443	1508.06	706.83	1486.88	708.08	3.6550	3.5647
510794656777	1508.01	711.05	1489.68	707.83	3.6540	3.5685
510794665110	1508.61	708.28	1487.51	706.09	3.6579	3.5651
510794673442	1503.89	714.13	1487.79	704.22	3.6540	3.5684
510794681776	1499.81	717.64	1488.07	703.47	3.6521	3.5729
510794690109	1503.19	722.38	1488.74	703.32	3.6630	3.5607
510794698442	1495.46	724.75	1486.70	705.68	3.6598	3.5610
510794706776	1488.01	723.89	1490.45	700.35	3.6573	3.5672
510794715109	1493.21	725.27	1490.39	703.76	3.6651	3.5723
510794723442	1491.54	722.03	1486.53	703.22	3.6611	3.5695
510794731776	1491.88	717.76	1489.81	705.15	3.6670	3.5645
510794740109	1489.48	716.06	1487.40	712.66	3.6763	3.5696
510794748442	1490.49	711.77	1484.96	718.05	3.6717	3.5640
510794756775	1488.96	705.14	1486.53	722.90	3.6741	3.5757
510794765111	1491.36	702.36	1490.70	723.17	3.6702	3.5620
510794773444	1496.21	697.75	1492.53	725.77	3.6786	3.5553
510794781778	1501.91	709.54	1489.55	728.68	3.6738	3.5668
510794790111	1502.50	769.22	1504.88	762.15	3.6629	3.5564
510794798444	1486.20	820.72	1481.72	871.79	3.6496	3.5267
510794806778	1456.48	893.53	1455.87	880.69	3.6633	3.5190
510794815111	1458.49	888.69	1466.44	905.36	3.6596	3.5399
510794823444	1453.35	891.10	1450.06	920.71	3.6617	3.5442
510794831778	1453.05	868.94	1458.95	904.42	3.6379	3.5270
510794840111	1451.46	877.83	1465.58	918.52	3.6366	3.5232
510794848443	1447.28	887.79	1460.48	925.15	3.6510	3.5233
510794856777	1452.86	884.20	1458.60	925.90	3.6403	3.5401
510794865110	1449.17	896.82	1459.32	919.78	3.6713	3.5230
510794873443	1457.00	892.33	1460.92	921.64	3.6619	3.5285
510794881776	1462.59	889.28	1458.23	924.20	3.6438	3.5358
510794890110	1462.33	893.43	1453.26	926.67	3.6649	3.5431
510794898450	1467.46	892.29	1457.75	918.86	3.6619	3.5423
510794906783	1467.90	891.04	1451.86	919.73	3.6656	3.5379
510794915116	1471.71	892.71	1456.66	918.26	3.6666	3.5376
510794923449	1468.65	897.69	1451.14	922.13	3.6682	3.5505
510794931782	1474.24	884.32	1448.08	929.70	3.6465	3.5620
510794940116	1472.54	892.74	1458.44	917.17	3.6548	3.5480
510794948449	1467.35	893.45	1463.92	913.83	3.6571	3.5403
510794956782	1427.67	866.91	1451.97	893.13	3.6666	3.5519
510794965116	1282.72	822.12	1317.37	797.03	3.7218	3.5921
510794973449	1243.69	752.06	1257.00	793.57	3.6870	3.6065
510794981783	1256.92	760.99	1258.27	783.82	3.6682	3.5980
510794990116	1267.89	756.33	1262.27	785.77	3.6798	3.5888
510794998449	1269.77	763.51	1260.60	793.11	3.6846	3.5993
510795006782	1268.22	763.20	1251.29	789.29	3.6645	3.5871
510795015116	1266.18	765.63	1249.93	788.28	3.6777	3.5776
510795023449	1271.42	768.12	1244.36	789.31	3.6753	3.5875
510795031786	1268.13	773.84	1248.72	790.33	3.6735	3.5718
510795040120	1264.12	772.03	1243.02	795.22	3.6622	3.5804
510795048452	1265.97	771.09	1243.91	788.80	3.6679	3.5712
510795056786	1266.54	773.30	1239.38	792.93	3.6654	3.5830
510795065120	1265.61	766.70	1237.51	796.29	3.6509	3.5794
510795073452	1265.98	765.66	1237.79	796.17	3.6409	3.5774
510795081785	1263.76	764.69	1240.79	798.23	3.6339	3.5748
510795090119	1261.66	768.90	1241.41	797.10	3.6298	3.5591
510795098452	1268.50	768.64	1240.87	800.10	3.6210	3.5691
510795106785	1268.56	774.15	1245.63	797.59	3.6223	3.5542
510795115119	1266.12	778.65	1244.47	790.04	3.6185	3.5464
510795123452	1267.83	782.28	1244.96	788.37	3.6145	3.5331
510795131785	1265.10	785.02	1243.31	791.36	3.6103	3.5401
510795140119	1259.49	783.95	1240.49	798.13	3.5966	3.5387
510795148452	1255.82	786.40	1240.80	794.60	3.5878	3.5273
510795156783	1254.00	770.73	1246.51	791.16	3.5610	3.5182
510795165123	1248.45	776.20	1249.17	798.36	3.5596	3.5227
510795173456	1249.64	768.62	1248.39	795.61	3.5609	3.4997
510795181789	1243.27	773.02	1249.01	797.10	3.5482	3.4948
510795190123	1247.09	771.14	1251.88	796.59	3.5367	3.5016
510795198456	1246.21	777.16	1250.17	798.14	3.5327	3.4961
510795206789	1247.03	783.28	1254.35	793.56	3.5440	3.4811
510795215123	1245.13	788.23	1251.40	797.91	3.5206	3.4925
510795223456	1252.32	783.21	1253.59	791.92	3.5192	3.4746
510795231788	1250.53	790.12	1250.63	795.78	3.5155	3.4821
510795240122	1247.44	790.30	1251.24	789.41	3.5078	3.4738
510795248454	1254.31	790.66	1248.70	794.58	3.5039	3.4718
510795256787	1252.88	791.83	1249.67	787.92	3.5022	3.4581
510795265122	1252.83	796.50	1250.17	792.83	3.5134	3.4566
510795273454	1255.04	795.86	1246.81	792.69	3.5056	3.4624
510795281787	1204.13	796.64	1209.01	794.25	3.4944	3.4595
510795290126	1168.13	797.79	1163.13	798.03	3.5062	3.4582
510795298458	1183.02	795.88	1171.66	806.01	3.4901	3.4676
510795306791	1184.00	794.00	1172.73	808.88	3.4962	3.4734
510795315124	1185.30	793.55	1174.41	807.11	3.4868	3.4448
510795323457	1188.43	794.62	1172.25	806.68	3.4805	3.4706
510795331791	1185.07	800.35	1173.65	802.67	3.4772	3.4661
510795340123	1185.11	794.63	1171.84	801.04	3.4776	3.4709
510795348457	1182.30	794.41	1176.51	794.68	3.4841	3.4574
510795356790	1183.32	785.25	1172.03	785.58	3.4788	3.4563
