t	gaze_point_LX	gaze_point_LY	gaze_point_RX	gaze_point_RY	pupil_diameter_L	pupil_diameter_R
335584233424	1504.89	759.97	1464.88	764.50	3.6925	3.8341
335584241756	1501.45	761.78	1463.13	760.79	3.6917	3.8291
335584250090	1504.93	766.13	1465.08	759.82	3.6906	3.8264
335584258423	1501.14	766.87	1467.90	761.40	3.6872	3.8248
335584266756	1505.08	763.80	1466.39	754.94	3.6824	3.8243
335584275090	1502.66	761.88	1469.75	756.50	3.6745	3.8260
335584283423	1501.25	767.07	1470.98	751.70	3.6903	3.8313
335584291756	1504.98	761.42	1475.88	748.93	3.6649	3.8349
335584300090	1497.35	756.09	1475.32	752.16	3.6712	3.8288
335584308423	1491.44	761.75	1476.15	893.53	3.6755	3.6458
335584316755	1454.48	1004.59	NaN	NaN	3.4418	NaN
335584325088	NaN	NaN	NaN	NaN	NaN	NaN
335584333422	NaN	NaN	NaN	NaN	NaN	NaN
335584341755	NaN	NaN	NaN	NaN	NaN	NaN
335584350088	NaN	NaN	NaN	NaN	NaN	NaN
335584358422	NaN	NaN	NaN	NaN	NaN	NaN
335584366760	NaN	NaN	NaN	NaN	NaN	NaN
335584375094	NaN	NaN	NaN	NaN	NaN	NaN
335584383427	NaN	NaN	NaN	NaN	NaN	NaN
335584391759	NaN	NaN	NaN	NaN	NaN	NaN
335584400092	NaN	NaN	NaN	NaN	NaN	NaN
335584408426	NaN	NaN	NaN	NaN	NaN	NaN
335584416759	NaN	NaN	NaN	NaN	NaN	NaN
335584425092	NaN	NaN	NaN	NaN	NaN	NaN
335584433426	NaN	NaN	NaN	NaN	NaN	NaN
335584441759	NaN	NaN	NaN	NaN	NaN	NaN
335584450092	NaN	NaN	NaN	NaN	NaN	NaN
335584458426	NaN	NaN	NaN	NaN	NaN	NaN
335584466758	NaN	NaN	NaN	NaN	NaN	NaN
335584475091	NaN	NaN	NaN	NaN	NaN	NaN
335584483425	NaN	NaN	NaN	NaN	NaN	NaN
335584491760	NaN	NaN	NaN	NaN	NaN	NaN
335584500093	NaN	NaN	NaN	NaN	NaN	NaN
335584508427	NaN	NaN	NaN	NaN	NaN	NaN
335584516760	NaN	NaN	NaN	NaN	NaN	NaN
335584525093	NaN	NaN	NaN	NaN	NaN	NaN
335584533427	NaN	NaN	NaN	NaN	NaN	NaN
335584541759	NaN	NaN	NaN	NaN	NaN	NaN
335584550092	NaN	NaN	NaN	NaN	NaN	NaN
335584558426	NaN	NaN	NaN	NaN	NaN	NaN
335584566759	1278.92	924.15	NaN	NaN	3.4729	NaN
335584575092	1285.95	896.87	1102.54	804.25	3.5359	3.2393
335584583426	1282.28	819.09	1270.13	904.93	3.6393	3.6659
335584591759	1285.15	751.22	1267.93	840.39	3.7109	3.7561
335584600092	1287.95	713.69	1264.45	801.21	3.7829	3.8539
335584608426	1287.27	680.85	1266.06	748.34	3.8247	3.9133
335584616758	1288.26	670.34	1260.53	704.15	3.8476	3.9714
335584625099	1295.85	659.00	1261.58	677.73	3.8531	4.0223
335584633433	1291.21	662.88	1261.65	652.63	3.8770	4.0557
335584641766	1291.61	660.08	1258.65	642.63	3.8695	4.0860
335584650099	1290.94	652.85	1256.85	629.65	3.8695	4.0913
335584658433	1290.82	655.58	1257.94	637.82	3.8812	4.1119
335584666766	1291.42	659.94	1257.38	636.09	3.8870	4.1230
335584675099	1297.24	662.15	1256.76	642.16	3.8960	4.1211
335584683433	1295.42	662.90	1257.17	646.15	3.8962	4.1277
335584691765	1299.99	666.28	1256.57	648.14	3.9021	4.1427
335584700098	1298.77	667.07	1256.80	644.33	3.9041	4.1436
335584708432	1290.87	663.34	1256.82	642.85	3.9066	4.1439
335584716765	1299.32	670.18	1252.34	640.68	3.9155	4.1499
335584725098	1291.40	659.13	1259.64	636.43	3.9092	4.1589
335584733432	1294.02	664.21	1259.22	633.98	3.9228	4.1650
335584741765	1289.59	660.84	1255.42	631.43	3.9266	4.1676
335584750098	1291.97	660.48	1252.60	628.72	3.9341	4.1825
335584758437	1291.18	662.02	1256.14	633.21	3.9441	4.1904
335584766769	1288.83	663.23	1251.09	621.83	3.9550	4.1788
335584775102	1287.16	669.33	1252.83	624.05	3.9639	4.1859
335584783436	1288.10	659.49	1253.40	622.58	3.9514	4.2002
335584791769	1287.62	660.18	1249.91	620.76	3.9599	4.2022
335584800102	1287.71	660.67	1249.78	628.10	3.9615	4.2079
335584808436	1285.25	664.74	1248.24	634.82	3.9608	4.2166
335584816769	1286.97	663.86	1255.09	639.92	3.9733	4.2148
335584825102	1282.96	665.98	1255.33	644.49	3.9816	4.2201
335584833436	1283.61	666.03	1253.92	646.62	3.9823	4.2276
335584841768	1284.22	663.36	1255.87	647.56	3.9838	4.2371
335584850101	1286.76	665.08	1256.58	648.44	3.9810	4.2314
335584858434	1285.23	667.36	1251.26	643.06	3.9964	4.2347
335584866768	1282.89	661.13	1259.93	640.51	3.9953	4.2413
335584875101	1286.35	657.78	1257.27	638.17	3.9958	4.2474
335584883438	1289.09	660.60	1256.66	627.10	4.0026	4.2649
335584891771	1285.26	662.28	1257.48	618.10	4.0010	4.2573
335584900104	1287.05	673.78	1258.22	609.14	4.0226	4.2545
335584908437	1284.48	668.78	1259.32	608.22	4.0059	4.2602
335584916770	1288.41	678.64	1260.31	621.81	4.0214	4.2720
335584925103	1291.43	671.44	1259.64	623.38	4.0170	4.2735
335584933437	1292.90	673.33	1258.40	616.92	4.0243	4.2755
335584941770	1322.40	684.79	1264.06	619.14	4.0230	4.2736
335584950103	1316.45	711.56	1276.44	636.20	4.0297	4.2763
335584958437	1304.89	716.50	1260.77	653.81	4.0155	4.2708
335584966770	1308.06	708.18	1268.09	640.73	4.0420	4.2721
335584975103	1304.64	701.04	1264.52	632.04	4.0329	4.2653
335584983436	1304.22	699.80	1265.71	634.97	4.0344	4.2698
335584991769	1300.91	695.77	1267.10	639.63	4.0311	4.2728
335585000102	1299.46	696.96	1267.85	642.17	4.0347	4.2743
335585008435	1300.69	699.93	1269.38	640.17	4.0392	4.2617
335585016775	1295.00	701.50	1273.18	645.48	4.0380	4.2598
335585025108	1290.70	697.68	1272.71	653.25	4.0409	4.2615
335585033441	1294.74	704.02	1269.27	649.69	4.0434	4.2521
335585041775	1287.24	702.27	1272.00	658.36	4.0370	4.2688
335585050108	1290.17	702.28	1263.85	663.96	4.0371	4.2649
335585058441	1289.45	707.83	1266.46	667.09	4.0417	4.2753
335585066774	1292.40	708.95	1263.53	667.17	4.0491	4.2654
335585075107	1289.46	707.75	1257.64	663.66	4.0482	4.2772
335585083440	1290.04	703.35	1260.08	660.58	4.0463	4.2687
335585091774	1286.77	702.28	1261.62	664.78	4.0416	4.2657
335585100107	1288.79	695.72	1260.66	660.68	4.0306	4.2663
335585108440	1287.65	698.87	1260.26	664.08	4.0390	4.2710
335585116774	1283.60	695.13	1264.53	664.40	4.0305	4.2634
335585125107	1288.31	699.51	1266.65	660.26	4.0429	4.2662
335585133440	1283.72	696.92	1265.92	656.66	4.0417	4.2442
335585141773	1283.54	700.61	1272.08	652.56	4.0286	4.2448
335585150110	1292.91	705.42	1270.38	652.59	4.0449	4.2393
335585158443	1286.54	705.65	1273.84	660.54	4.0462	4.2633
335585166777	1290.87	704.20	1273.66	654.42	4.0334	4.2473
335585175110	1291.81	702.88	1270.62	651.53	4.0319	4.2395
335585183443	1295.90	705.75	1277.45	660.14	4.0240	4.2548
335585191777	1296.00	707.58	1276.70	656.54	4.0276	4.2476
335585200110	1295.92	707.84	1274.96	659.28	4.0248	4.2559
335585208443	1298.02	706.78	1274.96	661.11	4.0277	4.2565
335585216776	1303.19	709.65	1275.73	655.52	4.0281	4.2440
335585225109	1300.34	708.96	1267.59	656.71	4.0298	4.2464
335585233442	1303.51	708.51	1275.37	655.42	4.0313	4.2329
335585241776	1303.01	712.52	1275.50	655.77	4.0352	4.2417
335585250109	1300.76	710.35	1273.30	658.34	4.0337	4.2416
335585258442	1303.33	709.33	1271.69	652.91	4.0330	4.2296
335585266776	1304.89	708.27	1273.11	656.92	4.0228	4.2242
335585275109	1300.81	711.93	1272.33	658.69	4.0208	4.2281
335585283447	1305.39	716.52	1274.20	657.25	4.0404	4.2271
335585291780	1300.91	712.10	1275.62	656.92	4.0253	4.2215
335585300113	1300.58	714.28	1272.04	656.02	4.0243	4.2145
335585308446	1302.52	716.88	1273.84	659.49	4.0250	4.2160
335585316780	1301.21	717.19	1272.75	662.63	4.0225	4.2061
335585325113	1305.07	717.00	1275.91	658.30	4.0205	4.2075
335585333446	1301.06	714.71	1275.24	656.68	4.0103	4.2052
335585341780	1296.53	714.98	1272.55	656.45	4.0112	4.2019
335585350113	1303.73	714.97	1274.17	651.80	4.0047	4.2023
335585358446	1300.16	714.34	1271.15	646.89	4.0042	4.1974
335585366779	1298.38	707.00	1269.40	646.43	3.9830	4.1912
335585375112	1299.76	713.69	1268.03	644.20	3.9991	4.1829
335585383445	1298.31	713.67	1271.46	655.21	3.9916	4.1778
335585391778	1298.03	714.70	1270.86	649.78	3.9915	4.1840
335585400112	1294.22	715.59	1274.84	647.98	3.9899	4.1730
335585408449	1289.41	711.64	1277.22	659.83	3.9763	4.1787
335585416783	1294.10	720.40	1281.72	654.66	3.9803	4.1715
335585425116	1287.50	717.99	1277.32	663.91	3.9772	4.1679
335585433449	1285.71	718.56	1275.90	673.56	3.9863	4.1771
335585441781	1284.25	718.11	1272.21	673.19	3.9778	4.1751
335585450115	1281.57	722.30	1265.67	674.52	3.9697	4.1772
335585458448	1282.65	722.66	1257.64	675.62	3.9579	4.1785
335585466782	1273.77	729.88	1245.86	680.08	3.9532	4.1737
335585475115	1280.19	735.58	1245.25	686.65	3.9434	4.1669
335585483448	1290.56	719.32	1253.46	678.16	3.9354	4.1686
335585491781	1289.40	728.55	1252.74	683.27	3.9448	4.1712
335585500115	1288.07	721.18	1251.46	683.25	3.9346	4.1681
335585508448	1286.82	722.11	1252.67	683.47	3.9339	4.1722
335585516780	1289.38	724.78	1252.89	681.69	3.9350	4.1666
335585525114	1286.08	722.28	1257.36	675.92	3.9280	4.1611
335585533447	1284.61	723.44	1259.61	671.79	3.9196	4.1623
335585541786	1284.06	723.17	1256.70	675.19	3.9247	4.1651
335585550119	1280.81	722.30	1254.62	674.95	3.9235	4.1597
335585558452	1283.52	724.82	1252.94	674.01	3.9124	4.1635
335585566785	1280.83	728.78	1256.94	674.03	3.9152	4.1543
335585575119	1283.32	729.11	1255.34	677.53	3.9123	4.1526
335585583452	1281.08	723.67	1254.99	683.68	3.8985	4.1563
335585591784	1280.22	718.53	1251.19	688.13	3.8892	4.1509
335585600118	1285.57	723.63	1253.10	691.78	3.9015	4.1522
335585608451	1281.39	715.30	1255.73	696.29	3.8910	4.1537
335585616784	1282.98	719.11	1258.18	699.83	3.8989	4.1471
335585625118	1286.11	719.17	1258.99	695.94	3.9009	4.1357
335585633451	1286.08	717.02	1258.15	698.91	3.8993	4.1482
335585641784	1284.61	722.92	1256.42	695.82	3.9042	4.1406
335585650118	1284.99	727.95	1256.55	690.05	3.8993	4.1367
335585658451	1275.90	723.96	1256.96	695.19	3.8926	4.1480
335585666783	1280.74	729.47	1253.92	688.90	3.8897	4.1444
335585675122	1279.35	722.90	1255.37	677.96	3.8922	4.1340
335585683455	1278.41	722.63	1256.25	682.43	3.8925	4.1529
335585691788	1276.74	717.47	1255.01	679.73	3.8762	4.1521
335585700122	1276.57	722.82	1253.85	678.53	3.8944	4.1488
335585708455	1277.86	724.64	1257.42	680.10	3.8979	4.1563
335585716788	1281.62	724.79	1255.74	678.01	3.8965	4.1502
335585725122	1280.50	727.36	1255.07	678.93	3.9001	4.1537
335585733455	1279.60	722.32	1253.45	680.90	3.8906	4.1537
335585741787	1285.09	727.65	1257.12	686.47	3.9079	4.1566
335585750121	1279.85	726.24	1252.43	691.42	3.9014	4.1552
335585758454	1284.14	717.58	1253.84	691.00	3.8967	4.1487
335585766787	1279.77	720.87	1259.60	694.82	3.8978	4.1537
335585775121	1282.92	716.84	1254.56	700.90	3.8980	4.1659
335585783454	1284.81	717.23	1259.43	704.31	3.9126	4.1625
335585791787	1287.50	716.04	1261.54	700.72	3.9034	4.1489
335585800125	1288.26	718.85	1256.23	702.53	3.9144	4.1720
335585808458	1288.15	727.64	1255.77	697.05	3.9156	4.1709
335585816790	1288.48	730.98	1259.77	695.84	3.9108	4.1731
335585825124	1291.13	730.37	1259.34	696.06	3.9168	4.1785
335585833457	1292.09	728.96	1256.33	688.53	3.9162	4.1788
335585841790	1292.98	725.60	1259.16	682.82	3.9176	4.1802
335585850124	1295.48	729.10	1262.75	686.77	3.9289	4.1887
335585858457	1297.78	724.88	1266.42	684.92	3.9348	4.1895
335585866790	1301.71	725.89	1267.20	686.75	3.9342	4.1955
335585875124	1314.09	721.72	1286.60	690.19	3.9322	4.1922
335585883457	1323.94	721.93	1307.16	689.82	3.9345	4.1973
335585891789	1306.71	718.12	1282.93	686.96	3.9534	4.1898
335585900122	1308.21	716.59	1281.09	689.00	3.9484	4.1916
335585908456	1309.20	719.04	1281.42	693.99	3.9502	4.2031
335585916789	1305.43	724.40	1285.18	698.26	3.9494	4.1967
335585925122	1305.31	722.37	1281.61	699.64	3.9597	4.2039
335585933461	1307.54	715.59	1284.37	700.96	3.9477	4.2090
335585941794	1308.55	720.62	1280.73	699.41	3.9663	4.2016
335585950127	1302.76	720.78	1277.74	701.56	3.9650	4.2123
335585958461	1306.61	725.20	1283.06	702.06	3.9769	4.2098
335585966793	1309.60	721.20	1282.04	697.17	3.9673	4.2128
335585975127	1309.96	726.79	1284.66	698.78	3.9661	4.2107
335585983460	1307.67	721.90	1284.68	694.23	3.9649	4.2260
335585991793	1311.30	721.60	1282.26	692.06	3.9755	4.2238
335586000127	1309.81	725.32	1276.44	692.82	3.9762	4.2299
335586008460	1311.74	725.30	1276.49	691.41	3.9766	4.2285
335586016793	1310.46	725.25	1277.79	690.96	3.9779	4.2252
335586025127	1308.70	728.28	1278.91	692.21	3.9875	4.2327
335586033460	1305.54	728.89	1278.55	697.15	3.9888	4.2293
335586041792	1304.76	721.58	1277.15	702.09	3.9871	4.2390
335586050126	1303.86	716.80	1279.74	711.75	3.9892	4.2313
335586058459	1303.14	715.75	1276.50	713.29	3.9876	4.2343
335586066797	1302.48	713.27	1273.10	709.46	3.9910	4.2315
335586075131	1298.79	715.63	1271.88	710.71	3.9993	4.2337
335586083464	1298.42	710.39	1274.97	711.90	4.0004	4.2339
335586091797	1296.32	722.36	1276.90	710.53	3.9977	4.2294
335586100130	1301.41	724.49	1275.58	704.29	3.9921	4.2352
335586108464	1306.10	731.81	1275.37	702.24	3.9941	4.2498
335586116796	1306.13	728.77	1272.54	693.23	3.9987	4.2373
335586125129	1303.54	722.47	1270.50	691.13	3.9894	4.2456
335586133463	1307.41	725.21	1267.89	687.92	4.0051	4.2507
335586141796	1304.21	726.21	1267.67	684.64	4.0045	4.2501
335586150129	1301.01	728.79	1264.28	684.96	4.0044	4.2480
335586158463	1294.07	723.83	1262.30	687.02	4.0004	4.2513
335586166796	1292.10	731.68	1260.45	691.21	4.0091	4.2501
335586175129	1288.22	732.91	1262.61	692.11	4.0062	4.2363
335586183463	1286.33	730.88	1257.36	693.09	4.0085	4.2450
335586191795	1286.38	727.31	1259.20	698.31	3.9942	4.2454
335586200133	1289.42	722.98	1265.54	699.70	3.9755	4.2294
335586208467	1288.65	723.86	1272.42	701.17	3.9680	4.2115
335586216800	1290.72	720.33	1275.73	698.41	3.9461	4.1888
335586225133	1286.21	724.55	1276.37	701.00	3.9145	4.1690
335586233467	1293.30	728.55	1280.90	695.45	3.8949	4.1368
335586241800	1298.49	734.22	1288.26	695.43	3.8572	4.1119
335586250133	1296.66	734.21	1288.97	688.80	3.8262	4.0741
335586258467	1294.50	728.78	1293.19	690.41	3.7879	4.0296
335586266799	1331.60	765.50	1322.75	734.65	3.7449	4.0004
335586275132	1322.67	775.37	1310.29	757.81	3.7131	3.9642
335586283466	1318.78	770.46	1307.60	747.51	3.6889	3.9308
335586291799	1320.57	755.87	1301.71	742.87	3.6432	3.8843
335586300132	1319.06	758.78	1310.54	752.05	3.6126	3.8430
335586308466	1323.78	751.03	1314.56	754.27	3.5624	3.7962
335586316799	1319.73	735.40	1314.14	761.39	3.5122	3.7705
335586325135	1318.01	731.71	1315.50	754.08	3.4820	3.7206
335586333469	1312.34	732.11	1315.64	756.06	3.4445	3.6939
335586341801	1312.64	738.21	1317.68	751.96	3.4238	3.6594
335586350134	1316.30	740.31	1319.21	758.42	3.3943	3.6404
335586358468	1314.70	740.73	1318.53	756.79	3.3742	3.5964
335586366801	1316.89	740.78	1319.22	759.23	3.3406	3.5618
335586375134	1320.41	744.00	1320.89	759.21	3.3088	3.5379
335586383468	1311.97	733.68	1319.99	761.88	3.2903	3.5055
335586391801	1316.72	736.35	1318.64	766.95	3.2682	3.4772
335586400134	1313.51	739.78	1316.61	766.72	3.2316	3.4420
335586408468	1316.76	751.82	1315.00	773.01	3.2222	3.4250
335586416800	1313.07	764.56	1308.28	755.59	3.1962	3.4012
335586425133	1333.16	685.21	1343.37	737.12	3.1858	3.3261
335586433467	1148.53	811.68	NaN	NaN	2.3738	NaN
335586441800	NaN	NaN	NaN	NaN	NaN	NaN
335586450133	NaN	NaN	NaN	NaN	NaN	NaN
335586458473	NaN	NaN	NaN	NaN	NaN	NaN
335586466806	NaN	NaN	NaN	NaN	NaN	NaN
335586475139	NaN	NaN	NaN	NaN	NaN	NaN
335586483473	NaN	NaN	NaN	NaN	NaN	NaN
335586491805	NaN	NaN	NaN	NaN	NaN	NaN
335586500138	NaN	NaN	NaN	NaN	NaN	NaN
335586508472	NaN	NaN	NaN	NaN	NaN	NaN
335586516805	NaN	NaN	NaN	NaN	NaN	NaN
335586525138	NaN	NaN	NaN	NaN	NaN	NaN
335586533472	NaN	NaN	NaN	NaN	NaN	NaN
335586541805	NaN	NaN	NaN	NaN	NaN	NaN
335586550138	NaN	NaN	NaN	NaN	NaN	NaN
335586558472	NaN	NaN	NaN	NaN	NaN	NaN
335586566804	NaN	NaN	NaN	NaN	NaN	NaN
335586575137	1315.89	759.96	NaN	NaN	2.6893	NaN
335586583471	1320.41	687.57	1691.03	764.29	2.8496	1.7847
335586591809	1334.91	619.62	1341.70	768.52	2.9658	2.8562
335586600142	1332.58	579.58	1334.88	699.92	3.0242	2.9841
335586608475	1326.43	575.88	1326.77	650.36	3.0327	3.0746
335586616809	1329.38	576.96	1322.55	610.24	3.0358	3.1395
335586625142	1329.05	586.69	1321.27	581.66	3.0430	3.1808
335586633475	1330.96	582.52	1313.56	579.48	3.0308	3.2016
335586641808	1338.01	589.11	1315.59	576.14	3.0331	3.1904
335586650141	1336.42	583.24	1314.69	573.72	3.0206	3.1936
335586658474	1335.36	582.91	1312.53	577.16	3.0302	3.1937
335586666808	1332.96	585.23	1310.52	578.81	3.0319	3.2004
335586675141	1334.32	589.57	1309.45	575.67	3.0355	3.1912
335586683474	1335.22	589.34	1307.53	583.61	3.0294	3.1945
335586691808	1331.35	590.40	1306.50	579.97	3.0405	3.2012
335586700141	1337.80	594.56	1305.95	583.64	3.0457	3.1995
335586708474	1336.07	589.75	1307.76	584.98	3.0552	3.2013
335586716807	1338.14	590.39	1312.96	590.94	3.0613	3.1982
335586725145	1341.00	627.94	1316.90	635.54	3.0505	3.2055
335586733478	1399.16	678.78	1383.68	692.04	3.0622	3.2092
335586741812	1401.40	739.87	1378.97	769.80	3.0649	3.2028
335586750145	1402.28	775.72	1401.59	785.69	3.0718	3.2056
335586758478	1407.48	785.25	1428.75	801.44	3.0836	3.1984
335586766812	1409.77	783.96	1424.11	793.29	3.0884	3.2040
335586775145	1415.05	779.68	1416.10	797.04	3.0885	3.2086
335586783478	1417.80	787.57	1418.52	803.67	3.1069	3.2223
335586791811	1410.32	792.01	1419.78	799.61	3.1061	3.2184
335586800144	1419.04	799.06	1418.52	803.46	3.1235	3.2422
335586808477	1416.61	792.56	1417.12	799.96	3.1351	3.2493
335586816811	1419.81	789.95	1419.10	792.74	3.1391	3.2305
335586825144	1421.86	788.51	1416.41	797.66	3.1629	3.2608
335586833477	1424.82	794.61	1413.43	797.10	3.1642	3.2709
335586841811	1423.58	786.15	1409.31	797.84	3.1729	3.2805
335586850148	1428.03	780.55	1419.50	793.68	3.1791	3.2738
335586858481	1431.75	785.88	1416.78	799.97	3.1988	3.3027
335586866814	1426.48	784.99	1414.03	799.57	3.2078	3.3184
335586875147	1427.04	790.72	1415.31	805.84	3.2272	3.3299
335586883480	1428.47	788.23	1418.33	803.42	3.2370	3.3328
335586891814	1424.72	789.27	1417.98	806.00	3.2549	3.3525
335586900147	1425.27	790.88	1420.89	804.47	3.2512	3.3600
335586908480	1425.13	796.62	1419.37	804.02	3.2837	3.3747
335586916814	1430.70	788.03	1419.21	808.35	3.2825	3.3851
335586925147	1425.45	792.71	1420.25	800.86	3.3027	3.3779
335586933480	1438.34	791.52	1424.89	802.39	3.2958	3.4067
335586941812	1367.03	833.18	1359.60	831.50	3.3259	3.4131
335586950146	1251.36	855.67	1246.30	880.63	3.3595	3.4617
335586958479	1201.41	825.17	1186.07	852.08	3.3471	3.4615
335586966813	1192.92	820.38	1189.16	873.70	3.3473	3.4839
335586975146	1171.49	816.52	1168.15	857.98	3.3515	3.4811
335586983484	1157.11	824.82	1150.45	870.95	3.3458	3.4822
335586991817	1176.98	811.74	1158.61	860.44	3.3523	3.4879
335587000151	1179.72	822.76	1158.62	870.17	3.3646	3.5085
335587008483	1178.36	817.40	1152.16	872.01	3.3572	3.5185
335587016817	1183.39	816.61	1154.54	871.11	3.3617	3.5211
335587025150	1188.31	832.77	1152.97	874.98	3.3918	3.5323
335587033483	1189.91	833.54	1155.84	873.85	3.3923	3.5471
335587041816	1192.71	831.46	1155.75	869.30	3.4106	3.5515
335587050150	1191.68	829.79	1152.87	863.38	3.4061	3.5493
335587058483	1190.44	833.92	1157.10	864.98	3.4079	3.5652
335587066816	1185.71	831.26	1151.29	863.96	3.4048	3.5746
335587075150	1187.78	828.31	1152.81	865.75	3.4216	3.5779
335587083482	1186.84	825.91	1150.65	865.31	3.4240	3.5902
335587091816	1187.46	834.91	1153.27	864.80	3.4441	3.5946
335587100149	1179.58	830.12	1154.82	865.68	3.4505	3.6000
335587108482	1178.41	836.52	1153.35	870.02	3.4730	3.6084
335587116820	1172.04	828.45	1154.11	866.87	3.4609	3.6180
335587125154	1174.34	827.20	1152.50	860.18	3.4696	3.6102
335587133487	1166.84	825.54	1157.14	865.85	3.4806	3.6238
335587141820	1165.84	832.92	1159.58	860.28	3.4917	3.6335
335587150154	1163.06	827.02	1154.93	859.94	3.4835	3.6312
335587158486	1157.27	834.41	1123.58	871.34	3.5020	3.6311
335587166819	1060.24	791.86	1057.56	842.57	3.4907	3.6429
335587175153	1073.91	794.14	1071.63	849.23	3.4898	3.6374
335587183486	1084.48	810.35	1077.30	856.69	3.4969	3.6475
335587191819	1073.29	792.50	1072.27	845.09	3.4903	3.6353
335587200153	1081.87	811.14	1074.49	849.01	3.5084	3.6436
335587208486	1076.05	810.61	1069.54	846.91	3.5081	3.6537
335587216819	1077.41	814.60	1074.62	848.85	3.5129	3.6527
335587225153	1072.34	812.60	1070.81	852.79	3.5181	3.6508
335587233485	1073.01	815.74	1073.68	849.38	3.5130	3.6498
335587241818	1076.25	817.36	1072.99	849.69	3.5208	3.6409
335587250156	1070.86	812.48	1071.49	855.27	3.5014	3.6425
335587258489	1073.49	812.62	1067.71	850.12	3.5090	3.6341
335587266822	1074.46	819.78	1071.92	854.42	3.5236	3.6351
335587275156	1070.69	813.58	1071.68	855.26	3.5088	3.6322
335587283489	1076.83	820.40	1069.97	852.19	3.5102	3.6306
335587291822	1072.83	819.70	1069.51	848.32	3.5129	3.6266
335587300156	1080.04	822.81	1068.19	855.56	3.5103	3.6317
335587308488	1078.21	822.66	1071.30	849.59	3.5134	3.6285
335587316821	1079.35	821.67	1070.09	843.97	3.5027	3.6185
335587325155	1083.24	826.91	1076.61	850.36	3.5058	3.6180
335587333488	1082.60	825.03	1071.46	844.14	3.5035	3.6131
335587341821	1088.30	825.86	1066.49	844.85	3.5086	3.6074
335587350155	1086.54	818.58	1067.99	850.33	3.4884	3.6183
335587358488	1083.90	818.30	1063.36	845.72	3.4762	3.6083
335587366821	1052.48	840.22	1029.88	844.56	3.4899	3.6049
335587375159	996.78	819.00	994.04	841.27	3.4978	3.6006
335587383491	1018.60	842.45	1011.41	850.12	3.5016	3.5966
335587391824	1018.22	864.77	1010.71	861.78	3.4861	3.5997
335587400158	1035.77	872.46	1019.62	858.12	3.4971	3.5890
335587408491	1016.58	854.16	1009.03	845.58	3.4823	3.5931
335587416824	1021.80	858.36	1009.48	850.88	3.4921	3.5969
335587425158	1019.17	856.64	1015.14	852.72	3.4791	3.6010
335587433491	1021.19	862.14	1010.26	845.26	3.4957	3.5854
335587441824	1022.32	858.09	1008.95	844.33	3.4858	3.6108
335587450158	1018.71	856.37	1013.29	837.35	3.4932	3.6119
335587458490	1016.06	851.72	1013.58	832.24	3.4825	3.6048
335587466823	1023.40	862.37	1012.00	836.22	3.5006	3.6017
335587475156	1022.66	861.91	1012.49	835.72	3.5087	3.5968
335587483490	1024.23	864.73	1012.26	842.53	3.4995	3.6152
335587491823	1017.13	862.27	1014.75	838.03	3.5046	3.6201
335587500157	1021.44	866.67	1012.15	841.05	3.5156	3.6195
335587508496	1024.60	861.40	1012.64	843.99	3.5123	3.6250
335587516829	1020.13	861.58	1008.86	838.21	3.5092	3.6275
335587525163	1023.84	864.44	1007.64	832.81	3.5208	3.6097
335587533495	1022.99	863.25	1012.11	839.63	3.5290	3.6280
335587541828	1028.88	866.81	1009.75	838.31	3.5426	3.6314
335587550161	1029.83	866.55	1013.83	836.45	3.5445	3.6393
335587558495	1021.75	860.67	1016.04	841.50	3.5335	3.6579
335587566828	1022.86	863.46	1011.53	839.03	3.5441	3.6517
335587575162	1024.82	864.73	1012.47	833.82	3.5520	3.6530
335587583495	1025.88	862.34	1012.49	845.15	3.5574	3.6793
335587591828	1022.94	856.59	1011.31	842.80	3.5562	3.6755
335587600161	1023.59	859.38	1011.98	837.13	3.5558	3.6798
335587608494	1022.14	861.52	1009.74	846.10	3.5710	3.6848
335587616827	1021.02	859.81	1013.15	848.74	3.5752	3.6987
335587625161	1021.69	861.53	1010.36	844.48	3.5814	3.6932
335587633494	1025.25	864.07	1010.73	838.49	3.5930	3.6846
335587641831	985.97	826.70	976.03	838.34	3.5896	3.6912
335587650164	967.11	745.94	947.97	764.41	3.5917	3.7227
335587658498	998.52	759.39	983.29	756.38	3.5948	3.7201
335587666831	994.51	767.56	978.54	749.76	3.6094	3.7240
335587675165	992.23	766.44	967.79	762.71	3.6008	3.7216
335587683497	993.66	766.38	962.51	758.99	3.6086	3.7294
335587691830	989.74	762.35	968.27	755.78	3.5984	3.7328
335587700163	990.55	761.92	965.49	759.07	3.6129	3.7407
335587708497	991.89	768.86	963.53	754.20	3.6174	3.7429
335587716830	992.25	769.27	963.47	750.70	3.6226	3.7508
335587725163	992.26	760.72	966.52	754.77	3.6206	3.7550
335587733497	989.11	766.49	968.35	754.18	3.6227	3.7549
335587741830	989.83	769.87	970.45	756.14	3.6323	3.7608
335587750163	994.36	774.12	972.10	755.15	3.6384	3.7612
335587758496	988.23	766.38	970.23	748.97	3.6316	3.7698
335587766833	990.54	769.89	968.70	752.25	3.6389	3.7681
335587775166	993.47	771.21	969.42	749.60	3.6442	3.7669
335587783500	986.48	769.47	972.50	750.26	3.6441	3.7825
335587791833	991.70	770.21	966.48	746.76	3.6536	3.7715
335587800166	993.47	761.58	967.16	750.82	3.6441	3.7719
335587808500	995.18	763.84	963.77	753.02	3.6553	3.7795
335587816833	990.42	757.91	964.48	755.03	3.6513	3.7757
335587825166	991.71	763.05	968.30	754.15	3.6542	3.7776
335587833499	989.13	759.90	962.10	755.59	3.6514	3.7815
335587841832	990.49	757.43	963.52	757.52	3.6583	3.7850
335587850165	991.66	763.13	957.58	754.19	3.6503	3.7738
335587858499	1013.64	764.57	1000.01	718.39	3.6487	3.7778
335587866832	1095.88	678.67	1076.58	680.76	3.6680	3.7961
335587875165	1056.38	659.97	1061.76	653.97	3.6636	3.7886
335587883499	1034.06	698.78	1025.26	679.92	3.6611	3.7744
335587891832	1054.12	689.26	1031.57	672.32	3.6567	3.7708
335587900172	1058.67	683.59	1036.74	673.93	3.6445	3.7672
335587908505	1056.39	684.46	1043.99	676.83	3.6412	3.7699
335587916838	1057.27	682.07	1042.63	672.44	3.6391	3.7579
335587925171	1059.90	689.35	1041.22	671.76	3.6361	3.7565
335587933505	1059.39	686.99	1039.04	673.65	3.6430	3.7544
335587941838	1059.12	679.57	1041.12	675.65	3.6345	3.7472
335587950171	1058.78	683.82	1038.46	678.04	3.6296	3.7490
335587958505	1063.56	684.43	1045.00	682.01	3.6269	3.7408
335587966838	1059.30	676.30	1037.63	677.92	3.6265	3.7361
335587975171	1061.13	681.04	1037.75	677.50	3.6302	3.7295
335587983504	1056.87	676.02	1037.19	683.90	3.6168	3.7255
335587991837	1057.39	674.86	1038.38	684.63	3.6176	3.7250
335588000170	1057.09	679.71	1038.78	684.19	3.6138	3.7220
335588008504	1052.92	681.90	1038.27	682.36	3.6136	3.7229
335588016837	1052.91	687.56	1041.42	678.60	3.6108	3.7201
335588025170	1045.93	693.98	1041.18	667.97	3.6069	3.7072
335588033508	1047.15	704.02	1037.08	661.45	3.6059	3.7137
335588041841	1098.96	685.05	1087.27	685.24	3.5923	3.6735
335588050174	986.19	793.95	NaN	NaN	2.7170	NaN
335588058506	NaN	NaN	NaN	NaN	NaN	NaN
335588066840	NaN	NaN	NaN	NaN	NaN	NaN
335588075173	NaN	NaN	NaN	NaN	NaN	NaN
335588083506	NaN	NaN	NaN	NaN	NaN	NaN
335588091840	NaN	NaN	NaN	NaN	NaN	NaN
335588100173	NaN	NaN	NaN	NaN	NaN	NaN
335588108507	NaN	NaN	NaN	NaN	NaN	NaN
335588116840	NaN	NaN	NaN	NaN	NaN	NaN
335588125173	NaN	NaN	NaN	NaN	NaN	NaN
335588133506	NaN	NaN	NaN	NaN	NaN	NaN
335588141839	NaN	NaN	NaN	NaN	NaN	NaN
335588150172	NaN	NaN	NaN	NaN	NaN	NaN
335588158506	NaN	NaN	NaN	NaN	NaN	NaN
335588166843	NaN	NaN	NaN	NaN	NaN	NaN
335588175176	NaN	NaN	NaN	NaN	NaN	NaN
335588183510	NaN	NaN	NaN	NaN	NaN	NaN
335588191843	NaN	NaN	NaN	NaN	NaN	NaN
335588200176	NaN	NaN	NaN	NaN	NaN	NaN
335588208509	NaN	NaN	NaN	NaN	NaN	NaN
335588216842	NaN	NaN	1564.40	823.82	NaN	3.1750
335588225175	1510.39	893.83	1707.03	774.77	3.2602	2.8790
335588233508	1496.88	796.08	1710.34	871.64	3.3149	2.7454
335588241842	1491.47	746.11	1519.93	840.55	3.3982	3.2866
335588250176	1499.83	710.59	1515.40	790.98	3.4603	3.3792
335588258509	1497.42	668.87	1507.88	735.77	3.4888	3.4286
335588266843	1504.96	643.62	1507.89	703.48	3.5184	3.4830
335588275176	1503.30	635.81	1502.85	667.08	3.5236	3.5302
335588283508	1505.57	630.05	1503.71	650.75	3.5156	3.5613
335588291845	1510.75	634.43	1502.37	644.80	3.5314	3.5702
335588300178	1502.96	626.78	1503.11	644.00	3.5160	3.5796
335588308511	1505.85	622.82	1502.23	640.67	3.5081	3.5791
335588316845	1507.47	628.67	1503.39	639.59	3.5268	3.5799
335588325178	1508.70	622.10	1500.15	649.28	3.5180	3.5864
335588333511	1511.33	623.45	1505.32	647.52	3.5228	3.5903
335588341845	1512.60	624.14	1505.16	640.25	3.5223	3.5833
335588350178	1515.47	627.16	1507.89	642.18	3.5210	3.5833
335588358510	1516.42	635.08	1507.56	644.21	3.5269	3.5863
335588366844	1512.06	636.00	1499.56	650.20	3.5152	3.5858
335588375177	1512.37	638.82	1499.51	649.16	3.5288	3.5872
335588383510	1508.40	639.75	1498.64	652.90	3.5185	3.5986
335588391844	1511.72	648.69	1497.03	651.84	3.5320	3.6069
335588400177	1513.30	644.18	1494.90	649.35	3.5356	3.6053
335588408510	1506.84	642.20	1492.68	651.59	3.5301	3.6081
335588416844	1508.69	642.10	1490.40	647.74	3.5290	3.6186
335588425184	1507.49	633.60	1490.98	650.79	3.5270	3.6179
335588433516	1505.40	638.53	1492.63	646.82	3.5445	3.6311
335588441850	1506.83	633.45	1494.35	644.11	3.5419	3.6397
335588450183	1508.33	633.86	1489.97	646.71	3.5515	3.6439
335588458516	1514.31	630.93	1490.44	648.97	3.5500	3.6514
335588466850	1515.61	635.10	1490.56	647.73	3.5632	3.6606
335588475183	1513.14	638.23	1491.40	651.41	3.5633	3.6659
335588483516	1515.27	643.59	1493.34	654.36	3.5702	3.6793
335588491850	1515.66	646.48	1491.13	658.30	3.5694	3.6775
335588500183	1513.02	654.13	1496.54	661.57	3.5732	3.6852
335588508515	1515.94	657.60	1498.20	665.12	3.5826	3.6945
335588516849	1515.28	650.50	1492.59	665.67	3.5743	3.6961
335588525182	1516.33	662.57	1491.78	669.94	3.5971	3.7029
335588533515	1515.34	654.04	1488.07	664.94	3.5903	3.7060
335588541849	1515.32	650.97	1491.87	662.87	3.5900	3.7074
335588550182	1513.51	649.52	1486.83	656.09	3.5978	3.7151
335588558519	1527.05	651.92	1492.46	668.68	3.6025	3.7227
335588566853	1558.79	691.27	1550.11	712.90	3.6007	3.7155
335588575186	1533.69	718.43	1520.39	741.82	3.6049	3.7184
335588583518	1478.74	682.48	1464.33	713.47	3.6181	3.7335
335588591851	1490.03	682.32	1487.69	719.06	3.6076	3.7353
335588600185	1502.42	678.80	1494.34	709.61	3.6175	3.7309
335588608518	1500.02	679.92	1492.32	719.86	3.6125	3.7358
335588616851	1495.74	676.08	1484.22	719.35	3.6074	3.7395
335588625185	1496.05	686.53	1487.15	712.11	3.6153	3.7374
335588633518	1494.11	697.44	1489.07	707.21	3.6185	3.7361
335588641852	1493.64	697.53	1486.25	710.34	3.6096	3.7360
335588650185	1496.72	714.71	1484.78	717.47	3.6340	3.7469
335588658517	1497.63	706.95	1482.76	714.74	3.6237	3.7563
335588666850	1494.44	713.51	1485.01	707.97	3.6336	3.7375
335588675184	1497.15	711.47	1489.05	710.54	3.6426	3.7504
335588683517	1492.51	704.86	1486.33	710.79	3.6400	3.7480
335588691856	1492.39	698.40	1489.70	711.78	3.6455	3.7469
335588700190	1490.61	693.59	1491.78	713.16	3.6404	3.7518
335588708524	1492.45	684.09	1486.18	712.55	3.6267	3.7537
335588716857	1493.08	693.89	1485.49	721.22	3.6499	3.7570
335588725191	1498.17	689.13	1482.58	714.69	3.6498	3.7500
335588733523	1496.87	689.84	1484.77	717.12	3.6500	3.7578
335588741856	1493.41	684.81	1483.75	715.08	3.6417	3.7559
335588750190	1495.97	683.76	1482.47	711.68	3.6427	3.7546
335588758523	1497.83	693.78	1483.00	708.68	3.6441	3.7619
335588766856	1496.51	702.34	1479.21	707.46	3.6508	3.7700
335588775190	1498.75	712.66	1481.10	707.29	3.6559	3.7679
335588783523	1500.15	717.31	1477.63	709.63	3.6562	3.7732
335588791856	1499.74	726.72	1476.78	707.72	3.6622	3.7682
335588800190	1503.35	723.56	1476.29	707.08	3.6532	3.7634
335588808522	1504.75	717.61	1474.73	712.80	3.6486	3.7781
335588816860	1503.90	722.41	1475.66	712.03	3.6628	3.7800
335588825194	1507.67	715.67	1481.32	708.02	3.6508	3.7782
335588833527	1505.42	705.51	1479.45	702.60	3.6458	3.7762
335588841860	1504.98	711.54	1479.47	703.09	3.6637	3.7747
335588850194	1505.18	696.44	1480.57	702.73	3.6396	3.7814
335588858527	1507.49	738.50	1470.24	729.04	3.6541	3.7765
335588866860	1520.91	818.10	1504.63	832.57	3.6721	3.7843
335588875194	1495.48	807.19	1471.28	830.93	3.6651	3.7878
335588883526	1472.71	830.82	1445.50	843.45	3.6722	3.7937
335588891859	1494.84	854.65	1466.78	860.12	3.6749	3.8025
335588900193	1489.12	848.51	1457.05	846.61	3.6655	3.7989
335588908526	1490.41	849.32	1455.04	843.05	3.6697	3.7985
335588916859	1481.39	853.20	1451.33	854.89	3.6616	3.8114
335588925193	1484.32	855.88	1450.48	853.06	3.6742	3.8031
335588933526	1479.90	861.79	1451.38	851.50	3.6732	3.8060
335588941859	1480.26	861.59	1448.94	854.65	3.6719	3.8212
335588950197	1477.66	863.59	1452.72	854.60	3.6843	3.8156
335588958529	1473.29	859.82	1452.94	853.61	3.6803	3.8208
