t	gaze_point_LX	gaze_point_LY	gaze_point_RX	gaze_point_RY	pupil_diameter_L	pupil_diameter_R
1366856907979	1249.71	622.47	1278.68	602.27	3.4645	3.4463
1366856916312	1249.19	626.44	1270.62	620.10	3.4960	3.4880
1366856924646	1257.85	631.96	1276.39	606.92	3.5048	3.4379
1366856932979	1252.01	635.20	1283.98	615.69	3.5154	3.4697
1366856941312	1246.11	619.12	1288.68	606.56	3.4894	3.4600
1366856949645	1242.66	628.07	1284.54	610.83	3.5153	3.4584
1366856957983	1253.93	638.51	1273.16	609.81	3.5192	3.4638
1366856966316	1256.72	681.57	1263.56	682.30	3.5047	3.5118
1366856974650	1255.98	693.59	1262.69	689.86	3.5179	3.5293
1366856982982	1258.04	685.40	1274.17	664.38	3.5033	3.4914
1366856991315	1244.96	676.32	1287.45	683.85	3.5133	3.5423
1366856999648	1254.48	685.13	1288.63	668.29	3.5334	3.5018
1366857007982	1256.07	684.55	1277.68	662.37	3.5254	3.5163
1366857016315	1262.66	694.23	1282.64	669.30	3.5499	3.5286
1366857024648	1257.39	682.69	1283.36	689.32	3.5296	3.5782
1366857032982	1262.14	688.63	1280.90	673.37	3.5537	3.5241
1366857041315	1252.69	686.58	1276.91	678.13	3.5542	3.5494
1366857049648	1251.32	688.90	1290.75	658.55	3.5396	3.5079
1366857057981	1256.47	677.53	1289.93	690.55	3.5282	3.5632
1366857066314	1248.51	693.35	1282.48	674.84	3.5755	3.5805
1366857074647	1253.86	691.81	1276.55	668.89	3.5528	3.5365
1366857082980	1249.70	701.72	1268.61	679.02	3.5695	3.5625
1366857091319	1258.26	705.59	1289.71	686.80	3.5773	3.5877
1366857099653	1258.22	689.23	1285.90	654.71	3.5639	3.5526
1366857107986	1251.65	699.03	1281.80	668.90	3.5947	3.5696
1366857116319	1254.74	702.12	1274.12	692.92	3.5963	3.5885
1366857124652	1258.24	713.88	1265.69	693.63	3.6075	3.6008
1366857132986	1262.01	689.70	1280.26	683.08	3.5785	3.6045
1366857141318	1255.29	701.60	1276.98	679.54	3.6164	3.5864
1366857149651	1255.68	698.96	1280.73	665.79	3.5842	3.5961
1366857157985	1262.25	732.37	1273.14	693.42	3.6115	3.6062
1366857166318	1247.49	728.27	1280.98	702.96	3.6106	3.6038
1366857174652	1252.93	724.11	1276.88	708.39	3.6015	3.6209
1366857182985	1261.77	724.32	1275.48	694.09	3.6279	3.6281
1366857191318	1253.58	715.55	1265.23	691.39	3.6293	3.6378
1366857199651	1254.93	720.92	1271.79	696.47	3.6351	3.6273
1366857207985	1259.13	726.92	1279.12	691.47	3.6549	3.6350
1366857216319	1252.56	724.23	1273.33	705.67	3.6492	3.6611
1366857224653	1257.49	713.10	1264.74	704.73	3.6329	3.6589
1366857232985	1263.12	728.97	1278.02	695.57	3.6606	3.6295
1366857241319	1258.38	718.04	1269.48	696.49	3.6259	3.6394
1366857249652	1259.10	723.36	1269.40	716.49	3.6757	3.6867
1366857257986	1253.08	714.16	1273.28	703.08	3.6547	3.6738
1366857266319	1261.72	730.01	1263.75	695.91	3.6736	3.6857
1366857274652	1259.59	723.17	1268.15	700.94	3.6542	3.6819
1366857282985	1261.70	735.74	1262.84	694.61	3.6897	3.6944
1366857291318	1255.01	725.86	1267.12	686.93	3.6818	3.6889
1366857299652	1257.77	726.80	1272.23	697.80	3.6779	3.6876
1366857307985	1251.10	724.08	1260.96	692.32	3.6814	3.6763
1366857316318	1250.32	721.73	1260.48	696.21	3.6708	3.6924
1366857324651	1256.27	735.49	1263.62	692.90	3.7104	3.6940
1366857332984	1253.62	723.81	1270.14	693.06	3.6785	3.7078
1366857341318	1245.23	715.54	1268.25	710.53	3.6877	3.7282
1366857349658	1253.75	721.75	1265.70	705.00	3.7030	3.7028
1366857357991	1256.20	732.31	1275.08	681.54	3.7067	3.7107
1366857366324	1251.28	732.17	1271.18	695.46	3.7184	3.7090
1366857374657	1251.59	727.73	1273.72	690.19	3.7126	3.6999
1366857382991	1253.50	717.61	1266.42	714.51	3.6915	3.7600
1366857391324	1264.87	739.50	1284.02	699.40	3.7187	3.7135
1366857399657	1254.37	726.36	1275.87	714.56	3.7054	3.7375
1366857407990	1260.09	724.62	1269.04	700.53	3.7191	3.7295
1366857416324	1252.89	712.31	1266.57	687.50	3.7043	3.7353
1366857424658	1263.02	741.51	1274.56	683.02	3.7234	3.7352
1366857432991	1251.30	735.52	1265.19	680.59	3.7250	3.7235
1366857441323	1255.53	701.69	1270.37	701.85	3.6964	3.7298
1366857449656	1262.43	716.25	1275.62	696.09	3.7345	3.7256
1366857457989	1264.36	709.90	1277.67	702.74	3.7079	3.7397
1366857466323	1258.49	720.45	1272.49	705.28	3.7162	3.7374
1366857474656	1264.38	741.19	1274.69	690.95	3.7587	3.7274
1366857482994	1247.55	722.60	1270.95	708.97	3.7240	3.7557
1366857491328	1257.56	728.59	1273.36	692.32	3.7441	3.7211
1366857499661	1260.12	717.98	1269.19	679.73	3.7273	3.7368
1366857507995	1262.37	713.02	1267.35	693.36	3.7070	3.7486
1366857516328	1263.09	731.58	1270.76	693.81	3.7408	3.7386
1366857524660	1254.06	717.23	1280.69	702.95	3.7191	3.7427
1366857532993	1257.57	729.61	1274.01	698.99	3.7420	3.7608
1366857541327	1251.73	736.08	1286.65	697.72	3.7490	3.7537
1366857549660	1254.26	728.55	1270.62	702.16	3.7520	3.7564
1366857557994	1260.08	724.70	1263.52	707.76	3.7352	3.7521
1366857566327	1258.85	716.12	1267.16	709.16	3.7314	3.7721
1366857574660	1264.95	742.03	1267.04	712.39	3.7698	3.7929
1366857582993	1258.38	724.28	1271.31	692.10	3.7411	3.7585
1366857591327	1257.47	719.76	1276.79	689.20	3.7259	3.7483
1366857599659	1263.77	722.21	1278.58	684.55	3.7353	3.7274
1366857607995	1255.02	730.90	1280.09	676.91	3.7587	3.7243
1366857616329	1261.48	722.42	1270.23	689.03	3.7387	3.7320
1366857624662	1264.99	750.92	1266.19	682.71	3.7666	3.7543
1366857632996	1242.00	733.78	1265.63	703.82	3.7457	3.7793
1366857641329	1255.00	723.35	1261.37	712.29	3.7521	3.7816
1366857649662	1263.66	719.10	1256.31	703.87	3.7376	3.7657
1366857657995	1258.33	743.64	1260.03	703.37	3.7369	3.7866
1366857666329	1258.33	741.19	1268.02	713.04	3.7684	3.7703
1366857674661	1245.84	711.55	1266.59	709.92	3.7494	3.7746
1366857682995	1254.08	686.09	1271.73	659.04	3.7650	3.7592
1366857691328	1258.29	678.28	1275.07	661.69	3.7641	3.7798
1366857699661	1256.71	674.08	1275.91	657.56	3.7616	3.8012
1366857707994	1258.62	676.64	1281.22	663.63	3.7453	3.7799
1366857716328	1262.09	688.43	1276.54	666.83	3.7658	3.7650
1366857724661	1253.72	687.90	1274.48	665.32	3.7546	3.7684
1366857732994	1264.27	680.44	1275.56	654.72	3.7317	3.7705
1366857741335	1247.86	679.81	1276.75	669.01	3.7211	3.7764
1366857749667	1253.12	669.60	1273.33	657.17	3.7134	3.7178
1366857758002	1264.43	685.41	1268.89	654.60	3.7071	3.7388
1366857766335	1258.09	680.49	1277.05	656.35	3.6933	3.7420
1366857774668	1250.70	681.05	1267.58	654.55	3.6789	3.7432
1366857783001	1252.25	680.57	1267.21	660.86	3.7144	3.7422
1366857791334	1256.21	675.70	1260.12	653.54	3.6822	3.7265
1366857799668	1255.71	679.49	1258.26	654.20	3.6770	3.7348
1366857808002	1260.89	678.90	1263.10	651.51	3.6940	3.7052
1366857816334	1261.69	682.15	1263.54	640.88	3.6803	3.6639
1366857824667	1253.87	674.07	1265.14	653.24	3.6552	3.6674
1366857833000	1255.53	665.12	1258.28	662.93	3.6467	3.6860
1366857841334	1255.55	666.20	1261.06	658.59	3.6375	3.6461
1366857849667	1254.74	669.52	1264.01	657.94	3.6238	3.6461
1366857858000	1250.27	666.03	1259.78	646.20	3.6183	3.6161
1366857866333	1228.95	702.33	1233.25	650.96	3.6427	3.6155
1366857874671	1188.21	689.87	1180.64	678.76	3.6035	3.6440
1366857883005	1189.32	695.37	1194.19	664.36	3.5668	3.6221
1366857891338	1187.38	690.12	1195.48	674.86	3.5945	3.6230
1366857899671	1182.18	675.67	1187.04	672.06	3.5576	3.5846
1366857908003	1191.70	697.67	1192.42	674.24	3.5644	3.6140
1366857916336	1192.86	688.81	1196.15	649.47	3.5588	3.5764
1366857924670	1190.27	695.78	1198.60	655.76	3.5666	3.5811
1366857933004	1190.11	684.67	1202.52	661.38	3.5600	3.5866
1366857941336	1194.58	687.17	1198.97	672.68	3.5284	3.5901
1366857949670	1200.48	691.27	1201.99	671.89	3.5519	3.5721
1366857958003	1209.73	707.23	1200.62	693.53	3.5379	3.5897
1366857966337	1211.43	694.48	1196.12	674.30	3.5104	3.5108
1366857974670	1214.40	674.36	1186.11	635.62	3.5279	3.5226
1366857983002	NaN	NaN	1206.52	887.60	NaN	3.4512
1366857991335	NaN	NaN	NaN	NaN	NaN	NaN
1366857999669	NaN	NaN	NaN	NaN	NaN	NaN
1366858008006	NaN	NaN	NaN	NaN	NaN	NaN
1366858016340	NaN	NaN	NaN	NaN	NaN	NaN
1366858024673	NaN	NaN	NaN	NaN	NaN	NaN
1366858033006	NaN	NaN	NaN	NaN	NaN	NaN
1366858041340	NaN	NaN	NaN	NaN	NaN	NaN
1366858049673	NaN	NaN	NaN	NaN	NaN	NaN
1366858058005	NaN	NaN	NaN	NaN	NaN	NaN
1366858066339	NaN	NaN	NaN	NaN	NaN	NaN
1366858074672	NaN	NaN	NaN	NaN	NaN	NaN
1366858083005	NaN	NaN	NaN	NaN	NaN	NaN
1366858091339	NaN	NaN	NaN	NaN	NaN	NaN
1366858099672	NaN	NaN	NaN	NaN	NaN	NaN
1366858108005	NaN	NaN	NaN	NaN	NaN	NaN
1366858116339	NaN	NaN	NaN	NaN	NaN	NaN
1366858124672	NaN	NaN	NaN	NaN	NaN	NaN
1366858133007	NaN	NaN	NaN	NaN	NaN	NaN
1366858141340	NaN	NaN	NaN	NaN	NaN	NaN
1366858149674	NaN	NaN	NaN	NaN	NaN	NaN
1366858158007	1337.72	1328.61	NaN	NaN	1.4104	NaN
1366858166341	NaN	NaN	NaN	NaN	NaN	NaN
1366858174674	NaN	NaN	1228.32	783.70	NaN	3.4966
1366858183007	NaN	NaN	1238.68	681.42	NaN	3.5428
1366858191340	NaN	NaN	1239.37	741.67	NaN	3.5021
1366858199674	NaN	NaN	1244.23	737.48	NaN	3.5209
1366858208006	1232.81	812.18	1243.51	704.41	3.3912	3.5604
1366858216339	1232.45	774.61	1251.16	677.12	3.4704	3.5487
1366858224672	1225.11	856.36	1235.87	646.74	3.4830	3.5649
1366858233006	1229.48	812.43	1222.60	664.65	3.4507	3.5726
1366858241339	1219.34	767.17	1232.16	682.78	3.5318	3.5510
1366858249673	1228.25	778.06	1239.72	706.16	3.5524	3.5551
1366858258006	NaN	NaN	1239.81	729.02	NaN	3.5836
1366858266347	1222.10	717.57	1235.72	748.09	3.5995	3.5709
1366858274679	1229.47	681.23	1236.04	745.72	3.6023	3.5716
1366858283013	1223.28	681.62	1228.24	757.45	3.6223	3.5856
1366858291345	1219.59	678.53	1233.73	762.68	3.6192	3.5765
1366858299678	1214.71	656.50	1243.90	742.31	3.6067	3.5797
1366858308012	1216.63	656.73	1244.02	745.44	3.6436	3.5821
1366858316346	1225.59	661.46	1241.90	754.11	3.6590	3.6110
1366858324678	1223.13	651.67	1241.42	752.95	3.6290	3.5888
1366858333012	1229.53	655.06	1240.11	737.66	3.6626	3.5923
1366858341346	1230.30	666.58	1239.30	740.41	3.6526	3.6297
1366858349679	1216.90	667.97	1236.74	743.55	3.6352	3.6311
1366858358012	1223.12	650.90	1236.50	735.69	3.6030	3.6112
1366858366345	1230.81	680.10	1235.87	745.62	3.6485	3.6293
1366858374678	1229.50	675.90	1240.91	743.24	3.6712	3.6175
1366858383011	1274.27	695.15	1278.02	750.68	3.6840	3.6390
1366858391344	1292.17	728.53	1308.97	766.91	3.6984	3.6136
1366858399681	1284.93	720.55	1311.56	745.29	3.6670	3.6124
1366858408015	1280.12	724.82	1310.19	762.62	3.6479	3.6111
1366858416348	1286.20	756.03	1305.63	753.67	3.6901	3.6271
1366858424682	1288.38	765.03	1312.73	755.48	3.6949	3.6201
1366858433015	1287.10	762.95	1304.29	768.74	3.6926	3.6577
1366858441348	1285.38	760.74	1309.91	749.40	3.7072	3.6208
1366858449680	1285.65	781.78	1311.17	746.46	3.7235	3.6264
1366858458014	1291.52	763.44	1308.15	759.00	3.6950	3.6651
1366858466347	1291.46	764.17	1310.11	756.49	3.6834	3.6510
1366858474680	1297.53	765.48	1310.94	748.38	3.7027	3.6498
1366858483014	1300.51	779.70	1307.04	752.23	3.7402	3.6455
1366858491347	1300.07	772.53	1308.65	756.35	3.7068	3.6254
1366858499681	1303.15	768.65	1309.52	755.69	3.7182	3.6536
1366858508014	1300.84	772.78	1317.12	752.34	3.7311	3.6162
1366858516346	1300.10	759.62	1316.97	758.46	3.7028	3.6426
1366858524680	1292.50	750.15	1308.01	757.37	3.6913	3.6506
1366858533017	1298.44	761.86	1306.46	747.03	3.6854	3.6098
1366858541350	1296.05	774.10	1301.34	735.00	3.7022	3.6077
1366858549684	1290.68	769.70	1307.42	744.79	3.7037	3.6426
1366858558017	1292.78	751.87	1309.51	762.19	3.6609	3.6705
1366858566350	1288.69	762.48	1311.03	756.42	3.6966	3.6365
1366858574684	1282.63	752.26	1309.74	757.96	3.6632	3.6416
1366858583017	1290.09	760.26	1308.70	753.76	3.6773	3.6290
1366858591349	1295.46	756.41	1307.47	746.93	3.6685	3.6306
1366858599682	1293.03	768.76	1296.09	743.68	3.6605	3.6323
1366858608016	1297.64	759.77	1301.09	740.04	3.6533	3.5883
1366858616349	1297.94	760.38	1310.38	759.93	3.6551	3.6028
1366858624683	1307.58	776.06	1316.30	756.86	3.6891	3.6068
1366858633016	1294.62	773.48	1308.06	762.07	3.6646	3.6075
1366858641349	1298.26	769.34	1313.10	741.44	3.6567	3.5932
1366858649683	1306.00	781.69	1315.76	734.57	3.6899	3.5698
1366858658020	1301.16	765.59	1321.86	744.16	3.6663	3.5923
1366858666353	1309.80	762.58	1319.99	760.61	3.6462	3.5989
1366858674685	1315.91	757.59	1324.40	757.95	3.6112	3.5961
1366858683019	1305.95	759.16	1323.52	756.46	3.6091	3.5685
1366858691352	1307.94	763.39	1317.59	758.02	3.6234	3.5758
1366858699686	1312.33	752.86	1318.34	758.20	3.6063	3.5650
1366858708018	1309.81	759.80	1319.37	754.30	3.5895	3.5699
1366858716352	1307.82	759.11	1322.82	759.80	3.6036	3.5761
1366858724686	1311.84	760.99	1318.30	748.14	3.6106	3.5536
1366858733019	1308.25	750.85	1315.69	747.08	3.6010	3.5431
1366858741352	1317.53	752.86	1320.61	745.83	3.5790	3.5432
1366858749685	1306.93	747.97	1318.80	750.11	3.5817	3.5360
1366858758018	1318.38	777.37	1316.97	758.21	3.6157	3.5378
1366858766351	1313.91	765.95	1316.42	756.81	3.6015	3.5350
1366858774685	1307.72	748.69	1319.71	750.62	3.5485	3.5185
1366858783018	1320.48	764.70	1316.71	764.21	3.5719	3.5309
1366858791357	1315.50	760.01	1315.33	749.10	3.5841	3.5109
1366858799690	1315.18	758.35	1314.50	760.08	3.5808	3.5116
1366858808023	1313.91	761.78	1321.50	761.89	3.5678	3.5073
1366858816357	1312.89	761.12	1320.74	766.43	3.5527	3.5127
1366858824689	1313.32	762.63	1324.06	762.05	3.5764	3.5215
1366858833022	1310.22	757.10	1318.50	773.24	3.5673	3.5269
1366858841356	1313.22	738.07	1319.70	771.85	3.5441	3.5164
1366858849689	1315.36	760.90	1312.01	765.13	3.5844	3.5218
1366858858023	1313.51	739.80	1323.05	758.79	3.5453	3.4953
1366858866356	1311.76	747.46	1322.60	756.94	3.5359	3.4979
1366858874689	1311.52	763.33	1318.73	754.17	3.5733	3.4845
1366858883022	1313.01	757.30	1315.74	753.91	3.5353	3.4744
1366858891356	1314.82	768.10	1318.76	756.48	3.5552	3.5047
1366858899688	1313.33	763.89	1318.95	729.98	3.5529	3.4802
1366858908022	1317.89	782.82	1312.16	741.69	3.5864	3.5052
1366858916355	1313.92	784.18	1314.93	739.93	3.5810	3.5079
1366858924693	1300.72	757.20	1326.83	737.69	3.5476	3.5211
1366858933026	1310.29	765.37	1321.90	742.12	3.5779	3.5043
1366858941360	1310.72	757.03	1322.99	739.24	3.5491	3.4949
1366858949694	1305.40	759.97	1330.77	736.17	3.5454	3.4898
1366858958026	1314.01	767.53	1323.90	730.58	3.5674	3.4735
1366858966360	1311.56	764.30	1317.95	740.48	3.5517	3.5096
1366858974693	1314.15	762.49	1326.51	718.76	3.5505	3.4450
1366858983025	1314.34	749.38	1313.77	736.85	3.5342	3.4825
1366858991359	1317.84	760.65	1317.88	736.11	3.5421	3.4614
1366858999693	1313.54	763.07	1313.27	738.24	3.5574	3.4731
1366859008025	1317.70	759.73	1310.06	734.13	3.5295	3.4747
1366859016359	1320.92	758.78	1314.08	741.28	3.5434	3.4833
1366859024692	1322.57	767.94	1313.04	739.48	3.5636	3.4708
1366859033025	1315.95	747.65	1309.59	746.29	3.5121	3.4761
1366859041359	1309.42	756.05	1313.31	738.77	3.5255	3.4812
1366859049697	1312.69	756.61	1308.31	716.65	3.5419	3.4330
1366859058030	1310.96	752.99	1318.69	715.86	3.5356	3.4254
1366859066363	1315.85	760.71	1316.72	736.37	3.5476	3.4682
1366859074696	1314.29	745.94	1312.17	735.90	3.5054	3.4776
1366859083029	1317.19	763.32	1315.19	727.85	3.5530	3.4619
1366859091363	1310.58	737.94	1321.07	739.15	3.4994	3.4786
1366859099696	1311.65	746.14	1316.17	734.03	3.5245	3.4662
1366859108029	1306.95	762.30	1319.46	746.55	3.5368	3.4510
1366859116363	1313.65	759.30	1317.55	744.51	3.5366	3.4505
1366859124696	1314.78	749.97	1315.45	739.83	3.5210	3.4742
1366859133029	1322.20	766.07	1311.30	735.94	3.5498	3.4634
1366859141362	1312.07	763.41	1312.64	746.40	3.5419	3.4700
1366859149695	1313.49	753.66	1315.42	747.43	3.5248	3.4685
1366859158029	1320.20	750.03	1327.94	732.15	3.5352	3.4502
1366859166362	1313.85	740.56	1310.78	741.78	3.5072	3.4661
1366859174695	1316.69	736.32	1319.78	725.18	3.4749	3.4440
1366859183034	1322.43	765.45	1325.04	719.25	3.5483	3.4484
1366859191368	1315.75	758.73	1322.62	745.17	3.5448	3.4688
1366859199701	1321.80	755.92	1325.23	737.51	3.5405	3.4517
1366859208033	1318.36	757.86	1319.02	735.25	3.5280	3.4603
1366859216367	1301.14	739.23	1305.41	729.28	3.5143	3.4519
1366859224700	1246.35	732.35	1249.13	699.99	3.5760	3.4735
1366859233033	1213.34	721.89	1233.09	671.47	3.5548	3.4933
1366859241367	1220.12	714.08	1209.92	658.97	3.5452	3.4685
1366859249700	1208.26	700.84	1218.45	662.07	3.5239	3.4820
1366859258033	1220.05	712.25	1212.82	679.66	3.5348	3.4989
1366859266367	1219.30	706.07	1210.18	674.14	3.5442	3.4816
1366859274700	1226.60	702.31	1212.30	681.76	3.5419	3.4893
1366859283032	1215.73	698.31	1212.29	675.70	3.5345	3.4817
1366859291366	1219.10	698.88	1210.09	672.85	3.5299	3.5088
1366859299699	1222.52	706.18	1217.99	675.26	3.5308	3.5178
1366859308032	1215.67	700.56	1214.21	678.81	3.5276	3.5199
1366859316369	1213.44	688.36	1214.30	665.63	3.5267	3.5055
1366859324702	1210.08	704.33	1219.24	680.63	3.5557	3.5337
1366859333036	1207.10	693.86	1216.50	677.53	3.5418	3.5256
1366859341369	1200.87	689.53	1228.57	669.31	3.5370	3.5197
1366859349702	1212.10	695.53	1222.25	664.61	3.5526	3.5218
1366859358034	1215.93	705.15	1210.50	661.85	3.5560	3.5373
1366859366368	1220.42	697.96	1210.61	649.16	3.5396	3.5092
1366859374701	1214.67	702.88	1214.44	669.26	3.5422	3.5332
1366859383034	1216.56	702.27	1211.57	675.89	3.5679	3.5321
1366859391368	1219.99	709.83	1204.96	682.53	3.5608	3.5567
1366859399701	1216.82	705.47	1209.07	674.71	3.5535	3.5549
1366859408034	1218.99	712.09	1212.05	663.16	3.5671	3.5333
1366859416368	1211.79	710.71	1209.42	679.52	3.5634	3.5572
1366859424701	1219.68	710.79	1205.46	681.23	3.5545	3.5675
1366859433034	1207.96	705.62	1204.71	665.11	3.5604	3.5632
1366859441366	1203.33	697.87	1209.56	669.07	3.5573	3.5409
1366859449705	1209.43	710.61	1215.37	673.30	3.5784	3.5593
1366859458039	1203.85	694.02	1213.54	669.11	3.5590	3.5485
1366859466371	1216.30	714.84	1204.22	666.42	3.6006	3.5727
1366859474705	1215.89	718.66	1203.29	662.71	3.5923	3.5558
1366859483038	1210.24	704.04	1208.19	675.52	3.5768	3.5751
1366859491371	1202.40	706.95	1209.38	684.83	3.5956	3.5696
1366859499705	1209.81	697.98	1215.70	685.77	3.5785	3.5583
1366859508039	1235.66	706.85	1239.21	685.74	3.5765	3.5751
1366859516370	1294.69	720.99	1303.62	699.12	3.5763	3.5717
1366859524704	1309.11	732.12	1328.68	706.05	3.5553	3.5679
1366859533037	1307.36	762.47	1328.17	719.39	3.6064	3.5771
1366859541371	1299.26	742.99	1314.59	720.55	3.5868	3.5730
1366859549704	1302.50	748.49	1309.58	706.26	3.5851	3.5525
1366859558037	1301.73	741.33	1312.57	718.40	3.5636	3.5850
1366859566370	1308.00	737.95	1314.38	707.30	3.5814	3.5530
1366859574709	1308.67	740.84	1313.94	705.96	3.5705	3.5578
1366859583042	1304.91	737.73	1319.63	696.13	3.5909	3.5288
1366859591375	1312.04	751.43	1311.04	717.63	3.6072	3.5641
1366859599708	1309.46	744.12	1310.09	714.85	3.6019	3.5612
1366859608041	1307.02	733.80	1316.87	714.06	3.5676	3.5798
1366859616374	1312.98	747.15	1309.74	709.51	3.6028	3.5544
1366859624708	1309.28	734.88	1316.16	696.87	3.5905	3.5052
1366859633041	1310.83	735.90	1313.92	714.34	3.5823	3.5623
1366859641374	1306.60	731.85	1322.83	716.85	3.5823	3.5648
1366859649708	1309.07	737.23	1317.68	729.12	3.5802	3.5842
1366859658041	1308.87	733.14	1320.80	723.15	3.5918	3.5504
1366859666374	1312.70	746.64	1319.21	732.57	3.6228	3.5781
1366859674707	1313.67	739.46	1308.05	730.82	3.6083	3.5879
1366859683040	1322.92	739.62	1313.99	719.53	3.5972	3.5739
1366859691373	1319.25	737.75	1306.87	710.28	3.6084	3.5617
1366859699707	1316.36	734.98	1299.83	723.45	3.5822	3.6057
1366859708043	1307.64	754.56	1306.34	711.78	3.6225	3.5894
1366859716377	1313.95	751.26	1306.87	721.00	3.6135	3.5814
1366859724710	1312.52	737.74	1305.77	734.91	3.5932	3.5892
1366859733043	1304.22	750.79	1302.46	746.67	3.6117	3.6084
1366859741376	1302.06	719.95	1310.14	726.73	3.5841	3.5760
1366859749709	1301.82	732.11	1315.93	722.50	3.6152	3.5809
1366859758042	1305.98	741.32	1317.52	709.67	3.6045	3.5978
1366859766375	1306.93	749.13	1325.49	710.55	3.6032	3.6015
1366859774709	1302.36	736.07	1319.63	720.71	3.5881	3.6140
1366859783042	1304.04	746.42	1326.27	711.40	3.6125	3.5914
1366859791376	1307.45	744.90	1320.74	720.94	3.6459	3.6061
1366859799709	1302.81	734.81	1307.67	721.80	3.6098	3.6182
1366859808042	1311.57	743.73	1303.67	714.65	3.6370	3.6139
1366859816376	1302.19	725.20	1307.75	717.18	3.5949	3.6190
1366859824708	1304.73	749.23	1308.93	713.74	3.6471	3.6101
1366859833041	1296.22	739.15	1300.88	723.54	3.6365	3.6376
1366859841381	1300.08	733.27	1306.50	713.66	3.6253	3.6133
1366859849713	1298.28	736.25	1306.00	715.33	3.6360	3.6164
1366859858047	1294.69	736.62	1304.73	720.05	3.6532	3.6481
1366859866381	1305.60	741.87	1308.88	721.29	3.6444	3.6453
1366859874714	1293.05	735.09	1311.07	714.14	3.6362	3.6284
1366859883047	1299.70	745.96	1309.64	722.04	3.6525	3.6415
1366859891380	1302.04	734.13	1309.50	735.25	3.6495	3.6360
1366859899713	1303.77	749.02	1308.34	731.22	3.6664	3.6461
1366859908046	1303.37	740.97	1309.70	730.44	3.6441	3.6615
1366859916380	1307.73	747.48	1304.91	718.98	3.6495	3.6325
1366859924713	1309.97	756.74	1311.57	730.90	3.6721	3.6481
1366859933046	1308.03	734.50	1310.92	731.68	3.6399	3.6437
1366859941380	1304.30	738.90	1308.86	724.10	3.6334	3.6459
1366859949713	1304.91	727.96	1306.30	733.69	3.6458	3.6567
1366859958046	1308.84	748.99	1309.61	733.93	3.6751	3.6725
1366859966380	1307.80	734.73	1316.27	740.64	3.6459	3.6610
1366859974716	1309.69	740.61	1320.88	715.96	3.6629	3.6342
1366859983050	1299.60	731.29	1318.70	739.34	3.6358	3.6678
1366859991384	1294.15	740.68	1322.24	737.78	3.6518	3.6465
1366859999717	1295.11	733.03	1325.09	729.01	3.6377	3.6568
1366860008050	1302.26	751.17	1321.87	736.86	3.6772	3.6532
1366860016383	1294.86	734.35	1317.96	735.36	3.6447	3.6374
1366860024717	1304.49	729.86	1316.98	719.36	3.6415	3.6388
1366860033050	1304.22	735.83	1316.09	736.48	3.6459	3.6399
1366860041383	1308.36	730.66	1308.78	730.03	3.6292	3.6519
1366860049716	1306.12	733.95	1322.05	718.62	3.6375	3.6481
1366860058049	1309.90	735.42	1323.45	725.05	3.6656	3.6499
1366860066383	1301.33	731.86	1306.81	726.62	3.6417	3.6602
1366860074716	1311.51	741.99	1314.78	710.10	3.6531	3.6166
1366860083049	1303.74	742.05	1315.33	718.05	3.6554	3.6370
1366860091383	1308.18	751.05	1309.66	720.90	3.6765	3.6370
1366860099719	1304.99	752.95	1312.48	728.73	3.6760	3.6350
1366860108053	1296.18	739.65	1315.11	726.28	3.6670	3.6221
1366860116386	1299.63	756.51	1304.26	725.51	3.6781	3.6178
1366860124719	1300.92	745.45	1311.50	721.27	3.6618	3.6187
1366860133052	1284.12	715.67	1298.83	689.09	3.6652	3.6124
1366860141385	1238.99	671.69	1270.58	655.24	3.6786	3.6156
1366860149719	1256.58	678.40	1266.62	645.61	3.6601	3.6140
1366860158052	1258.57	677.80	1284.49	596.73	3.6534	3.5447
1366860166385	1270.01	672.69	1265.26	624.54	3.6645	3.6134
1366860174719	1264.46	672.02	1268.58	629.55	3.6578	3.6113
1366860183052	1261.33	665.01	1272.89	608.68	3.6596	3.5652
1366860191385	1257.09	679.56	1270.38	655.32	3.6780	3.6051
1366860199719	1252.31	668.65	1268.96	653.63	3.6531	3.6051
1366860208051	1264.40	657.15	1276.86	646.98	3.6394	3.5991
1366860216384	1263.01	675.91	1273.39	650.69	3.6764	3.5974
1366860224717	1271.04	673.34	1270.48	648.94	3.6587	3.6092
1366860233056	1265.06	677.32	1267.66	618.53	3.6761	3.5436
1366860241389	1253.22	660.31	1265.11	647.80	3.6385	3.5966
1366860249722	1254.17	656.39	1269.32	633.48	3.6169	3.5730
1366860258056	1262.89	676.02	1255.16	646.42	3.6650	3.5953
1366860266389	1259.88	674.40	1261.27	641.46	3.6498	3.5775
1366860274722	1263.95	673.56	1261.94	646.21	3.6396	3.5878
1366860283055	1259.45	672.77	1264.03	656.06	3.6478	3.6159
1366860291388	1262.25	670.10	1264.10	633.17	3.6513	3.5590
1366860299722	1269.21	672.76	1266.50	630.53	3.6404	3.5632
1366860308055	1263.22	662.72	1266.41	614.00	3.6387	3.5502
1366860316388	1256.53	663.16	1264.18	587.76	3.6449	3.5126
1366860324722	1252.77	660.29	1265.26	633.14	3.6259	3.5988
1366860333055	1264.48	665.02	1258.81	631.48	3.6231	3.5776
1366860341388	1266.20	683.89	1256.72	632.81	3.6510	3.5694
1366860349722	1272.03	664.78	1265.52	632.22	3.5976	3.5580
1366860358054	1257.99	661.35	1271.22	624.20	3.6073	3.5571
1366860366392	1253.80	659.55	1265.30	624.74	3.5895	3.5615
1366860374726	1260.82	685.06	1279.38	604.14	3.6326	3.5182
1366860383059	1258.38	683.03	1269.25	621.68	3.6390	3.5712
