t	gaze_point_LX	gaze_point_LY	gaze_point_RX	gaze_point_RY	pupil_diameter_L	pupil_diameter_R
1380673525180	1648.36	629.93	1626.38	637.74	3.1014	3.1258
1380673533513	1571.05	643.83	1571.99	657.65	3.0806	3.1131
1380673541846	1476.53	667.88	1500.52	679.58	3.0833	3.1159
1380673550184	1416.82	669.42	1435.55	687.18	3.0446	3.1270
1380673558516	1382.80	663.52	1404.38	687.70	3.0474	3.1287
1380673566849	1393.48	664.17	1403.87	697.16	3.0668	3.1492
1380673575183	1395.33	661.44	1407.45	693.80	3.0589	3.1572
1380673583516	1386.94	673.72	1396.63	693.05	3.0510	3.1539
1380673591849	1382.57	662.94	1392.88	693.47	3.0487	3.1641
1380673600182	1387.03	672.49	1390.42	696.25	3.0846	3.1355
1380673608516	1388.91	670.34	1396.34	696.99	3.0759	3.1564
1380673616849	1391.28	671.58	1394.52	701.82	3.0722	3.1504
1380673625183	1378.57	670.02	1389.05	694.54	3.0606	3.1354
1380673633515	1380.62	672.03	1393.74	688.45	3.0814	3.1371
1380673641848	1382.21	674.16	1392.00	698.24	3.0804	3.1572
1380673650182	1390.63	671.68	1391.68	698.13	3.0615	3.1716
1380673658515	1392.06	671.91	1395.45	706.07	3.0889	3.1747
1380673666848	1385.55	688.02	1399.46	702.03	3.0546	3.1516
1380673675182	1377.76	707.44	1390.44	702.25	3.0318	3.1387
1380673683520	1361.82	696.03	1384.97	711.73	3.0793	3.1260
1380673691853	1345.42	880.80	1383.25	739.37	3.1377	3.0909
1380673700187	1354.66	1229.58	1349.26	1045.54	3.1830	3.0992
1380673708520	NaN	NaN	NaN	NaN	NaN	NaN
1380673716852	NaN	NaN	NaN	NaN	NaN	NaN
1380673725185	NaN	NaN	NaN	NaN	NaN	NaN
1380673733519	NaN	NaN	NaN	NaN	NaN	NaN
1380673741852	NaN	NaN	NaN	NaN	NaN	NaN
1380673750186	NaN	NaN	NaN	NaN	NaN	NaN
1380673758519	NaN	NaN	NaN	NaN	NaN	NaN
1380673766852	NaN	NaN	NaN	NaN	NaN	NaN
1380673775186	NaN	NaN	NaN	NaN	NaN	NaN
1380673783519	NaN	NaN	NaN	NaN	NaN	NaN
1380673791851	NaN	NaN	NaN	NaN	NaN	NaN
1380673800184	NaN	NaN	NaN	NaN	NaN	NaN
1380673808522	NaN	NaN	NaN	NaN	NaN	NaN
1380673816856	NaN	NaN	NaN	NaN	NaN	NaN
1380673825190	NaN	NaN	NaN	NaN	NaN	NaN
1380673833523	NaN	NaN	NaN	NaN	NaN	NaN
1380673841856	NaN	NaN	NaN	NaN	NaN	NaN
1380673850190	NaN	NaN	NaN	NaN	NaN	NaN
1380673858522	NaN	NaN	NaN	NaN	NaN	NaN
1380673866855	NaN	NaN	NaN	NaN	NaN	NaN
1380673875188	NaN	NaN	NaN	NaN	NaN	NaN
1380673883521	NaN	NaN	NaN	NaN	NaN	NaN
1380673891855	NaN	NaN	NaN	NaN	NaN	NaN
1380673900189	NaN	NaN	NaN	NaN	NaN	NaN
1380673908522	NaN	NaN	NaN	NaN	NaN	NaN
1380673916855	NaN	NaN	NaN	NaN	NaN	NaN
1380673925188	NaN	NaN	NaN	NaN	NaN	NaN
1380673933522	NaN	NaN	NaN	NaN	NaN	NaN
1380673941858	NaN	NaN	NaN	NaN	NaN	NaN
1380673950190	NaN	NaN	NaN	NaN	NaN	NaN
1380673958523	NaN	NaN	NaN	NaN	NaN	NaN
1380673966857	NaN	NaN	NaN	NaN	NaN	NaN
1380673975190	NaN	NaN	NaN	NaN	NaN	NaN
1380673983524	NaN	NaN	NaN	NaN	NaN	NaN
1380673991857	NaN	NaN	NaN	NaN	NaN	NaN
1380674000191	NaN	NaN	NaN	NaN	NaN	NaN
1380674008524	NaN	NaN	NaN	NaN	NaN	NaN
1380674016858	NaN	NaN	NaN	NaN	NaN	NaN
1380674025190	NaN	NaN	NaN	NaN	NaN	NaN
1380674033523	NaN	NaN	NaN	NaN	NaN	NaN
1380674041857	NaN	NaN	NaN	NaN	NaN	NaN
1380674050190	NaN	NaN	NaN	NaN	NaN	NaN
1380674058524	NaN	NaN	NaN	NaN	NaN	NaN
1380674066857	NaN	NaN	NaN	NaN	NaN	NaN
1380674075196	NaN	NaN	NaN	NaN	NaN	NaN
1380674083530	NaN	NaN	NaN	NaN	NaN	NaN
1380674091863	NaN	NaN	NaN	NaN	NaN	NaN
1380674100195	NaN	NaN	NaN	NaN	NaN	NaN
1380674108528	NaN	NaN	NaN	NaN	NaN	NaN
1380674116862	NaN	NaN	NaN	NaN	NaN	NaN
1380674125195	NaN	NaN	NaN	NaN	NaN	NaN
1380674133528	NaN	NaN	NaN	NaN	NaN	NaN
1380674141862	NaN	NaN	NaN	NaN	NaN	NaN
1380674150195	NaN	NaN	NaN	NaN	NaN	NaN
1380674158529	NaN	NaN	NaN	NaN	NaN	NaN
1380674166862	NaN	NaN	NaN	NaN	NaN	NaN
1380674175195	NaN	NaN	NaN	NaN	NaN	NaN
1380674183527	1286.59	1133.84	1334.41	1047.78	3.1695	3.0849
1380674191860	1258.58	899.67	1340.94	792.28	3.2275	3.0883
1380674200199	1252.87	735.59	1337.51	704.81	3.1727	3.2456
1380674208532	1248.20	698.96	1344.58	669.28	3.2477	3.2526
1380674216866	1252.76	718.93	1346.00	720.59	3.2511	3.1882
1380674225199	1256.87	722.98	1337.73	727.27	3.2349	3.1923
1380674233533	1262.00	708.84	1333.45	721.74	3.2148	3.1912
1380674241866	1267.92	711.41	1328.82	735.45	3.2133	3.2008
1380674250199	1264.32	715.01	1324.25	722.03	3.2242	3.1930
1380674258532	NaN	NaN	1325.01	788.10	NaN	3.1413
1380674266865	NaN	NaN	NaN	NaN	NaN	NaN
1380674275198	NaN	NaN	NaN	NaN	NaN	NaN
1380674283530	NaN	NaN	NaN	NaN	NaN	NaN
1380674291863	NaN	NaN	NaN	NaN	NaN	NaN
1380674300196	NaN	NaN	NaN	NaN	NaN	NaN
1380674308529	NaN	NaN	NaN	NaN	NaN	NaN
1380674316862	NaN	NaN	NaN	NaN	NaN	NaN
1380674325196	NaN	NaN	NaN	NaN	NaN	NaN
1380674333533	NaN	NaN	NaN	NaN	NaN	NaN
1380674341866	NaN	NaN	NaN	NaN	NaN	NaN
1380674350200	NaN	NaN	NaN	NaN	NaN	NaN
1380674358534	NaN	NaN	NaN	NaN	NaN	NaN
1380674366867	NaN	NaN	NaN	NaN	NaN	NaN
1380674375200	NaN	NaN	NaN	NaN	NaN	NaN
1380674383534	NaN	NaN	NaN	NaN	NaN	NaN
1380674391866	NaN	NaN	NaN	NaN	NaN	NaN
1380674400200	NaN	NaN	NaN	NaN	NaN	NaN
1380674408533	NaN	NaN	1318.81	992.90	NaN	3.0915
1380674416865	1283.99	966.00	1313.50	756.73	3.1963	3.2129
1380674425199	1261.48	747.86	1321.81	664.34	3.1603	3.3082
1380674433533	1261.94	697.52	1313.96	717.41	3.2535	3.2405
1380674441868	1271.90	688.45	1312.29	717.72	3.2250	3.2363
1380674450201	1269.15	694.25	1307.68	712.71	3.2187	3.2192
1380674458535	1272.81	695.35	1310.70	711.55	3.2166	3.1781
1380674466872	1272.11	683.80	1314.46	717.07	3.2018	3.1940
1380674475205	1273.25	677.31	1312.36	701.63	3.1763	3.1745
1380674483539	1274.02	671.92	1308.76	698.17	3.1599	3.1434
1380674491871	1271.76	676.34	1306.04	698.97	3.1579	3.1567
1380674500204	1271.17	678.89	1309.72	698.61	3.1451	3.1246
1380674508538	1274.84	682.07	1314.12	710.15	3.1590	3.1360
1380674516871	1276.07	672.80	1303.17	696.84	3.1384	3.1227
1380674525204	1285.24	676.65	1302.89	705.29	3.1239	3.1027
1380674533538	1283.42	678.77	1301.63	703.14	3.0878	3.0851
1380674541871	1287.41	700.12	1300.30	706.53	3.1251	3.0683
1380674550204	1279.96	703.27	1298.41	721.83	3.1013	3.0956
1380674558537	1278.82	699.49	1296.94	713.86	3.0502	3.0440
1380674566870	1271.04	763.57	1291.12	719.41	3.0212	3.0204
1380674575203	NaN	NaN	1267.92	1132.70	NaN	2.7445
1380674583536	NaN	NaN	NaN	NaN	NaN	NaN
1380674591870	NaN	NaN	NaN	NaN	NaN	NaN
1380674600208	NaN	NaN	NaN	NaN	NaN	NaN
1380674608541	NaN	NaN	NaN	NaN	NaN	NaN
1380674616874	NaN	NaN	NaN	NaN	NaN	NaN
1380674625208	NaN	NaN	NaN	NaN	NaN	NaN
1380674633541	NaN	NaN	NaN	NaN	NaN	NaN
1380674641875	NaN	NaN	NaN	NaN	NaN	NaN
1380674650207	NaN	NaN	NaN	NaN	NaN	NaN
1380674658540	NaN	NaN	NaN	NaN	NaN	NaN
1380674666873	NaN	NaN	NaN	NaN	NaN	NaN
1380674675207	NaN	NaN	NaN	NaN	NaN	NaN
1380674683540	NaN	NaN	1273.64	1277.88	NaN	1.3319
1380674691874	NaN	NaN	NaN	NaN	NaN	NaN
1380674700207	NaN	NaN	1298.56	1102.91	NaN	2.8818
1380674708540	1311.28	1166.19	1319.15	819.99	2.8447	2.8754
1380674716874	1303.63	972.95	1311.22	721.19	2.9315	3.0269
1380674725217	1278.02	796.62	1309.04	668.60	2.9058	3.0843
1380674733548	1269.64	728.45	1315.42	747.00	2.9865	2.9993
1380674741884	1276.80	695.39	1315.67	742.03	3.0468	2.9836
1380674750217	1273.31	695.11	1320.50	740.89	3.0120	2.9885
1380674758550	1274.77	700.57	1303.49	752.71	2.9732	2.9758
1380674766884	1280.85	718.47	1321.91	757.42	2.9949	2.9707
1380674775217	1271.40	723.94	1314.17	763.85	2.9911	2.9739
1380674783550	1282.24	712.77	1325.71	764.46	2.9939	2.9704
1380674791884	1289.17	734.13	1328.15	772.67	2.9743	2.9741
1380674800215	1300.12	924.74	1333.45	726.86	2.9539	3.0121
1380674808549	NaN	NaN	1329.98	847.58	NaN	2.9041
1380674816882	NaN	NaN	NaN	NaN	NaN	NaN
1380674825216	NaN	NaN	NaN	NaN	NaN	NaN
1380674833549	NaN	NaN	NaN	NaN	NaN	NaN
1380674841882	NaN	NaN	NaN	NaN	NaN	NaN
1380674850216	NaN	NaN	NaN	NaN	NaN	NaN
1380674858548	NaN	NaN	NaN	NaN	NaN	NaN
1380674866882	NaN	NaN	NaN	NaN	NaN	NaN
1380674875214	NaN	NaN	NaN	NaN	NaN	NaN
1380674883547	NaN	NaN	NaN	NaN	NaN	NaN
1380674891880	NaN	NaN	NaN	NaN	NaN	NaN
1380674900214	NaN	NaN	NaN	NaN	NaN	NaN
1380674908547	NaN	NaN	NaN	NaN	NaN	NaN
1380674916880	NaN	NaN	NaN	NaN	NaN	NaN
1380674925213	NaN	NaN	NaN	NaN	NaN	NaN
1380674933547	NaN	NaN	NaN	NaN	NaN	NaN
1380674941880	NaN	NaN	NaN	NaN	NaN	NaN
1380674950214	NaN	NaN	NaN	NaN	NaN	NaN
1380674958546	NaN	NaN	NaN	NaN	NaN	NaN
1380674966879	NaN	NaN	NaN	NaN	NaN	NaN
1380674975212	NaN	NaN	NaN	NaN	NaN	NaN
1380674983546	NaN	NaN	NaN	NaN	NaN	NaN
1380674991883	NaN	NaN	NaN	NaN	NaN	NaN
1380675000216	NaN	NaN	NaN	NaN	NaN	NaN
1380675008550	NaN	NaN	NaN	NaN	NaN	NaN
1380675016884	NaN	NaN	NaN	NaN	NaN	NaN
1380675025217	NaN	NaN	NaN	NaN	NaN	NaN
1380675033549	NaN	NaN	NaN	NaN	NaN	NaN
1380675041882	NaN	NaN	NaN	NaN	NaN	NaN
1380675050216	NaN	NaN	NaN	NaN	NaN	NaN
1380675058549	NaN	NaN	NaN	NaN	NaN	NaN
1380675066882	NaN	NaN	NaN	NaN	NaN	NaN
1380675075215	NaN	NaN	NaN	NaN	NaN	NaN
1380675083549	NaN	NaN	NaN	NaN	NaN	NaN
1380675091883	NaN	NaN	NaN	NaN	NaN	NaN
1380675100216	NaN	NaN	NaN	NaN	NaN	NaN
1380675108548	NaN	NaN	1456.75	1325.67	NaN	1.9699
1380675116881	NaN	NaN	1306.30	1171.09	NaN	2.9273
1380675125219	1127.47	1094.40	1291.10	821.86	2.9395	2.9062
1380675133552	1081.03	831.72	1269.56	699.76	2.9116	3.0315
1380675141885	1087.24	746.32	1273.82	726.75	2.9680	3.0494
1380675150216	1093.99	750.91	1281.22	745.62	2.9676	2.9977
1380675158552	1091.77	760.96	1279.20	735.04	2.9708	2.9929
1380675166885	1089.32	770.24	1271.23	735.22	2.9756	3.0013
1380675175219	1089.21	774.02	1260.13	739.77	2.9615	3.0038
1380675183552	1087.69	781.73	1260.96	736.51	2.9852	2.9934
1380675191884	1086.92	766.04	1272.01	728.14	2.9742	3.0154
1380675200218	1100.62	770.82	1258.21	741.93	2.9865	3.0327
1380675208550	1098.62	782.77	1249.59	756.46	2.9847	3.0199
1380675216884	1108.02	782.84	1243.90	762.08	2.9738	3.0167
1380675225217	1107.83	787.33	1253.34	759.40	3.0038	3.0015
1380675233551	1118.93	863.40	1262.87	769.12	2.9760	3.0193
1380675241884	NaN	NaN	1246.53	884.00	NaN	2.9720
1380675250221	NaN	NaN	NaN	NaN	NaN	NaN
1380675258555	NaN	NaN	NaN	NaN	NaN	NaN
1380675266885	NaN	NaN	NaN	NaN	NaN	NaN
1380675275219	NaN	NaN	NaN	NaN	NaN	NaN
1380675283552	NaN	NaN	NaN	NaN	NaN	NaN
1380675291885	NaN	NaN	NaN	NaN	NaN	NaN
1380675300218	NaN	NaN	NaN	NaN	NaN	NaN
1380675308552	NaN	NaN	NaN	NaN	NaN	NaN
1380675316885	NaN	NaN	NaN	NaN	NaN	NaN
1380675325218	NaN	NaN	NaN	NaN	NaN	NaN
1380675333552	NaN	NaN	NaN	NaN	NaN	NaN
1380675341884	NaN	NaN	NaN	NaN	NaN	NaN
1380675350218	NaN	NaN	NaN	NaN	NaN	NaN
1380675358551	NaN	NaN	NaN	NaN	NaN	NaN
1380675366884	NaN	NaN	NaN	NaN	NaN	NaN
1380675375217	NaN	NaN	NaN	NaN	NaN	NaN
1380675383556	1230.40	1208.54	1287.38	827.38	2.9267	2.9067
1380675391890	1195.37	966.77	1288.26	711.01	2.9889	3.0590
1380675400223	1172.64	783.71	1289.50	674.42	2.9658	3.1110
1380675408557	1172.37	703.09	1292.80	716.69	3.0541	3.0090
1380675416892	1176.24	693.95	1295.23	716.13	3.0523	3.0287
1380675425225	1176.29	712.88	1292.07	718.50	3.0322	3.0223
1380675433558	1179.33	711.17	1293.61	727.54	3.0340	3.0026
1380675441891	1190.06	718.62	1290.75	742.85	3.0204	2.9796
1380675450225	1189.26	702.28	1291.84	723.56	3.0264	2.9684
1380675458558	1204.23	738.54	1292.51	712.80	2.9672	2.9610
1380675466891	NaN	NaN	1287.69	779.08	NaN	2.9134
1380675475225	NaN	NaN	NaN	NaN	NaN	NaN
1380675483558	NaN	NaN	NaN	NaN	NaN	NaN
1380675491891	NaN	NaN	NaN	NaN	NaN	NaN
1380675500224	NaN	NaN	NaN	NaN	NaN	NaN
1380675508556	NaN	NaN	NaN	NaN	NaN	NaN
1380675516895	NaN	NaN	NaN	NaN	NaN	NaN
1380675525229	NaN	NaN	NaN	NaN	NaN	NaN
1380675533561	NaN	NaN	NaN	NaN	NaN	NaN
1380675541895	NaN	NaN	NaN	NaN	NaN	NaN
1380675550229	NaN	NaN	NaN	NaN	NaN	NaN
1380675558562	NaN	NaN	NaN	NaN	NaN	NaN
1380675566895	NaN	NaN	NaN	NaN	NaN	NaN
1380675575228	NaN	NaN	NaN	NaN	NaN	NaN
1380675583561	NaN	NaN	NaN	NaN	NaN	NaN
1380675591894	NaN	NaN	NaN	NaN	NaN	NaN
1380675600227	NaN	NaN	1286.06	1155.16	NaN	2.7019
1380675608561	NaN	NaN	1305.94	832.58	NaN	2.8148
1380675616894	1200.12	864.52	1318.29	704.84	2.8358	2.9851
1380675625227	1204.30	721.37	1315.83	722.67	2.9398	2.9550
1380675633561	1201.19	695.06	1322.07	726.06	2.9523	2.9483
1380675641899	1207.96	705.85	1318.42	724.62	2.9262	2.9520
1380675650232	1209.22	711.65	1316.14	717.97	2.9534	2.9312
1380675658565	1210.09	709.80	1315.13	711.12	2.9570	2.9339
1380675666898	1211.28	713.87	1306.56	704.09	2.9397	2.9346
1380675675232	1222.05	712.84	1303.99	707.93	2.9352	2.9490
1380675683565	1226.30	724.82	1299.49	712.15	2.9238	2.9589
1380675691898	1227.48	742.81	1287.00	730.89	2.8834	2.9058
1380675700232	1359.96	1380.99	1285.84	748.40	2.0977	2.8936
1380675708565	NaN	NaN	1340.09	1581.34	NaN	2.2935
1380675716898	NaN	NaN	NaN	NaN	NaN	NaN
1380675725231	NaN	NaN	NaN	NaN	NaN	NaN
1380675733564	NaN	NaN	NaN	NaN	NaN	NaN
1380675741897	NaN	NaN	NaN	NaN	NaN	NaN
1380675750230	NaN	NaN	NaN	NaN	NaN	NaN
1380675758563	NaN	NaN	NaN	NaN	NaN	NaN
1380675766897	NaN	NaN	NaN	NaN	NaN	NaN
1380675775233	NaN	NaN	NaN	NaN	NaN	NaN
1380675783566	NaN	NaN	NaN	NaN	NaN	NaN
1380675791899	NaN	NaN	NaN	NaN	NaN	NaN
1380675800233	NaN	NaN	NaN	NaN	NaN	NaN
1380675808566	NaN	NaN	NaN	NaN	NaN	NaN
1380675816899	NaN	NaN	NaN	NaN	NaN	NaN
1380675825232	1438.98	1029.70	1312.77	1036.21	1.7602	2.7763
1380675833566	1273.79	962.30	1307.22	770.52	2.8235	2.9102
1380675841899	1246.33	753.83	1315.33	703.50	2.8910	2.9806
1380675850232	1247.29	690.82	1307.07	739.91	2.9505	2.9171
1380675858565	1248.24	722.89	1305.86	727.84	2.9308	2.9247
1380675866899	1254.44	722.86	1305.72	727.73	2.9185	2.9099
1380675875232	1262.30	708.79	1303.47	724.11	2.9108	2.9439
1380675883566	1259.30	721.71	1303.42	722.05	2.9190	2.9383
1380675891898	1260.54	719.20	1292.15	723.79	2.9145	2.9357
1380675900231	1266.80	719.44	1296.12	727.78	2.9129	2.9395
1380675908571	1259.89	718.65	1293.15	726.26	2.9068	2.9334
1380675916904	1269.64	724.70	1286.25	728.08	2.9026	2.9345
1380675925237	1291.56	1042.82	1290.02	703.22	2.8747	2.9382
1380675933571	NaN	NaN	1341.95	1000.32	NaN	1.9335
1380675941904	NaN	NaN	NaN	NaN	NaN	NaN
1380675950237	NaN	NaN	NaN	NaN	NaN	NaN
1380675958571	NaN	NaN	NaN	NaN	NaN	NaN
1380675966903	NaN	NaN	NaN	NaN	NaN	NaN
1380675975236	NaN	NaN	NaN	NaN	NaN	NaN
1380675983569	NaN	NaN	NaN	NaN	NaN	NaN
1380675991902	NaN	NaN	NaN	NaN	NaN	NaN
1380676000236	NaN	NaN	NaN	NaN	NaN	NaN
1380676008569	NaN	NaN	NaN	NaN	NaN	NaN
1380676016903	NaN	NaN	NaN	NaN	NaN	NaN
1380676025236	NaN	NaN	NaN	NaN	NaN	NaN
1380676033570	NaN	NaN	NaN	NaN	NaN	NaN
1380676041907	NaN	NaN	NaN	NaN	NaN	NaN
1380676050240	1212.85	1426.99	NaN	NaN	1.2893	NaN
1380676058573	NaN	NaN	1233.89	1078.66	NaN	2.7321
1380676066906	1270.95	1034.50	1277.55	806.92	2.7466	2.8676
1380676075240	1245.25	807.94	1283.15	691.16	2.8710	3.0029
1380676083573	1246.77	698.68	1277.00	732.87	2.9873	2.9924
1380676091906	1240.82	700.55	1281.92	727.18	2.9666	2.9793
1380676100240	1251.14	709.22	1278.89	722.42	2.9588	2.9621
1380676108574	1248.66	708.79	1282.60	719.33	2.9752	2.9866
1380676116906	1244.03	704.64	1279.57	714.72	2.9776	2.9891
1380676125239	1255.14	702.18	1267.93	709.78	2.9672	2.9738
1380676133573	1254.71	691.75	1275.20	705.68	2.9906	2.9892
1380676141905	1259.79	699.83	1269.62	709.85	2.9662	2.9717
1380676150239	1261.28	691.50	1268.92	704.79	2.9664	2.9581
1380676158572	1252.89	687.88	1271.40	710.95	2.9812	3.0143
1380676166911	1255.54	701.91	1261.11	722.39	2.9379	2.9747
1380676175244	1251.67	700.08	1269.27	723.97	2.9635	2.9501
1380676183577	NaN	NaN	1270.84	696.17	NaN	2.9944
1380676191911	NaN	NaN	1243.56	1124.23	NaN	2.8002
1380676200243	NaN	NaN	NaN	NaN	NaN	NaN
1380676208576	NaN	NaN	NaN	NaN	NaN	NaN
1380676216910	NaN	NaN	NaN	NaN	NaN	NaN
1380676225243	NaN	NaN	NaN	NaN	NaN	NaN
1380676233576	NaN	NaN	NaN	NaN	NaN	NaN
1380676241910	NaN	NaN	NaN	NaN	NaN	NaN
1380676250243	NaN	NaN	NaN	NaN	NaN	NaN
1380676258576	NaN	NaN	NaN	NaN	NaN	NaN
1380676266909	NaN	NaN	NaN	NaN	NaN	NaN
1380676275242	NaN	NaN	NaN	NaN	NaN	NaN
1380676283575	NaN	NaN	NaN	NaN	NaN	NaN
1380676291908	NaN	NaN	NaN	NaN	NaN	NaN
1380676300246	NaN	NaN	NaN	NaN	NaN	NaN
1380676308579	NaN	NaN	NaN	NaN	NaN	NaN
1380676316913	NaN	NaN	NaN	NaN	NaN	NaN
1380676325246	1325.48	1201.49	1298.02	958.97	2.8080	2.8846
1380676333579	1291.56	938.69	1307.96	741.31	2.9159	2.9727
1380676341912	1276.74	735.99	1307.65	665.28	2.9484	3.0767
1380676350245	1278.91	678.52	1305.48	729.08	2.9912	3.0000
1380676358578	1279.81	696.84	1301.37	722.55	2.9834	2.9817
1380676366911	1278.39	697.11	1301.84	716.00	2.9765	2.9733
1380676375245	1283.33	716.81	1301.52	730.75	2.9702	2.9886
1380676383578	1285.04	708.48	1295.82	722.48	2.9736	2.9733
1380676391912	1294.11	708.38	1301.78	721.32	2.9610	2.9752
1380676400245	1285.12	720.80	1296.30	725.41	2.9394	2.9894
1380676408578	NaN	NaN	1290.87	748.35	NaN	2.9346
1380676416912	NaN	NaN	1177.36	1294.96	NaN	2.1582
1380676425245	NaN	NaN	NaN	NaN	NaN	NaN
1380676433582	NaN	NaN	NaN	NaN	NaN	NaN
1380676441914	NaN	NaN	NaN	NaN	NaN	NaN
1380676450246	NaN	NaN	NaN	NaN	NaN	NaN
1380676458580	NaN	NaN	NaN	NaN	NaN	NaN
1380676466914	NaN	NaN	NaN	NaN	NaN	NaN
1380676475246	NaN	NaN	NaN	NaN	NaN	NaN
1380676483580	NaN	NaN	NaN	NaN	NaN	NaN
1380676491913	NaN	NaN	NaN	NaN	NaN	NaN
1380676500246	NaN	NaN	NaN	NaN	NaN	NaN
1380676508579	NaN	NaN	NaN	NaN	NaN	NaN
1380676516912	NaN	NaN	NaN	NaN	NaN	NaN
1380676525246	NaN	NaN	NaN	NaN	NaN	NaN
1380676533579	NaN	NaN	NaN	NaN	NaN	NaN
1380676541913	NaN	NaN	NaN	NaN	NaN	NaN
1380676550246	NaN	NaN	NaN	NaN	NaN	NaN
1380676558579	NaN	NaN	NaN	NaN	NaN	NaN
1380676566917	NaN	NaN	NaN	NaN	NaN	NaN
1380676575250	NaN	NaN	NaN	NaN	NaN	NaN
1380676583583	NaN	NaN	NaN	NaN	NaN	NaN
1380676591916	NaN	NaN	NaN	NaN	NaN	NaN
1380676600249	NaN	NaN	NaN	NaN	NaN	NaN
1380676608583	NaN	NaN	NaN	NaN	NaN	NaN
1380676616916	NaN	NaN	NaN	NaN	NaN	NaN
1380676625250	NaN	NaN	NaN	NaN	NaN	NaN
1380676633583	NaN	NaN	NaN	NaN	NaN	NaN
1380676641917	NaN	NaN	NaN	NaN	NaN	NaN
1380676650249	NaN	NaN	NaN	NaN	NaN	NaN
1380676658583	NaN	NaN	NaN	NaN	NaN	NaN
1380676666915	NaN	NaN	NaN	NaN	NaN	NaN
1380676675248	NaN	NaN	NaN	NaN	NaN	NaN
1380676683582	NaN	NaN	NaN	NaN	NaN	NaN
1380676691917	NaN	NaN	NaN	NaN	NaN	NaN
1380676700251	NaN	NaN	NaN	NaN	NaN	NaN
1380676708584	NaN	NaN	NaN	NaN	NaN	NaN
1380676716917	1161.55	1382.98	NaN	NaN	1.7053	NaN
1380676725250	NaN	NaN	NaN	NaN	NaN	NaN
1380676733584	NaN	NaN	NaN	NaN	NaN	NaN
1380676741916	922.14	1070.31	994.79	1055.31	2.8140	2.9753
1380676750249	909.70	920.43	987.74	825.00	2.9182	2.9186
1380676758583	911.13	797.40	1004.90	712.17	2.9871	3.0300
1380676766918	921.26	736.68	1016.11	677.51	3.0610	3.0832
1380676775252	925.16	742.48	1020.24	677.10	3.0825	3.0959
1380676783585	949.35	770.10	1024.84	685.30	3.0872	3.0701
1380676791918	948.44	744.09	1036.60	686.55	3.0658	3.0846
1380676800252	979.20	736.50	1051.20	677.09	3.0688	3.0995
1380676808585	994.58	840.58	1081.25	703.29	3.0117	3.0902
1380676816917	NaN	NaN	1099.74	821.85	NaN	2.9226
1380676825258	NaN	NaN	NaN	NaN	NaN	NaN
1380676833591	NaN	NaN	1479.29	1437.43	NaN	1.1302
1380676841922	NaN	NaN	NaN	NaN	NaN	NaN
1380676850256	NaN	NaN	NaN	NaN	NaN	NaN
1380676858589	NaN	NaN	NaN	NaN	NaN	NaN
1380676866922	NaN	NaN	NaN	NaN	NaN	NaN
1380676875256	NaN	NaN	NaN	NaN	NaN	NaN
1380676883589	NaN	NaN	NaN	NaN	NaN	NaN
1380676891922	NaN	NaN	NaN	NaN	NaN	NaN
1380676900254	NaN	NaN	NaN	NaN	NaN	NaN
1380676908588	NaN	NaN	NaN	NaN	NaN	NaN
1380676916921	NaN	NaN	NaN	NaN	NaN	NaN
1380676925255	NaN	NaN	NaN	NaN	NaN	NaN
1380676933588	NaN	NaN	NaN	NaN	NaN	NaN
1380676941921	NaN	NaN	NaN	NaN	NaN	NaN
1380676950255	NaN	NaN	NaN	NaN	NaN	NaN
1380676958593	NaN	NaN	NaN	NaN	NaN	NaN
1380676966926	NaN	NaN	NaN	NaN	NaN	NaN
1380676975260	NaN	NaN	1286.71	982.39	NaN	2.9826
1380676983593	1259.96	953.37	1306.92	789.47	3.0971	3.0139
1380676991927	1233.88	751.85	1300.18	708.05	3.0531	3.1113
1380677000260	1237.38	697.68	1298.23	662.26	3.1416	3.1899
1380677008594	1242.89	664.91	1295.17	694.34	3.1632	3.1255
1380677016927	1231.61	674.44	1295.25	714.60	3.1671	3.0934
1380677025261	1233.57	692.74	1290.89	712.76	3.1342	3.0900
1380677033594	1242.89	694.96	1291.26	717.14	3.1388	3.0684
1380677041927	1249.16	697.73	1287.81	713.82	3.1198	3.0713
1380677050260	1244.11	696.84	1287.17	708.16	3.1062	3.0740
1380677058593	1247.01	691.54	1286.13	714.04	3.0921	3.0464
1380677066926	1246.67	690.66	1282.60	710.42	3.0833	3.0487
1380677075260	1254.92	690.32	1282.05	706.20	3.0708	3.0446
1380677083597	1250.59	678.54	1289.59	699.18	3.0279	3.0249
1380677091930	1257.59	682.09	1282.51	706.69	3.0575	3.0252
1380677100263	1263.74	682.43	1283.58	705.17	3.0380	3.0204
1380677108597	1256.40	686.22	1282.63	701.36	3.0371	3.0099
1380677116930	1259.77	688.73	1286.89	702.39	3.0420	3.0227
1380677125264	1256.14	688.06	1289.85	706.84	3.0519	3.0193
1380677133596	1260.98	678.82	1292.68	706.51	3.0342	3.0204
1380677141929	1256.42	682.93	1286.43	701.21	3.0226	2.9921
1380677150263	1262.82	678.64	1286.43	700.88	3.0119	3.0064
1380677158596	1263.04	686.94	1285.41	699.74	3.0222	2.9967
1380677166929	1264.39	686.37	1283.07	703.23	3.0259	3.0144
1380677175263	1263.07	676.24	1280.00	700.93	3.0312	3.0001
1380677183596	1261.71	670.43	1275.80	700.01	3.0023	3.0095
1380677191929	1264.67	679.74	1281.81	699.64	3.0177	3.0180
1380677200262	1265.71	678.15	1279.21	700.23	3.0144	2.9858
1380677208595	1270.25	682.75	1277.33	710.64	3.0084	3.0119
1380677216933	1264.88	682.22	1281.39	708.10	3.0104	3.0023
1380677225267	1264.91	680.44	1268.84	696.53	3.0121	3.0043
1380677233600	1270.81	686.14	1278.08	703.73	2.9930	3.0144
1380677241933	1266.86	685.88	1271.05	697.22	2.9925	3.0153
1380677250266	1273.93	691.46	1273.85	701.58	3.0174	3.0129
1380677258599	1274.85	696.16	1268.98	706.00	3.0110	3.0094
1380677266933	1269.53	700.01	1275.09	705.40	3.0269	3.0244
1380677275266	1273.21	704.06	1274.23	710.17	3.0244	3.0163
1380677283599	1270.55	696.21	1284.13	709.45	2.9875	3.0430
1380677291932	1276.76	699.38	1274.14	705.77	3.0114	3.0192
1380677300265	1276.44	694.78	1274.12	705.10	3.0092	3.0131
1380677308598	1278.01	695.44	1279.37	714.10	2.9937	3.0139
1380677316932	1268.22	697.05	1284.08	707.91	3.0082	3.0121
1380677325265	1269.97	695.92	1277.77	710.05	3.0053	3.0196
1380677333598	1276.64	696.42	1279.68	708.61	3.0133	3.0239
1380677341932	1275.17	693.78	1271.04	709.57	3.0166	3.0289
1380677350270	1278.28	700.50	1277.74	703.17	3.0052	3.0255
1380677358603	1276.58	701.32	1279.40	707.10	3.0163	3.0145
1380677366936	1275.55	700.05	1276.82	707.16	3.0271	3.0167
1380677375269	1276.52	701.56	1273.74	705.55	3.0302	3.0181
1380677383603	1272.87	694.10	1272.12	707.08	3.0118	3.0284
1380677391936	1278.48	692.90	1272.99	698.75	3.0314	3.0455
1380677400269	1277.34	695.96	1276.27	701.97	3.0392	3.0393
1380677408602	1276.05	696.13	1275.66	702.09	3.0302	3.0297
1380677416936	1276.28	693.14	1271.48	709.60	3.0072	3.0571
1380677425269	1276.05	695.96	1267.80	717.30	3.0251	3.0837
1380677433602	1277.39	688.70	1280.38	707.76	3.0516	3.0384
1380677441935	1275.63	696.82	1271.25	720.08	3.0485	3.0784
1380677450268	1273.40	703.98	1270.39	724.07	3.0635	3.0735
1380677458602	1269.28	695.40	1277.97	707.56	3.0436	3.0600
1380677466935	1276.32	706.26	1274.95	711.98	3.0745	3.0725
1380677475268	1279.04	692.49	1272.86	707.64	3.0468	3.0773
1380677483607	1273.96	698.31	1271.81	710.02	3.0773	3.0918
1380677491940	1273.03	705.44	1274.02	711.07	3.0736	3.0966
1380677500273	1273.26	698.19	1273.68	711.59	3.0804	3.0953
1380677508606	1277.86	701.83	1271.58	712.41	3.1152	3.0997
1380677516938	1273.46	701.52	1281.51	714.78	3.1102	3.1231
1380677525272	1280.36	696.79	1269.59	715.56	3.1203	3.1239
1380677533605	1283.85	701.55	1273.87	713.10	3.1290	3.1466
1380677541939	1277.52	706.46	1268.77	718.71	3.1229	3.1642
1380677550272	1276.15	699.59	1273.76	718.57	3.1277	3.1434
1380677558605	1272.05	688.62	1271.23	712.30	3.1023	3.1345
1380677566939	1277.56	690.56	1272.52	712.91	3.1201	3.1405
1380677575272	1275.00	699.15	1268.86	714.62	3.1351	3.1718
1380677583605	1275.09	701.13	1278.30	714.16	3.1322	3.1587
1380677591937	1275.12	714.66	1271.17	718.35	3.1455	3.1712
1380677600271	1271.80	700.62	1271.60	717.81	3.1408	3.1771
1380677608610	1276.12	700.74	1268.92	711.55	3.1270	3.1815
1380677616943	1278.20	692.21	1275.46	715.42	3.1248	3.1857
1380677625276	1271.93	701.45	1282.87	712.18	3.1508	3.1721
1380677633610	1276.94	694.42	1272.28	719.32	3.1359	3.1875
1380677641942	1275.75	697.14	1270.33	710.40	3.1631	3.1668
1380677650276	1279.32	697.89	1265.79	718.74	3.1388	3.1836
1380677658610	1275.44	704.17	1273.21	720.21	3.1646	3.1976
1380677666942	1274.00	701.47	1270.19	716.01	3.1703	3.1941
1380677675275	1277.05	698.63	1270.79	709.70	3.1496	3.1998
1380677683608	1276.69	697.23	1279.48	713.41	3.1570	3.1850
1380677691942	1270.57	703.86	1281.74	706.42	3.1300	3.1696
1380677700275	1269.72	703.23	1272.66	708.86	3.1601	3.1694
1380677708608	1273.16	699.09	1271.57	707.24	3.1367	3.1802
1380677716942	1272.55	699.58	1270.52	705.07	3.1638	3.1846
1380677725275	1272.02	706.42	1271.56	713.29	3.1713	3.1899
1380677733609	1273.64	701.65	1276.56	709.55	3.1413	3.1881
1380677741945	1271.01	703.93	1266.85	713.50	3.1588	3.1763
1380677750277	1274.39	703.40	1271.14	718.20	3.1582	3.1939
1380677758610	1268.08	704.24	1270.22	707.25	3.1712	3.1989
1380677766943	1267.88	701.72	1271.08	717.21	3.1719	3.2018
1380677775277	1273.97	696.43	1272.87	712.14	3.1626	3.1852
1380677783610	1272.65	702.13	1274.58	704.65	3.1618	3.1700
1380677791943	1271.90	701.40	1273.56	714.71	3.1829	3.2088
1380677800277	1283.17	700.27	1275.32	708.78	3.1698	3.1726
1380677808610	1278.92	700.52	1270.65	720.57	3.1764	3.2044
1380677816944	1271.47	699.81	1274.70	707.48	3.1816	3.1793
1380677825276	1273.32	697.53	1279.75	714.21	3.1559	3.2022
1380677833609	1277.16	702.04	1270.14	712.68	3.1762	3.2123
1380677841942	1274.40	701.41	1281.82	710.57	3.1853	3.1867
1380677850276	1270.60	701.26	1272.76	715.32	3.1750	3.1886
1380677858609	1272.84	703.85	1280.28	715.94	3.1856	3.2033
1380677866943	1267.24	695.35	1280.71	706.62	3.1839	3.1901
1380677875282	1265.40	703.72	1275.93	715.66	3.1771	3.2114
1380677883615	1277.83	693.52	1278.17	714.87	3.1947	3.2151
1380677891949	1270.79	694.26	1272.53	715.38	3.1811	3.2264
1380677900282	1278.16	689.35	1276.49	717.60	3.1833	3.2157
1380677908614	1274.78	698.80	1271.40	718.33	3.2084	3.2095
1380677916948	1277.87	690.63	1271.34	712.14	3.1970	3.2196
1380677925280	1275.35	687.19	1273.84	720.99	3.2089	3.2410
1380677933614	1276.09	697.65	1276.09	715.67	3.2113	3.2126
1380677941948	1280.10	692.44	1272.10	713.83	3.2022	3.2109
1380677950281	1277.15	692.78	1277.93	712.86	3.2103	3.2247
1380677958614	1267.35	690.38	1281.10	713.54	3.2103	3.2226
1380677966948	1276.97	684.69	1277.42	723.52	3.1867	3.2304
1380677975281	1272.92	687.72	1273.98	711.54	3.1910	3.2296
1380677983613	1271.42	689.79	1273.18	717.78	3.1807	3.2427
1380677991947	1289.48	723.34	1278.57	745.11	3.1829	3.2266
1380678000279	1331.39	806.42	1320.82	805.48	3.2250	3.2340
1380678008617	1334.64	812.18	1335.88	853.11	3.2580	3.2751
1380678016951	1334.81	827.27	1334.97	851.32	3.2340	3.2159
1380678025284	1328.93	803.20	1338.13	817.04	3.1933	3.1650
1380678033617	1328.97	787.91	1336.56	843.67	3.1674	3.2057
1380678041951	1333.85	800.97	1336.98	835.55	3.1639	3.1599
1380678050284	1332.44	804.32	1350.55	800.83	3.1276	3.0591
1380678058616	1331.17	807.74	1336.30	829.82	3.1346	3.1110
1380678066950	1333.50	811.76	1336.59	831.48	3.1350	3.1032
1380678075283	1331.08	800.15	1340.65	806.17	3.1033	3.0256
1380678083616	1334.00	809.14	1342.38	791.29	3.0814	2.9861
1380678091949	1332.09	785.84	1339.10	800.41	3.0362	2.9860
1380678100283	1325.58	809.43	1334.31	812.81	3.0536	2.9813
1380678108616	1328.24	808.66	1342.81	806.58	3.0416	2.9687
1380678116950	1322.75	769.88	1334.98	808.23	2.9266	2.9505
1380678125283	1332.95	799.73	1334.73	815.00	3.0025	2.9543
1380678133619	1271.06	787.75	1313.88	814.13	2.9442	2.9457
1380678141952	1136.51	780.60	1201.90	798.13	2.9804	2.9486
1380678150285	1051.63	778.87	1099.73	788.45	2.9720	2.9769
1380678158618	976.64	784.27	1004.29	771.43	3.0081	2.9563
1380678166952	925.19	779.15	938.88	767.82	2.9906	2.9601
1380678175284	922.52	791.94	912.88	759.86	2.9960	2.9675
1380678183618	919.49	788.44	922.43	762.42	2.9693	2.9312
1380678191951	906.89	788.89	913.84	763.52	2.9685	2.9385
1380678200285	902.35	787.21	901.72	763.98	2.9678	2.9608
1380678208618	912.00	783.27	906.53	765.45	2.9619	2.9360
1380678216951	909.91	782.06	902.17	764.47	2.9763	2.9457
1380678225284	918.24	774.52	897.20	772.55	2.9381	2.9546
1380678233617	908.74	779.48	902.97	757.62	2.9510	2.9297
1380678241950	916.54	782.57	896.40	750.50	2.9740	2.9262
1380678250283	919.53	787.23	896.16	757.77	2.9665	2.9224
1380678258617	915.56	779.90	898.84	760.52	2.9884	2.9286
1380678266960	917.06	779.76	898.30	756.53	2.9710	2.9246
1380678275293	918.62	780.02	899.60	759.65	2.9861	2.9055
1380678283626	912.59	779.44	894.14	771.24	2.9913	2.9519
1380678291958	913.14	790.42	891.82	774.21	2.9988	2.9439
1380678300292	910.96	787.26	899.13	763.56	2.9667	2.9301
1380678308625	907.98	774.75	907.87	764.09	2.9798	2.9207
1380678316958	914.98	790.20	899.99	764.62	2.9875	2.9366
1380678325291	914.18	783.46	912.45	767.09	2.9843	2.9361
1380678333625	915.73	778.34	900.24	772.71	3.0085	2.9533
1380678341958	928.18	789.22	906.95	767.44	3.0087	2.9305
1380678350291	924.68	786.17	905.40	773.23	3.0023	2.9469
1380678358625	928.63	784.43	911.19	768.57	2.9921	2.9401
1380678366958	930.61	790.90	898.39	779.97	3.0312	2.9670
1380678375290	927.96	785.49	905.72	777.69	3.0102	2.9378
1380678383624	929.63	787.25	903.57	773.65	3.0398	2.9302
1380678391957	929.05	791.28	908.88	770.56	3.0262	2.9404
1380678400294	927.07	790.69	904.79	773.80	3.0406	2.9663
1380678408628	928.59	784.27	908.24	772.55	3.0508	2.9584
1380678416961	920.14	778.53	906.65	774.45	3.0283	2.9430
1380678425294	921.57	786.80	907.71	773.41	3.0592	2.9608
1380678433628	912.18	733.88	904.88	725.59	3.0658	2.9595
1380678441961	910.14	689.63	901.07	685.34	3.1048	2.9607
1380678450293	906.64	682.89	899.17	686.13	3.0847	2.9990
1380678458627	898.66	689.37	896.45	679.78	3.1048	2.9960
1380678466960	899.05	695.19	898.33	683.30	3.0965	3.0027
1380678475293	893.99	691.65	896.60	677.90	3.1134	2.9963
1380678483626	895.33	689.09	903.66	675.25	3.1151	3.0179
1380678491960	898.49	689.09	892.21	677.35	3.1285	3.0303
1380678500293	893.61	684.63	893.04	683.11	3.1266	3.0367
1380678508627	910.05	691.14	894.59	688.82	3.1408	3.0494
1380678516960	907.18	687.00	895.93	685.21	3.1472	3.0537
1380678525295	906.62	684.96	895.42	687.08	3.1454	3.0717
1380678533628	909.64	682.28	893.21	682.27	3.1616	3.0747
1380678541962	904.88	683.75	892.50	680.30	3.1933	3.0755
1380678550296	909.41	680.35	891.77	685.51	3.1745	3.0938
1380678558629	907.10	676.97	888.31	689.53	3.1950	3.1117
1380678566962	908.26	681.81	889.11	692.32	3.2051	3.1191
1380678575296	910.82	680.93	897.67	689.38	3.2201	3.1187
1380678583629	909.22	681.29	890.68	685.54	3.2458	3.1015
1380678591962	907.87	678.47	888.25	687.30	3.2397	3.1407
1380678600296	911.54	675.94	886.26	685.23	3.2177	3.1483
1380678608627	910.26	667.07	887.49	688.87	3.2444	3.1675
1380678616961	917.88	675.37	887.13	690.24	3.2598	3.1724
1380678625295	911.95	668.12	882.56	684.13	3.2637	3.1987
1380678633628	914.33	681.64	892.22	681.13	3.2745	3.1819
1380678641961	916.98	682.67	891.50	682.48	3.2831	3.1876
1380678650295	916.37	680.69	898.98	683.21	3.2710	3.1881
1380678658634	1001.19	684.32	1003.14	701.55	3.2811	3.2072
1380678666967	1105.71	685.64	1163.54	706.20	3.2540	3.2081
1380678675300	1233.70	698.79	1299.67	731.00	3.2602	3.2122
1380678683633	1341.47	699.29	1402.42	739.52	3.2516	3.1819
1380678691966	1457.73	710.60	1495.30	749.62	3.2816	3.1640
1380678700300	1544.96	726.03	1569.37	769.24	3.2958	3.1512
1380678708633	1581.13	717.04	1586.53	768.50	3.2750	3.1571
1380678716966	1569.84	724.26	1561.12	763.49	3.3209	3.1646
1380678725299	1582.11	724.73	1571.05	762.25	3.3193	3.1591
1380678733633	1587.51	727.53	1568.85	762.72	3.3235	3.1488
1380678741966	1588.84	760.41	1570.03	780.09	3.3982	3.1774
1380678750300	1588.74	724.72	1564.16	765.40	3.3330	3.1740
1380678758631	1585.35	733.49	1568.68	782.16	3.3869	3.2072
1380678766965	1588.87	736.73	1564.61	774.78	3.3826	3.1861
1380678775299	1590.57	739.79	1566.76	774.10	3.3906	3.1791
1380678783632	1591.57	715.89	1562.79	790.76	3.3492	3.2207
1380678791970	1593.80	711.33	1565.02	785.59	3.3358	3.2200
1380678800303	1591.76	734.88	1564.75	786.98	3.4218	3.2308
1380678808637	1593.32	714.94	1571.65	784.88	3.3572	3.2326
1380678816970	1602.67	729.21	1564.05	794.57	3.3845	3.2569
1380678825304	1592.06	742.64	1555.13	774.27	3.3912	3.2265
1380678833636	1591.98	729.83	1564.91	770.33	3.3980	3.2165
1380678841969	1597.80	756.24	1562.75	778.44	3.4600	3.2426
1380678850302	1589.86	721.31	1566.42	773.38	3.3845	3.2383
1380678858636	1592.77	734.07	1570.79	773.04	3.4070	3.2407
1380678866969	1590.96	752.92	1569.37	773.12	3.4533	3.2520
1380678875302	1597.68	738.00	1570.89	778.49	3.4169	3.2658
1380678883635	1591.65	758.26	1567.88	777.71	3.4541	3.2589
1380678891969	1597.42	739.79	1573.55	775.06	3.4185	3.2691
1380678900302	1596.67	737.37	1576.29	779.82	3.4256	3.2811
1380678908636	1602.19	741.05	1577.80	787.76	3.4223	3.2877
1380678916968	1590.81	757.03	1575.55	775.87	3.4324	3.2715
1380678925305	1594.42	757.43	1577.81	781.97	3.4620	3.2749
1380678933639	1594.79	732.36	1574.10	776.88	3.3956	3.2768
1380678941972	1597.65	741.48	1574.29	772.10	3.4082	3.2723
1380678950305	1598.07	727.08	1577.63	767.19	3.3643	3.2582
1380678958639	1584.87	747.60	1568.80	774.33	3.3963	3.2783
1380678966972	1592.30	759.60	1563.18	774.36	3.4190	3.2768
1380678975305	1595.35	746.81	1567.95	779.71	3.3836	3.2759
1380678983639	1594.38	725.96	1571.72	783.26	3.3211	3.2776
1380678991971	1588.39	709.57	1570.03	776.93	3.2868	3.2855
1380679000304	1592.84	769.07	1572.55	762.71	3.4156	3.2511
1380679008637	1591.65	715.77	1562.58	765.84	3.2965	3.2466
1380679016971	1587.24	748.65	1573.50	782.18	3.3757	3.2786
1380679025304	1593.53	724.09	1571.85	770.03	3.3203	3.2293
1380679033638	1594.28	754.94	1576.35	779.03	3.3594	3.2344
1380679041971	1589.29	741.93	1572.31	778.03	3.3773	3.2381
1380679050307	1596.39	734.97	1578.97	783.12	3.3344	3.2461
1380679058641	1588.23	749.43	1578.96	778.93	3.3523	3.2251
1380679066973	1585.57	761.20	1576.71	784.31	3.3878	3.2444
1380679075306	1597.85	761.00	1576.63	796.24	3.3805	3.2601
1380679083639	1593.85	712.78	1582.21	792.59	3.2730	3.2622
1380679091972	1599.11	735.21	1561.52	775.93	3.3219	3.2625
1380679100305	1591.81	749.76	1569.39	766.67	3.3414	3.2644
1380679108639	1590.71	714.15	1567.27	781.61	3.2812	3.2778
1380679116972	1600.46	725.28	1567.50	777.17	3.3085	3.2673
1380679125305	1595.39	740.00	1569.13	778.59	3.3301	3.2694
1380679133638	1592.09	755.77	1568.71	773.86	3.3759	3.2664
1380679141972	1586.69	753.94	1573.14	778.91	3.3870	3.2832
1380679150304	1594.45	755.32	1563.64	779.04	3.3797	3.3028
1380679158638	1591.88	750.04	1566.23	781.04	3.3794	3.3030
1380679166971	1595.12	738.56	1561.76	781.40	3.3695	3.2997
1380679175304	1590.72	734.09	1567.76	782.72	3.3349	3.2983
1380679183645	1595.57	725.33	1567.54	776.63	3.3293	3.3167
1380679191978	1593.56	752.25	1568.91	780.72	3.3682	3.3050
1380679200311	1591.74	756.74	1569.17	786.12	3.3999	3.3427
1380679208645	1591.44	770.71	1562.61	778.02	3.4443	3.3377
1380679216977	1594.59	754.94	1568.33	781.31	3.4119	3.3406
1380679225310	1596.47	756.48	1568.88	783.35	3.4105	3.3432
1380679233644	1589.56	761.03	1564.65	783.45	3.4163	3.3523
1380679241977	1589.83	763.57	1568.66	771.68	3.4347	3.3340
1380679250310	1591.82	770.09	1570.91	778.28	3.4380	3.3587
1380679258643	1593.82	767.26	1573.78	777.95	3.4426	3.3491
1380679266977	1592.96	742.57	1577.09	759.83	3.4249	3.3566
1380679275310	1597.31	739.80	1576.45	759.50	3.4346	3.3672
1380679283644	1590.61	743.40	1571.08	758.70	3.4418	3.3546
1380679291977	1595.93	745.29	1571.65	752.51	3.4684	3.3712
1380679300309	1593.83	750.38	1572.81	754.35	3.4639	3.3633
1380679308643	1590.80	725.73	1575.26	753.89	3.4063	3.3813
1380679316979	1593.06	721.33	1568.83	756.78	3.3993	3.3849
1380679325312	1594.20	737.54	1569.11	761.41	3.4313	3.3867
1380679333646	1593.90	763.58	1574.84	762.45	3.4801	3.3801
1380679341978	1592.51	727.77	1572.26	753.81	3.3997	3.3679
1380679350312	1590.36	743.14	1572.52	771.72	3.4312	3.4158
1380679358645	1597.93	752.00	1574.81	759.25	3.4294	3.4050
1380679366979	1591.52	738.12	1576.33	756.32	3.4235	3.3907
1380679375312	1591.45	756.33	1574.59	751.27	3.4729	3.3826
1380679383644	1591.92	738.40	1577.01	748.04	3.4241	3.3915
1380679391978	1595.19	754.43	1574.88	761.82	3.4574	3.4115
1380679400311	1588.25	766.84	1578.52	757.11	3.4915	3.3801
1380679408644	1593.00	733.73	1557.80	770.86	3.3979	3.3727
1380679416978	1592.27	767.39	1570.29	766.23	3.4937	3.3714
1380679425311	1591.94	755.15	1569.33	768.74	3.4527	3.3770
1380679433644	1591.68	755.05	1569.01	768.97	3.4526	3.3837
1380679441978	1597.81	757.90	1573.66	761.12	3.4735	3.3728
1380679450316	1592.46	759.00	1569.70	763.39	3.4343	3.3608
1380679458648	1598.52	735.91	1570.68	761.89	3.4039	3.3484
1380679466981	1596.89	767.59	1572.25	757.27	3.4827	3.3533
1380679475315	1603.01	747.03	1565.54	760.18	3.4691	3.3571
1380679483648	1597.57	742.59	1558.69	764.57	3.4366	3.3699
1380679491982	1601.92	727.33	1572.55	764.05	3.4170	3.3742
1380679500315	1593.29	744.36	1560.91	758.44	3.4424	3.3651
1380679508648	1590.97	751.38	1565.47	770.59	3.4734	3.3913
1380679516982	1594.01	747.23	1569.39	779.94	3.4172	3.4133
1380679525315	1592.66	754.68	1567.76	759.07	3.4558	3.3554
1380679533647	1596.54	753.80	1562.88	767.95	3.4499	3.3601
1380679541981	1595.72	745.60	1567.95	755.45	3.4370	3.3462
1380679550313	1591.34	748.64	1568.75	758.96	3.4324	3.3683
1380679558647	1597.75	756.51	1569.47	764.43	3.4323	3.3704
1380679566981	1592.92	738.24	1565.89	770.31	3.3768	3.3826
1380679575318	1598.43	783.76	1570.09	754.86	3.5014	3.3514
1380679583650	1593.43	766.68	1569.00	759.15	3.4417	3.3494
1380679591983	1595.03	760.64	1574.32	768.78	3.4325	3.3682
1380679600317	1588.96	755.85	1565.91	762.56	3.4254	3.3516
1380679608650	1548.30	806.70	1523.68	771.67	3.4653	3.3076
1380679616984	1476.09	817.44	1473.22	818.56	3.4334	3.3786
1380679625317	1429.05	836.89	1416.47	851.35	3.4604	3.4215
1380679633649	1400.25	850.54	1376.58	868.15	3.4642	3.4387
1380679641983	1407.22	854.65	1384.32	871.91	3.4613	3.4581
1380679650316	1407.70	835.07	1393.26	859.69	3.4397	3.4390
1380679658649	1410.60	869.37	1389.90	862.36	3.4840	3.4022
1380679666983	1400.08	859.90	1384.38	854.46	3.4530	3.4031
1380679675315	1407.01	867.22	1382.28	875.58	3.4628	3.4517
1380679683649	1415.61	853.28	1386.50	866.32	3.4428	3.4373
1380679691982	1410.23	854.50	1393.60	860.56	3.4498	3.4395
1380679700315	1413.77	857.89	1386.26	876.85	3.4471	3.4648
1380679708656	1399.32	868.50	1386.40	860.40	3.4617	3.4315
1380679716989	1411.16	855.80	1396.07	855.97	3.4397	3.3946
1380679725323	1406.03	867.96	1389.72	855.40	3.4779	3.3974
1380679733656	1405.69	869.51	1382.74	875.48	3.4889	3.4452
1380679741990	1406.31	865.06	1384.24	874.11	3.4560	3.4390
1380679750323	1405.33	867.65	1383.50	876.80	3.4619	3.4180
1380679758656	1412.11	875.84	1379.49	869.82	3.4753	3.4307
1380679766989	1406.00	857.93	1379.80	874.90	3.4183	3.4483
1380679775322	1407.04	858.48	1371.75	882.82	3.4381	3.4583
1380679783655	1404.84	874.15	1376.39	880.63	3.4594	3.4631
1380679791989	1411.55	862.64	1372.15	876.75	3.4408	3.4285
1380679800321	1409.56	866.72	1376.74	885.21	3.4385	3.4460
1380679808655	1415.29	875.39	1408.90	874.35	3.4693	3.4376
1380679816989	1491.29	866.52	1495.86	882.86	3.4411	3.4258
1380679825322	1564.51	862.52	1591.98	863.84	3.4667	3.3985
1380679833655	1622.47	849.57	1627.99	878.70	3.4589	3.3912
1380679841990	1662.57	821.98	1671.23	851.95	3.4132	3.3359
1380679850323	1670.82	829.93	1649.60	862.71	3.4135	3.3367
1380679858656	1661.48	831.80	1653.05	843.06	3.4165	3.2753
1380679866989	1668.39	825.71	1650.62	872.16	3.3809	3.3285
1380679875323	1670.69	840.92	1658.00	855.19	3.4156	3.3068
1380679883656	1675.26	827.51	1650.30	860.23	3.3602	3.2927
1380679891989	1669.32	833.97	1652.22	851.50	3.3729	3.2482
1380679900323	1674.85	830.04	1648.41	850.43	3.3685	3.2586
1380679908656	1672.83	819.16	1651.74	860.70	3.3128	3.2646
1380679916989	1676.81	820.58	1650.05	849.90	3.3223	3.2267
1380679925321	1676.11	810.33	1652.54	842.81	3.3047	3.2022
1380679933655	1672.74	823.10	1656.31	839.71	3.2924	3.1712
1380679941988	1673.34	816.88	1655.16	840.71	3.2967	3.1861
1380679950322	1678.10	820.84	1661.65	836.57	3.2989	3.1546
1380679958655	1686.92	818.52	1652.29	852.92	3.2876	3.2112
1380679966988	1680.19	809.81	1655.07	855.24	3.2557	3.1856
1380679975324	1677.00	831.20	1654.72	850.89	3.2938	3.1780
1380679983657	1684.42	824.68	1655.21	840.25	3.2597	3.1462
1380679991990	1680.83	814.73	1652.07	843.12	3.2589	3.1635
1380680000323	1676.09	814.40	1653.86	843.67	3.2406	3.1759
1380680008656	1683.57	839.08	1654.93	830.02	3.2994	3.1610
1380680016989	1675.15	821.08	1653.47	849.34	3.2591	3.1713
1380680025323	1682.77	824.75	1651.60	834.92	3.2681	3.1239
1380680033656	1681.31	816.87	1653.91	847.24	3.2619	3.1548
1380680041989	1676.57	817.85	1652.37	852.14	3.2554	3.1706
1380680050322	1681.96	809.80	1649.59	836.33	3.2379	3.1366
1380680058656	1680.16	813.09	1649.67	833.00	3.2567	3.1231
1380680066989	1682.34	827.27	1651.52	843.96	3.2528	3.1419
1380680075322	1688.42	806.57	1653.88	844.09	3.2123	3.1444
1380680083654	1684.37	818.52	1653.08	850.69	3.2301	3.1656
1380680091987	1678.41	821.31	1660.40	839.32	3.2588	3.1482
1380680100328	1688.54	837.76	1655.38	850.55	3.2903	3.1615
1380680108661	1680.04	815.46	1663.01	835.70	3.2395	3.1277
1380680116994	1676.52	830.48	1652.96	861.37	3.2729	3.2074
1380680125328	1680.55	817.39	1653.88	863.20	3.2423	3.1924
1380680133661	1677.37	820.87	1661.34	837.98	3.2328	3.1486
1380680141994	1678.66	818.71	1663.54	839.37	3.2254	3.1361
1380680150328	1675.29	815.48	1644.73	835.20	3.2656	3.1703
1380680158660	1671.60	747.39	1665.93	795.90	3.2290	3.2114
1380680166993	1679.01	734.00	1665.94	755.71	3.2249	3.1708
1380680175326	1683.67	747.70	1664.14	760.48	3.2367	3.1948
1380680183660	1675.24	757.94	1662.01	771.70	3.2413	3.1942
1380680191993	1683.91	752.88	1658.23	770.01	3.2395	3.2107
1380680200327	1675.98	746.93	1654.76	759.51	3.2340	3.1858
1380680208660	1681.22	736.56	1656.43	754.41	3.2280	3.2126
1380680216993	1678.52	742.71	1660.88	758.11	3.2505	3.2054
1380680225327	1682.11	738.93	1653.21	760.38	3.2423	3.2105
1380680233664	1680.73	748.30	1649.91	760.51	3.2888	3.2056
1380680241997	1689.51	731.18	1656.70	762.13	3.2378	3.2148
1380680250331	1682.34	733.46	1653.32	760.29	3.2480	3.2153
1380680258663	1688.75	739.36	1657.23	767.05	3.2642	3.2494
1380680266997	1683.57	740.90	1658.17	759.61	3.2773	3.2350
1380680275331	1681.59	751.31	1659.96	758.33	3.2736	3.2254
1380680283664	1686.69	757.56	1660.30	767.98	3.3116	3.2698
1380680291997	1684.13	751.92	1650.73	774.21	3.2839	3.2798
1380680300330	1688.38	750.59	1657.40	770.22	3.2657	3.2679
1380680308663	1688.22	745.21	1661.62	776.55	3.2831	3.2764
1380680316996	1689.69	746.31	1660.60	778.09	3.2806	3.2910
1380680325330	1686.71	744.36	1663.28	764.72	3.3023	3.2845
1380680333663	1686.60	751.86	1664.34	766.86	3.2970	3.2790
1380680341996	1686.04	735.92	1660.01	775.81	3.2869	3.3005
1380680350330	1692.26	750.90	1664.94	765.10	3.3029	3.2785
1380680358663	1689.75	749.30	1660.93	768.46	3.3262	3.2818
1380680367001	1690.22	737.02	1660.48	769.55	3.2984	3.3118
1380680375334	1684.14	755.91	1664.14	768.43	3.3398	3.3029
1380680383667	1690.62	750.12	1665.30	768.24	3.3307	3.3136
1380680392000	1632.97	771.21	1625.42	774.15	3.3443	3.3154
1380680400333	1529.76	787.17	1540.89	790.38	3.4108	3.3375
1380680408667	1452.20	811.46	1481.88	779.17	3.3904	3.2924
1380680417000	1409.94	847.08	1411.35	821.31	3.4160	3.3316
1380680425333	1418.01	846.03	1401.25	829.73	3.3833	3.3405
1380680433667	1430.99	851.76	1424.39	810.74	3.4196	3.3660
1380680442000	1415.13	843.15	1406.24	823.40	3.3733	3.3723
1380680450333	1421.06	840.76	1398.78	831.92	3.3917	3.3728
1380680458667	1417.59	836.97	1387.93	822.88	3.3880	3.3505
1380680466999	1415.23	840.21	1396.85	815.23	3.4075	3.3639
1380680475332	1426.33	847.19	1401.78	810.66	3.4088	3.3408
1380680483666	1421.12	843.56	1404.24	818.04	3.4021	3.3461
1380680492003	1422.96	845.27	1399.07	833.43	3.4216	3.3707
1380680500336	1418.58	858.92	1399.15	843.57	3.4365	3.3986
1380680508669	1414.49	842.04	1405.38	815.56	3.3839	3.3591
1380680517003	1422.19	855.36	1396.98	823.84	3.4262	3.3566
1380680525336	1419.16	847.94	1394.89	843.62	3.4217	3.3878
1380680533670	1422.33	855.25	1394.77	848.05	3.4226	3.4397
1380680542002	1417.17	832.79	1395.43	842.42	3.3818	3.4030
1380680550335	1414.89	858.00	1402.53	824.65	3.4330	3.3712
1380680558669	1422.79	840.93	1392.25	849.29	3.4079	3.4308
1380680567002	1416.32	846.60	1397.82	834.05	3.4246	3.4033
1380680575335	1419.52	848.65	1396.63	834.84	3.4220	3.3882
1380680583668	1416.73	844.31	1392.47	839.74	3.4321	3.4066
1380680592001	1417.94	837.65	1394.69	847.92	3.4239	3.4312
1380680600334	1423.32	849.93	1389.84	848.83	3.4617	3.4290
1380680608668	1417.19	848.41	1390.77	838.07	3.4601	3.4318
1380680617001	1398.16	854.02	1385.01	843.34	3.4480	3.4263
1380680625339	1295.39	855.43	1295.37	857.36	3.4807	3.4743
1380680633672	1167.40	832.20	1195.24	836.51	3.4607	3.4479
1380680642006	1080.06	822.74	1103.86	841.39	3.4038	3.4859
1380680650339	1034.70	805.08	1046.36	810.74	3.3669	3.4566
1380680658673	1020.60	786.65	1005.63	810.64	3.3334	3.4308
1380680667006	1032.92	780.80	1036.29	820.22	3.2887	3.4454
1380680675339	1026.73	806.92	1029.28	834.23	3.3578	3.4888
1380680683673	1014.85	801.05	1019.72	826.64	3.3538	3.4670
1380680692006	1007.31	793.39	1011.29	813.07	3.3339	3.4260
1380680700338	1018.24	811.38	1018.81	810.91	3.3642	3.4144
1380680708672	1015.77	791.10	1019.43	823.70	3.3052	3.4269
1380680717005	1016.04	814.77	1020.84	816.11	3.3499	3.4060
1380680725338	1014.78	792.10	1017.31	821.27	3.2973	3.4046
1380680733672	1022.33	801.78	1012.92	812.05	3.3171	3.3994
1380680742005	1016.76	793.35	1022.61	836.28	3.2832	3.4340
