t	gaze_point_LX	gaze_point_LY	gaze_point_RX	gaze_point_RY	pupil_diameter_L	pupil_diameter_R
2418820699118	1346.63	804.68	1348.16	753.37	3.6495	3.6766
2418820707450	1352.58	782.72	1343.41	769.38	3.6210	3.7121
2418820715784	1351.72	782.02	1344.62	760.81	3.6138	3.7099
2418820724117	1350.70	778.64	1347.49	757.97	3.6088	3.6990
2418820732451	1352.15	780.56	1345.17	760.44	3.6178	3.7045
2418820740784	1352.34	791.40	1353.81	741.32	3.6327	3.6467
2418820749117	1353.10	794.38	1347.92	762.72	3.6470	3.7141
2418820757450	1348.41	766.60	1347.63	754.99	3.5765	3.7196
2418820765784	1346.60	787.51	1351.62	760.22	3.6179	3.7225
2418820774117	1342.08	768.09	1353.99	759.41	3.5895	3.7247
2418820782450	1342.41	763.18	1354.38	754.11	3.5638	3.7164
2418820790783	1347.26	771.48	1349.22	766.72	3.5952	3.7254
2418820799116	1352.47	800.37	1348.12	766.95	3.6541	3.7163
2418820807454	1354.17	778.96	1349.17	767.52	3.6019	3.7260
2418820815788	1348.33	803.36	1345.67	771.88	3.6661	3.7243
2418820824121	1348.46	785.30	1346.38	774.33	3.6038	3.7378
2418820832455	1352.92	795.83	1349.76	769.29	3.6408	3.7309
2418820840787	1354.87	746.94	1352.03	771.00	3.5231	3.7382
2418820849121	1350.55	779.81	1351.75	770.71	3.5994	3.7409
2418820857454	1350.14	811.12	1356.88	760.12	3.6627	3.7334
2418820865788	1350.44	784.95	1354.35	756.63	3.5967	3.7222
2418820874121	1353.89	753.85	1347.33	759.77	3.5617	3.7529
2418820882454	1366.05	761.20	1350.83	757.37	3.5806	3.7317
2418820890786	1359.44	792.44	1347.11	764.50	3.6470	3.7452
2418820899120	1355.90	793.29	1346.43	767.26	3.6581	3.7457
2418820907454	1356.09	789.49	1339.45	761.60	3.6534	3.7441
2418820915787	1355.39	799.06	1335.88	762.01	3.6807	3.7607
2418820924120	1345.89	722.96	1337.46	758.32	3.4911	3.7555
2418820932454	1348.71	761.77	1335.45	744.93	3.5756	3.7606
2418820940791	1344.81	762.20	1341.80	748.72	3.5588	3.7811
2418820949126	1342.86	763.13	1342.72	752.64	3.5634	3.7893
2418820957458	1349.56	784.25	1345.24	751.87	3.6124	3.7868
2418820965792	1353.84	773.61	1344.67	751.13	3.6149	3.7840
2418820974125	1349.74	787.80	1340.58	764.82	3.6779	3.7937
2418820982458	1349.75	779.27	1348.89	767.37	3.6595	3.7856
2418820990792	1353.22	767.91	1352.12	770.95	3.6662	3.8122
2418820999125	1347.14	776.66	1355.93	769.44	3.6823	3.7946
2418821007458	1349.91	774.11	1349.26	765.86	3.6645	3.7930
2418821015792	1354.17	787.87	1345.84	768.73	3.7083	3.8071
2418821024125	1351.22	775.13	1341.01	777.62	3.6737	3.8261
2418821032458	1355.63	779.43	1333.88	785.62	3.6877	3.8541
2418821040790	1350.50	761.02	1339.89	775.83	3.6457	3.8330
2418821049124	1352.54	772.10	1336.39	772.12	3.6646	3.8227
2418821057458	1350.50	778.43	1336.39	773.40	3.6768	3.8385
2418821065790	1357.54	781.99	1334.06	771.67	3.6904	3.8535
2418821074130	1356.68	761.47	1328.56	772.01	3.6458	3.8652
2418821082463	1355.67	759.19	1318.38	771.08	3.6487	3.8745
2418821090796	1352.15	756.58	1326.91	763.25	3.6548	3.8725
2418821099130	1360.57	769.51	1326.62	757.08	3.7046	3.8721
2418821107463	1342.19	758.86	1333.55	758.68	3.6656	3.8707
2418821115797	1291.50	753.21	1294.33	721.88	3.6886	3.8992
2418821124130	1267.95	761.35	1261.89	733.99	3.7281	3.9126
2418821132462	1270.43	705.77	1269.26	733.88	3.6106	3.8970
2418821140796	1281.67	769.04	1272.36	754.72	3.7079	3.9024
2418821149129	1284.99	773.88	1279.59	760.62	3.6982	3.8844
2418821157462	1281.95	788.01	1271.73	731.50	3.6826	3.9146
2418821165796	1281.42	759.05	1275.36	886.34	3.6759	3.7387
2418821174129	NaN	NaN	NaN	NaN	NaN	NaN
2418821182462	1274.18	1087.40	NaN	NaN	2.2470	NaN
2418821190796	NaN	NaN	NaN	NaN	NaN	NaN
2418821199129	NaN	NaN	NaN	NaN	NaN	NaN
2418821207465	NaN	NaN	NaN	NaN	NaN	NaN
2418821215797	NaN	NaN	NaN	NaN	NaN	NaN
2418821224131	NaN	NaN	NaN	NaN	NaN	NaN
2418821232464	NaN	NaN	NaN	NaN	NaN	NaN
2418821240797	NaN	NaN	NaN	NaN	NaN	NaN
2418821249131	NaN	NaN	NaN	NaN	NaN	NaN
2418821257464	NaN	NaN	NaN	NaN	NaN	NaN
2418821265797	NaN	NaN	NaN	NaN	NaN	NaN
2418821274131	NaN	NaN	NaN	NaN	NaN	NaN
2418821282464	NaN	NaN	NaN	NaN	NaN	NaN
2418821290797	NaN	NaN	NaN	NaN	NaN	NaN
2418821299130	NaN	NaN	NaN	NaN	NaN	NaN
2418821307464	NaN	NaN	NaN	NaN	NaN	NaN
2418821315797	NaN	NaN	NaN	NaN	NaN	NaN
2418821324129	NaN	NaN	NaN	NaN	NaN	NaN
2418821332463	NaN	NaN	NaN	NaN	NaN	NaN
2418821340802	NaN	NaN	NaN	NaN	NaN	NaN
2418821349136	NaN	NaN	NaN	NaN	NaN	NaN
2418821357469	NaN	NaN	NaN	NaN	NaN	NaN
2418821365803	NaN	NaN	NaN	NaN	NaN	NaN
2418821374135	NaN	NaN	NaN	NaN	NaN	NaN
2418821382468	NaN	NaN	NaN	NaN	NaN	NaN
2418821390802	NaN	NaN	NaN	NaN	NaN	NaN
2418821399135	NaN	NaN	NaN	NaN	NaN	NaN
2418821407468	NaN	NaN	NaN	NaN	NaN	NaN
2418821415802	NaN	NaN	NaN	NaN	NaN	NaN
2418821424134	NaN	NaN	NaN	NaN	NaN	NaN
2418821432468	NaN	NaN	NaN	NaN	NaN	NaN
2418821440802	NaN	NaN	NaN	NaN	NaN	NaN
2418821449134	NaN	NaN	NaN	NaN	NaN	NaN
2418821457468	NaN	NaN	NaN	NaN	NaN	NaN
2418821465805	NaN	NaN	NaN	NaN	NaN	NaN
2418821474138	NaN	NaN	NaN	NaN	NaN	NaN
2418821482471	NaN	NaN	NaN	NaN	NaN	NaN
2418821490805	NaN	NaN	NaN	NaN	NaN	NaN
2418821499138	NaN	NaN	NaN	NaN	NaN	NaN
2418821507471	NaN	NaN	NaN	NaN	NaN	NaN
2418821515804	NaN	NaN	NaN	NaN	NaN	NaN
2418821524138	NaN	NaN	NaN	NaN	NaN	NaN
2418821532471	NaN	NaN	NaN	NaN	NaN	NaN
2418821540805	NaN	NaN	NaN	NaN	NaN	NaN
2418821549137	NaN	NaN	NaN	NaN	NaN	NaN
2418821557470	NaN	NaN	NaN	NaN	NaN	NaN
2418821565803	NaN	NaN	NaN	NaN	NaN	NaN
2418821574137	NaN	NaN	NaN	NaN	NaN	NaN
2418821582470	NaN	NaN	NaN	NaN	NaN	NaN
2418821590803	NaN	NaN	NaN	NaN	NaN	NaN
2418821599141	NaN	NaN	NaN	NaN	NaN	NaN
2418821607475	NaN	NaN	NaN	NaN	NaN	NaN
2418821615808	NaN	NaN	NaN	NaN	NaN	NaN
2418821624142	NaN	NaN	NaN	NaN	NaN	NaN
2418821632475	NaN	NaN	NaN	NaN	NaN	NaN
2418821640807	NaN	NaN	NaN	NaN	NaN	NaN
2418821649141	NaN	NaN	NaN	NaN	NaN	NaN
2418821657474	NaN	NaN	NaN	NaN	NaN	NaN
2418821665807	NaN	NaN	NaN	NaN	NaN	NaN
2418821674140	NaN	NaN	NaN	NaN	NaN	NaN
2418821682474	NaN	NaN	NaN	NaN	NaN	NaN
2418821690807	NaN	NaN	NaN	NaN	NaN	NaN
2418821699141	NaN	NaN	NaN	NaN	NaN	NaN
2418821707474	NaN	NaN	NaN	NaN	NaN	NaN
2418821715763	NaN	NaN	NaN	NaN	NaN	NaN
2418821724051	NaN	NaN	NaN	NaN	NaN	NaN
2418821732340	NaN	NaN	NaN	NaN	NaN	NaN
2418821740673	NaN	NaN	NaN	NaN	NaN	NaN
2418821749007	NaN	NaN	NaN	NaN	NaN	NaN
2418821757340	NaN	NaN	NaN	NaN	NaN	NaN
2418821765673	NaN	NaN	NaN	NaN	NaN	NaN
2418821774042	NaN	NaN	NaN	NaN	NaN	NaN
2418821782411	NaN	NaN	NaN	NaN	NaN	NaN
2418821790780	NaN	NaN	NaN	NaN	NaN	NaN
2418821799149	NaN	NaN	NaN	NaN	NaN	NaN
2418821807481	NaN	NaN	NaN	NaN	NaN	NaN
2418821815814	NaN	NaN	NaN	NaN	NaN	NaN
2418821824148	NaN	NaN	NaN	NaN	NaN	NaN
2418821832481	NaN	NaN	NaN	NaN	NaN	NaN
2418821840814	NaN	NaN	NaN	NaN	NaN	NaN
2418821849147	NaN	NaN	NaN	NaN	NaN	NaN
2418821857481	NaN	NaN	NaN	NaN	NaN	NaN
2418821865819	NaN	NaN	NaN	NaN	NaN	NaN
2418821874152	NaN	NaN	NaN	NaN	NaN	NaN
2418821882486	NaN	NaN	NaN	NaN	NaN	NaN
2418821890818	NaN	NaN	NaN	NaN	NaN	NaN
2418821899152	NaN	NaN	NaN	NaN	NaN	NaN
2418821907485	NaN	NaN	NaN	NaN	NaN	NaN
2418821915818	NaN	NaN	NaN	NaN	NaN	NaN
2418821924151	NaN	NaN	NaN	NaN	NaN	NaN
2418821932485	1013.43	1236.88	NaN	NaN	2.7135	NaN
2418821940818	NaN	NaN	NaN	NaN	NaN	NaN
2418821949151	NaN	NaN	NaN	NaN	NaN	NaN
2418821957485	892.67	1037.34	NaN	NaN	3.7519	NaN
2418821965818	893.71	1002.48	832.74	1019.13	3.8510	3.9423
2418821974147	892.63	968.20	892.01	953.41	3.9086	4.1920
2418821982479	890.93	950.60	904.38	1004.50	3.9218	4.1323
2418821990816	886.30	912.40	892.99	966.48	3.9933	4.2054
2418821999150	889.83	912.57	894.88	930.91	4.0050	4.2860
2418822007483	899.27	918.61	895.15	908.13	3.9849	4.3177
2418822015817	894.20	940.51	891.19	893.45	3.9709	4.3385
2418822024150	888.38	935.95	891.20	888.12	3.9513	4.3801
2418822032484	898.06	937.52	895.16	897.80	3.9633	4.3602
2418822040817	896.64	942.15	890.96	895.73	3.9499	4.3556
2418822049151	892.88	934.70	897.36	917.35	3.9677	4.3096
2418822057484	900.36	931.91	894.08	923.63	3.9739	4.3169
2418822065816	896.10	927.15	897.89	933.55	3.9975	4.2921
2418822074149	893.58	916.98	900.03	935.17	3.9894	4.3069
2418822082482	897.60	911.09	894.10	920.07	4.0011	4.2975
2418822090816	893.30	909.29	903.07	923.50	3.9930	4.3136
2418822099149	901.35	916.46	904.13	924.90	4.0066	4.3051
2418822107482	904.34	914.33	899.83	919.32	4.0142	4.3063
2418822115816	894.20	912.19	896.52	917.54	4.0048	4.3054
2418822124154	896.26	913.62	900.40	922.80	4.0060	4.3205
2418822132487	902.20	916.32	897.12	926.96	4.0059	4.3251
2418822140821	910.06	913.70	897.40	922.26	4.0255	4.3050
2418822149153	900.28	908.09	898.08	924.98	4.0196	4.3242
2418822157486	899.05	905.15	902.14	915.84	4.0132	4.3288
2418822165820	904.65	908.66	898.49	921.35	4.0157	4.3157
2418822174154	906.23	912.78	895.28	918.84	4.0104	4.3214
2418822182486	904.95	917.21	901.99	915.16	4.0368	4.3340
2418822190820	901.65	915.85	893.49	920.67	4.0109	4.3229
2418822199153	910.13	915.43	898.55	924.01	4.0340	4.3284
2418822207487	909.35	922.61	889.59	925.82	4.0230	4.3291
2418822215819	908.18	920.93	889.85	925.28	4.0257	4.3391
2418822224153	900.52	923.13	887.71	935.56	4.0189	4.3287
2418822232485	903.70	932.88	882.72	938.36	4.0310	4.3236
2418822240818	896.22	930.84	882.66	933.64	4.0261	4.3270
2418822249151	900.75	928.14	882.32	930.22	4.0227	4.3210
2418822257491	891.48	927.54	880.00	934.33	4.0179	4.3231
2418822265824	891.07	919.87	888.54	929.00	4.0125	4.3132
2418822274157	888.44	919.67	890.59	929.89	4.0177	4.3250
2418822282491	887.43	918.64	893.28	919.39	4.0089	4.3119
2418822290824	879.98	908.07	884.10	924.27	3.9924	4.3241
2418822299157	944.79	884.92	956.11	907.42	3.9977	4.3300
2418822307491	1097.09	859.22	1093.67	881.24	4.0225	4.3338
2418822315824	1198.20	806.97	1199.99	807.62	4.0293	4.2948
2418822324157	1257.76	804.93	1257.48	814.59	4.0510	4.2605
2418822332490	1305.07	789.04	1299.11	800.88	4.0444	4.2395
2418822340824	1274.94	796.55	1260.98	800.74	4.0228	4.2323
2418822349157	1281.74	789.58	1276.76	791.72	4.0130	4.2478
2418822357490	1292.60	801.36	1274.72	785.43	4.0357	4.2404
2418822365824	1291.08	792.03	1271.78	771.11	4.0022	4.2193
2418822374157	1283.53	792.59	1247.64	781.65	4.0180	4.2726
2418822382494	1288.72	787.93	1258.66	778.05	4.0146	4.2960
2418822390828	1290.36	786.18	NaN	NaN	4.0096	NaN
2418822399160	1288.21	790.43	NaN	NaN	4.0069	NaN
2418822407493	1286.85	788.19	NaN	NaN	4.0004	NaN
2418822415826	1292.78	784.33	NaN	NaN	4.0067	NaN
2418822424160	1288.57	785.73	NaN	NaN	4.0019	NaN
2418822432493	1288.80	774.72	NaN	NaN	3.9871	NaN
2418822440826	1291.13	777.90	NaN	NaN	4.0069	NaN
2418822449160	1290.98	773.06	NaN	NaN	3.9901	NaN
2418822457494	1298.59	777.48	NaN	NaN	3.9962	NaN
2418822465826	1298.94	771.07	1263.14	774.28	3.9874	4.2108
2418822474160	1297.73	770.60	1268.21	781.33	3.9874	4.2197
2418822482493	1294.24	766.55	1260.34	776.71	3.9726	4.2065
2418822490825	1291.36	777.57	1261.88	782.19	3.9834	4.2012
2418822499159	1286.02	773.88	1251.94	784.43	3.9688	4.1960
2418822507493	1292.41	781.18	1255.49	785.98	3.9836	4.2131
2418822515828	1289.15	780.59	1256.02	783.87	3.9584	4.2261
2418822524162	1289.51	785.32	1259.34	785.79	3.9847	4.2091
2418822532496	1289.38	786.15	1259.80	783.96	3.9874	4.2012
2418822540829	1295.31	777.33	1263.62	785.29	3.9624	4.2032
2418822549162	1295.34	783.24	1263.98	782.30	3.9721	4.1903
2418822557496	1294.15	782.23	1262.49	778.79	3.9613	4.1676
2418822565829	1292.67	774.59	1258.65	784.34	3.9509	4.1948
2418822574161	1290.15	780.32	1255.32	775.88	3.9612	4.1864
2418822582494	1290.79	776.72	1257.81	769.47	3.9727	4.1777
2418822590828	1294.03	773.23	1254.72	757.73	3.9812	4.1852
2418822599160	1291.47	769.86	1258.52	762.25	3.9629	4.1802
2418822607493	1294.09	766.80	1262.70	760.45	3.9570	4.1810
2418822615827	1290.34	776.67	1253.45	758.89	3.9710	4.1753
2418822624160	1287.99	778.98	1264.02	766.71	3.9509	4.1699
2418822632493	1289.19	783.96	1262.80	774.19	3.9609	4.1684
2418822640827	1286.34	783.48	1264.05	777.80	3.9648	4.1550
2418822649167	1288.89	771.86	1273.05	781.48	3.9653	4.1456
2418822657499	1293.80	755.51	1266.42	786.61	3.9507	4.1615
2418822665833	1299.93	772.36	1269.19	782.42	3.9706	4.1546
2418822674167	1294.73	769.60	1268.27	772.77	3.9621	4.1660
2418822682500	1291.35	767.13	1270.03	775.78	3.9497	4.1569
2418822690833	1294.57	755.62	1268.48	784.47	3.9411	4.1478
2418822699167	1296.19	764.39	1270.69	786.19	3.9583	4.1446
2418822707500	1297.61	766.05	1272.84	783.25	3.9590	4.1449
2418822715833	1292.18	775.54	1274.58	778.37	3.9635	4.1319
2418822724167	1285.27	780.09	1270.00	778.21	3.9584	4.1520
2418822732500	1297.14	776.39	1270.35	775.04	3.9352	4.1454
2418822740832	1292.28	778.54	1261.35	768.83	3.9518	4.1426
2418822749165	1298.18	784.78	1260.40	765.67	3.9659	4.1396
2418822757498	1296.75	776.98	1259.43	770.19	3.9373	4.1366
2418822765831	1294.62	764.21	1256.28	774.01	3.9346	4.1373
2418822774165	1295.17	765.88	1262.59	789.00	3.9541	4.1465
2418822782502	1296.36	769.46	1270.69	787.02	3.9619	4.1513
2418822790836	1305.49	774.28	1270.13	772.59	3.9575	4.1502
2418822799170	1295.76	781.78	1278.85	769.15	3.9552	4.1441
2418822807503	1297.33	787.90	1285.35	771.96	3.9452	4.1631
2418822815837	1296.25	777.44	1270.85	778.18	3.9311	4.1707
2418822824169	1292.83	784.83	1265.76	772.66	3.9614	4.1525
2418822832502	1296.11	777.81	1263.25	775.49	3.9527	4.1519
2418822840836	1295.69	779.79	1265.92	772.99	3.9598	4.1772
2418822849169	1301.07	773.30	1276.41	769.33	3.9761	4.1586
2418822857502	1295.63	774.63	1273.63	779.69	3.9717	4.1571
2418822865836	1295.70	782.63	1279.69	780.50	3.9607	4.1447
2418822874169	1298.40	792.05	1280.49	782.13	3.9725	4.1519
2418822882502	1297.89	779.31	1271.14	787.99	3.9674	4.1832
2418822890836	1300.01	789.70	1268.24	776.02	4.0100	4.1728
2418822899169	1296.77	774.51	1263.62	777.94	3.9703	4.1660
2418822907505	1301.31	776.29	1263.28	776.55	3.9796	4.1848
2418822915837	1287.87	772.47	1279.70	774.63	3.9614	4.1797
2418822924171	1292.72	774.31	1281.98	784.66	3.9848	4.1836
2418822932504	1290.25	773.00	1288.73	788.72	3.9868	4.1792
2418822940837	1299.65	771.89	1283.78	785.57	3.9733	4.1767
2418822949172	1300.01	786.62	1275.91	794.92	3.9818	4.2029
2418822957505	1300.21	776.35	1280.16	779.87	3.9688	4.1982
2418822965838	1299.63	786.39	1282.75	777.03	3.9883	4.1826
2418822974172	1299.35	791.37	1277.57	778.24	3.9910	4.2003
2418822982505	1301.17	783.91	1281.02	784.16	3.9828	4.1970
2418822990838	1298.42	781.48	1279.52	784.59	3.9820	4.2146
2418822999170	1298.66	794.42	1284.58	787.91	4.0260	4.2128
2418823007504	1296.51	791.91	1281.02	791.97	4.0207	4.2066
2418823015837	1297.70	786.24	1283.23	785.65	4.0212	4.2075
2418823024170	1298.05	780.52	1289.20	778.14	4.0249	4.2128
2418823032504	1295.88	772.19	1287.08	778.87	4.0177	4.2066
2418823040845	1297.73	774.53	1288.89	784.10	4.0154	4.2364
2418823049177	1294.99	779.74	1295.16	775.49	4.0287	4.2195
2418823057511	1292.40	767.70	1288.39	772.89	4.0193	4.2247
2418823065845	1300.14	770.38	1296.92	775.18	4.0182	4.2400
2418823074176	1298.68	772.54	1295.80	773.71	4.0391	4.2323
2418823082509	1298.75	770.49	1291.84	781.76	4.0159	4.2457
2418823090843	1293.03	777.15	1291.45	782.76	4.0319	4.2298
2418823099175	1302.01	790.88	1289.69	786.99	4.0227	4.2545
2418823107510	1301.99	789.78	1283.77	783.22	4.0282	4.2579
2418823115844	1302.81	794.01	1284.31	791.37	4.0349	4.2817
2418823124177	1303.73	781.93	1288.52	773.42	4.0359	4.2644
2418823132510	1298.96	775.58	1285.67	775.47	4.0367	4.2727
2418823140844	1294.50	773.67	1287.59	767.93	4.0355	4.2878
2418823149177	1299.89	770.42	1287.55	769.14	4.0539	4.2953
2418823157510	1293.33	770.64	1294.20	761.42	4.0334	4.2742
2418823165843	1299.05	775.59	1293.74	759.26	4.0513	4.2807
2418823174179	1299.22	774.98	1288.39	761.99	4.0433	4.2975
2418823182512	1302.94	776.48	1290.38	758.27	4.0296	4.2857
2418823190845	1300.23	774.56	1295.12	761.72	4.0469	4.2856
2418823199179	1307.16	778.79	1287.51	771.36	4.0744	4.3268
2418823207512	1307.15	776.14	1289.35	766.28	4.0593	4.3092
2418823215846	1305.28	768.55	1287.28	765.00	4.0603	4.3098
2418823224179	1305.82	764.84	1287.06	779.38	4.0595	4.3269
2418823232512	1306.11	776.62	1286.25	782.61	4.0940	4.3080
2418823240845	1301.29	767.45	1286.46	778.74	4.0528	4.3218
2418823249178	1298.83	774.99	1289.52	786.24	4.0684	4.3194
2418823257511	1298.58	777.72	1287.94	796.02	4.0768	4.3556
2418823265844	1302.99	776.93	1291.07	790.48	4.0653	4.3221
2418823274177	1303.70	777.21	1284.41	795.14	4.0900	4.3446
2418823282511	1308.15	775.43	1292.85	776.72	4.0802	4.3176
2418823290844	1302.42	774.13	1282.05	777.30	4.0727	4.3331
2418823299178	1298.72	770.13	1287.16	774.57	4.0816	4.3403
2418823307516	1303.74	771.40	1286.28	774.61	4.0956	4.3360
2418823315849	1311.47	771.38	1281.01	768.40	4.1024	4.3382
2418823324182	1307.88	787.70	1286.01	766.76	4.1239	4.3288
2418823332515	1306.50	777.20	1280.48	772.89	4.0995	4.3446
2418823340848	1310.53	778.00	1280.77	759.76	4.1195	4.3372
2418823349181	1304.95	776.61	1283.02	760.81	4.1164	4.3421
2418823357515	1305.55	781.90	1279.43	759.05	4.1186	4.3423
2418823365848	1306.49	783.89	1281.26	762.22	4.1326	4.3370
2418823374182	1308.27	788.83	1277.90	763.48	4.1358	4.3351
2418823382515	1303.49	795.58	1280.33	770.76	4.1320	4.3352
2418823390848	1306.50	794.06	1277.12	778.42	4.1242	4.3377
2418823399182	1301.53	787.61	1271.12	776.51	4.1032	4.3402
2418823407515	1305.09	784.66	1279.27	774.20	4.1241	4.3220
2418823415847	1297.92	787.20	1277.67	781.91	4.1211	4.3440
2418823424180	1306.40	790.61	1281.56	777.12	4.1273	4.3339
2418823432519	1301.48	793.68	1277.90	777.25	4.1441	4.3477
2418823440852	1302.02	798.69	1282.00	776.06	4.1575	4.3412
2418823449185	1301.19	789.15	1283.94	767.12	4.1461	4.3343
2418823457519	1303.72	775.77	1287.44	769.20	4.1446	4.3489
2418823465852	1299.32	773.27	1281.64	766.15	4.1445	4.3492
2418823474185	1302.42	782.89	1283.80	761.61	4.1744	4.3527
2418823482519	1299.22	763.99	1285.48	750.25	4.1367	4.3365
2418823490852	1291.65	763.25	1281.27	753.20	4.1495	4.3579
2418823499186	1298.56	762.95	1277.93	752.49	4.1340	4.3525
2418823507517	1301.15	770.38	1273.12	751.27	4.1589	4.3444
2418823515851	1305.72	774.37	1270.38	763.08	4.1732	4.3677
2418823524185	1310.59	781.02	1281.83	756.98	4.1799	4.3517
2418823532518	1301.16	776.84	1287.09	754.54	4.1599	4.3587
2418823540851	1303.13	771.55	1281.38	751.12	4.1524	4.3602
2418823549184	1292.70	763.57	1278.41	753.14	4.1601	4.3590
2418823557517	1295.85	767.15	1274.18	755.33	4.1609	4.3460
2418823565856	1310.59	774.03	1276.34	764.99	4.1710	4.3562
2418823574189	1306.97	773.26	1276.56	773.94	4.1693	4.3679
2418823582523	1299.06	764.54	1279.93	778.23	4.1784	4.3635
2418823590855	1296.91	773.10	1272.16	776.16	4.1871	4.3604
2418823599188	1298.76	775.93	1262.09	777.97	4.1968	4.3560
2418823607522	1297.74	774.08	1262.89	773.03	4.1880	4.3461
2418823615855	1298.93	768.71	1265.43	771.85	4.1860	4.3565
2418823624189	1299.33	774.14	1260.66	768.87	4.2008	4.3717
2418823632521	1296.16	765.69	1269.52	771.91	4.1931	4.3480
2418823640854	1307.96	757.77	1280.11	776.21	4.1668	4.3562
2418823649188	1308.89	777.10	1274.63	774.99	4.1909	4.3658
2418823657521	1301.67	774.66	1266.24	775.63	4.1832	4.3615
2418823665855	1293.74	783.86	1261.60	776.60	4.1874	4.3639
2418823674187	1298.33	790.12	1262.04	775.95	4.1893	4.3833
2418823682520	1304.72	791.94	1265.79	763.70	4.1824	4.3528
2418823690854	1306.28	786.38	1273.64	765.86	4.1806	4.3591
2418823699192	1312.03	788.88	1269.10	769.74	4.1866	4.3604
2418823707524	1314.26	782.50	1270.44	771.18	4.1738	4.3739
2418823715858	1313.96	781.09	1271.18	774.25	4.1813	4.3611
2418823724191	1307.29	777.31	1273.09	778.02	4.1802	4.3604
2418823732525	1310.15	774.13	1269.77	778.58	4.1943	4.3578
2418823740858	1299.96	771.35	1270.43	774.35	4.1933	4.3705
2418823749191	1288.73	776.81	1250.94	782.28	4.2243	4.4022
2418823757523	1291.87	769.75	1260.25	791.29	4.1965	4.4188
2418823765856	1297.47	765.72	1274.13	784.99	4.1697	4.3901
2418823774191	1307.27	769.02	1273.17	776.02	4.1752	4.3931
2418823782524	1311.90	772.15	1276.12	765.65	4.1897	4.3813
2418823790857	1303.06	769.73	1265.41	767.70	4.1858	4.3928
2418823799189	1297.87	781.63	1254.59	767.61	4.2054	4.3882
2418823807522	1299.44	778.10	1253.00	774.56	4.1885	4.3840
2418823815856	1296.14	781.39	1255.69	772.13	4.1969	4.3783
2418823824192	1300.77	778.41	1254.04	769.00	4.1855	4.3622
2418823832525	1304.46	789.19	1258.66	775.76	4.2046	4.3839
2418823840858	1304.45	787.28	1256.81	767.94	4.2053	4.3808
2418823849191	1304.66	786.80	1254.77	764.02	4.1996	4.3806
2418823857525	1298.93	786.20	1258.85	763.06	4.1965	4.3936
2418823865858	1300.70	781.67	1270.73	757.59	4.2019	4.3942
2418823874191	1307.65	789.04	1275.49	759.13	4.2245	4.3923
2418823882524	1309.75	773.90	1270.70	752.88	4.2198	4.3764
2418823890858	1305.12	770.33	1261.82	762.27	4.2245	4.3950
2418823899191	1304.24	767.70	1267.26	767.48	4.2234	4.3913
2418823907525	1300.06	783.93	1266.48	766.35	4.2387	4.3858
2418823915858	1303.63	776.89	1265.87	770.30	4.2285	4.3753
2418823924191	1297.86	777.45	1264.90	771.14	4.2162	4.3825
2418823932523	1298.59	776.78	1265.29	769.13	4.2167	4.4119
2418823940857	1303.08	769.48	1267.87	772.07	4.2115	4.3990
2418823949190	1296.54	769.32	1264.13	768.58	4.2301	4.3877
2418823957530	1300.32	763.90	1264.64	764.50	4.2214	4.4124
2418823965864	1299.56	760.67	1261.88	761.02	4.2290	4.4033
2418823974197	1297.43	757.80	1271.38	756.75	4.2217	4.4040
2418823982530	1302.25	770.08	1269.11	760.52	4.2580	4.3963
2418823990864	1302.65	764.34	1268.10	761.68	4.2443	4.4165
2418823999197	1304.54	767.00	1266.27	761.09	4.2428	4.4100
2418824007530	1301.77	770.60	1273.43	754.20	4.2352	4.4152
2418824015863	1309.14	775.13	1273.23	751.46	4.2444	4.4114
2418824024196	1306.45	774.38	1268.00	753.87	4.2360	4.4259
2418824032530	1305.78	780.71	1267.60	747.24	4.2465	4.4067
2418824040862	1306.59	789.11	1257.88	770.00	4.2507	4.4466
2418824049196	1303.91	793.76	1260.28	768.10	4.2573	4.4205
2418824057529	1297.31	783.47	1259.83	772.70	4.2507	4.4307
2418824065862	1295.24	773.68	1257.96	779.68	4.2418	4.4314
2418824074196	1294.02	775.16	1258.58	772.61	4.2661	4.4273
2418824082529	1294.59	776.29	1262.38	775.85	4.2595	4.4353
2418824090868	1298.56	766.30	1257.99	775.71	4.2628	4.4351
2418824099201	1295.93	781.24	1257.35	778.82	4.2850	4.4348
2418824107535	1294.09	774.77	1261.22	773.82	4.2688	4.4292
2418824115868	1303.69	781.49	1259.52	772.44	4.2777	4.4379
2418824124201	1300.15	787.89	1264.09	770.43	4.2765	4.4417
2418824132534	1297.77	781.84	1271.51	773.18	4.2637	4.4396
2418824140868	1294.95	788.75	1272.78	777.64	4.2747	4.4523
2418824149201	1300.94	787.80	1281.20	776.50	4.2774	4.4515
2418824157535	1307.26	787.31	1285.35	779.75	4.2910	4.4546
2418824165867	1303.76	786.31	1278.83	780.41	4.2852	4.4537
2418824174201	1295.75	787.69	1269.25	778.10	4.2866	4.4476
2418824182534	1299.13	786.06	1271.34	783.62	4.2868	4.4618
2418824190867	1296.59	783.92	1263.86	786.35	4.2891	4.4814
2418824199200	1298.50	778.06	1265.71	771.44	4.2866	4.4629
2418824207533	1299.17	784.22	1271.34	765.63	4.2819	4.4618
2418824215866	1298.71	781.57	1272.81	769.95	4.2932	4.4598
2418824224203	1292.91	788.22	1272.94	776.54	4.2997	4.4653
2418824232537	1298.37	786.00	1275.59	774.18	4.2781	4.4487
2418824240870	1296.02	795.70	1273.74	781.10	4.2841	4.4647
2418824249203	1300.90	796.07	1276.38	778.59	4.2731	4.4612
2418824257536	1299.72	788.83	1287.33	778.63	4.2754	4.4688
2418824265869	1299.80	786.13	1288.22	779.96	4.2988	4.4624
2418824274203	1298.10	786.03	1284.42	782.26	4.2840	4.4633
2418824282536	1301.35	778.95	1285.71	772.34	4.2910	4.4518
2418824290869	1288.82	780.24	1279.04	770.12	4.2906	4.4495
2418824299203	1292.20	778.96	1281.22	764.55	4.3029	4.4406
2418824307536	1289.90	781.68	1275.61	760.79	4.2973	4.4512
2418824315869	1287.76	783.36	1276.12	759.13	4.2821	4.4507
2418824324202	1295.59	793.83	1274.59	760.74	4.2976	4.4453
2418824332535	1288.97	791.28	1279.09	762.26	4.2853	4.4531
2418824340869	1291.10	800.06	1275.45	754.95	4.2967	4.4483
2418824349205	1292.64	795.85	1280.61	759.04	4.2979	4.4460
2418824357538	1293.22	786.62	1275.70	761.73	4.2823	4.4633
2418824365871	1286.72	788.83	1279.39	757.19	4.2885	4.4421
2418824374205	1286.80	779.36	1280.47	758.89	4.2863	4.4186
2418824382538	1284.55	777.87	1281.84	764.63	4.2966	4.4384
2418824390871	1281.73	774.68	1281.72	762.42	4.2905	4.4280
2418824399205	1285.51	783.49	1281.18	770.73	4.3029	4.4374
2418824407538	1278.64	778.67	1275.60	764.15	4.2912	4.4331
2418824415871	1280.60	779.07	1285.68	762.33	4.2838	4.4173
2418824424205	1278.50	790.43	1286.02	768.84	4.2922	4.4317
2418824432538	1280.29	787.42	1285.01	763.03	4.2898	4.4128
2418824440871	1274.84	783.69	1285.14	776.90	4.2659	4.4388
2418824449204	1281.32	783.82	1289.98	776.19	4.2694	4.4380
2418824457537	1287.42	788.97	1291.16	767.49	4.2929	4.4286
2418824465872	1286.06	785.72	1298.71	772.63	4.2851	4.4296
2418824474205	1287.80	786.19	1298.31	762.59	4.2785	4.4140
2418824482544	1287.62	790.97	1302.77	766.64	4.2842	4.4226
2418824490878	1295.80	785.37	1299.45	768.64	4.2694	4.4070
2418824499211	1290.65	786.88	1304.69	778.65	4.2688	4.4441
2418824507544	1289.62	794.11	1304.71	777.15	4.2904	4.4281
2418824515877	1289.41	787.31	1302.15	778.75	4.2660	4.4473
2418824524211	1285.10	783.53	1304.27	776.77	4.2666	4.4293
2418824532544	1285.26	786.73	1302.69	781.65	4.2715	4.4405
2418824540877	1283.23	784.77	1300.48	776.88	4.2757	4.4282
2418824549211	1280.65	792.51	1300.54	774.74	4.2904	4.4090
2418824557543	1282.44	788.58	1297.06	777.52	4.2839	4.4200
2418824565878	1281.20	780.98	1294.54	783.60	4.2742	4.4471
2418824574209	1285.23	783.01	1288.04	780.93	4.2599	4.4448
2418824582543	1291.38	787.30	1292.07	775.80	4.2809	4.4319
2418824590877	1282.16	781.89	1295.53	776.89	4.2540	4.4284
2418824599209	1284.44	781.84	1293.33	778.83	4.2910	4.4261
2418824607542	1285.51	773.52	1290.76	779.79	4.2650	4.4337
2418824615878	1282.04	776.81	1291.12	783.71	4.2783	4.4353
2418824624211	1280.43	784.21	1294.63	783.98	4.2879	4.4402
2418824632545	1284.38	779.30	1293.16	779.01	4.2641	4.4191
2418824640878	1286.11	777.32	1296.28	774.65	4.2652	4.4241
2418824649212	1286.26	777.69	1296.74	788.46	4.2680	4.4584
2418824657545	1287.62	783.68	1295.46	777.37	4.2683	4.4404
2418824665878	1283.12	782.14	1302.47	778.02	4.2607	4.4277
2418824674212	1285.33	783.52	1298.11	770.62	4.2509	4.4354
2418824682545	1292.56	784.09	1293.74	766.60	4.2508	4.4438
2418824690878	1283.96	784.40	1293.85	762.98	4.2575	4.4404
2418824699210	1284.52	781.37	1296.76	769.47	4.2455	4.4361
2418824707544	1288.02	783.74	1296.54	767.02	4.2721	4.4318
2418824715878	1279.25	782.34	1299.08	766.22	4.2530	4.4296
2418824724210	1275.38	781.38	1296.64	764.95	4.2526	4.4341
2418824732544	1279.10	773.56	1296.48	760.98	4.2380	4.4268
2418824740877	1283.13	783.00	1300.43	764.59	4.2429	4.4301
2418824749215	1279.18	786.98	1301.46	766.33	4.2468	4.4394
2418824757549	1287.07	796.80	1307.27	767.99	4.2628	4.4161
2418824765882	1286.96	781.43	1311.52	773.60	4.2216	4.4327
2418824774215	1292.86	800.68	1308.57	778.62	4.2552	4.4154
2418824782548	1294.41	791.28	1309.57	792.45	4.2328	4.4332
2418824790881	1289.66	787.56	1310.72	785.98	4.2356	4.4078
2418824799216	1292.98	788.53	1310.72	790.17	4.2297	4.4249
2418824807549	1292.55	791.41	1306.21	791.55	4.2337	4.4163
2418824815883	1295.53	789.10	1307.70	785.04	4.2342	4.3996
2418824824215	1294.21	785.25	1312.89	783.16	4.2186	4.4037
2418824832549	1288.88	794.94	1314.44	780.99	4.2317	4.4040
2418824840882	1297.16	797.18	1313.45	776.66	4.2307	4.3950
2418824849215	1299.35	792.25	1305.93	776.32	4.2287	4.4122
2418824857548	1296.06	788.20	1302.54	774.48	4.2269	4.4184
2418824865880	1297.64	783.80	1298.93	782.19	4.2314	4.4324
2418824874218	1292.82	790.18	1292.92	785.66	4.2304	4.4174
2418824882552	1289.56	794.01	1286.36	783.20	4.2269	4.4184
2418824890885	1289.92	791.76	1291.84	785.99	4.2094	4.3894
2418824899219	1288.57	790.70	1287.85	787.27	4.2221	4.4029
2418824907552	1282.11	789.63	1283.73	791.24	4.2114	4.3985
2418824915885	1289.46	791.01	1281.54	798.87	4.2070	4.4219
2418824924218	1285.86	786.14	1291.03	801.38	4.2115	4.3999
2418824932552	1288.29	794.44	1290.58	792.01	4.2341	4.3962
2418824940885	1284.41	791.83	1288.02	794.02	4.2320	4.4003
2418824949216	1288.59	788.76	1287.01	792.14	4.2173	4.4056
2418824957550	1285.18	789.32	1292.46	785.61	4.2206	4.3804
2418824965883	1284.13	788.89	1287.78	797.74	4.2287	4.3922
2418824974217	1287.28	789.48	1287.91	792.69	4.2201	4.3894
2418824982551	1281.68	796.23	1289.02	787.10	4.2156	4.3884
2418824990884	1276.59	779.34	1287.36	786.60	4.2231	4.3995
2418824999217	1279.89	784.10	1291.48	782.44	4.2132	4.3948
2418825007557	1286.34	780.28	1291.85	779.07	4.2145	4.4088
2418825015890	1279.95	771.74	1294.97	778.55	4.2144	4.4186
2418825024224	1284.96	775.55	1294.73	778.53	4.2290	4.4188
2418825032556	1280.69	774.13	1294.50	773.40	4.2160	4.4088
2418825040889	1280.75	779.17	1296.89	776.50	4.2070	4.3940
2418825049222	1292.88	783.54	1301.48	777.33	4.2258	4.4058
2418825057555	1287.03	788.82	1295.61	782.29	4.2455	4.4277
2418825065889	1289.91	783.91	1297.73	779.21	4.2315	4.3952
2418825074222	1290.93	786.74	1291.47	788.41	4.2256	4.4157
2418825082556	1288.75	784.51	1294.53	792.35	4.2203	4.4195
2418825090888	1291.20	787.98	1292.51	790.57	4.2303	4.4242
2418825099222	1285.94	787.02	1302.12	782.29	4.2186	4.3925
2418825107556	1287.95	783.90	1293.65	784.32	4.2102	4.4128
2418825115888	1285.92	787.77	1294.58	785.80	4.2253	4.4083
2418825124220	1289.93	791.09	1290.99	786.80	4.2221	4.4163
2418825132555	1288.12	792.89	1302.37	786.56	4.2328	4.4105
2418825140892	1280.97	795.32	1302.44	782.74	4.2262	4.3988
2418825149226	1286.20	799.97	1300.82	795.37	4.2251	4.4195
2418825157558	1287.07	789.85	1302.36	785.93	4.2304	4.4052
2418825165892	1280.93	793.00	1294.54	788.79	4.2196	4.4244
2418825174225	1282.89	795.88	1299.66	793.64	4.2202	4.4274
2418825182558	1285.48	797.54	1303.36	797.69	4.2328	4.4250
2418825190892	1282.52	801.75	1300.42	795.52	4.2251	4.4238
2418825199224	1282.64	794.93	1298.32	801.24	4.2128	4.4247
2418825207557	1275.44	795.32	1298.57	802.83	4.2224	4.4477
2418825215891	1286.42	794.28	1302.62	795.73	4.2285	4.4338
2418825224224	1278.85	797.32	1299.78	797.57	4.2117	4.4343
2418825232558	1279.04	796.34	1300.20	799.25	4.2240	4.4265
2418825240891	1278.34	789.36	1302.10	799.48	4.2082	4.4376
2418825249223	1277.00	789.66	1294.83	803.91	4.2077	4.4463
2418825257556	1271.44	791.35	1290.96	803.31	4.2201	4.4439
2418825265891	1280.11	793.58	1288.58	808.43	4.2258	4.4737
2418825274229	1274.20	795.33	1293.21	796.36	4.2186	4.4321
2418825282560	1274.78	791.77	1291.53	800.55	4.2076	4.4269
2418825290894	1277.25	782.96	1289.47	799.89	4.1832	4.4368
2418825299227	1274.38	796.31	1287.74	804.51	4.2162	4.4482
2418825307560	1278.22	799.32	1286.91	802.89	4.2144	4.4601
2418825315894	1272.98	791.57	1290.52	790.98	4.1977	4.4364
2418825324227	1274.68	798.29	1289.59	796.83	4.1914	4.4548
2418825332560	1273.83	794.77	1294.19	790.87	4.1944	4.4529
2418825340895	1274.19	794.86	1297.16	781.24	4.1985	4.4315
2418825349227	1276.68	795.86	1295.34	789.40	4.1787	4.4492
2418825357562	1278.42	799.31	1301.72	788.29	4.1892	4.4341
2418825365894	1281.19	800.78	1303.25	785.10	4.1821	4.4393
2418825374227	1276.23	808.51	1303.72	781.69	4.2025	4.4325
2418825382560	1279.55	801.91	1301.81	787.24	4.1980	4.4453
2418825390894	1281.82	797.47	1304.53	785.33	4.1871	4.4498
2418825399230	1283.49	797.81	1307.01	783.05	4.1937	4.4506
2418825407563	1275.85	793.31	1302.49	787.19	4.1779	4.4581
2418825415897	1279.94	792.28	1304.91	786.37	4.1899	4.4410
2418825424230	1278.07	796.80	1306.54	780.84	4.1866	4.4515
2418825432563	1285.63	794.87	1308.65	775.91	4.1815	4.4603
2418825440897	1279.41	793.61	1309.49	772.64	4.1964	4.4156
2418825449229	1280.69	794.86	1305.02	769.95	4.1875	4.4327
2418825457561	1282.81	795.78	1307.61	769.49	4.2064	4.4386
2418825465895	1284.54	790.46	1307.47	772.54	4.1808	4.4362
2418825474228	1282.07	787.49	1299.84	776.52	4.1784	4.4588
2418825482562	1286.73	793.14	1301.29	784.11	4.1865	4.4568
2418825490895	1283.04	791.51	1300.30	782.55	4.1887	4.4584
2418825499228	1282.62	794.42	1301.56	785.82	4.1926	4.4600
2418825507561	1281.98	788.39	1306.93	776.50	4.1801	4.4419
2418825515896	1281.36	795.11	1301.17	791.01	4.2044	4.4655
2418825524229	1277.40	799.22	1306.38	792.54	4.2021	4.4839
2418825532569	1279.50	793.65	1313.71	783.29	4.1926	4.4502
2418825540903	1284.74	792.50	1307.38	784.48	4.2000	4.4528
2418825549236	1282.49	803.57	1308.99	781.15	4.2186	4.4480
2418825557569	1282.10	790.99	1308.26	779.94	4.1856	4.4497
2418825565903	1283.65	796.98	1309.83	785.59	4.1940	4.4560
2418825574236	1283.06	789.36	1312.43	780.47	4.2003	4.4576
2418825582569	1286.61	792.43	1305.10	787.90	4.2027	4.4750
2418825590903	1287.12	789.79	1311.45	781.26	4.2028	4.4626
2418825599236	1284.69	788.94	1308.11	785.70	4.2146	4.4711
2418825607570	1280.67	787.54	1309.77	789.42	4.1952	4.4833
2418825615903	1280.76	799.72	1304.81	784.57	4.2214	4.4630
2418825624235	1281.67	795.56	1308.33	795.86	4.2127	4.4765
2418825632568	1289.49	805.45	1298.89	792.97	4.2332	4.4835
2418825640902	1284.73	785.98	1304.35	792.83	4.1999	4.4595
2418825649235	1281.76	782.29	1296.77	798.07	4.1972	4.4920
2418825657567	1283.13	791.20	1301.76	788.26	4.2114	4.4618
2418825665904	1287.12	782.39	1304.35	792.52	4.2118	4.4779
2418825674238	1290.53	786.19	1301.35	794.26	4.2265	4.4710
2418825682570	1281.82	789.92	1299.98	798.33	4.2216	4.5095
2418825690905	1286.89	788.42	1301.55	793.36	4.2272	4.4802
2418825699237	1283.04	781.95	1293.32	790.76	4.2090	4.4941
2418825707569	1285.95	786.96	1289.77	786.66	4.2213	4.4807
2418825715902	1286.53	788.91	1288.85	787.20	4.2308	4.4839
2418825724237	1291.37	785.66	1284.12	780.65	4.2283	4.4883
2418825732571	1288.60	785.57	1280.27	784.92	4.2384	4.4991
2418825740903	1279.96	785.97	1284.59	779.50	4.2438	4.4950
2418825749237	1282.01	780.57	1284.16	769.80	4.2295	4.4890
2418825757570	1277.97	777.80	1286.52	771.22	4.2297	4.4858
2418825765902	1278.77	776.76	1281.65	775.61	4.2412	4.5060
2418825774236	1282.50	786.44	1287.24	775.55	4.2426	4.4912
2418825782569	1285.94	789.43	1286.66	780.89	4.2474	4.4943
2418825790905	1284.44	785.34	1280.35	781.14	4.2198	4.4911
2418825799239	1287.69	786.95	1280.91	788.94	4.2337	4.5110
2418825807572	1281.34	793.63	1286.12	783.80	4.2441	4.4931
2418825815907	1284.53	785.66	1291.38	784.75	4.2425	4.4993
2418825824240	1290.09	797.73	1294.30	775.43	4.2687	4.4810
2418825832573	1285.39	786.01	1290.69	779.78	4.2509	4.4969
2418825840906	1286.02	790.09	1297.95	778.31	4.2584	4.5083
2418825849239	1285.14	788.53	1298.17	778.87	4.2431	4.5067
2418825857574	1291.54	783.02	1296.94	775.12	4.2497	4.5152
2418825865905	1292.31	784.50	1294.40	766.65	4.2695	4.5192
2418825874239	1292.44	786.15	1302.07	759.88	4.2637	4.5061
2418825882571	1288.04	783.38	1299.70	768.11	4.2559	4.5104
2418825890904	1290.55	786.76	1295.44	767.26	4.2711	4.5193
2418825899238	1284.92	789.17	1299.52	770.65	4.2728	4.5156
2418825907571	1255.13	796.05	1272.55	767.16	4.2689	4.5429
2418825915904	1184.08	771.43	1201.45	752.37	4.2798	4.5230
2418825924242	1181.83	781.31	1200.35	740.82	4.2802	4.5324
2418825932575	1157.18	766.55	1180.82	748.49	4.2589	4.5633
2418825940909	1174.28	774.03	1202.44	736.65	4.2776	4.5229
2418825949242	1168.90	776.51	1197.19	763.74	4.2596	4.5128
2418825957575	1177.66	774.81	1177.18	768.65	4.2622	4.5259
2418825965907	1184.43	777.89	1188.07	855.28	4.2364	4.3495
2418825974241	1378.13	981.79	NaN	NaN	3.6504	NaN
2418825982574	NaN	NaN	NaN	NaN	NaN	NaN
2418825990908	NaN	NaN	NaN	NaN	NaN	NaN
2418825999242	NaN	NaN	NaN	NaN	NaN	NaN
2418826007575	NaN	NaN	NaN	NaN	NaN	NaN
2418826015908	NaN	NaN	NaN	NaN	NaN	NaN
2418826024242	NaN	NaN	NaN	NaN	NaN	NaN
2418826032575	NaN	NaN	NaN	NaN	NaN	NaN
2418826040909	NaN	NaN	NaN	NaN	NaN	NaN
2418826049241	NaN	NaN	NaN	NaN	NaN	NaN
2418826057580	NaN	NaN	NaN	NaN	NaN	NaN
2418826065914	NaN	NaN	NaN	NaN	NaN	NaN
2418826074247	NaN	NaN	NaN	NaN	NaN	NaN
2418826082580	NaN	NaN	NaN	NaN	NaN	NaN
2418826090913	NaN	NaN	NaN	NaN	NaN	NaN
2418826099247	1384.09	1094.67	NaN	NaN	2.7863	NaN
2418826107580	1484.68	1035.65	NaN	NaN	3.1534	NaN
2418826115914	1502.60	928.07	NaN	NaN	3.4742	NaN
2418826124247	NaN	NaN	NaN	NaN	NaN	NaN
2418826132579	1317.44	817.16	NaN	NaN	4.1871	NaN
2418826140913	1301.73	772.82	NaN	NaN	4.2786	NaN
2418826149246	1293.00	736.10	1245.12	701.16	4.3241	4.4609
2418826157579	1295.17	717.51	1132.66	948.44	4.3267	3.7384
2418826165912	1298.04	721.51	1337.56	852.93	4.3486	4.1367
2418826174244	1295.92	748.14	1299.34	803.33	4.3066	4.3459
2418826182579	1292.13	751.06	1293.32	774.11	4.2862	4.4401
2418826190916	1289.54	759.65	1164.27	775.20	4.2926	4.1376
2418826199250	1295.41	757.04	1290.12	739.26	4.2947	4.5280
2418826207583	1298.37	752.06	1286.45	720.36	4.2939	4.5553
2418826215916	1298.35	758.98	1277.85	720.47	4.3092	4.5595
2418826224249	1289.16	749.53	1283.53	711.47	4.2930	4.5811
2418826232582	1290.09	757.51	1288.55	713.00	4.3115	4.5920
2418826240915	1291.49	753.61	1301.69	708.26	4.3149	4.5572
2418826249248	1289.83	750.40	1287.64	727.94	4.3130	4.5853
2418826257582	1288.88	751.91	1304.48	740.23	4.3257	4.5309
2418826265915	1290.78	752.10	1301.76	745.94	4.3201	4.5365
2418826274249	1295.12	760.39	1285.59	745.25	4.3284	4.5262
2418826282582	1295.25	750.63	1288.71	746.33	4.3383	4.5299
2418826290916	1294.46	745.67	1302.03	744.13	4.3259	4.5453
2418826299249	1293.09	746.41	1314.87	742.39	4.3036	4.5437
2418826307581	1285.55	744.74	1301.87	744.84	4.2951	4.5339
2418826315920	1283.86	763.09	1305.91	752.56	4.3330	4.5351
2418826324252	1288.19	766.21	1303.92	750.88	4.3244	4.5224
2418826332586	1286.87	759.59	1297.47	754.84	4.3203	4.5352
2418826340919	1290.52	752.39	1298.85	755.68	4.3015	4.5354
2418826349252	1283.86	754.50	1298.14	747.63	4.3047	4.5283
2418826357586	1290.44	745.22	1297.91	744.66	4.2913	4.5300
2418826365920	1285.67	754.02	1301.40	736.85	4.3069	4.5078
2418826374253	1280.82	754.31	1293.72	740.43	4.3097	4.5246
2418826382586	1284.25	752.72	1302.33	739.85	4.3159	4.5240
2418826390920	1283.71	749.58	1306.05	741.31	4.2836	4.5227
2418826399253	1280.60	757.56	1304.55	741.65	4.3262	4.5449
2418826407586	1287.07	754.99	1301.06	742.18	4.3029	4.5295
2418826415918	1287.84	760.19	1298.34	746.88	4.3140	4.5344
2418826424252	1281.43	749.86	1296.93	749.01	4.2966	4.5357
2418826432586	1281.01	754.74	1297.95	740.63	4.3041	4.5268
2418826440919	1279.30	756.74	1291.18	740.04	4.3041	4.5342
2418826449258	1276.13	750.95	1297.41	741.32	4.2982	4.5335
2418826457591	1278.49	756.60	1298.43	738.57	4.3028	4.5365
2418826465924	1275.83	760.37	1300.69	736.95	4.3212	4.5233
2418826474257	1285.38	758.37	1302.84	739.44	4.3182	4.5416
2418826482590	1286.81	755.37	1301.93	735.20	4.2993	4.5247
2418826490924	1288.05	765.14	1311.48	729.81	4.3377	4.5118
2418826499256	1286.42	759.65	1305.82	741.37	4.3056	4.5467
2418826507590	1288.02	755.45	1315.07	735.12	4.3051	4.5259
2418826515923	1284.54	761.12	1312.29	731.98	4.3190	4.5268
2418826524256	1286.99	754.44	1313.76	726.78	4.3234	4.5288
2418826532590	1293.11	756.52	1307.69	731.42	4.3022	4.5392
2418826540923	1290.94	754.83	1318.27	733.27	4.3083	4.5310
2418826549257	1292.38	766.69	1309.75	736.44	4.3080	4.5379
2418826557589	1289.01	766.85	1312.43	728.58	4.3243	4.5179
2418826565922	1292.78	758.87	1311.87	738.05	4.3054	4.5278
2418826574256	1288.12	755.65	1310.23	737.73	4.2964	4.5309
2418826582593	1290.64	762.56	1310.33	736.41	4.3170	4.5307
2418826590926	1287.59	755.57	1306.81	737.55	4.3052	4.5280
2418826599259	1289.58	755.89	1307.68	738.91	4.3033	4.5380
2418826607593	1289.81	764.10	1310.08	742.76	4.3211	4.5293
2418826615926	1286.53	755.98	1309.40	735.30	4.3094	4.5296
2418826624260	1294.13	751.72	1305.47	741.07	4.3083	4.5371
2418826632593	1294.10	750.30	1304.65	733.03	4.3087	4.5216
2418826640925	1289.16	752.85	1307.01	729.78	4.3052	4.5023
2418826649259	1288.78	750.64	1303.32	732.07	4.3133	4.5206
2418826657592	1289.27	751.36	1304.51	730.78	4.3136	4.5164
2418826665925	1285.60	748.40	1302.62	735.00	4.3085	4.5324
2418826674258	1288.81	743.57	1303.15	734.79	4.2909	4.5108
2418826682592	1290.97	752.52	1306.30	738.22	4.3036	4.5323
2418826690925	1288.34	752.45	1308.36	726.19	4.3020	4.5149
2418826699258	1288.80	758.66	1308.91	733.86	4.3123	4.5122
2418826707592	1286.18	756.31	1307.85	735.66	4.3152	4.5160
2418826715928	1285.57	749.70	1304.82	732.22	4.3065	4.5072
2418826724261	1281.62	754.27	1299.46	733.79	4.3257	4.5219
2418826732594	1282.59	748.76	1301.58	727.53	4.3074	4.5237
2418826740927	1280.87	747.55	1292.92	731.12	4.3050	4.5217
2418826749260	1280.38	750.64	1295.32	729.32	4.3130	4.5227
2418826757593	1288.81	751.70	1300.06	725.80	4.3223	4.5283
2418826765927	1290.41	745.09	1295.67	734.34	4.3209	4.5361
2418826774260	1282.14	746.24	1300.45	724.24	4.3212	4.5253
2418826782594	1279.89	738.34	1298.85	731.11	4.2974	4.5289
2418826790927	1285.07	746.97	1296.88	726.26	4.3110	4.5331
2418826799261	1283.45	742.08	1301.91	730.88	4.3038	4.5365
2418826807594	1280.51	746.41	1299.65	730.46	4.3271	4.5379
2418826815927	1277.98	743.58	1299.55	723.61	4.3172	4.5228
2418826824260	1276.36	743.73	1301.67	731.70	4.3059	4.5301
2418826832593	1273.60	746.17	1302.05	725.42	4.3154	4.5222
2418826840934	1274.01	748.18	1298.98	728.38	4.3058	4.5199
2418826849267	1281.77	749.47	1299.82	732.31	4.3232	4.5257
2418826857600	1275.94	744.27	1297.60	729.38	4.3010	4.5243
2418826865934	1273.31	746.54	1294.70	728.34	4.2885	4.5124
2418826874268	1275.44	760.16	1294.52	725.05	4.3214	4.5256
2418826882601	1284.48	754.90	1296.89	724.41	4.2989	4.5048
2418826890934	1273.95	752.79	1296.35	737.82	4.3034	4.5211
2418826899267	1277.20	751.45	1295.22	724.53	4.2939	4.5135
2418826907599	1281.98	753.17	1295.62	729.30	4.3008	4.5161
2418826915933	1272.97	753.98	1298.11	734.49	4.3030	4.5126
2418826924266	1276.34	756.35	1296.05	725.82	4.2925	4.5144
2418826932599	1278.79	751.34	1293.68	734.29	4.2790	4.5144
2418826940933	1280.98	752.34	1295.94	727.47	4.2871	4.5114
2418826949266	1284.65	757.92	1300.96	728.28	4.2787	4.5134
2418826957599	1280.17	758.10	1300.50	735.46	4.2881	4.5074
2418826965933	1282.64	749.94	1292.23	739.26	4.2868	4.5013
2418826974270	1282.21	753.98	1293.97	741.89	4.2659	4.5113
2418826982602	1286.08	762.43	1296.11	751.19	4.2931	4.5004
2418826990936	1287.41	757.69	1302.75	745.54	4.2698	4.4955
2418826999269	1290.88	763.25	1298.10	750.78	4.2844	4.5112
2418827007603	1288.21	751.26	1306.34	749.12	4.2683	4.5160
2418827015936	1286.29	755.59	1303.67	746.62	4.2578	4.4934
2418827024270	1292.50	755.22	1309.45	745.91	4.2741	4.4885
2418827032603	1292.27	757.78	1305.65	742.36	4.2688	4.4905
2418827040936	1285.67	753.22	1301.22	746.71	4.2435	4.4977
2418827049270	1292.79	767.01	1300.22	750.38	4.2965	4.4963
2418827057603	1291.89	751.22	1304.92	748.27	4.2446	4.4751
2418827065935	1290.99	748.82	1303.58	743.98	4.2202	4.4655
2418827074268	1283.39	744.04	1303.27	747.39	4.2008	4.4531
2418827082601	1290.40	753.65	1301.66	747.99	4.1730	4.4389
2418827090935	1286.23	755.23	1302.52	740.55	4.1719	4.3928
2418827099268	1286.26	757.42	1303.00	747.90	4.1426	4.3862
2418827107607	1288.68	749.19	1301.84	738.61	4.1053	4.3459
2418827115940	1286.52	752.33	1307.05	739.70	4.0863	4.3294
2418827124273	1290.20	750.11	1303.16	739.87	4.0589	4.3036
2418827132607	1258.09	740.66	1280.12	728.39	4.0357	4.2789
2418827140940	1162.50	736.46	1190.17	753.95	3.9783	4.2803
2418827149272	1067.15	783.99	1096.01	808.05	3.9501	4.2792
2418827157607	993.40	798.45	1040.09	811.15	3.8899	4.2215
2418827165940	980.83	805.40	1023.08	821.10	3.8716	4.2007
2418827174274	1001.20	796.60	1037.27	812.79	3.8192	4.1707
2418827182607	989.87	800.00	1026.29	801.41	3.8195	4.1383
2418827190940	997.42	810.03	1021.68	798.11	3.8114	4.1019
2418827199273	997.04	802.13	1009.03	799.80	3.7518	4.0759
2418827207607	1005.99	822.73	1011.11	798.18	3.7743	4.0567
2418827215939	1003.06	826.66	1007.11	807.14	3.7523	4.0314
2418827224273	1007.02	841.41	1013.16	801.87	3.7876	4.0017
2418827232610	1013.02	819.99	1017.52	795.80	3.7081	3.9824
2418827240942	1000.25	803.14	1022.19	790.80	3.6402	3.9425
2418827249276	1009.61	815.95	1019.11	793.04	3.6839	3.9142
2418827257609	1002.30	806.35	1017.08	798.94	3.6592	3.9089
2418827265942	1012.26	799.13	1020.14	787.01	3.6280	3.8660
2418827274276	1018.81	794.36	1019.12	777.83	3.6203	3.8525
2418827282610	1020.05	790.79	1019.98	778.45	3.5709	3.8450
2418827290944	1014.90	795.91	1014.98	774.86	3.5868	3.8422
2418827299277	1015.83	812.48	1012.44	771.44	3.5570	3.8127
2418827307609	1021.80	818.30	1011.38	779.65	3.5513	3.8011
2418827315943	1013.05	817.12	1013.16	784.86	3.5395	3.7823
2418827324275	1015.85	813.51	1012.96	793.46	3.5310	3.7745
2418827332609	1019.38	816.43	1013.46	783.33	3.5149	3.7575
2418827340942	1015.94	810.45	1005.25	794.90	3.4874	3.7536
2418827349275	1011.29	797.50	1006.63	771.49	3.4578	3.7018
2418827357608	1019.35	798.73	1005.54	778.28	3.4682	3.7284
2418827365946	1014.18	792.02	1003.60	767.90	3.4667	3.6963
2418827374280	1016.94	800.92	1006.56	772.82	3.4804	3.7023
2418827382613	1018.16	795.58	1006.69	778.78	3.4742	3.7034
2418827390946	1005.65	761.72	1002.61	766.32	3.3700	3.6526
2418827399280	998.90	743.58	1008.10	765.62	3.3380	3.6555
2418827407613	1017.23	804.96	1010.60	777.91	3.4483	3.6604
2418827415945	1017.73	806.75	1013.31	784.23	3.4341	3.6315
2418827424279	1012.35	801.97	1006.86	791.85	3.4121	3.6229
2418827432613	1017.60	795.03	1010.21	805.99	3.4097	3.6341
2418827440945	1012.28	764.16	1012.09	799.16	3.3432	3.6394
2418827449279	1017.55	787.69	1009.58	793.44	3.3803	3.6028
2418827457613	1020.21	792.76	1008.23	806.35	3.3751	3.6202
2418827465946	1015.30	778.28	1009.41	796.31	3.3258	3.5976
2418827474279	1017.33	798.37	1011.84	786.00	3.3959	3.5923
2418827482612	1007.23	775.66	1006.63	771.92	3.3535	3.5913
2418827490944	1020.25	785.21	1008.41	777.17	3.3791	3.5915
2418827499283	1024.71	784.79	1009.80	781.74	3.3997	3.5913
2418827507617	1013.16	763.96	1009.01	773.98	3.3512	3.5798
2418827515949	1011.75	786.73	1001.50	772.90	3.4008	3.5759
2418827524283	1019.98	798.73	1005.74	772.79	3.3989	3.5867
2418827532616	1026.83	783.09	1027.35	784.04	3.3805	3.6002
2418827540950	1101.96	737.81	1097.79	734.86	3.4105	3.6621
2418827549283	1150.66	690.27	1145.79	672.90	3.4023	3.6290
2418827557616	1191.55	652.96	1188.50	668.59	3.3761	3.6261
2418827565950	1203.91	605.11	1195.81	574.81	3.3823	3.5325
2418827574284	1200.66	619.76	1186.28	596.52	3.3660	3.5581
2418827582616	1211.87	619.18	1189.26	586.47	3.3839	3.5541
2418827590950	1212.31	625.64	1187.44	589.69	3.4397	3.5620
2418827599284	1208.99	641.29	1192.39	589.96	3.4107	3.5476
2418827607616	1209.78	637.68	1188.90	614.93	3.4398	3.5735
2418827615950	1209.43	625.86	1187.08	599.24	3.4475	3.5841
2418827624283	1198.51	592.54	1187.11	594.52	3.3878	3.5881
2418827632621	1210.54	618.72	1193.49	575.19	3.4350	3.5391
2418827640955	1210.50	596.15	1193.14	602.61	3.3669	3.5764
2418827649288	1205.63	616.48	1191.33	592.21	3.3933	3.5389
2418827657621	1215.81	608.53	1186.38	611.04	3.3960	3.5874
2418827665954	1214.98	604.15	1190.29	618.67	3.4165	3.6297
2418827674288	1216.04	608.27	1196.41	580.15	3.4295	3.5692
2418827682621	1210.79	633.38	1191.72	577.72	3.4742	3.5555
2418827690955	1208.31	626.82	1187.20	630.29	3.4466	3.6291
2418827699287	1208.29	619.24	1188.42	619.40	3.4254	3.6056
2418827707620	1207.05	623.32	1187.63	601.91	3.4579	3.5818
2418827715953	1202.65	620.98	1195.86	615.23	3.4503	3.6100
2418827724288	1203.10	629.73	1190.01	618.66	3.4795	3.6357
2418827732621	1199.96	607.57	1195.23	610.76	3.4290	3.6050
2418827740955	1198.94	601.15	1191.30	612.79	3.4225	3.6231
2418827749287	1199.26	604.81	1196.44	583.07	3.4375	3.5849
2418827757622	1198.36	597.87	1194.40	623.47	3.4360	3.6691
2418827765955	1196.49	610.86	1188.94	614.48	3.4617	3.6408
2418827774289	1202.57	630.23	1187.89	596.51	3.5189	3.6256
2418827782622	1205.60	613.67	1191.61	627.43	3.4850	3.7040
2418827790955	1197.42	606.19	1190.84	614.40	3.4964	3.6633
2418827799289	1201.17	621.15	1194.61	617.29	3.5285	3.6845
2418827807622	1202.72	621.49	1193.12	607.36	3.5352	3.6679
2418827815956	1197.21	617.29	1192.07	611.73	3.5205	3.6975
2418827824288	1238.71	572.12	1240.18	562.23	3.4994	3.6948
2418827832621	1275.42	543.92	1268.91	506.29	3.4910	3.6292
2418827840955	1264.08	535.86	1241.58	541.33	3.4845	3.7078
2418827849287	1273.23	511.72	1248.73	516.91	3.4670	3.6897
2418827857620	1270.11	505.03	1247.22	526.70	3.4866	3.7018
2418827865954	1264.63	512.84	1249.19	521.16	3.4829	3.7077
2418827874288	1264.33	525.95	1251.29	528.68	3.4911	3.6850
2418827882621	1268.19	539.48	1251.11	510.21	3.5107	3.6480
2418827890962	1274.79	542.77	1258.82	512.71	3.5142	3.6567
2418827899295	1270.28	536.31	1249.60	505.48	3.5125	3.6694
2418827907628	1274.81	525.25	1248.26	532.81	3.5193	3.7255
2418827915961	1269.98	519.95	1250.46	525.32	3.5105	3.7270
2418827924294	1272.59	506.18	1260.28	496.22	3.5087	3.6802
2418827932628	1266.95	519.02	1252.67	512.02	3.5269	3.7440
2418827940962	1270.00	522.12	1255.01	519.78	3.5190	3.7767
2418827949294	1269.66	538.75	1248.98	500.52	3.5342	3.7214
2418827957628	1265.33	528.92	1254.91	480.85	3.5132	3.6929
2418827965962	1267.33	521.74	1255.47	510.34	3.5148	3.7422
2418827974294	1270.65	531.97	1254.62	554.19	3.5538	3.8057
2418827982627	1273.90	535.64	1265.14	511.44	3.5917	3.7361
2418827990961	1292.42	510.47	1289.93	510.15	3.5540	3.7978
2418827999294	1380.54	528.59	1371.21	601.07	3.5965	3.9032
2418828007627	1483.53	567.61	1467.48	568.00	3.5971	3.8379
2418828015960	1530.77	581.05	1520.51	601.65	3.5942	3.8188
2418828024299	1564.14	595.32	1548.63	635.26	3.6419	3.8278
2418828032632	1546.31	621.44	1519.11	615.47	3.6810	3.8073
2418828040965	1558.74	592.60	1535.93	614.12	3.6229	3.8014
2418828049299	1558.89	594.18	1547.43	606.46	3.6579	3.7977
2418828057631	1564.07	577.89	1532.46	623.26	3.6420	3.8677
2418828065964	1562.54	585.56	1523.33	599.65	3.6446	3.8409
2418828074298	1558.59	614.26	1526.92	591.39	3.6863	3.8469
2418828082631	1564.72	597.23	1524.66	593.78	3.6464	3.8378
2418828090964	1557.41	602.99	1539.16	598.07	3.6679	3.8368
2418828099298	1552.84	601.54	1536.98	591.17	3.6724	3.8291
2418828107631	1556.58	617.64	1537.44	593.71	3.6906	3.8392
2418828115965	1557.04	599.26	1537.55	582.30	3.6535	3.8375
2418828124297	1559.70	603.71	1526.52	597.23	3.6723	3.8813
2418828132631	1555.86	599.95	1509.41	629.50	3.6699	3.9410
2418828140965	1558.40	579.48	1510.06	623.26	3.6624	3.9059
2418828149298	1557.38	598.18	1517.07	631.08	3.6989	3.8986
2418828157636	1558.22	596.45	1524.86	645.39	3.6978	3.9253
2418828165969	1561.18	586.59	1523.96	612.40	3.6826	3.8880
2418828174302	1562.77	590.59	1527.39	614.47	3.6849	3.9129
2418828182635	1557.91	606.68	1531.43	589.51	3.7220	3.8831
2418828190968	1554.01	592.19	1529.44	583.81	3.6965	3.8887
2418828199302	1549.21	587.11	1517.51	610.76	3.6841	3.9412
2418828207635	1546.50	592.43	1537.78	585.23	3.6978	3.8692
2418828215969	1549.00	589.87	1531.88	596.10	3.7037	3.9121
2418828224302	1550.71	579.25	1529.79	600.75	3.6946	3.9165
2418828232635	1559.35	589.09	1529.06	612.75	3.7105	3.9379
2418828240968	1560.93	576.99	1515.81	621.33	3.7028	3.9666
2418828249301	1562.95	593.60	1517.52	609.25	3.7406	3.9537
2418828257634	1559.54	570.74	1514.83	621.67	3.6639	3.9724
2418828265967	1561.18	565.86	1520.21	627.49	3.6727	3.9729
2418828274301	1558.40	570.29	1520.11	619.23	3.6956	3.9640
2418828282639	1558.00	584.39	1532.78	613.99	3.7089	3.9247
2418828290972	1549.62	588.41	1529.78	609.84	3.7017	3.9418
2418828299306	1547.35	591.62	1530.42	630.91	3.7072	3.9925
2418828307639	1549.36	609.07	1532.25	619.62	3.7396	3.9526
2418828315972	1555.85	603.49	1533.14	610.05	3.7247	3.9487
2418828324306	1560.06	621.89	1528.83	630.71	3.7605	3.9710
2418828332638	1567.67	601.77	1525.32	633.31	3.7164	3.9602
2418828340972	1558.20	614.01	1519.34	650.28	3.7188	3.9630
2418828349306	1568.64	588.84	1518.98	639.07	3.7067	3.9659
2418828357639	1562.47	600.95	1528.29	617.59	3.7098	3.9482
2418828365972	1567.12	618.53	1521.29	609.42	3.7335	3.9690
2418828374305	1555.68	628.21	1509.76	667.01	3.7506	3.9938
2418828382639	1553.11	720.54	1521.45	691.60	3.7671	3.8866
2418828390972	1546.20	774.10	1514.56	714.69	3.8039	3.8955
2418828399306	1552.09	766.79	1515.73	738.36	3.8009	3.9139
2418828407638	1536.95	770.25	1520.93	716.23	3.8158	3.8959
2418828415975	1547.52	750.45	1519.04	727.14	3.7249	3.8939
2418828424309	1549.64	764.52	1517.03	717.91	3.7933	3.9118
2418828432642	1544.09	759.65	1516.00	717.80	3.8009	3.9230
2418828440975	1542.00	768.61	1514.12	719.68	3.7921	3.9022
2418828449309	1543.33	775.09	1509.81	716.67	3.7953	3.9107
2418828457641	1552.96	757.32	1509.51	716.82	3.7641	3.8963
2418828465975	1554.16	749.67	1512.70	729.50	3.7645	3.9126
2418828474309	1547.53	751.31	1512.83	729.01	3.7599	3.8993
2418828482642	1552.76	775.69	1516.27	735.49	3.8165	3.9020
2418828490974	1554.03	770.24	1517.94	728.55	3.7912	3.9260
2418828499307	1552.05	744.43	1516.40	721.68	3.7352	3.9376
2418828507641	1557.86	708.17	1515.99	714.81	3.6831	3.8984
2418828515974	1560.41	757.19	1510.53	733.68	3.7478	3.9183
2418828524308	1560.66	728.87	1513.74	734.10	3.6844	3.9197
2418828532641	1556.14	749.27	1516.05	712.90	3.7682	3.9214
2418828540974	1551.87	762.94	1514.96	713.34	3.7780	3.9288
2418828549312	1554.60	775.43	1518.21	728.86	3.8086	3.9368
2418828557646	1554.60	761.67	1518.57	726.45	3.7466	3.9318
2418828565979	1550.34	757.11	1518.06	733.56	3.7661	3.9346
2418828574312	1548.68	749.76	1523.81	730.57	3.7742	3.9202
2418828582645	1501.63	777.49	1473.08	730.33	3.7646	3.9241
2418828590977	1401.73	823.88	1377.26	821.51	3.7255	3.9243
2418828599310	1369.86	871.15	1341.74	848.91	3.7070	3.9603
2418828607645	1339.44	869.40	1323.30	841.43	3.6924	3.9614
2418828615978	1358.87	863.46	1336.80	843.99	3.6877	3.9607
2418828624311	1349.51	868.48	1323.81	842.54	3.6834	3.9606
2418828632645	1353.00	868.38	1320.52	850.82	3.6959	3.9623
2418828640978	1351.02	863.74	1319.46	846.61	3.7001	3.9703
2418828649311	1358.12	864.42	1319.98	844.39	3.7203	3.9565
2418828657645	1354.94	862.95	1326.79	848.90	3.7066	3.9574
2418828665978	1360.61	870.85	1322.64	853.30	3.7145	3.9581
2418828674316	1363.22	872.50	1323.73	855.26	3.7081	3.9476
2418828682649	1357.71	874.25	1322.86	856.55	3.7074	3.9563
2418828690982	1363.41	869.07	1327.93	857.26	3.7198	3.9545
2418828699316	1352.83	869.93	1322.22	860.70	3.7116	3.9688
2418828707649	1354.39	873.01	1322.30	856.10	3.7322	3.9714
2418828715983	1359.79	875.26	1326.73	852.79	3.7358	3.9765
2418828724316	1357.56	869.46	1325.12	856.47	3.7315	3.9784
2418828732650	1356.16	866.57	1322.77	851.56	3.7281	3.9818
2418828740983	1357.11	866.33	1325.92	854.54	3.7302	3.9834
2418828749315	1355.25	863.11	1328.24	856.47	3.7426	3.9925
2418828757649	1350.98	868.29	1325.08	857.96	3.7428	3.9919
2418828765982	1347.38	868.83	1327.63	856.23	3.7340	3.9888
2418828774315	1352.72	874.88	1324.54	859.57	3.7417	3.9993
2418828782649	1353.12	868.36	1323.58	859.04	3.7249	3.9955
2418828790982	1354.03	869.00	1327.28	857.13	3.7364	4.0029
2418828799315	1353.94	875.48	1331.51	854.08	3.7592	3.9977
2418828807654	1356.11	862.71	1324.18	857.38	3.7467	4.0179
2418828815987	1356.24	857.51	1325.36	848.87	3.7529	4.0136
2418828824320	1356.35	856.36	1326.03	848.84	3.7578	4.0162
2418828832653	1349.75	857.12	1327.14	852.41	3.7755	4.0136
2418828840986	1353.24	844.80	1329.86	851.45	3.7649	4.0207
2418828849318	1349.70	856.68	1331.90	846.62	3.7902	4.0181
2418828857652	1348.90	852.55	1326.76	847.30	3.7629	4.0017
2418828865985	1354.76	855.13	1329.99	852.91	3.7863	4.0286
2418828874318	1354.81	855.17	1324.86	852.57	3.7842	4.0053
2418828882652	1356.99	855.44	1330.15	858.83	3.7696	4.0186
2418828890985	1352.95	851.49	1325.54	860.84	3.7687	4.0210
2418828899318	1349.43	859.43	1325.50	857.20	3.7949	4.0038
2418828907652	1348.46	859.25	1322.71	848.62	3.7998	3.9985
2418828915985	1344.94	864.05	1325.73	846.69	3.8024	4.0098
2418828924318	1336.31	871.05	1320.84	834.23	3.7945	3.9938
2418828932651	1346.45	879.61	1325.05	840.79	3.7990	3.9917
2418828940989	1345.24	872.63	1323.29	839.50	3.7876	4.0080
2418828949322	1345.32	878.55	1322.70	839.28	3.8052	4.0096
2418828957655	1354.12	871.84	1322.50	837.40	3.8084	4.0030
2418828965989	1353.80	872.86	1321.94	842.22	3.8178	3.9995
2418828974322	1358.94	875.16	1328.00	843.35	3.8247	4.0002
2418828982656	1359.64	864.82	1321.80	851.14	3.8031	4.0017
2418828990989	1360.73	859.10	1321.17	854.96	3.8242	3.9755
2418828999322	1364.23	863.32	1316.27	854.14	3.8265	3.9863
2418829007656	1354.11	862.02	1316.40	856.09	3.8244	3.9902
2418829015988	1359.99	866.28	1315.77	847.83	3.8476	3.9932
2418829024321	1354.58	869.59	1318.44	852.46	3.8233	3.9954
2418829032655	1349.98	870.31	1317.82	838.42	3.8238	3.9840
2418829040987	1353.14	876.38	1321.51	844.96	3.8359	3.9952
2418829049321	1351.53	868.01	1323.94	857.67	3.8363	3.9943
2418829057656	1347.87	864.69	1324.62	860.46	3.8286	3.9951
2418829065989	1346.09	870.85	1330.24	854.74	3.8452	3.9804
2418829074326	1343.50	861.51	1325.96	860.06	3.8584	3.9850
2418829082659	1339.02	861.12	1323.97	855.35	3.8504	3.9883
2418829090993	1340.96	870.87	1329.66	848.92	3.8672	4.0019
2418829099325	1341.52	871.93	1326.20	848.65	3.8850	4.0022
2418829107658	1345.77	866.57	1327.84	850.43	3.8556	3.9868
2418829115992	1346.24	866.10	1325.05	850.65	3.8549	3.9962
2418829124325	1352.77	863.12	1325.02	860.74	3.8447	3.9988
2418829132659	1350.11	868.21	1318.30	866.60	3.8803	4.0030
2418829140992	1350.63	857.83	1322.69	859.49	3.8454	4.0029
2418829149325	1353.05	870.38	1316.86	853.25	3.8479	3.9913
2418829157658	1351.68	878.28	1317.01	849.82	3.8805	4.0072
2418829165992	1357.18	877.64	1321.26	848.77	3.8501	4.0173
2418829174326	1357.03	876.89	1326.37	844.62	3.8513	3.9952
2418829182658	1358.65	884.66	1318.22	840.54	3.8900	3.9849
2418829190992	1358.75	884.88	1320.14	841.60	3.8872	3.9995
2418829199330	1357.12	877.01	1322.82	853.52	3.8707	3.9940
2418829207663	1358.07	875.80	1322.10	853.38	3.8632	3.9969
2418829215997	1358.49	877.95	1326.74	856.16	3.8669	3.9770
2418829224330	1351.73	868.86	1324.90	857.29	3.8608	4.0032
2418829232663	1355.73	881.50	1317.61	858.28	3.8867	3.9856
2418829240997	1351.65	867.28	1324.77	852.57	3.8689	4.0062
2418829249330	1355.96	868.09	1325.21	858.62	3.8730	3.9996
2418829257663	1353.68	876.00	1328.90	859.45	3.8689	4.0186
2418829265996	1351.17	871.42	1323.50	853.25	3.8689	3.9997
2418829274328	1352.30	876.37	1325.21	855.83	3.8689	3.9879
2418829282661	1346.90	868.17	1331.53	857.68	3.8633	3.9926
2418829290994	1350.38	865.09	1327.07	858.55	3.8423	4.0017
2418829299329	1353.64	886.28	1327.93	855.61	3.8880	3.9817
2418829307662	1351.54	865.77	1328.59	864.09	3.8637	4.0157
2418829315995	1347.86	871.83	1335.42	860.18	3.8769	3.9966
2418829324328	1347.61	885.34	1335.52	863.04	3.8639	4.0285
2418829332667	1355.76	872.34	1340.29	863.33	3.8546	4.0060
2418829341000	1344.33	881.26	1337.59	851.78	3.8482	3.9690
2418829349334	1344.61	873.24	1333.51	856.50	3.8479	4.0045
2418829357666	1349.47	888.88	1331.27	855.87	3.8837	4.0006
2418829366000	1344.01	882.11	1333.34	853.51	3.8603	4.0034
2418829374333	1339.44	880.30	1336.18	851.44	3.8500	4.0084
2418829382666	1339.48	882.75	1329.79	853.85	3.8610	4.0275
2418829391000	1342.01	884.73	1333.09	851.36	3.8642	4.0130
2418829399333	1346.39	887.24	1329.64	843.74	3.8822	3.9860
2418829407666	1345.19	884.78	1331.12	842.26	3.8546	3.9986
2418829415999	1349.18	879.42	1334.68	855.77	3.8575	4.0082
2418829424333	1344.03	884.09	1334.81	846.12	3.8675	4.0085
2418829432666	1346.03	876.77	1334.28	862.36	3.8579	4.0092
2418829440999	1346.04	874.49	1333.14	857.02	3.8785	3.9987
2418829449332	1345.81	878.93	1332.55	853.55	3.8695	4.0031
2418829457665	1346.72	869.33	1331.26	850.51	3.8599	3.9868
2418829466003	1345.74	873.63	1339.98	864.55	3.8628	4.0140
2418829474337	1344.28	881.83	1328.40	844.84	3.8723	4.0005
2418829482670	1342.88	882.68	1333.43	853.78	3.8819	4.0092
2418829491003	1338.60	883.23	1337.76	844.33	3.8643	3.9964
2418829499336	1336.00	879.53	1336.92	839.75	3.8797	4.0068
2418829507670	1333.82	879.76	1330.68	841.22	3.8775	4.0093
2418829516004	1334.76	868.51	1326.95	859.76	3.8722	4.0224
2418829524336	1334.61	875.15	1335.02	857.12	3.8929	3.9982
2418829532669	1332.78	870.30	1327.26	857.00	3.8723	4.0204
2418829541002	1334.84	865.60	1331.81	856.61	3.8860	4.0073
2418829549336	1331.88	872.04	1338.58	868.40	3.8951	4.0171
2418829557669	1330.12	865.63	1333.38	864.11	3.8768	4.0347
2418829566002	1339.01	868.05	1334.66	868.48	3.8869	4.0147
2418829574335	1332.97	875.72	1332.02	865.76	3.8865	4.0369
2418829582668	1326.39	873.24	1333.21	856.23	3.8796	4.0221
2418829591002	1335.28	883.76	1337.88	862.41	3.8981	4.0330
2418829599341	1342.39	888.31	1338.06	855.34	3.8961	4.0334
2418829607673	1339.59	885.53	1331.11	848.89	3.8945	4.0406
2418829616007	1342.84	893.18	1334.25	852.23	3.9152	4.0411
2418829624339	1335.55	880.30	1337.27	844.50	3.8764	4.0305
2418829632673	1339.90	882.05	1336.93	848.18	3.8955	4.0564
2418829641006	1341.17	886.25	1333.77	848.04	3.9041	4.0585
2418829649340	1337.52	888.10	1335.89	846.21	3.9025	4.0388
2418829657673	1333.51	891.19	1336.77	851.43	3.9153	4.0271
2418829666006	1337.12	889.73	1336.08	858.23	3.9032	4.0514
2418829674340	1332.10	872.38	1333.71	868.97	3.8856	4.0550
2418829682673	1335.07	878.46	1334.22	867.64	3.8969	4.0503
2418829691006	1338.01	871.68	1333.07	869.02	3.8922	4.0532
2418829699340	1343.30	873.23	1323.70	865.58	3.8910	4.0605
2418829707672	1344.48	882.28	1322.79	864.09	3.8979	4.0606
2418829716005	1346.43	886.45	1320.83	860.52	3.9289	4.0581
2418829724341	1347.49	883.75	1323.75	869.54	3.9063	4.0708
2418829732675	1344.39	894.50	1329.64	866.46	3.9125	4.0722
2418829741007	1345.95	887.33	1323.27	865.68	3.9056	4.0628
2418829749341	1340.37	887.21	1324.71	868.79	3.9002	4.0844
2418829757675	1339.57	889.14	1325.83	862.80	3.9080	4.0807
2418829766008	1338.51	884.64	1328.58	864.10	3.9058	4.0953
