t	gaze_point_LX	gaze_point_LY	gaze_point_RX	gaze_point_RY	pupil_diameter_L	pupil_diameter_R
2417841400871	1291.02	709.44	1302.59	715.40	3.3518	3.4684
2417841409204	1298.25	751.74	1281.53	750.54	3.4337	3.5446
2417841417541	1287.80	729.23	1281.26	743.20	3.3862	3.5340
2417841425874	1300.63	742.70	1286.79	743.26	3.4183	3.5167
2417841434207	1294.84	713.41	1284.56	737.91	3.3376	3.5090
2417841442541	1297.86	724.38	1279.73	736.56	3.3678	3.5046
2417841450874	1299.23	714.45	1277.19	746.36	3.3571	3.5353
2417841459207	1291.68	718.81	1277.43	736.55	3.3592	3.4946
2417841467541	1293.72	714.09	1281.35	734.59	3.3528	3.5210
2417841475874	1298.13	735.59	1279.71	737.94	3.3843	3.5238
2417841484207	1290.91	755.75	1279.71	731.82	3.4384	3.5000
2417841492541	1293.44	739.19	1278.11	734.95	3.4009	3.5197
2417841500873	1293.85	742.32	1279.91	732.66	3.4091	3.5151
2417841509206	1288.48	731.89	1275.86	738.09	3.3914	3.5178
2417841517540	1282.87	721.30	1279.88	739.98	3.3413	3.5112
2417841525873	1286.57	695.40	1274.30	731.71	3.2713	3.4986
2417841534206	1285.50	722.40	1279.51	747.42	3.3391	3.5138
2417841542540	1290.25	707.41	1280.81	747.38	3.3156	3.5087
2417841550878	1283.03	748.85	1284.76	757.29	3.3989	3.5175
2417841559211	1289.77	703.97	1279.81	755.32	3.3021	3.5074
2417841567545	1298.48	683.82	1284.08	756.30	3.2633	3.5154
2417841575878	1290.84	729.40	1287.40	752.97	3.3444	3.4858
2417841584210	1290.41	733.27	1284.02	737.94	3.3694	3.5063
2417841592544	1292.98	740.80	1285.99	739.88	3.3788	3.4946
2417841600875	1296.60	722.38	1279.86	738.75	3.3548	3.5097
2417841609210	1286.68	707.19	1279.41	734.93	3.3206	3.5123
2417841617544	1292.59	737.27	1280.48	736.04	3.3920	3.5119
2417841625877	1289.73	744.53	1280.82	744.68	3.3930	3.5245
2417841634210	1288.06	720.58	1278.20	747.80	3.3503	3.5425
2417841642543	1295.52	733.83	1278.24	735.77	3.3837	3.5263
2417841650877	1293.33	732.50	1280.40	731.95	3.3795	3.5106
2417841659210	1291.64	738.05	1279.23	734.96	3.3978	3.5210
2417841667543	1289.43	730.18	1274.56	715.64	3.4118	3.4983
2417841675876	1291.04	723.17	1279.78	733.70	3.3644	3.5298
2417841684214	1290.99	715.58	1284.33	740.46	3.3554	3.5430
2417841692547	1296.03	737.90	1275.04	741.16	3.4072	3.5709
2417841700881	1297.63	730.34	1284.71	736.55	3.3811	3.5525
2417841709214	1300.25	723.75	1283.40	742.31	3.3703	3.5658
2417841717547	1300.25	741.25	1285.72	734.82	3.4118	3.5552
2417841725881	1300.11	722.13	1287.28	744.89	3.3748	3.5590
2417841734214	1300.09	747.20	1289.31	739.99	3.4239	3.5471
2417841742547	1295.29	675.61	1288.18	746.67	3.2645	3.5752
2417841750881	1300.50	741.30	1286.14	741.50	3.4222	3.5657
2417841759211	1295.69	714.75	1292.91	744.98	3.3661	3.5693
2417841767546	1295.68	715.39	1293.53	739.15	3.3595	3.5853
2417841775880	1298.16	741.65	1292.99	740.70	3.4370	3.5865
2417841784213	1297.84	731.22	1289.57	731.77	3.4013	3.5925
2417841792546	1297.78	744.58	1284.31	739.30	3.4612	3.6184
2417841800880	1299.41	759.40	1285.49	738.75	3.4906	3.6076
2417841809217	1302.38	760.57	1282.49	736.56	3.4775	3.6015
2417841817550	1302.70	762.95	1284.37	731.70	3.5003	3.6100
2417841825884	1305.33	756.10	1283.88	704.98	3.4799	3.5586
2417841834217	1311.41	755.21	1283.78	702.73	3.4756	3.5500
2417841842550	1299.96	709.27	1290.52	735.20	3.3821	3.6320
2417841850883	1301.29	722.55	1288.27	724.70	3.4189	3.6204
2417841859214	1303.56	751.04	1286.49	748.39	3.4983	3.6518
2417841867549	1301.05	722.19	1287.03	725.91	3.4228	3.5783
2417841875883	1302.01	742.61	1290.83	735.31	3.4950	3.5881
2417841884217	1298.29	760.02	1292.97	728.08	3.5241	3.5662
2417841892547	1296.71	749.05	1289.56	726.55	3.4825	3.5786
2417841900881	1300.27	715.92	1287.86	720.71	3.4289	3.5544
2417841909214	1297.11	751.91	1286.04	753.47	3.4659	3.6238
2417841917547	1298.77	705.97	1284.81	764.57	3.3933	3.6662
2417841925881	1294.13	719.18	1289.03	751.64	3.4122	3.6130
2417841934213	1296.11	722.83	1292.42	755.99	3.4079	3.6239
2417841942552	1298.42	751.00	1291.00	748.03	3.4751	3.5882
2417841950886	1303.41	751.84	1293.26	744.36	3.4679	3.5970
2417841959219	1296.39	721.24	1296.20	717.61	3.3803	3.5413
2417841967553	1294.34	740.57	1291.02	750.23	3.4298	3.6208
2417841975888	1295.22	703.32	1296.61	744.10	3.3310	3.6019
2417841984221	1294.43	747.51	1303.51	756.48	3.4031	3.5623
2417841992554	1292.64	763.60	1301.69	775.52	3.3910	3.5681
2417842000888	1297.13	797.72	1312.43	707.36	3.3764	3.3862
2417842009221	1317.83	819.91	1317.88	848.83	3.3134	3.4523
2417842017553	NaN	NaN	NaN	NaN	NaN	NaN
2417842025885	NaN	NaN	NaN	NaN	NaN	NaN
2417842034220	NaN	NaN	NaN	NaN	NaN	NaN
2417842042553	NaN	NaN	NaN	NaN	NaN	NaN
2417842050887	NaN	NaN	NaN	NaN	NaN	NaN
2417842059220	NaN	NaN	NaN	NaN	NaN	NaN
2417842067554	NaN	NaN	NaN	NaN	NaN	NaN
2417842075891	NaN	NaN	NaN	NaN	NaN	NaN
2417842084224	NaN	NaN	NaN	NaN	NaN	NaN
2417842092557	NaN	NaN	NaN	NaN	NaN	NaN
2417842100890	NaN	NaN	NaN	NaN	NaN	NaN
2417842109223	NaN	NaN	NaN	NaN	NaN	NaN
2417842117556	NaN	NaN	NaN	NaN	NaN	NaN
2417842125890	NaN	NaN	NaN	NaN	NaN	NaN
2417842134223	NaN	NaN	NaN	NaN	NaN	NaN
2417842142557	NaN	NaN	NaN	NaN	NaN	NaN
2417842150890	1332.20	934.03	NaN	NaN	3.1870	NaN
2417842159223	1310.95	803.32	NaN	NaN	3.0906	NaN
2417842167556	1300.54	717.66	NaN	NaN	3.0589	NaN
2417842175889	1305.36	766.38	NaN	NaN	3.1977	NaN
2417842184223	1302.76	813.95	1318.12	846.23	3.1978	3.3040
2417842192555	1309.68	826.20	1324.38	782.48	3.2171	3.3291
2417842200888	1312.05	809.33	1326.95	772.16	3.1944	3.3325
2417842209228	1312.81	816.62	1326.18	802.32	3.2225	3.3313
2417842217560	1314.01	777.69	1325.43	819.23	3.1548	3.3152
2417842225895	1314.51	770.88	1325.52	800.51	3.1742	3.2318
2417842234228	1315.80	807.32	1335.44	701.22	3.2539	3.0386
2417842242562	1320.45	788.77	1331.85	800.72	3.2152	3.2580
2417842250894	1320.45	784.49	1326.51	830.19	3.2262	3.3520
2417842259228	1319.50	787.75	1319.07	832.89	3.2231	3.3646
2417842267562	1313.91	759.77	1321.76	829.73	3.1737	3.3755
2417842275894	1314.36	749.00	1324.74	829.09	3.1507	3.3872
2417842284227	1310.36	780.74	1319.18	809.46	3.2246	3.3545
2417842292561	1309.79	789.01	1322.77	815.44	3.2666	3.3807
2417842300894	1309.61	770.82	1323.63	768.61	3.2191	3.3133
2417842309227	1309.54	764.22	1323.36	777.84	3.2035	3.3438
2417842317561	1308.82	759.07	1329.79	782.18	3.1904	3.3518
2417842325892	1307.21	737.62	1333.85	751.51	3.1348	3.2554
2417842334229	1310.23	771.38	1327.17	802.08	3.2170	3.3755
2417842342563	1307.54	770.53	1324.48	771.76	3.2189	3.3233
2417842350894	1312.21	738.51	1317.42	772.49	3.1437	3.3035
2417842359228	1321.00	745.27	1313.20	777.20	3.1670	3.3278
2417842367561	1319.39	724.10	1306.64	797.56	3.1319	3.3736
2417842375894	1321.37	752.73	1313.69	803.12	3.2027	3.3939
2417842384228	1322.86	760.73	1316.35	801.36	3.2166	3.4080
2417842392561	1318.07	763.33	1319.32	782.87	3.2307	3.3849
2417842400894	1313.08	770.35	1326.98	782.45	3.2519	3.4108
2417842409228	1311.02	779.08	1325.80	769.86	3.2705	3.3948
2417842417559	1315.58	767.55	1326.84	769.58	3.2455	3.4026
2417842425893	1314.85	762.60	1328.17	773.10	3.2351	3.4101
2417842434226	1313.08	750.33	1326.41	773.94	3.2205	3.4377
2417842442558	1313.09	762.48	1326.76	777.30	3.2469	3.4274
2417842450892	1316.33	770.88	1327.15	778.75	3.2669	3.4419
2417842459227	1319.56	771.90	1319.65	773.15	3.2594	3.4303
2417842467566	1327.09	780.43	1324.18	783.46	3.3338	3.4479
2417842475899	1319.90	725.01	1313.69	783.68	3.1880	3.4617
2417842484233	1318.63	726.70	1314.17	778.36	3.1906	3.4529
2417842492566	1318.35	745.45	1312.44	769.26	3.2230	3.4626
2417842500902	1319.03	766.55	1316.17	747.21	3.2924	3.4117
2417842509235	1318.76	783.61	1317.95	753.77	3.3268	3.4109
2417842517568	1309.20	764.07	1315.34	718.35	3.2869	3.3292
2417842525900	1334.56	721.50	1333.78	764.43	3.2488	3.4918
2417842534234	1372.86	655.29	1390.10	735.82	3.2279	3.4842
2417842542567	1390.60	623.44	1399.68	655.37	3.2272	3.4624
2417842550901	1393.23	583.02	1394.42	625.24	3.2484	3.4264
2417842559234	1392.93	575.47	1395.67	568.18	3.2713	3.3887
2417842567567	1395.51	573.23	1398.19	597.00	3.2725	3.4312
2417842575900	1402.24	566.24	1408.79	575.92	3.2754	3.3863
2417842584234	1395.04	571.46	1400.82	616.22	3.2801	3.4557
2417842592567	1388.63	569.21	1389.00	607.62	3.2960	3.4501
2417842600906	1385.01	567.93	1391.74	581.49	3.2891	3.4342
2417842609239	1386.82	576.83	1383.75	581.32	3.2874	3.4649
2417842617571	1389.99	584.64	1392.54	564.61	3.2958	3.4101
2417842625904	1392.87	576.03	1381.52	599.60	3.2800	3.4510
2417842634238	1405.21	575.52	1391.59	588.11	3.2998	3.4309
2417842642571	1410.72	570.93	1383.57	624.99	3.3018	3.5124
2417842650904	1402.13	568.34	1388.85	605.84	3.3110	3.4843
2417842659238	1400.74	569.87	1388.26	590.99	3.3249	3.4825
2417842667571	1399.47	568.93	1392.84	577.43	3.3182	3.4390
2417842675904	1398.91	562.12	1393.22	547.23	3.3085	3.4226
2417842684238	1398.93	566.09	1394.84	562.23	3.3109	3.4392
2417842692571	1399.03	570.14	1393.54	571.36	3.3289	3.4671
2417842700904	1400.41	572.40	1386.83	580.07	3.3131	3.4724
2417842709237	1394.54	569.75	1385.50	603.53	3.2975	3.5006
2417842717570	1393.41	567.25	1391.66	588.27	3.2919	3.4594
2417842725904	1389.77	574.82	1389.93	589.69	3.2889	3.4693
2417842734238	1390.29	573.70	1391.38	586.80	3.3121	3.4671
2417842742572	1384.05	572.84	1389.15	575.97	3.2963	3.4694
2417842750905	1390.62	572.86	1396.11	549.49	3.3095	3.4180
2417842759238	1390.04	566.29	1396.42	548.48	3.3029	3.4175
2417842767572	1388.16	559.59	1394.97	554.99	3.2757	3.4213
2417842775905	1388.09	575.96	1385.35	555.04	3.2994	3.4240
2417842784238	1392.91	576.00	1395.61	576.15	3.2912	3.4380
2417842792571	1390.93	574.05	1387.10	591.60	3.2813	3.4527
2417842800904	1398.57	569.69	1393.92	584.14	3.2704	3.4625
2417842809238	1399.41	559.54	1395.48	550.53	3.2639	3.4248
2417842817571	1394.92	568.21	1387.94	585.21	3.2754	3.4908
2417842825904	1395.68	559.01	1388.25	583.07	3.2528	3.4811
2417842834238	1402.54	572.39	1396.24	572.72	3.2728	3.4201
2417842842571	1399.90	564.02	1393.85	585.40	3.2596	3.4358
2417842850905	1403.15	572.47	1396.67	568.18	3.2533	3.4006
2417842859241	1388.41	554.38	1385.28	547.41	3.2756	3.4127
2417842867574	1367.25	481.77	1371.87	473.62	3.2716	3.4265
2417842875907	1374.20	467.41	1370.99	477.51	3.2696	3.4196
2417842884240	1365.94	468.72	1366.88	479.32	3.2550	3.4222
2417842892573	1365.94	468.20	1374.19	489.52	3.2509	3.4135
2417842900907	1370.42	461.84	1372.53	472.45	3.2527	3.3997
2417842909239	1374.46	463.75	1379.18	466.19	3.2498	3.4074
2417842917573	1383.78	463.02	1378.72	465.30	3.2627	3.4223
2417842925907	1380.81	472.14	1373.82	457.77	3.2644	3.4141
2417842934239	1372.58	465.52	1375.03	458.85	3.2838	3.4129
2417842942573	1365.05	464.17	1370.72	474.82	3.2658	3.4052
2417842950906	1363.90	462.76	1366.49	476.19	3.2661	3.4013
2417842959238	1366.33	466.22	1360.44	465.74	3.2617	3.4095
2417842967572	1366.65	466.38	1368.23	455.84	3.2545	3.4154
2417842975905	1373.82	463.19	1373.98	460.88	3.2746	3.4131
2417842984238	1379.13	465.01	1363.21	461.97	3.2815	3.4208
2417842992578	1379.06	463.82	1372.37	455.79	3.2712	3.4252
2417843000911	1376.86	462.78	1373.79	453.74	3.2610	3.4223
2417843009245	1376.93	471.06	1368.39	457.82	3.2809	3.4231
2417843017578	1381.76	462.21	1376.65	451.04	3.2940	3.4205
2417843025911	1377.26	462.78	1374.47	446.40	3.2787	3.4041
2417843034244	1379.80	463.35	1374.66	455.12	3.2715	3.4205
2417843042577	1378.30	464.72	1372.93	451.95	3.2956	3.4151
2417843050910	1377.39	461.85	1376.26	452.51	3.2691	3.4148
2417843059244	1374.41	468.78	1376.67	454.57	3.2899	3.4208
2417843067577	1372.57	466.51	1378.93	457.61	3.3006	3.4152
2417843075910	1369.69	464.26	1377.01	447.51	3.2972	3.4135
2417843084243	1367.84	470.42	1374.48	449.32	3.2981	3.4288
2417843092577	1368.54	468.70	1377.94	454.88	3.2959	3.4039
2417843100910	1358.71	463.41	1366.47	464.22	3.2845	3.4149
2417843109244	1373.67	466.98	1365.53	476.51	3.3055	3.4160
2417843117577	1371.66	475.14	1368.12	459.96	3.2980	3.4355
2417843125915	1366.37	477.61	1381.77	453.87	3.2998	3.4188
2417843134247	1364.03	463.96	1378.39	477.91	3.3101	3.4253
2417843142581	1367.37	463.61	1369.88	467.36	3.2944	3.4178
2417843150914	1374.35	471.90	1369.12	458.67	3.3074	3.4271
2417843159248	1380.75	470.96	1370.07	457.81	3.3192	3.4426
2417843167580	1369.05	467.44	1377.27	451.72	3.3144	3.4231
2417843175914	1370.41	473.34	1376.86	465.63	3.3207	3.4444
2417843184248	1369.69	475.51	1372.26	477.83	3.3141	3.4315
2417843192581	1373.10	474.70	1379.50	464.97	3.3268	3.4335
2417843200914	1370.16	468.76	1378.39	452.24	3.3210	3.4401
2417843209247	1371.27	460.64	1375.48	449.49	3.3222	3.4454
2417843217579	1370.52	466.09	1371.97	461.92	3.3208	3.4461
2417843225913	1366.47	464.84	1373.72	458.21	3.3129	3.4440
2417843234247	1377.63	470.30	1368.99	460.24	3.3201	3.4575
2417843242580	1373.48	473.97	1368.19	462.72	3.3318	3.4665
2417843250919	1373.40	481.24	1369.61	468.39	3.3395	3.4548
2417843259253	1383.34	470.96	1366.85	479.33	3.3443	3.4778
2417843267585	1367.41	482.93	1375.69	469.29	3.3520	3.4716
2417843275919	1371.83	478.13	1373.65	462.65	3.3784	3.4810
2417843284253	1364.61	466.42	1374.98	464.14	3.3401	3.4887
2417843292585	1373.23	472.27	1372.37	469.14	3.3536	3.5073
2417843300918	1376.23	475.61	1365.48	484.81	3.3554	3.5078
2417843309251	1375.40	477.53	1368.66	474.30	3.3806	3.4872
2417843317584	1367.76	474.11	1378.45	461.36	3.3683	3.4966
2417843325918	1375.54	483.73	1372.18	474.48	3.3792	3.5158
2417843334252	1370.88	468.33	1370.99	485.39	3.3767	3.5123
2417843342584	1374.63	469.88	1365.07	471.10	3.3887	3.5191
2417843350918	1380.13	475.37	1364.41	463.65	3.3964	3.5257
2417843359251	1380.29	468.58	1368.28	452.72	3.3894	3.5287
2417843367582	1379.45	473.72	1374.22	454.23	3.3875	3.5199
2417843375916	1370.24	481.32	1369.97	473.25	3.4132	3.5522
2417843384253	1374.18	484.56	1372.34	476.29	3.4076	3.5440
2417843392585	1377.12	473.92	1370.55	471.45	3.4328	3.5394
2417843400919	1378.66	482.52	1369.28	460.54	3.4227	3.5623
2417843409254	1376.61	477.14	1365.07	468.14	3.4242	3.5648
2417843417588	1371.38	479.21	1367.30	479.36	3.4277	3.5678
2417843425921	1353.67	483.20	1357.12	473.53	3.4439	3.5599
2417843434253	1256.16	476.44	1269.18	459.37	3.4580	3.5786
2417843442585	1169.72	471.77	1190.24	470.87	3.4355	3.5912
2417843450919	1075.70	477.87	1107.66	475.54	3.4404	3.5927
2417843459253	1029.26	466.78	1070.41	475.40	3.4331	3.6242
2417843467586	1040.78	467.95	1057.50	462.91	3.4294	3.6261
2417843475918	1040.86	466.39	1062.84	457.67	3.4373	3.6245
2417843484251	1033.77	467.00	1057.10	467.09	3.4422	3.6300
2417843492584	1043.88	467.36	1049.91	478.58	3.4421	3.6295
2417843500918	1037.62	465.97	1044.96	471.50	3.4659	3.6412
2417843509251	1035.13	458.33	1045.13	479.44	3.4428	3.6517
2417843517588	1038.16	456.29	1046.68	469.78	3.4455	3.6579
2417843525922	1039.01	466.55	1048.01	468.96	3.4553	3.6674
2417843534255	1040.80	476.06	1052.33	464.34	3.4647	3.6631
2417843542589	1041.00	465.71	1052.75	474.43	3.4591	3.6712
2417843550922	1034.51	470.65	1055.18	471.76	3.4660	3.6701
2417843559254	1040.21	463.06	1049.36	478.25	3.4737	3.6727
2417843567588	1031.80	462.85	1054.84	473.68	3.4752	3.6559
2417843575921	1035.21	462.56	1050.18	477.36	3.4838	3.6714
2417843584254	1038.49	464.01	1051.84	471.91	3.4542	3.6966
2417843592588	1040.01	467.84	1045.94	469.07	3.4916	3.6908
2417843600921	1041.09	469.09	1043.10	465.17	3.4975	3.6950
2417843609254	1043.49	475.99	1042.36	462.37	3.4970	3.6931
2417843617587	1044.57	478.47	1043.97	467.91	3.5025	3.7039
2417843625921	1036.52	474.53	1033.52	466.11	3.4908	3.7138
2417843634254	1041.11	480.00	1034.64	471.39	3.4962	3.7245
2417843642588	1041.27	482.58	1036.59	469.29	3.5053	3.7228
2417843650926	1045.05	476.69	1037.09	458.90	3.5153	3.7122
2417843659259	1036.87	484.08	1032.48	466.44	3.5270	3.7244
2417843667593	1042.32	479.16	1029.38	467.00	3.5194	3.7349
2417843675926	1041.52	479.40	1033.38	469.48	3.5217	3.7267
2417843684259	1040.05	474.45	1031.75	465.64	3.5059	3.7197
2417843692593	1036.86	477.32	1032.45	467.63	3.5102	3.7364
2417843700926	1042.04	480.81	1033.36	461.43	3.5297	3.7281
2417843709259	1040.21	481.10	1036.78	466.77	3.5272	3.7436
2417843717593	1040.27	481.74	1039.58	470.11	3.5223	3.7239
2417843725926	1034.10	477.21	1039.13	479.90	3.5307	3.7341
2417843734258	1032.18	467.52	1036.32	478.61	3.5316	3.7174
2417843742592	1035.37	471.76	1038.51	485.11	3.5388	3.7210
2417843750925	1035.66	472.33	1032.27	481.96	3.5324	3.7327
2417843759258	1036.96	472.48	1028.71	482.10	3.5280	3.7076
2417843767591	1036.93	477.04	1028.45	489.61	3.5224	3.7446
2417843775926	1043.32	487.45	1038.89	470.02	3.5299	3.7198
2417843784259	1035.75	486.10	1036.67	458.56	3.5387	3.7301
2417843792593	1033.97	483.26	1043.41	466.92	3.5387	3.7090
2417843800926	1040.51	482.70	1048.75	485.54	3.5609	3.7297
2417843809259	1035.38	475.13	1048.77	488.39	3.5476	3.7188
2417843817592	1035.85	473.82	1041.72	486.77	3.5610	3.7220
2417843825925	1034.46	471.38	1042.50	484.32	3.5438	3.7255
2417843834258	1042.19	482.45	1033.63	487.91	3.5689	3.7370
2417843842592	1041.19	481.64	1032.21	491.90	3.5586	3.7431
2417843850924	1038.55	491.70	1040.87	485.21	3.5597	3.7049
2417843859258	1032.55	493.60	1044.98	490.26	3.5516	3.7264
2417843867592	1036.77	487.09	1046.74	488.98	3.5565	3.7387
2417843875925	1036.28	494.39	1035.50	490.48	3.5548	3.7464
2417843884258	1039.22	491.60	1035.33	490.84	3.5460	3.7419
2417843892591	1042.33	490.34	1029.01	503.59	3.5524	3.7717
2417843900924	1041.27	496.55	1034.22	496.00	3.5666	3.7486
2417843909264	1043.26	499.42	1031.34	493.90	3.5703	3.7538
2417843917598	1042.74	489.34	1034.43	490.38	3.5604	3.7499
2417843925930	1049.76	489.29	1036.38	482.10	3.5668	3.7504
2417843934264	1045.32	489.19	1038.29	481.03	3.5583	3.7617
2417843942598	1047.05	495.27	1035.69	470.26	3.5642	3.7482
2417843950931	1044.40	502.39	1046.89	473.40	3.5878	3.7648
2417843959264	1044.76	501.04	1043.45	476.26	3.5799	3.7536
2417843967597	1037.75	499.23	1043.66	490.83	3.5667	3.7938
2417843975930	1044.25	500.98	1051.33	485.13	3.5870	3.7709
2417843984264	1040.67	501.81	1046.21	482.61	3.5725	3.7648
2417843992597	1042.02	501.04	1046.13	484.84	3.5629	3.7668
2417844000930	1026.91	525.53	1042.32	513.20	3.5746	3.7648
2417844009263	969.19	591.55	970.75	570.89	3.5423	3.7963
2417844017596	979.62	627.72	960.25	639.85	3.5567	3.8320
2417844025930	969.68	666.72	968.13	690.06	3.5560	3.8710
2417844034263	974.57	666.99	960.63	687.65	3.5724	3.8973
2417844042601	976.12	665.54	972.00	653.43	3.5871	3.8565
2417844050934	978.39	661.41	967.85	676.15	3.5674	3.8855
2417844059268	977.76	672.92	972.55	680.21	3.5853	3.8974
2417844067601	974.99	665.25	974.04	691.53	3.5706	3.9155
2417844075934	975.84	673.14	976.17	685.00	3.5742	3.9094
2417844084267	975.82	667.28	981.82	692.93	3.5629	3.9139
2417844092600	971.11	657.45	973.77	685.63	3.5562	3.9066
2417844100933	973.84	663.57	974.62	682.05	3.5731	3.9062
2417844109267	970.91	655.43	977.72	689.38	3.5499	3.9157
2417844117600	973.39	667.75	974.59	692.69	3.5776	3.9331
2417844125933	974.16	657.38	979.07	688.74	3.5767	3.9400
2417844134267	977.00	659.74	974.91	684.47	3.5617	3.9253
2417844142600	978.99	677.01	977.30	699.93	3.6042	3.9468
2417844150934	974.84	670.87	971.68	702.50	3.5866	3.9564
2417844159266	979.01	665.01	976.22	704.76	3.5863	3.9422
2417844167599	972.89	674.36	975.48	706.67	3.5820	3.9544
2417844175937	976.12	681.44	974.14	717.63	3.5944	3.9743
2417844184271	978.19	684.46	967.67	702.27	3.5965	3.9402
2417844192604	976.91	677.02	970.10	706.51	3.5858	3.9443
2417844200938	990.39	683.85	967.06	707.73	3.6113	3.9438
2417844209271	978.09	685.92	970.27	707.61	3.6235	3.9491
2417844217604	977.88	674.55	969.64	719.45	3.5924	3.9695
2417844225938	985.62	688.86	965.02	710.25	3.6183	3.9548
2417844234271	982.64	680.92	965.51	706.37	3.5780	3.9475
2417844242604	983.14	693.00	968.73	696.72	3.6167	3.9453
2417844250936	977.89	689.40	967.29	702.33	3.6218	3.9790
2417844259270	985.42	686.27	963.75	681.30	3.6157	3.9207
2417844267603	977.51	654.43	969.35	686.22	3.5476	3.9292
2417844275937	980.98	668.71	975.47	701.51	3.5914	3.9680
2417844284269	981.69	678.44	975.97	709.89	3.5956	3.9898
2417844292603	987.13	676.87	978.12	695.42	3.6105	3.9393
2417844300942	982.14	677.10	986.79	722.06	3.6126	3.9854
2417844309275	985.31	708.50	987.58	720.18	3.6730	3.9935
2417844317608	981.05	683.06	979.62	724.05	3.6096	4.0053
2417844325941	986.74	699.32	982.49	713.07	3.6515	3.9838
2417844334273	994.88	709.25	986.60	699.69	3.6746	3.9560
2417844342607	990.69	693.60	986.41	681.12	3.6616	3.9339
2417844350941	976.19	673.81	981.32	713.79	3.6069	4.0063
2417844359274	982.38	680.31	977.71	713.43	3.6225	3.9622
2417844367607	983.72	688.30	981.07	711.41	3.6422	3.9645
2417844375940	988.07	691.61	975.64	718.38	3.6469	3.9717
2417844384274	987.27	682.50	979.78	726.42	3.6249	3.9761
2417844392607	980.98	674.40	981.73	699.19	3.5923	3.9515
2417844400941	985.53	685.20	982.60	711.63	3.6271	3.9743
2417844409273	985.43	670.54	977.52	697.39	3.5988	3.9497
2417844417606	985.62	701.37	979.98	707.32	3.6383	3.9730
2417844425940	986.17	684.57	979.57	712.53	3.6170	3.9625
2417844434276	981.62	687.23	978.32	712.19	3.6127	3.9626
2417844442609	980.96	707.89	978.83	716.93	3.6450	3.9730
2417844450942	984.11	691.71	988.61	705.54	3.6104	3.9685
2417844459275	983.63	679.05	978.43	699.01	3.5800	3.9428
2417844467609	990.14	694.27	981.13	703.51	3.6299	3.9514
2417844475945	984.53	683.22	982.60	710.09	3.5910	3.9599
2417844484278	982.31	688.46	981.09	694.08	3.5943	3.9524
2417844492611	985.42	669.70	978.70	702.60	3.5739	3.9642
2417844500944	1023.67	692.75	1019.13	690.32	3.5879	3.9182
2417844509277	1103.69	729.60	1098.41	712.34	3.5952	3.8899
2417844517610	1131.17	769.46	1127.90	729.46	3.6459	3.8898
2417844525944	1152.17	788.33	1136.06	712.43	3.6706	3.8552
2417844534276	1123.45	778.47	1128.48	707.18	3.6496	3.8605
2417844542610	1146.15	773.89	1132.50	726.17	3.6430	3.8702
2417844550944	1137.14	713.46	1124.52	724.32	3.5157	3.8708
2417844559277	1133.72	786.62	1136.86	725.61	3.6429	3.8319
2417844567615	1141.62	773.06	1128.21	738.57	3.6272	3.8499
2417844575948	1140.83	770.10	1124.77	724.79	3.6243	3.8314
2417844584282	1131.50	760.76	1130.80	732.20	3.5795	3.8555
2417844592614	1149.43	778.86	1134.33	725.15	3.6149	3.8351
