t	gaze_point_LX	gaze_point_LY	gaze_point_RX	gaze_point_RY	pupil_diameter_L	pupil_diameter_R
2426021470747	1055.34	807.60	1037.94	853.74	2.4429	2.4733
2426021479081	1052.53	818.22	1043.45	849.61	2.4656	2.4407
2426021487414	1050.28	812.06	1046.99	850.28	2.4613	2.4778
2426021495747	1055.81	815.96	1054.14	835.81	2.4466	2.4727
2426021504081	1051.84	815.05	1051.61	830.39	2.4572	2.4586
2426021512414	1054.33	813.48	1056.01	839.82	2.4492	2.4715
2426021520746	1061.70	822.58	1053.37	840.66	2.4688	2.4808
2426021529080	1066.47	814.66	1056.49	826.49	2.4456	2.4805
2426021537413	1080.12	807.31	1060.19	812.41	2.4518	2.4772
2426021545746	1092.78	804.52	1062.08	804.50	2.4705	2.4655
2426021554085	1093.81	805.96	1066.81	804.98	2.4899	2.4632
2426021562418	1100.75	803.53	1072.65	809.30	2.4437	2.4304
2426021570751	1103.73	798.72	1081.17	801.01	2.4166	2.4375
2426021579085	1107.70	793.68	1082.73	808.76	2.4173	2.4204
2426021587418	1115.56	785.91	1091.42	819.17	2.4230	2.4212
2426021595751	1122.83	869.10	1117.13	892.53	2.4287	2.1899
2426021604084	1110.88	1055.40	NaN	NaN	2.3778	NaN
2426021612417	NaN	NaN	1107.06	1382.00	NaN	2.4734
2426021620750	NaN	NaN	NaN	NaN	NaN	NaN
2426021629084	NaN	NaN	NaN	NaN	NaN	NaN
2426021637417	NaN	NaN	NaN	NaN	NaN	NaN
2426021645750	NaN	NaN	NaN	NaN	NaN	NaN
2426021654084	NaN	NaN	NaN	NaN	NaN	NaN
2426021662416	NaN	NaN	NaN	NaN	NaN	NaN
2426021670750	NaN	NaN	NaN	NaN	NaN	NaN
2426021679083	NaN	NaN	NaN	NaN	NaN	NaN
2426021687422	NaN	NaN	NaN	NaN	NaN	NaN
2426021695754	NaN	NaN	NaN	NaN	NaN	NaN
2426021704088	NaN	NaN	NaN	NaN	NaN	NaN
2426021712421	NaN	NaN	NaN	NaN	NaN	NaN
2426021720754	NaN	NaN	NaN	NaN	NaN	NaN
2426021729088	NaN	NaN	NaN	NaN	NaN	NaN
2426021737420	NaN	NaN	NaN	NaN	NaN	NaN
2426021745754	NaN	NaN	NaN	NaN	NaN	NaN
2426021754088	NaN	NaN	NaN	NaN	NaN	NaN
2426021762421	NaN	NaN	NaN	NaN	NaN	NaN
2426021770754	NaN	NaN	NaN	NaN	NaN	NaN
2426021779087	NaN	NaN	NaN	NaN	NaN	NaN
2426021787420	NaN	NaN	NaN	NaN	NaN	NaN
2426021795753	NaN	NaN	NaN	NaN	NaN	NaN
2426021804087	NaN	NaN	NaN	NaN	NaN	NaN
2426021812424	NaN	NaN	NaN	NaN	NaN	NaN
2426021820758	NaN	NaN	NaN	NaN	NaN	NaN
2426021829091	NaN	NaN	NaN	NaN	NaN	NaN
2426021837425	NaN	NaN	NaN	NaN	NaN	NaN
2426021845758	NaN	NaN	NaN	NaN	NaN	NaN
2426021854091	NaN	NaN	NaN	NaN	NaN	NaN
2426021862425	NaN	NaN	NaN	NaN	NaN	NaN
2426021870757	NaN	NaN	NaN	NaN	NaN	NaN
2426021879090	NaN	NaN	NaN	NaN	NaN	NaN
2426021887424	NaN	NaN	NaN	NaN	NaN	NaN
2426021895757	NaN	NaN	NaN	NaN	NaN	NaN
2426021904090	NaN	NaN	NaN	NaN	NaN	NaN
2426021912423	NaN	NaN	NaN	NaN	NaN	NaN
2426021920757	NaN	NaN	NaN	NaN	NaN	NaN
2426021929090	NaN	NaN	NaN	NaN	NaN	NaN
2426021937424	NaN	NaN	NaN	NaN	NaN	NaN
2426021945762	NaN	NaN	NaN	NaN	NaN	NaN
2426021954094	NaN	NaN	NaN	NaN	NaN	NaN
2426021962427	NaN	NaN	NaN	NaN	NaN	NaN
2426021970761	NaN	NaN	NaN	NaN	NaN	NaN
2426021979094	NaN	NaN	NaN	NaN	NaN	NaN
2426021987427	NaN	NaN	NaN	NaN	NaN	NaN
2426021995761	1193.00	1089.37	1195.28	1164.18	2.5072	2.2438
2426022004094	1183.39	885.67	1172.16	930.41	2.4219	2.2339
2426022012428	1189.17	779.04	1164.05	816.29	2.4823	2.4188
2426022020761	1185.45	803.38	1148.48	792.73	2.4896	2.5121
2426022029094	1191.20	793.75	1146.05	813.96	2.4743	2.5024
2426022037428	1179.31	781.96	1146.48	824.50	2.4765	2.4991
2426022045760	1179.67	772.71	1146.76	833.22	2.4934	2.5195
2426022054093	1179.41	768.41	1151.63	822.90	2.5196	2.5323
2426022062426	1175.40	769.25	1159.10	802.41	2.5022	2.5394
2426022070759	1173.99	771.47	1153.17	796.33	2.5052	2.5522
2426022079097	1179.70	777.60	1153.15	791.51	2.5265	2.5554
2426022087431	1179.16	781.93	1155.01	790.71	2.5112	2.5512
2426022095764	1181.50	790.21	1160.18	792.68	2.5266	2.5324
2426022104097	1174.78	788.30	1162.84	804.39	2.5190	2.5584
2426022112431	1179.84	788.74	1156.63	808.90	2.5098	2.5523
2426022120764	1186.64	800.48	1155.33	811.46	2.5532	2.5529
2426022129097	1179.36	781.08	1168.04	824.32	2.5406	2.5729
2426022137430	1174.77	779.33	1168.69	810.82	2.5406	2.5505
2426022145763	1172.58	771.37	1167.73	814.03	2.5375	2.5770
2426022154096	1181.10	769.90	1166.12	816.70	2.5450	2.5923
2426022162430	1178.04	772.76	1167.96	814.90	2.5154	2.5825
2426022170763	1184.27	777.69	1165.02	813.40	2.5250	2.5828
2426022179096	1179.37	793.00	1159.15	813.50	2.5660	2.5743
2426022187430	1182.53	785.72	1164.88	816.34	2.5662	2.5820
2426022195763	1188.32	764.34	1185.69	806.29	2.5698	2.5928
2426022204101	1216.24	768.93	1204.54	779.44	2.5783	2.6037
2426022212435	1236.23	770.44	1225.98	763.50	2.5935	2.5996
2426022220767	1243.88	749.70	1230.06	776.96	2.5970	2.6026
2426022229100	1237.62	757.42	1225.37	789.00	2.5988	2.6208
2426022237434	1236.21	775.44	1225.95	787.50	2.6263	2.6274
2426022245766	1236.87	772.67	1225.87	786.60	2.6137	2.6483
2426022254100	1229.02	773.70	1225.64	784.94	2.6222	2.6490
2426022262434	1229.00	766.26	1226.76	784.07	2.6139	2.6616
2426022270766	1228.66	764.49	1219.17	787.21	2.6167	2.6540
2426022279100	1231.73	758.06	1218.00	797.73	2.6291	2.6525
2426022287434	1227.97	782.40	1221.14	813.89	2.6035	2.6412
2426022295767	1230.45	783.59	1213.14	816.60	2.5977	2.6225
2426022304100	1229.90	781.91	1213.89	776.78	2.5827	2.6454
2426022312433	1335.73	1253.19	1201.31	1046.52	3.1646	2.6207
2426022320766	NaN	NaN	NaN	NaN	NaN	NaN
2426022329099	NaN	NaN	NaN	NaN	NaN	NaN
2426022337437	NaN	NaN	NaN	NaN	NaN	NaN
2426022345770	NaN	NaN	NaN	NaN	NaN	NaN
2426022354104	NaN	NaN	NaN	NaN	NaN	NaN
2426022362437	NaN	NaN	NaN	NaN	NaN	NaN
2426022370771	NaN	NaN	NaN	NaN	NaN	NaN
2426022379104	NaN	NaN	NaN	NaN	NaN	NaN
2426022387437	NaN	NaN	NaN	NaN	NaN	NaN
2426022395770	NaN	NaN	NaN	NaN	NaN	NaN
2426022404103	NaN	NaN	NaN	NaN	NaN	NaN
2426022412436	NaN	NaN	NaN	NaN	NaN	NaN
2426022420769	NaN	NaN	NaN	NaN	NaN	NaN
2426022429103	NaN	NaN	NaN	NaN	NaN	NaN
2426022437436	NaN	NaN	NaN	NaN	NaN	NaN
2426022445770	NaN	NaN	NaN	NaN	NaN	NaN
2426022454103	NaN	NaN	NaN	NaN	NaN	NaN
2426022462436	NaN	NaN	NaN	NaN	NaN	NaN
2426022470774	NaN	NaN	NaN	NaN	NaN	NaN
2426022479107	NaN	NaN	NaN	NaN	NaN	NaN
2426022487439	NaN	NaN	NaN	NaN	NaN	NaN
2426022495772	NaN	NaN	NaN	NaN	NaN	NaN
2426022504106	NaN	NaN	NaN	NaN	NaN	NaN
2426022512439	NaN	NaN	NaN	NaN	NaN	NaN
2426022520772	NaN	NaN	NaN	NaN	NaN	NaN
2426022529106	NaN	NaN	NaN	NaN	NaN	NaN
2426022537439	NaN	NaN	NaN	NaN	NaN	NaN
2426022545773	NaN	NaN	NaN	NaN	NaN	NaN
2426022554106	NaN	NaN	NaN	NaN	NaN	NaN
2426022562439	NaN	NaN	1200.25	1211.59	NaN	1.5488
2426022570771	NaN	NaN	NaN	NaN	NaN	NaN
2426022579105	NaN	NaN	1237.87	1226.44	NaN	2.6595
2426022587438	1369.27	1284.13	1245.69	1050.13	2.8927	2.5719
2426022595775	1278.01	1001.87	1275.60	913.38	2.5040	2.4905
2426022604108	1273.40	870.67	1258.54	827.55	2.4875	2.5593
2426022612442	1273.94	788.33	1248.48	786.47	2.5466	2.6231
2426022620776	1272.86	747.53	1251.40	752.51	2.5556	2.6519
2426022629109	1278.21	754.14	1257.26	800.67	2.5776	2.5815
2426022637442	1267.69	771.48	1255.84	794.70	2.5802	2.6030
2426022645776	1262.80	776.55	1257.52	791.81	2.5702	2.5931
2426022654109	1267.19	800.39	1254.72	776.75	2.5754	2.5876
2426022662441	1269.79	783.95	1253.60	784.40	2.5480	2.6118
2426022670775	1272.73	774.58	1259.60	785.32	2.5840	2.6087
2426022679108	1268.61	764.84	1254.54	789.19	2.5886	2.5967
2426022687441	1275.71	763.32	1258.23	788.68	2.5914	2.6023
2426022695775	1280.18	758.99	1256.12	792.26	2.5976	2.6327
2426022704108	1276.43	742.90	1250.07	776.53	2.5620	2.6188
2426022712441	NaN	NaN	1255.84	775.54	NaN	2.6067
2426022720775	1266.00	747.10	1258.60	771.42	2.5950	2.6002
2426022729113	1271.73	737.69	1261.82	762.70	2.5691	2.6039
2426022737446	1267.15	740.54	1261.79	766.01	2.5885	2.6228
2426022745780	1267.37	735.96	1258.70	764.38	2.5670	2.6219
2426022754112	1265.60	737.27	1261.83	762.39	2.5716	2.5913
2426022762445	1263.25	744.17	1258.12	759.73	2.6092	2.6129
2426022770779	1261.06	750.77	1265.68	757.27	2.6128	2.6142
2426022779112	1260.99	757.02	1264.73	760.70	2.6132	2.6084
2426022787445	1254.18	749.54	1268.46	764.87	2.5955	2.6108
2426022795779	1266.14	744.33	1262.54	772.21	2.5856	2.6023
2426022804112	1268.79	744.67	1267.96	774.06	2.5775	2.5941
2426022812445	1268.15	755.79	1260.55	780.16	2.5920	2.6123
2426022820779	1260.28	754.76	1262.82	782.09	2.6023	2.6118
2426022829112	1272.45	728.21	1271.65	754.57	2.6026	2.6124
2426022837444	1272.01	726.25	1278.03	756.51	2.6272	2.6294
2426022845777	1279.39	720.08	1271.86	751.37	2.6062	2.6133
2426022854111	1272.13	721.73	1267.09	756.27	2.6146	2.6333
2426022862451	1269.26	722.81	1267.42	763.67	2.6318	2.6235
2426022870784	1271.48	730.55	1271.67	764.65	2.6027	2.6279
2426022879117	1272.13	720.05	1272.67	757.14	2.5777	2.5992
2426022887451	1275.76	725.71	1267.70	751.52	2.6086	2.6230
2426022895784	1273.19	741.37	1273.91	743.66	2.6234	2.6087
2426022904117	1274.24	738.12	1271.34	741.08	2.6084	2.6139
2426022912451	1281.75	745.08	1273.81	739.24	2.6230	2.5961
2426022920784	1281.84	744.79	1269.31	747.72	2.6188	2.6186
2426022929117	1278.96	744.77	1271.06	763.08	2.6254	2.6290
2426022937450	1280.25	750.49	1267.01	767.46	2.6264	2.6352
2426022945783	1287.13	745.45	1267.67	762.36	2.6247	2.6154
2426022954117	1277.51	739.42	1266.43	757.50	2.6010	2.6179
2426022962450	1278.66	740.99	1272.52	752.16	2.6214	2.6218
2426022970783	1272.06	729.39	1271.48	745.31	2.5993	2.6236
2426022979116	1270.40	744.58	1272.61	757.75	2.6220	2.6340
2426022987450	1277.74	741.67	1266.97	758.96	2.6150	2.6159
2426022995786	1273.93	744.96	1260.77	759.05	2.6182	2.5955
2426023004120	1275.02	745.41	1261.31	767.96	2.6350	2.6237
2426023012452	1283.69	748.80	1259.63	766.58	2.6496	2.6258
2426023020785	1281.38	745.20	1267.59	761.23	2.6350	2.6291
2426023029119	1283.09	740.16	1272.89	759.78	2.6264	2.6298
2426023037452	1284.08	736.50	1268.40	743.15	2.6333	2.6245
2426023045785	1282.38	733.47	1265.17	743.04	2.6625	2.6293
2426023054118	1281.37	728.86	1269.08	740.53	2.6333	2.6164
2426023062452	1277.75	741.68	1270.12	749.06	2.6559	2.6248
2426023070785	1286.66	730.50	1267.24	745.43	2.6516	2.6244
2426023079119	1272.33	728.01	1270.82	743.32	2.6470	2.6174
2426023087452	1275.17	716.82	1271.26	746.66	2.6277	2.6361
2426023095785	1273.76	719.85	1267.92	759.30	2.6175	2.6223
2426023104118	1269.90	737.40	1267.57	764.80	2.6215	2.6387
2426023112451	1272.49	745.60	1270.53	766.66	2.6418	2.6525
2426023120784	1273.67	731.18	1267.31	748.67	2.6519	2.6281
2426023129122	1273.10	722.58	1270.97	753.82	2.6393	2.6517
2426023137455	1280.25	717.99	1269.19	750.26	2.6416	2.6484
2426023145789	1271.53	720.23	1269.91	757.90	2.6384	2.6484
2426023154122	1272.77	719.21	1267.75	756.69	2.6456	2.6435
2426023162455	1274.14	727.31	1269.79	767.68	2.6376	2.6381
2426023170789	1270.74	730.34	1268.12	768.21	2.6573	2.6491
2426023179123	1269.66	736.74	1264.87	769.30	2.6431	2.6429
2426023187455	1273.99	736.70	1262.62	768.92	2.6319	2.6727
2426023195788	1274.06	743.16	1264.87	761.33	2.6604	2.6393
2426023204121	1276.15	734.35	1267.59	771.58	2.6296	2.6497
2426023212454	1280.39	734.03	1266.72	766.18	2.6305	2.6403
2426023220788	1271.29	736.97	1266.62	767.34	2.6317	2.6429
2426023229121	1273.83	735.19	1264.61	768.01	2.6454	2.6418
2426023237454	1276.41	740.82	1268.41	771.62	2.6598	2.6440
2426023245788	1274.78	738.07	1267.20	766.84	2.6372	2.6171
2426023254126	1277.87	735.78	1278.03	766.81	2.6540	2.6427
2426023262460	1274.66	733.54	1265.60	762.10	2.6546	2.6399
2426023270793	1275.00	727.00	1275.35	753.12	2.6453	2.6233
2426023279126	1272.53	719.63	1272.58	749.98	2.6281	2.6428
2426023287458	1275.65	725.67	1271.62	748.39	2.6240	2.6309
2426023295792	1271.17	719.44	1269.64	750.19	2.6226	2.6163
2426023304125	1271.27	725.49	1268.96	750.36	2.6158	2.6112
2426023312458	1271.18	720.79	1271.78	751.07	2.6196	2.5961
2426023320792	1268.84	727.98	1270.85	761.40	2.5959	2.6123
2426023329125	1268.86	739.83	1267.40	774.27	2.5990	2.5969
2426023337458	1271.93	731.27	1271.60	761.90	2.5839	2.5990
2426023345792	1293.56	725.39	1293.17	752.65	2.5795	2.6006
2426023354126	1315.22	725.12	1307.16	732.42	2.6008	2.5805
2426023362458	1307.16	726.66	1305.21	733.14	2.6055	2.5743
2426023370791	1311.15	723.56	1298.69	737.27	2.6103	2.5704
2426023379124	1302.12	714.25	1295.07	743.44	2.5581	2.5791
2426023387461	1304.17	722.57	1298.42	740.65	2.5658	2.5804
2426023395795	1304.05	720.55	1301.37	738.08	2.5467	2.5783
2426023404128	1307.57	729.52	1298.80	737.11	2.5695	2.5550
2426023412461	1310.41	721.87	1299.19	735.53	2.5479	2.5483
2426023420795	1304.84	719.24	1303.85	739.04	2.5424	2.5467
2426023429128	1308.59	728.13	1307.12	730.90	2.5607	2.5146
2426023437461	1308.38	726.10	1297.67	731.41	2.5603	2.5168
2426023445795	1310.25	732.60	1301.15	741.22	2.5499	2.5398
2426023454127	1313.83	725.05	1300.84	746.46	2.5264	2.5403
2426023462460	1309.60	718.87	1296.37	749.88	2.5392	2.5325
2426023470794	1304.11	723.63	1297.40	751.20	2.5437	2.5144
2426023479127	1304.45	714.58	1294.53	752.32	2.5214	2.5320
2426023487460	1304.52	712.45	1295.51	743.23	2.5260	2.5284
2426023495794	1307.45	709.19	1294.96	748.41	2.5311	2.5163
2426023504127	1308.17	713.65	1299.41	745.42	2.5266	2.5051
2426023512461	1303.11	719.75	1295.17	754.06	2.5045	2.5013
2426023520799	1312.12	721.15	1299.35	747.38	2.4995	2.5074
2426023529132	1307.73	721.98	1291.41	734.39	2.5376	2.5058
2426023537466	1307.33	701.84	1297.23	739.81	2.5058	2.5060
2426023545798	1308.46	703.53	1297.39	748.68	2.5026	2.4975
2426023554131	1303.58	702.12	1293.61	752.48	2.4978	2.4839
2426023562464	1303.46	704.16	1293.46	756.47	2.4941	2.5074
2426023570798	1307.19	696.18	1292.29	753.64	2.4798	2.4887
2426023579131	1307.77	709.14	1288.76	743.27	2.4840	2.5042
2426023587465	1303.29	720.64	1295.89	737.95	2.4863	2.4902
2426023595798	1309.05	730.82	1295.08	738.73	2.5027	2.4959
2426023604131	1302.47	705.84	1295.51	745.12	2.4889	2.4748
2426023612465	1301.30	698.77	1294.84	743.98	2.4795	2.4855
2426023620798	1304.53	702.46	1298.66	748.38	2.4886	2.4769
2426023629130	1310.02	706.89	1296.81	743.30	2.4699	2.4568
2426023637464	1302.56	707.60	1288.72	740.22	2.5084	2.4747
2426023645800	1297.21	714.13	1295.48	735.37	2.4948	2.4668
2426023654133	1301.44	710.16	1296.80	742.75	2.4962	2.4993
2426023662466	1305.44	705.76	1292.96	751.24	2.4904	2.4797
2426023670800	1297.76	699.51	1294.39	747.87	2.4819	2.4680
2426023679133	1300.16	699.44	1301.80	732.64	2.4904	2.4650
2426023687467	1296.67	699.10	1294.22	731.32	2.4953	2.4814
2426023695800	1306.17	706.03	1294.65	729.91	2.4736	2.4874
2426023704133	1300.33	707.96	1294.44	732.49	2.4789	2.4790
2426023712467	1301.34	714.15	1294.88	737.11	2.4946	2.4697
2426023720799	1296.96	706.32	1300.03	741.17	2.5018	2.4766
2426023729132	1301.11	691.93	1298.64	742.77	2.4685	2.4759
2426023737465	1296.99	685.01	1286.32	733.08	2.4844	2.5063
2426023745798	1273.55	676.19	1263.00	693.37	2.5049	2.4803
2426023754132	1242.49	678.52	1247.41	691.92	2.5022	2.4812
2426023762466	1235.56	659.46	1224.94	687.35	2.5292	2.5084
2426023770799	1225.46	650.83	1219.02	681.88	2.5193	2.5018
2426023779137	1237.40	658.39	1228.13	677.45	2.5034	2.5126
2426023787470	1240.18	673.38	1224.18	675.93	2.5115	2.5029
2426023795804	1236.03	664.94	1227.05	685.84	2.5006	2.4987
2426023804136	1239.84	660.80	1227.24	692.84	2.5192	2.5085
2426023812470	1240.22	663.32	1225.78	693.27	2.5219	2.5033
2426023820802	1252.55	663.82	1227.15	691.04	2.5156	2.5011
2426023829136	1247.90	667.82	1225.78	685.60	2.5125	2.5084
2426023837470	1245.01	668.03	1225.97	677.62	2.5217	2.5071
2426023845803	1243.57	667.75	1223.51	670.29	2.5233	2.5074
2426023854136	1242.31	665.74	1227.15	676.15	2.5330	2.5205
2426023862469	1242.17	659.64	1226.20	680.79	2.5287	2.5334
2426023870802	1244.09	658.98	1222.96	683.73	2.5184	2.5250
2426023879136	1233.50	660.11	1229.43	686.67	2.5101	2.5419
2426023887470	1239.41	670.58	1228.45	685.85	2.5323	2.5352
2426023895802	1247.10	658.35	1223.27	681.06	2.5367	2.5432
2426023904135	1241.05	645.59	1223.17	676.39	2.5387	2.5346
2426023912474	1244.06	656.69	1216.83	687.01	2.5392	2.5499
2426023920808	1244.58	663.59	1222.06	685.19	2.5318	2.5369
2426023929141	1241.73	667.39	1224.26	681.37	2.5396	2.5433
2426023937474	1240.27	666.26	1219.22	678.37	2.5592	2.5368
2426023945808	1242.05	658.69	1223.19	684.51	2.5703	2.5534
2426023954141	1238.96	649.96	1222.00	683.55	2.5683	2.5634
2426023962475	1218.43	642.61	1194.10	672.06	2.5948	2.5743
2426023970808	1189.12	626.17	1167.82	658.46	2.5900	2.5540
2426023979140	1180.65	638.40	1164.13	671.69	2.6005	2.5837
2426023987473	1184.64	638.33	1164.19	669.55	2.5938	2.5786
2426023995806	1182.74	628.86	1171.73	641.29	2.5783	2.5654
2426024004140	1187.65	623.88	1170.50	635.92	2.6019	2.5799
2426024012473	1187.56	627.29	1168.18	641.46	2.5908	2.5901
2426024020807	1192.59	629.14	1158.30	654.26	2.6089	2.6055
2426024029140	1188.98	626.72	1167.20	660.14	2.5916	2.5838
2426024037473	1192.44	638.94	1166.09	637.50	2.5838	2.5758
2426024045812	1193.02	628.78	1166.59	659.51	2.5855	2.5867
2426024054145	1186.41	623.03	1168.93	667.47	2.6107	2.5771
2426024062478	1184.69	622.75	1167.27	665.41	2.6215	2.5952
2426024070810	1188.98	630.49	1165.25	655.22	2.6023	2.5798
2426024079144	1186.10	642.54	1164.43	642.85	2.6128	2.5778
2426024087477	1187.02	634.85	1166.05	650.01	2.6128	2.5938
2426024095811	1185.62	625.14	1168.36	662.34	2.6169	2.5963
2426024104144	1189.98	630.18	1161.67	660.38	2.6155	2.5997
2426024112477	1190.02	639.77	1166.94	641.82	2.6231	2.5975
2426024120810	1193.50	640.97	1158.30	640.33	2.6120	2.5931
2426024129144	1188.17	631.57	1158.34	647.96	2.5994	2.5880
2426024137477	1188.36	637.38	1164.82	646.48	2.6083	2.6000
2426024145811	1190.58	635.80	1163.81	642.17	2.5881	2.6015
2426024154144	1190.46	635.43	1158.38	654.82	2.6079	2.6049
2426024162476	1188.73	623.68	1163.05	668.61	2.6186	2.6113
2426024170814	1183.63	640.37	1152.43	649.76	2.6019	2.5902
2426024179147	1187.24	636.99	1160.90	639.71	2.6169	2.6072
2426024187480	1159.55	589.19	1138.52	630.50	2.6157	2.6028
2426024195813	1142.26	589.71	1127.79	612.78	2.6205	2.6148
2426024204147	1140.37	588.36	1127.97	598.81	2.6170	2.6165
2426024212480	1147.70	601.50	1126.58	601.89	2.6214	2.6109
2426024220814	1144.86	588.45	1127.79	603.56	2.6131	2.6070
2426024229147	1143.52	584.29	1124.90	610.55	2.6141	2.6107
2426024237480	1149.49	575.20	1122.93	609.20	2.6251	2.6277
2426024245812	1151.29	586.23	1123.81	599.55	2.6282	2.6163
2426024254146	1154.11	598.23	1125.23	597.79	2.6214	2.6117
2426024262479	1144.35	595.06	1123.27	615.39	2.6223	2.6091
2426024270813	1146.22	583.36	1124.03	609.30	2.6229	2.6147
2426024279145	1146.88	587.45	1124.39	610.14	2.6062	2.6075
2426024287479	1153.24	592.96	1121.43	613.89	2.6187	2.5929
2426024295813	1156.81	595.09	1124.25	607.02	2.6074	2.6105
2426024304152	1152.14	583.38	1123.51	598.26	2.6265	2.6161
2426024312485	1152.97	581.37	1123.96	593.95	2.6231	2.6036
2426024320818	1154.24	590.51	1117.73	599.82	2.6115	2.6258
2426024329151	1148.45	591.83	1119.76	607.98	2.6380	2.6274
2426024337484	1150.42	592.23	1119.38	607.03	2.6186	2.6115
2426024345818	1149.98	596.69	1120.17	611.95	2.6154	2.6237
2426024354151	1161.46	586.62	1142.92	599.15	2.6245	2.6294
2426024362484	1204.42	579.23	1184.38	572.86	2.6176	2.6202
2426024370817	1244.33	557.44	1233.70	564.07	2.6115	2.6297
2426024379151	1273.22	566.23	1250.84	571.95	2.6133	2.6121
2426024387484	1277.64	580.35	1255.29	585.62	2.6297	2.6139
2426024395818	1270.88	574.47	1250.53	585.19	2.6237	2.6067
2426024404151	1269.38	569.78	1257.69	587.27	2.6232	2.6059
2426024412484	1277.72	568.72	1256.94	585.48	2.6216	2.6187
2426024420817	1279.94	565.28	1254.97	589.10	2.6161	2.6189
2426024429150	1277.74	564.43	1254.46	593.35	2.6408	2.6105
2426024437487	1276.09	563.44	1255.76	593.66	2.6283	2.6285
2426024445820	1276.51	568.10	1258.28	590.54	2.6246	2.6284
2426024454153	1280.05	566.17	1255.61	594.30	2.6185	2.6130
2426024462487	1273.40	572.41	1252.19	596.97	2.6314	2.6210
2426024470820	1277.16	564.98	1253.10	591.76	2.6385	2.6207
2426024479154	1279.88	568.52	1252.36	593.79	2.6343	2.6180
2426024487487	1281.45	558.60	1255.83	591.49	2.6211	2.6197
2426024495820	1279.02	551.27	1250.95	588.53	2.6337	2.6141
2426024504154	1279.25	559.57	1256.61	585.58	2.6205	2.6364
2426024512486	1271.09	563.75	1253.50	583.30	2.6205	2.6386
2426024520819	1274.93	570.63	1250.83	576.30	2.6255	2.6425
2426024529153	1275.29	576.94	1256.05	577.98	2.6200	2.6251
2426024537486	1278.73	571.38	1251.90	574.28	2.6211	2.6310
2426024545819	1276.85	566.73	1251.83	570.78	2.6221	2.6302
2426024554153	1280.84	562.90	1256.84	574.06	2.6398	2.6345
2426024562486	1277.53	558.80	1251.69	580.63	2.6318	2.6278
2426024570826	1278.03	560.62	1252.73	588.32	2.6464	2.6251
2426024579158	1278.45	560.21	1252.85	589.13	2.6288	2.6402
2426024587492	1281.35	563.97	1249.02	595.31	2.6240	2.6466
2426024595825	1285.31	562.07	1271.34	592.90	2.6244	2.6234
2426024604158	1332.50	561.78	1312.75	583.24	2.6336	2.6366
2426024612491	1369.38	589.91	1351.90	586.63	2.6512	2.6376
2426024620824	1403.31	592.87	1371.53	597.15	2.6263	2.6260
2426024629158	1410.25	574.28	1385.58	611.81	2.6082	2.6378
2426024637491	1405.25	581.22	1380.40	613.00	2.6331	2.6348
2426024645824	1402.66	595.82	1380.44	605.54	2.6241	2.6384
2426024654158	1408.22	605.67	1380.47	606.85	2.6384	2.6553
2426024662491	1402.19	591.47	1380.48	604.01	2.6335	2.6476
2426024670824	1404.42	586.36	1380.90	604.13	2.6226	2.6366
2426024679158	1409.22	588.01	1379.74	602.82	2.6318	2.6370
2426024687490	1410.22	590.52	1374.69	613.83	2.6487	2.6521
2426024695827	1406.11	597.48	1380.22	604.68	2.6469	2.6387
2426024704160	1405.15	595.93	1374.41	614.60	2.6417	2.6631
2426024712494	1401.49	600.51	1374.64	614.53	2.6395	2.6529
2426024720827	1402.30	597.10	1376.48	615.87	2.6474	2.6500
2426024729161	1406.60	598.81	1377.18	617.52	2.6557	2.6490
2426024737494	1404.66	598.25	1383.31	612.33	2.6522	2.6504
2426024745827	1406.21	589.73	1377.92	609.08	2.6524	2.6510
2426024754161	1407.34	584.34	1377.15	605.76	2.6526	2.6599
2426024762494	1407.12	582.93	1376.57	607.23	2.6664	2.6701
2426024770827	1405.85	583.91	1381.89	616.42	2.6757	2.6532
2426024779160	1404.36	590.06	1379.37	615.82	2.6487	2.6513
2426024787492	1411.16	595.66	1380.27	607.86	2.6647	2.6847
2426024795826	1404.36	587.13	1379.60	602.54	2.6624	2.6659
2426024804160	1404.25	590.07	1374.28	608.91	2.6614	2.6782
2426024812493	1406.46	586.45	1383.53	618.54	2.6478	2.6736
2426024820826	1441.07	606.85	1425.91	648.43	2.6375	2.6910
2426024829164	1457.81	637.22	1439.51	660.19	2.6611	2.6778
2426024837498	1470.32	670.05	1450.41	688.22	2.6443	2.6495
2426024845831	1477.48	668.91	1449.82	714.27	2.6464	2.6821
2426024854165	1476.63	653.64	1448.21	710.03	2.6555	2.6737
2426024862497	1476.93	658.49	1445.23	706.91	2.6582	2.6693
2426024870830	1473.39	657.15	1448.23	705.95	2.6528	2.6789
2426024879164	1480.99	661.32	1447.43	707.67	2.6561	2.6768
2426024887497	1480.31	659.64	1449.01	701.46	2.6601	2.6727
2426024895830	1479.41	660.30	1444.28	705.59	2.6682	2.6767
2426024904164	1475.41	662.71	1444.99	708.96	2.6690	2.6920
2426024912496	1481.76	674.47	1445.31	703.89	2.6826	2.6878
2426024920830	1475.35	681.26	1450.11	701.65	2.6838	2.6682
2426024929164	1473.89	668.59	1445.15	698.10	2.6754	2.6883
2426024937497	1474.16	669.51	1448.05	697.64	2.6853	2.7001
2426024945830	1469.82	659.64	1448.78	692.16	2.6726	2.6975
2426024954162	1470.05	660.80	1450.07	696.97	2.6696	2.7063
2426024962500	1469.18	668.53	1447.49	699.75	2.6989	2.7158
2426024970833	1471.83	685.42	1451.64	710.04	2.7070	2.7144
2426024979167	1473.64	679.72	1448.42	711.07	2.7032	2.7121
2426024987499	1473.03	663.16	1447.36	694.94	2.7071	2.7301
2426024995833	1475.28	668.18	1451.02	695.06	2.7205	2.7307
2426025004166	1468.11	685.52	1454.49	714.80	2.7137	2.7388
2426025012500	1475.32	674.57	1450.70	698.70	2.7215	2.7241
2426025020833	1472.68	654.55	1451.16	691.31	2.6960	2.7404
2426025029166	1471.72	671.94	1451.66	691.02	2.7307	2.7395
2426025037498	1472.95	670.55	1455.54	697.02	2.7234	2.7567
2426025045832	1470.05	679.63	1456.15	696.41	2.7229	2.7567
2426025054165	1469.63	680.40	1456.04	700.63	2.7177	2.7512
2426025062499	1468.25	685.94	1458.34	703.01	2.7349	2.7601
2426025070832	1491.29	697.98	1470.07	739.11	2.7174	2.7766
2426025079165	1508.79	726.94	1495.62	779.91	2.7365	2.7602
2426025087499	1524.51	758.64	1498.61	796.37	2.6873	2.7335
2426025095836	1513.76	760.14	1486.42	816.33	2.7016	2.7684
2426025104169	1512.52	749.17	1493.03	811.51	2.7130	2.7625
2426025112502	1508.80	755.53	1493.86	808.52	2.7254	2.7835
2426025120836	1509.96	753.86	1483.75	804.46	2.7318	2.7928
2426025129168	1510.79	751.43	1481.37	794.55	2.7386	2.7917
2426025137502	1510.89	753.40	1483.59	798.31	2.7394	2.7987
2426025145835	1510.71	746.51	1484.00	806.78	2.7493	2.8072
2426025154168	1513.00	752.39	1488.57	820.37	2.7364	2.8281
2426025162501	1513.95	762.91	1495.35	802.75	2.7561	2.8112
2426025170835	1517.55	773.96	1501.95	783.92	2.7497	2.7915
2426025179168	1510.80	759.63	1491.62	802.35	2.7514	2.8137
2426025187502	1512.70	750.27	1486.19	806.54	2.7514	2.8250
2426025195835	1509.24	756.10	1480.90	792.56	2.7710	2.8415
2426025204168	1517.96	771.09	1487.97	804.79	2.7768	2.8472
2426025212501	1518.44	754.66	1493.68	809.23	2.7643	2.8514
2426025220839	1506.95	751.31	1491.80	802.07	2.7829	2.8565
2426025229172	1507.80	758.70	1489.74	792.92	2.7803	2.8454
2426025237505	1511.98	763.76	1493.40	787.29	2.7840	2.8535
2426025245839	1517.85	757.99	1493.68	796.36	2.7818	2.8470
2426025254172	1512.02	753.44	1491.85	793.89	2.7830	2.8574
2426025262506	1511.71	751.59	1491.66	788.11	2.7934	2.8535
2426025270839	1512.24	751.56	1494.45	801.37	2.8149	2.8468
2426025279172	1510.84	747.82	1499.18	807.98	2.8132	2.8848
2426025287505	1507.90	756.94	1498.53	802.61	2.8027	2.8703
2426025295839	1510.41	765.83	1494.30	796.87	2.8186	2.8965
2426025304171	1511.86	771.64	1495.41	793.46	2.8329	2.8930
2426025312505	1510.86	768.80	1495.27	788.55	2.8294	2.8844
2426025320838	1510.25	765.22	1493.66	798.71	2.8201	2.9091
2426025329171	1516.82	758.47	1494.12	795.66	2.8231	2.8934
2426025337505	1513.02	767.06	1497.55	788.84	2.8315	2.8801
2426025345838	1514.68	744.88	1496.86	795.01	2.8397	2.8975
2426025354177	1520.27	725.91	1496.52	798.58	2.8124	2.8925
2426025362510	1514.75	752.76	1490.75	794.46	2.8284	2.9099
2426025370843	1514.22	749.41	1493.36	793.45	2.8434	2.9233
2426025379177	1520.71	730.13	1495.19	803.40	2.8222	2.9103
2426025387511	1516.22	774.96	1491.27	802.63	2.8823	2.9154
2426025395843	1514.11	760.66	1497.00	801.33	2.8379	2.9310
2426025404176	1513.30	750.78	1490.17	795.95	2.8514	2.9379
2426025412509	1515.31	743.04	1488.84	794.57	2.8475	2.9371
2426025420843	1514.64	741.46	1485.36	795.89	2.8358	2.9527
2426025429176	1517.82	751.53	1495.50	802.65	2.8635	2.9413
2426025437510	1546.02	761.97	1535.80	814.57	2.8474	2.9411
2426025445843	1570.36	785.29	1552.93	830.75	2.8720	2.9556
2426025454176	1576.60	785.87	1547.24	832.58	2.8491	2.9674
2426025462510	1569.55	773.87	1542.03	835.61	2.8519	2.9287
2426025470843	1576.62	766.73	1535.81	848.21	2.8509	2.9638
2426025479175	1573.90	764.85	1541.75	842.69	2.8628	2.9690
2426025487514	1568.74	765.96	1542.54	843.85	2.8661	2.9796
2426025495846	1569.50	768.81	1541.47	835.48	2.8557	2.9585
2426025504180	1569.26	773.69	1549.07	830.19	2.8619	2.9585
2426025512513	1572.14	778.32	1541.59	839.18	2.9050	2.9708
2426025520847	1576.71	758.71	1542.58	846.77	2.8626	2.9810
2426025529180	1573.35	747.54	1544.12	847.48	2.8412	2.9981
2426025537513	1573.31	764.88	1539.07	852.90	2.8524	2.9991
2426025545847	1577.55	771.91	1543.77	821.94	2.8579	2.9704
2426025554180	1567.59	765.50	1537.02	830.66	2.8636	2.9953
2426025562514	1567.13	757.55	1547.01	825.54	2.8543	2.9622
2426025570846	1569.83	760.50	1548.87	842.13	2.8937	2.9902
2426025579179	1572.23	756.70	1548.29	840.17	2.8708	2.9982
2426025587512	1564.22	773.04	1539.19	851.13	2.9193	3.0350
2426025595846	1564.01	796.77	1548.84	830.88	2.9558	3.0017
2426025604179	1567.50	776.27	1546.15	836.92	2.9121	2.9903
2426025612519	1566.22	791.60	1548.02	836.09	2.9590	3.0078
2426025620851	1570.75	765.29	1550.04	841.21	2.9056	3.0191
2426025629185	1572.07	772.45	1539.84	846.03	2.9057	3.0475
2426025637518	1574.40	785.82	1547.38	826.90	2.9317	3.0109
2426025645852	1580.97	768.34	1544.00	839.88	2.9397	3.0146
2426025654184	1577.34	756.81	1545.43	836.28	2.9153	3.0344
2426025662517	1578.83	769.64	1560.88	841.45	2.9202	3.0447
2426025670851	1617.23	812.60	1591.93	845.52	2.9869	3.0513
2426025679184	1633.17	794.61	1611.16	850.67	2.9218	3.0461
2426025687517	1630.60	808.74	1615.85	850.88	2.9649	3.0115
2426025695851	1628.86	797.52	1605.12	874.02	2.9364	3.0452
2426025704184	1625.64	805.94	1606.04	870.56	2.9488	3.0304
2426025712517	1629.67	807.98	1603.24	861.24	2.9704	3.0312
2426025720850	1636.56	787.76	1606.18	859.01	2.9601	3.0537
2426025729184	1638.33	784.35	1622.05	856.43	2.9540	3.0731
2426025737517	1640.70	802.12	1605.87	843.17	2.9863	3.0363
2426025745852	1639.96	798.79	1605.37	876.63	2.9515	3.0991
2426025754186	1638.85	805.68	1612.21	873.59	2.9759	3.0887
2426025762519	1637.18	815.27	1614.72	861.39	2.9781	3.0554
2426025770853	1644.05	806.72	1620.74	862.51	2.9734	3.0643
2426025779186	1634.85	801.21	1609.77	871.48	2.9816	3.0636
2426025787519	1634.93	808.14	1613.01	870.51	3.0135	3.0754
2426025795853	1636.80	783.10	1608.99	861.14	2.9612	3.0718
2426025804186	1637.63	787.26	1610.05	867.65	2.9465	3.1006
2426025812519	1631.35	806.76	1607.90	847.59	2.9839	3.0708
2426025820853	1627.90	808.75	1605.11	844.96	3.0050	3.0564
2426025829185	1629.68	782.63	1603.82	866.41	2.9545	3.0764
2426025837518	1630.48	803.03	1602.49	882.80	3.0181	3.1015
2426025845851	1630.05	779.18	1604.97	871.00	2.9572	3.0687
2426025854185	1626.16	803.26	1601.78	879.39	3.0217	3.0917
2426025862518	1630.70	786.54	1599.83	894.54	2.9737	3.1428
2426025870851	1636.72	787.13	1603.92	861.89	2.9663	3.0621
2426025879190	1638.48	811.66	1611.21	878.44	3.0019	3.0999
2426025887523	1635.03	807.56	1615.86	865.54	2.9951	3.0757
2426025895857	1632.25	812.69	1612.00	874.58	2.9882	3.0816
2426025904189	1629.34	824.42	1613.93	868.89	3.0349	3.0855
2426025912523	1630.43	806.99	1603.05	894.99	2.9987	3.1396
2426025920855	1618.69	801.54	1603.60	861.13	3.0074	3.0906
2426025929188	1592.76	775.46	1571.82	844.27	2.9657	3.0820
