t	gaze_point_LX	gaze_point_LY	gaze_point_RX	gaze_point_RY	pupil_diameter_L	pupil_diameter_R
2425604368889	1583.89	712.67	1562.28	768.76	2.8036	2.7964
2425604377222	1584.62	707.30	1562.44	771.63	2.8053	2.8002
2425604385556	1579.42	714.24	1561.37	765.63	2.8133	2.7906
2425604393889	1584.41	715.95	1563.12	774.55	2.8100	2.8070
2425604402222	1581.94	715.84	1556.53	766.43	2.8033	2.8019
2425604410556	1582.22	717.87	1557.08	764.20	2.7986	2.7896
2425604418889	1577.32	717.92	1551.55	763.67	2.7921	2.8029
2425604427222	1573.30	724.99	1552.25	764.95	2.8138	2.7987
2425604435556	1567.15	723.76	1538.77	758.60	2.8152	2.7965
2425604443889	1544.33	754.00	1517.94	790.97	2.7712	2.7799
2425604452221	NaN	NaN	1453.70	943.86	NaN	2.6700
2425604460555	NaN	NaN	NaN	NaN	NaN	NaN
2425604468893	NaN	NaN	NaN	NaN	NaN	NaN
2425604477226	NaN	NaN	NaN	NaN	NaN	NaN
2425604485560	NaN	NaN	NaN	NaN	NaN	NaN
2425604493893	NaN	NaN	NaN	NaN	NaN	NaN
2425604502227	NaN	NaN	NaN	NaN	NaN	NaN
2425604510559	NaN	NaN	NaN	NaN	NaN	NaN
2425604518893	NaN	NaN	NaN	NaN	NaN	NaN
2425604527226	NaN	NaN	NaN	NaN	NaN	NaN
2425604535558	NaN	NaN	NaN	NaN	NaN	NaN
2425604543892	NaN	NaN	NaN	NaN	NaN	NaN
2425604552226	NaN	NaN	NaN	NaN	NaN	NaN
2425604560558	NaN	NaN	NaN	NaN	NaN	NaN
2425604568892	NaN	NaN	NaN	NaN	NaN	NaN
2425604577226	NaN	NaN	NaN	NaN	NaN	NaN
2425604585559	NaN	NaN	1280.04	1169.59	NaN	2.5733
2425604593892	NaN	NaN	1290.65	952.57	NaN	2.6656
2425604602230	1336.29	952.59	1290.35	797.41	2.6353	2.7169
2425604610563	1349.97	792.18	1286.31	740.98	2.5673	2.8100
2425604618896	1331.11	740.07	1293.35	761.47	2.7668	2.7725
2425604627230	1330.25	709.45	1286.95	766.31	2.8108	2.7759
2425604635563	1330.31	716.10	1291.96	762.95	2.8110	2.8133
2425604643896	1329.12	716.31	1294.06	757.47	2.8295	2.8040
2425604652230	NaN	NaN	1294.82	752.76	NaN	2.8224
2425604660563	1328.86	705.46	1289.39	754.28	2.8286	2.8362
2425604668896	1330.97	699.29	1293.40	765.62	2.8538	2.8393
2425604677229	1335.75	698.08	1290.42	766.44	2.8664	2.8362
2425604685563	1328.73	691.83	1294.68	772.22	2.8533	2.8593
2425604693896	1326.39	696.46	1292.78	769.58	2.8651	2.8435
2425604702229	1325.87	686.78	1292.28	768.92	2.8710	2.8399
2425604710561	1328.53	695.51	1297.84	766.05	2.8706	2.8551
2425604718895	1327.41	696.86	1302.14	762.84	2.8859	2.8568
2425604727228	1321.97	693.78	1300.86	756.48	2.8740	2.8634
2425604735568	1324.61	697.40	1302.56	757.14	2.9135	2.8700
2425604743901	1331.80	694.13	1301.21	769.52	2.9105	2.8704
2425604752234	1325.70	701.41	1298.67	774.91	2.9119	2.9080
2425604760567	1324.46	710.52	1296.63	761.08	2.9182	2.8917
2425604768901	1323.72	715.08	1306.35	751.11	2.9202	2.8886
2425604777234	1325.69	700.39	1300.87	744.90	2.9033	2.9104
2425604785567	1325.80	697.35	1301.60	748.46	2.9317	2.9081
2425604793900	1324.26	708.43	1303.06	759.01	2.9468	2.9104
2425604802233	1323.12	704.35	1303.11	751.36	2.9373	2.9137
2425604810566	1324.06	712.05	1303.41	762.36	2.9307	2.9319
2425604818900	1323.05	709.69	1304.17	744.84	2.9479	2.9246
2425604827233	1323.09	710.99	1303.40	742.32	2.9427	2.9400
2425604835566	1319.99	714.72	1302.79	750.54	2.9510	2.9630
2425604843900	1324.19	725.17	1307.00	752.05	2.9575	2.9466
2425604852233	1325.29	732.68	1296.15	766.97	2.9535	2.9544
2425604860568	1323.62	710.24	1300.42	766.31	2.9787	2.9135
2425604868902	1317.77	790.17	1294.98	753.80	2.8611	2.9513
2425604877235	1323.79	943.28	1292.17	775.15	2.9471	2.9614
2425604885567	1325.55	993.66	1302.62	817.03	2.8098	2.8972
2425604893901	1243.87	976.31	1297.91	802.62	2.6888	2.8877
2425604902234	1317.69	978.24	1291.16	768.63	2.9600	2.9330
2425604910567	1315.63	889.64	1291.72	724.53	2.9626	2.9804
2425604918901	1308.95	780.51	1287.74	709.38	2.9068	3.0212
2425604927234	1318.65	708.10	1292.60	735.23	2.9908	3.0083
2425604935568	1311.55	677.87	1292.08	728.20	3.0176	2.9990
2425604943901	1309.42	678.87	1297.56	732.86	3.0329	3.0347
2425604952234	1313.43	690.14	1294.17	732.35	3.0298	3.0398
2425604960567	1314.19	698.35	1296.15	733.00	3.0278	3.0396
2425604968900	1310.91	688.75	1292.28	731.97	3.0517	3.0388
2425604977233	1318.12	688.28	1297.14	744.12	3.0747	3.0952
2425604985566	1313.81	673.08	1297.69	737.75	3.0674	3.0692
2425604993905	1311.30	668.29	1295.29	737.31	3.0900	3.0722
2425605002238	1315.68	675.05	1290.32	730.33	3.1121	3.1007
2425605010572	1316.36	675.24	1295.32	733.47	3.1222	3.1167
2425605018904	1313.07	671.89	1293.33	734.16	3.1213	3.1242
2425605027238	1315.83	674.61	1290.92	739.97	3.1233	3.1249
2425605035571	1314.90	662.91	1297.79	728.27	3.1160	3.1196
2425605043904	1319.49	664.51	1297.02	724.89	3.1420	3.1230
2425605052237	1318.51	664.24	1294.93	719.61	3.1414	3.1239
2425605060570	1318.06	672.09	1294.97	720.05	3.1561	3.1350
2425605068904	1312.84	659.44	1299.47	720.63	3.1329	3.1448
2425605077237	1316.59	660.39	1302.62	727.56	3.1548	3.1421
2425605085570	1318.97	660.61	1294.67	725.12	3.1649	3.1508
2425605093903	1316.99	667.99	1294.20	731.18	3.1581	3.1594
2425605102237	1317.71	676.00	1296.72	726.79	3.1705	3.1696
2425605110571	1322.46	666.27	1299.25	724.03	3.1893	3.1807
2425605118903	1317.22	664.13	1299.24	713.21	3.1814	3.1803
2425605127243	1316.10	661.92	1298.36	725.04	3.1935	3.1929
2425605135576	1319.60	662.64	1296.04	736.01	3.1977	3.1882
2425605143908	1312.75	672.20	1301.66	735.54	3.1911	3.1793
2425605152242	1311.44	674.86	1296.84	719.16	3.2000	3.1991
2425605160576	1313.85	662.30	1297.25	720.17	3.2056	3.1948
2425605168909	1316.96	659.51	1298.57	730.39	3.2101	3.1886
2425605177242	1312.94	664.69	1290.91	728.71	3.2163	3.1857
2425605185575	1313.82	664.99	1293.20	726.36	3.2250	3.1816
2425605193909	1317.57	661.81	1294.17	729.04	3.2083	3.1986
2425605202242	1318.93	666.58	1293.40	725.49	3.2316	3.1954
2425605210575	1315.11	659.38	1293.22	729.23	3.2266	3.1954
2425605218909	1320.77	663.77	1293.58	726.88	3.2172	3.1879
2425605227241	1313.80	678.24	1298.99	725.99	3.2275	3.1847
2425605235574	1319.64	671.01	1297.35	729.09	3.2238	3.2075
2425605243907	1311.36	665.04	1293.07	728.27	3.2004	3.1952
2425605252241	1315.65	665.69	1299.06	738.54	3.2104	3.2015
2425605260579	1315.32	661.71	1295.73	737.02	3.2290	3.1895
2425605268912	1310.34	666.90	1302.74	731.01	3.2121	3.1853
2425605277246	1308.23	676.72	1298.97	723.99	3.2018	3.1938
2425605285579	1315.45	668.99	1300.32	720.06	3.1925	3.1876
2425605293913	1313.26	657.13	1297.00	731.51	3.1922	3.1478
2425605302246	1317.35	663.13	1292.93	707.02	3.2031	3.1688
2425605310578	1316.30	624.91	1290.79	681.48	3.2157	3.1709
2425605318912	1317.56	607.58	1292.14	650.34	3.2123	3.1561
2425605327245	1320.14	612.60	1291.24	658.22	3.1839	3.1565
2425605335578	1317.10	617.44	1291.07	661.98	3.1832	3.1510
2425605343912	1316.79	621.10	1296.32	663.27	3.1709	3.1458
2425605352245	1317.15	626.85	1295.58	674.91	3.1640	3.1390
2425605360578	1315.13	629.10	1298.04	675.20	3.1430	3.1258
2425605368911	1316.57	630.45	1298.88	677.63	3.1289	3.1148
2425605377245	1316.99	631.53	1300.33	683.37	3.1312	3.0948
2425605385583	1321.36	635.97	1298.41	679.30	3.1232	3.1034
2425605393916	1321.68	629.87	1300.49	676.58	3.1156	3.0957
2425605402249	1325.53	622.18	1295.44	672.08	3.1166	3.0930
2425605410582	1320.85	622.34	1296.13	662.96	3.1004	3.0846
2425605418916	1321.55	626.18	1296.11	672.05	3.0797	3.0782
2425605427249	1323.19	629.61	1294.81	687.42	3.0791	3.0566
2425605435582	1326.30	637.58	1295.03	678.48	3.0676	3.0499
2425605443915	1326.79	631.32	1286.59	681.94	3.0685	3.0256
2425605452247	1324.21	630.62	1288.03	683.42	3.0436	3.0119
2425605460580	1323.32	620.09	1291.44	686.95	3.0441	3.0234
2425605468914	1318.90	614.39	1292.36	681.10	3.0362	3.0175
2425605477246	1315.92	629.56	1295.67	684.81	3.0217	2.9945
2425605485579	1317.03	635.23	1293.59	678.89	3.0032	2.9954
2425605493912	1320.86	634.62	1290.80	679.66	3.0038	2.9902
2425605502246	1319.45	624.18	1287.75	676.69	2.9886	2.9619
2425605510579	1326.68	620.88	1287.27	680.04	2.9839	2.9632
2425605518919	1318.70	623.40	1290.86	681.51	2.9880	2.9543
2425605527252	1314.64	630.36	1292.43	673.65	2.9581	2.9272
2425605535586	1311.70	639.83	1291.13	663.56	2.9672	2.9395
2425605543920	1314.47	630.42	1297.43	671.65	2.9409	2.9444
2425605552253	1316.08	633.05	1291.92	678.64	2.9548	2.9255
2425605560586	1315.52	624.52	1294.57	674.00	2.9394	2.9244
2425605568919	1320.27	623.06	1289.46	669.50	2.9268	2.9186
2425605577251	1323.58	635.89	1286.25	671.05	2.9247	2.9019
2425605585585	1322.87	639.74	1289.96	680.07	2.9169	2.9071
2425605593919	1316.27	638.33	1291.54	681.73	2.9143	2.8887
2425605602251	1316.18	621.20	1286.05	673.31	2.8924	2.8758
2425605610585	1270.50	617.23	1251.34	657.13	2.8930	2.8813
2425605618919	1267.44	629.02	1236.11	654.17	2.9032	2.8919
2425605627252	1259.56	617.36	1236.09	656.25	2.8877	2.8811
2425605635585	1256.28	621.99	1235.26	650.38	2.8680	2.8766
2425605643918	1260.04	616.02	1236.26	653.91	2.8720	2.8681
2425605652252	1268.98	623.67	1235.16	656.09	2.8846	2.8485
2425605660585	1266.42	623.44	1239.75	665.63	2.8637	2.8429
2425605668919	1263.89	619.39	1238.04	663.93	2.8504	2.8271
2425605677252	1270.60	624.73	1235.91	656.05	2.8583	2.8468
2425605685585	1262.99	624.55	1236.04	664.95	2.8413	2.8405
2425605693918	1271.11	632.31	1236.06	662.45	2.8478	2.8318
2425605702252	1264.42	628.03	1237.91	654.93	2.8372	2.8313
2425605710585	1262.33	627.35	1237.93	664.44	2.8314	2.8210
2425605718919	1266.75	618.96	1228.45	668.37	2.8345	2.8234
2425605727251	1259.44	623.45	1235.81	660.15	2.8388	2.8207
2425605735585	1260.09	622.30	1243.00	655.05	2.8313	2.8219
2425605743918	1270.58	628.58	1238.97	649.32	2.8295	2.8187
2425605752251	1261.51	620.07	1231.50	651.29	2.8227	2.8136
2425605760584	1266.55	625.65	1239.69	650.91	2.8209	2.8086
2425605768915	1264.55	627.54	1235.27	660.44	2.8210	2.8062
2425605777248	1267.12	626.83	1235.68	670.92	2.8062	2.7999
2425605785588	1266.32	623.50	1226.74	664.30	2.8014	2.7974
2425605793922	1260.73	622.29	1238.85	663.15	2.8131	2.8020
2425605802255	1262.09	627.31	1231.46	655.20	2.8047	2.8103
2425605810588	1267.63	627.46	1232.72	659.04	2.7973	2.8015
2425605818921	1261.44	627.32	1221.93	668.39	2.7996	2.7860
2425605827255	1219.37	633.09	1190.79	662.81	2.8092	2.7949
2425605835587	1198.52	630.62	1176.01	669.99	2.8027	2.7953
2425605843920	1194.14	629.58	1175.07	659.29	2.7884	2.7870
2425605852253	1205.53	635.63	1181.83	660.35	2.7782	2.7738
2425605860587	1204.90	634.41	1171.20	659.01	2.7911	2.7894
2425605868920	1208.16	629.60	1172.65	661.61	2.7948	2.7816
2425605877254	1201.51	631.66	1171.55	666.92	2.8000	2.7939
2425605885587	1200.49	627.64	1176.37	676.41	2.7921	2.7802
2425605893920	1195.61	627.89	1177.18	674.11	2.7798	2.7797
2425605902253	1205.46	624.28	1172.14	667.24	2.7867	2.7775
2425605910591	1202.34	627.19	1168.08	676.15	2.7725	2.7795
2425605918923	1204.30	631.37	1171.18	672.30	2.7946	2.7830
2425605927257	1204.42	636.47	1173.64	680.42	2.7816	2.7850
2425605935590	1206.15	639.93	1172.42	673.89	2.7834	2.7699
2425605943923	1199.57	637.17	1177.83	672.42	2.7737	2.7725
2425605952257	1202.98	628.40	1172.82	672.83	2.7597	2.7738
2425605960590	1200.09	637.43	1177.43	673.79	2.7742	2.7583
2425605968923	1201.61	627.67	1170.20	673.21	2.7724	2.7737
2425605977256	1203.38	631.66	1167.55	672.13	2.7764	2.7749
2425605985590	1196.48	630.91	1169.63	665.50	2.7647	2.7726
2425605993923	1198.16	634.82	1178.47	667.25	2.7736	2.7757
2425606002257	1203.67	637.70	1178.50	658.33	2.7815	2.7819
2425606010589	1202.52	634.69	1178.01	656.64	2.7731	2.7620
2425606018922	1198.97	639.09	1172.94	659.69	2.7893	2.7628
2425606027255	1201.04	633.49	1168.55	665.29	2.7696	2.7729
2425606035589	1200.23	632.82	1169.93	667.72	2.7535	2.7651
2425606043929	1202.08	627.09	1167.92	670.37	2.7746	2.7614
2425606052263	1203.33	629.78	1177.66	671.05	2.7658	2.7687
2425606060596	1199.45	627.17	1179.58	672.37	2.7621	2.7735
2425606068929	1206.19	626.94	1175.86	673.86	2.7749	2.7744
2425606077263	1205.93	627.90	1175.78	672.75	2.7786	2.7618
2425606085596	1202.13	638.00	1164.97	673.40	2.7819	2.7644
2425606093928	1199.64	640.31	1167.56	668.05	2.7793	2.7656
2425606102261	1200.46	634.07	1170.10	668.66	2.7684	2.7798
2425606110594	1197.04	635.80	1174.94	668.73	2.7825	2.7664
2425606118928	1197.83	636.85	1172.97	669.20	2.7553	2.7583
2425606127262	1194.53	636.71	1168.24	667.45	2.7735	2.7717
2425606135595	1150.16	637.31	1113.39	675.88	2.7606	2.7745
2425606143928	1133.87	641.77	1100.50	678.70	2.7517	2.7642
2425606152261	1135.62	644.73	1106.13	676.02	2.7773	2.7731
2425606160595	1133.69	648.23	1109.43	669.91	2.7502	2.7687
2425606168928	1131.03	644.96	1106.66	676.33	2.7620	2.7744
2425606177264	1130.94	644.08	1103.44	674.82	2.7601	2.7685
2425606185596	1126.17	640.93	1106.29	670.83	2.7439	2.7637
2425606193930	1130.62	642.19	1102.24	673.03	2.7625	2.7659
2425606202266	1131.34	648.14	1103.20	672.91	2.7605	2.7439
2425606210597	1133.69	646.31	1101.50	672.87	2.7643	2.7768
2425606218930	1133.69	641.10	1099.71	677.20	2.7365	2.7654
2425606227263	1132.93	639.62	1097.05	672.95	2.7572	2.7454
2425606235596	1139.14	642.80	1094.00	675.48	2.7477	2.7413
2425606243930	1130.25	632.11	1098.78	675.53	2.7443	2.7527
2425606252264	1138.78	633.64	1106.09	679.34	2.7493	2.7564
2425606260596	1132.23	629.82	1104.76	679.82	2.7393	2.7427
2425606268929	1131.40	635.29	1106.84	676.16	2.7493	2.7389
2425606277262	1130.38	634.61	1104.30	670.05	2.7357	2.7406
2425606285595	1132.18	637.26	1104.28	668.21	2.7439	2.7547
2425606293929	1135.17	636.42	1101.83	673.03	2.7538	2.7466
2425606302267	1129.68	628.47	1103.03	669.64	2.7408	2.7340
2425606310600	1130.69	629.64	1104.70	668.94	2.7385	2.7459
2425606318934	1133.80	633.66	1097.72	678.18	2.7283	2.7587
2425606327267	1133.28	635.29	1104.99	678.09	2.7342	2.7582
2425606335601	1136.51	641.60	1101.89	679.97	2.7475	2.7312
2425606343934	1131.49	642.85	1106.01	681.01	2.7342	2.7322
2425606352266	1133.95	649.15	1104.59	676.84	2.7471	2.7263
2425606360599	1130.50	640.97	1108.38	680.80	2.7317	2.7364
2425606368933	1134.50	649.86	1106.09	681.87	2.7324	2.7454
2425606377266	1138.87	646.43	1106.87	677.89	2.7184	2.7352
2425606385599	1140.17	650.09	1105.88	675.16	2.7405	2.7267
2425606393933	1131.94	644.16	1103.80	670.34	2.7263	2.7417
2425606402266	1134.39	642.60	1104.14	672.90	2.7257	2.7383
2425606410599	1136.76	644.09	1104.77	670.87	2.7295	2.7406
2425606418933	1136.11	646.84	1103.12	673.55	2.7090	2.7368
2425606427266	1138.19	646.31	1105.46	675.84	2.7218	2.7355
2425606435607	1129.30	634.66	1105.95	674.50	2.7168	2.7113
2425606443940	1133.08	637.96	1099.25	679.93	2.7237	2.7177
2425606452273	1134.45	633.92	1101.41	675.92	2.7299	2.7265
2425606460607	1126.84	637.61	1095.84	677.07	2.7268	2.7154
2425606468940	1131.55	634.23	1094.49	667.19	2.7045	2.7205
2425606477273	1129.29	633.51	1097.77	666.16	2.7206	2.7188
2425606485606	1129.84	634.17	1097.37	670.40	2.7156	2.7286
2425606493940	1129.25	634.25	1099.55	671.78	2.7140	2.7163
2425606502273	1131.49	634.87	1100.56	675.59	2.7004	2.7167
2425606510606	1131.38	634.45	1104.51	677.23	2.7080	2.7128
2425606518940	1136.92	638.66	1108.50	678.56	2.7205	2.7128
2425606527272	1137.65	640.38	1105.67	673.91	2.7060	2.7073
2425606535605	1131.77	644.76	1104.65	679.02	2.7139	2.7142
2425606543939	1132.11	641.32	1105.88	667.24	2.7013	2.7321
2425606552272	1135.83	641.55	1104.23	657.80	2.7107	2.7256
2425606560605	1127.61	608.90	1094.03	656.50	2.7139	2.6995
2425606568939	1115.10	586.58	1084.00	628.35	2.7024	2.7145
2425606577273	1116.03	602.43	1076.56	624.95	2.6963	2.7135
2425606585607	1112.39	602.82	1081.26	626.43	2.7107	2.7202
2425606593939	1115.82	600.12	1078.85	623.78	2.7188	2.7058
2425606602275	1113.74	602.47	1078.54	619.86	2.7266	2.7207
2425606610607	1117.12	602.17	1078.34	617.73	2.7159	2.7047
2425606618940	1113.36	599.93	1074.99	618.25	2.7011	2.7251
2425606627274	1115.64	593.34	1076.45	619.65	2.7031	2.7089
2425606635607	1113.29	600.81	1080.79	616.79	2.7099	2.7212
2425606643940	1116.99	599.94	1076.71	617.48	2.7178	2.7145
2425606652274	1118.63	588.56	1082.51	619.21	2.7194	2.7144
2425606660607	1114.88	591.57	1073.36	618.02	2.6917	2.7018
2425606668941	1112.98	593.26	1078.13	618.92	2.7004	2.7066
2425606677274	1111.29	596.34	1077.00	619.88	2.7009	2.7169
2425606685607	1113.34	595.49	1082.23	625.63	2.6892	2.7129
2425606693944	1110.93	599.57	1080.51	630.42	2.7074	2.7102
2425606702277	1117.57	601.10	1078.38	638.05	2.6992	2.7046
2425606710611	1113.57	602.98	1083.99	636.44	2.6991	2.7129
2425606718943	1115.00	601.47	1079.05	629.87	2.7025	2.7046
2425606727277	1117.58	601.95	1080.82	634.44	2.6963	2.7071
2425606735610	1113.45	601.75	1080.06	641.03	2.7086	2.7070
2425606743943	1110.94	601.77	1079.62	632.69	2.7006	2.7012
2425606752277	1113.64	603.57	1077.52	636.29	2.6938	2.6920
2425606760610	1119.78	610.45	1079.10	637.21	2.6872	2.6860
2425606768943	1104.41	589.79	1068.06	623.31	2.6806	2.6956
2425606777277	1093.15	570.55	1059.98	596.97	2.6902	2.7040
2425606785609	1091.43	564.10	1065.19	591.87	2.6873	2.6990
2425606793943	1091.09	566.75	1066.76	588.78	2.6940	2.6933
2425606802276	1093.53	570.03	1070.39	596.11	2.6798	2.7086
2425606810609	1093.44	568.28	1066.98	593.10	2.6918	2.6993
2425606818942	1093.73	566.04	1071.55	590.83	2.6916	2.7024
2425606827280	1088.40	565.78	1062.81	590.74	2.6968	2.6942
2425606835614	1090.13	560.92	1060.55	598.79	2.6804	2.7127
2425606843946	1089.58	568.63	1057.62	599.31	2.6934	2.6817
2425606852280	1087.77	559.54	1055.15	603.11	2.6788	2.6871
2425606860613	1087.53	565.35	1059.14	602.58	2.6819	2.6954
2425606868945	1087.87	568.89	1057.48	600.18	2.6968	2.6896
2425606877279	1094.74	564.57	1058.15	597.48	2.6771	2.6905
2425606885612	1091.67	569.86	1059.34	589.12	2.6672	2.6982
2425606893945	1094.37	572.29	1057.71	584.98	2.6934	2.6817
2425606902279	1095.47	574.60	1059.96	585.51	2.6795	2.6779
2425606910612	1095.18	572.67	1056.54	589.15	2.6864	2.6939
2425606918946	1092.35	568.86	1061.51	596.60	2.6782	2.6996
2425606927279	1093.28	569.57	1064.10	594.72	2.6658	2.6785
2425606935612	1089.46	566.61	1063.79	587.18	2.6738	2.6922
2425606943945	1088.49	559.41	1064.90	588.15	2.6749	2.6807
2425606952279	1092.76	562.94	1065.26	593.26	2.6774	2.6886
2425606960619	1096.56	563.37	1063.42	589.74	2.6758	2.6940
2425606968952	1091.36	558.18	1062.30	591.08	2.6702	2.6711
2425606977286	1094.43	560.05	1061.69	585.97	2.6684	2.6870
2425606985619	1106.99	530.78	1068.95	561.21	2.6777	2.6822
2425606993952	1112.11	519.96	1066.84	559.45	2.6750	2.6782
2425607002286	1105.70	523.71	1065.06	554.75	2.6701	2.6738
2425607010619	1106.04	525.46	1067.17	558.55	2.6669	2.6883
2425607018952	1104.94	531.55	1067.14	558.20	2.6668	2.6805
2425607027286	1110.35	529.28	1070.49	554.93	2.6684	2.6719
2425607035619	1108.89	523.04	1071.90	555.86	2.6695	2.6788
2425607043952	1106.57	523.33	1072.61	555.16	2.6670	2.6663
2425607052285	1108.74	529.42	1076.53	556.16	2.6714	2.6719
2425607060618	1105.76	524.07	1074.66	554.65	2.6785	2.6724
2425607068951	1114.23	525.94	1082.30	556.02	2.6666	2.6725
2425607077284	1110.15	526.86	1076.05	555.53	2.6660	2.6760
2425607085618	1103.87	529.03	1074.96	562.35	2.6659	2.6912
2425607093956	1108.30	528.83	1071.73	556.47	2.6823	2.6722
2425607102289	1111.10	524.45	1076.09	551.43	2.6689	2.6709
2425607110623	1106.09	521.96	1071.90	545.20	2.6642	2.6733
2425607118954	1108.99	520.86	1071.07	545.98	2.6562	2.6851
2425607127288	1106.81	515.81	1071.21	544.48	2.6695	2.6709
2425607135620	1106.05	514.13	1068.24	548.48	2.6630	2.6652
2425607143955	1110.47	520.43	1066.54	546.93	2.6630	2.6554
2425607152289	1103.00	524.34	1067.96	547.16	2.6404	2.6710
2425607160622	1103.97	526.26	1070.47	549.07	2.6647	2.6621
2425607168956	1105.96	534.04	1076.46	546.96	2.6760	2.6772
2425607177288	1108.14	528.17	1080.49	544.13	2.6747	2.6716
2425607185622	1107.71	527.05	1077.41	543.30	2.6597	2.6705
2425607193955	1107.42	520.51	1080.07	548.36	2.6748	2.6675
2425607202288	1104.11	513.65	1081.72	548.22	2.6637	2.6629
2425607210622	1108.79	516.25	1075.09	551.98	2.6640	2.6715
2425607218954	1121.33	503.59	1086.49	542.88	2.6559	2.6664
2425607227290	1145.38	499.64	1106.54	532.80	2.6621	2.6567
2425607235624	1162.45	500.39	1126.53	535.54	2.6618	2.6570
2425607243957	1155.77	505.75	1126.40	535.10	2.6518	2.6476
2425607252291	1155.19	501.86	1124.52	536.61	2.6490	2.6520
2425607260624	1151.42	501.80	1126.90	538.36	2.6551	2.6621
2425607268957	1150.86	495.51	1125.18	533.27	2.6560	2.6430
2425607277290	1148.03	495.02	1117.30	524.18	2.6505	2.6569
2425607285624	1147.17	490.71	1126.50	515.81	2.6529	2.6641
2425607293958	1152.83	488.90	1124.49	515.99	2.6334	2.6522
2425607302289	1152.64	497.54	1121.91	513.21	2.6618	2.6716
2425607310623	1152.45	489.93	1125.46	515.31	2.6599	2.6514
2425607318956	1152.42	490.92	1126.19	516.28	2.6558	2.6552
2425607327289	1151.08	486.42	1124.73	514.09	2.6490	2.6514
2425607335623	1152.03	493.63	1119.30	523.04	2.6525	2.6675
2425607343956	1153.04	494.31	1117.68	523.73	2.6599	2.6607
2425607352292	1153.37	498.89	1125.64	530.49	2.6477	2.6576
2425607360626	1153.10	503.57	1124.51	533.74	2.6514	2.6515
2425607368959	1155.55	502.10	1119.58	535.73	2.6455	2.6534
2425607377293	1158.74	503.22	1121.77	535.13	2.6641	2.6543
2425607385626	1160.53	505.26	1117.41	534.12	2.6740	2.6580
2425607393958	1158.56	503.09	1121.34	533.63	2.6657	2.6594
2425607402291	1157.87	504.35	1121.89	532.52	2.6530	2.6550
2425607410625	1152.06	505.65	1124.73	535.32	2.6498	2.6476
2425607418958	1154.38	506.40	1125.36	532.17	2.6708	2.6596
2425607427291	1150.55	503.72	1125.29	526.24	2.6638	2.6646
2425607435625	1153.12	505.70	1135.92	523.69	2.6594	2.6604
2425607443958	1154.11	508.56	1133.06	524.27	2.6512	2.6449
2425607452291	1153.53	508.85	1128.79	520.89	2.6650	2.6507
2425607460625	1154.36	504.01	1129.65	516.12	2.6731	2.6675
2425607468958	1151.98	500.36	1130.55	518.30	2.6472	2.6597
2425607477290	1155.69	499.77	1129.12	518.19	2.6616	2.6527
2425607485630	1158.79	497.42	1129.01	515.39	2.6571	2.6570
2425607493963	1156.03	499.22	1122.58	518.94	2.6585	2.6360
2425607502297	1158.11	501.15	1123.68	520.10	2.6482	2.6655
2425607510630	1156.32	498.94	1126.46	521.97	2.6575	2.6474
2425607518963	1155.00	494.92	1130.21	522.85	2.6616	2.6470
2425607527296	1156.67	496.02	1130.29	520.98	2.6606	2.6519
2425607535630	1155.12	502.92	1132.38	520.82	2.6631	2.6577
2425607543963	1155.20	504.69	1132.27	518.07	2.6667	2.6414
2425607552296	1153.22	503.91	1132.65	518.87	2.6680	2.6537
2425607560630	1153.82	505.35	1131.91	521.18	2.6494	2.6518
2425607568962	1183.90	510.59	1153.74	527.96	2.6594	2.6560
2425607577295	1216.13	519.07	1190.78	540.59	2.6677	2.6559
2425607585629	1226.57	527.98	1211.21	557.53	2.6668	2.6401
2425607593962	1233.15	529.31	1219.85	562.37	2.6584	2.6461
2425607602295	1225.53	526.90	1211.94	555.48	2.6551	2.6550
2425607610629	1225.49	526.14	1209.91	557.79	2.6549	2.6440
2425607618968	1231.32	528.34	1208.88	565.75	2.6683	2.6549
2425607627302	1227.63	526.55	1202.14	565.16	2.6736	2.6516
2425607635634	1232.65	527.63	1203.00	574.02	2.6555	2.6559
2425607643968	1233.35	528.23	1196.62	569.84	2.6608	2.6610
2425607652300	1235.24	527.69	1198.92	566.62	2.6596	2.6525
2425607660633	1238.02	526.76	1203.07	561.81	2.6649	2.6507
2425607668967	1242.32	531.33	1204.64	566.11	2.6808	2.6547
2425607677300	1242.00	531.14	1209.53	562.08	2.6700	2.6576
2425607685633	1238.21	533.53	1209.94	560.92	2.6688	2.6582
2425607693967	1236.46	535.01	1210.59	567.56	2.6680	2.6599
2425607702300	1236.80	531.62	1208.86	566.01	2.6787	2.6591
2425607710634	1239.96	533.26	1214.62	559.28	2.6767	2.6660
2425607718967	1236.10	534.68	1215.46	564.77	2.6850	2.6530
2425607727300	1237.25	535.49	1208.54	568.59	2.6782	2.6567
2425607735632	1236.21	535.00	1207.02	568.57	2.6913	2.6588
2425607743970	1233.81	537.33	1206.25	569.38	2.6761	2.6700
2425607752304	1238.70	533.31	1205.50	569.28	2.6771	2.6583
2425607760636	1239.75	538.57	1209.52	569.06	2.6800	2.6615
2425607768970	1280.23	535.65	1263.94	558.05	2.6784	2.6746
2425607777303	1310.63	535.66	1285.55	554.84	2.6791	2.6696
2425607785636	1319.86	539.53	1287.83	562.54	2.6826	2.6708
2425607793970	1315.72	533.01	1282.24	569.79	2.6934	2.6661
2425607802303	1311.36	528.79	1285.06	564.95	2.6788	2.6663
2425607810636	1306.35	526.52	1292.09	560.70	2.6690	2.6732
2425607818970	1308.77	533.26	1289.03	561.71	2.6832	2.6824
2425607827302	1309.91	529.56	1289.26	558.05	2.6823	2.6746
2425607835636	1310.00	530.60	1289.40	555.75	2.6781	2.6944
2425607843969	1310.93	534.57	1288.73	550.94	2.6805	2.6676
2425607852302	1312.34	536.27	1289.28	554.16	2.6913	2.6786
2425607860635	1308.06	539.24	1293.77	552.88	2.6697	2.6786
2425607868969	1311.15	543.73	1289.05	557.37	2.6783	2.6875
2425607877309	1309.33	542.68	1284.30	556.48	2.6821	2.6671
2425607885641	1309.11	539.51	1289.05	556.04	2.6738	2.6746
2425607893975	1310.24	540.65	1284.94	552.84	2.6689	2.6841
2425607902308	1317.92	531.62	1287.94	552.73	2.6785	2.6881
2425607910640	1310.95	534.04	1287.63	557.12	2.6965	2.6751
2425607918974	1306.78	529.05	1287.80	553.24	2.6853	2.6806
2425607927307	1312.63	526.50	1290.24	556.75	2.6802	2.6787
2425607935640	1312.66	528.04	1286.91	563.02	2.6774	2.6851
2425607943974	1311.43	532.34	1285.63	562.56	2.6921	2.6881
2425607952307	1311.52	531.78	1285.20	565.68	2.6750	2.6906
