t	gaze_point_LX	gaze_point_LY	gaze_point_RX	gaze_point_RY	pupil_diameter_L	pupil_diameter_R
429972902674	NaN	NaN	NaN	NaN	NaN	NaN
429972911006	NaN	NaN	NaN	NaN	NaN	NaN
429972919340	NaN	NaN	NaN	NaN	NaN	NaN
429972927673	NaN	NaN	NaN	NaN	NaN	NaN
429972936005	NaN	NaN	NaN	NaN	NaN	NaN
429972944338	NaN	NaN	NaN	NaN	NaN	NaN
429972952671	NaN	NaN	NaN	NaN	NaN	NaN
429972961007	NaN	NaN	NaN	NaN	NaN	NaN
429972969340	NaN	NaN	NaN	NaN	NaN	NaN
429972977674	NaN	NaN	NaN	NaN	NaN	NaN
429972986007	NaN	NaN	NaN	NaN	NaN	NaN
429972994342	NaN	NaN	NaN	NaN	NaN	NaN
429973002674	NaN	NaN	NaN	NaN	NaN	NaN
429973011007	NaN	NaN	NaN	NaN	NaN	NaN
429973019340	NaN	NaN	NaN	NaN	NaN	NaN
429973027673	NaN	NaN	NaN	NaN	NaN	NaN
429973036007	1306.50	854.31	NaN	NaN	2.5786	NaN
429973044340	1240.73	875.84	1257.54	659.37	3.0229	3.1995
429973052673	1250.28	729.60	1267.97	638.89	3.0710	3.2272
429973061007	1251.14	658.48	1260.01	661.76	3.1044	3.1904
429973069342	1242.08	604.00	1258.31	690.88	3.1700	3.1381
429973077676	1237.67	604.63	1269.54	690.37	3.1570	3.1239
429973086009	1232.63	619.41	1259.19	712.45	3.1893	3.1354
429973094350	1241.71	626.80	1266.87	730.99	3.1989	3.1665
429973102682	1244.58	656.82	1269.92	711.87	3.1349	3.1258
429973111016	1250.86	659.63	1270.31	712.25	3.1117	3.1367
429973119348	1252.20	661.99	1267.84	707.01	3.1138	3.1327
429973127681	1252.26	665.25	1274.41	702.21	3.1291	3.1442
429973136015	1255.59	667.51	1266.93	701.55	3.1222	3.1484
429973144348	1251.79	675.80	1274.07	695.41	3.1469	3.1669
429973152682	1253.85	663.03	1275.91	700.74	3.1280	3.1706
429973161015	1254.48	700.46	1270.21	696.89	3.2092	3.1638
429973169348	1253.37	685.66	1268.11	711.33	3.1988	3.2165
429973177682	1254.63	689.69	1269.99	693.99	3.1977	3.2106
429973186015	1261.71	690.57	1267.66	705.27	3.1982	3.2305
429973194349	1262.77	701.60	1270.14	701.32	3.2352	3.2292
429973202682	1256.63	690.48	1267.75	695.37	3.2232	3.2328
429973211014	1261.11	695.29	1265.97	701.26	3.2246	3.2328
429973219347	1259.34	686.19	1272.51	691.85	3.2108	3.2344
429973227687	1258.78	686.46	1265.41	703.61	3.2272	3.2550
429973236020	1258.15	702.97	1271.09	692.47	3.2603	3.2422
429973244353	1257.22	714.07	1265.95	689.68	3.2733	3.2598
429973252687	1259.72	700.92	1268.17	705.89	3.2614	3.2841
429973261019	1259.56	701.18	1270.27	691.54	3.2608	3.2518
429973269353	1261.74	696.86	1269.18	693.89	3.2561	3.2410
429973277686	1254.46	721.73	1265.88	694.43	3.2915	3.2504
429973286019	1258.50	725.72	1266.13	733.45	3.3275	3.3406
429973294353	1259.83	711.26	1264.05	699.57	3.2891	3.2827
429973302686	1259.39	717.44	1268.41	711.41	3.3145	3.2988
429973311020	1262.92	712.20	1257.96	696.57	3.3073	3.2754
429973319353	1264.75	712.20	1263.43	702.09	3.3062	3.2892
429973327687	1263.18	709.82	1263.90	712.66	3.2849	3.3208
429973336020	1255.02	719.55	1267.53	693.72	3.3269	3.2878
429973344353	1263.22	726.20	1260.85	699.71	3.3436	3.2960
429973352689	1265.09	718.54	1263.07	695.06	3.3346	3.3060
429973361022	1257.92	729.10	1264.28	715.50	3.3660	3.3432
429973369356	1262.08	731.92	1260.48	695.66	3.3635	3.3161
429973377689	1259.56	725.31	1263.91	720.06	3.3466	3.3556
429973386023	1257.85	734.81	1263.38	710.81	3.3870	3.3505
429973394355	1263.17	731.51	1260.49	704.56	3.3642	3.3081
429973402689	1261.11	730.92	1259.49	700.18	3.3986	3.3257
429973411022	1262.36	738.26	1267.78	729.88	3.3918	3.3873
429973419355	1270.32	722.45	1256.23	732.30	3.3763	3.3747
429973427688	1262.62	740.44	1261.56	713.14	3.3986	3.3544
429973436021	1258.09	725.22	1260.71	733.58	3.3856	3.3891
429973444355	1257.70	708.98	1262.44	729.85	3.3545	3.4096
429973452688	1259.04	732.51	1263.36	708.71	3.3843	3.3483
429973461022	1252.99	715.41	1264.77	733.03	3.3609	3.4082
429973469355	1259.54	748.88	1266.31	735.53	3.4286	3.4190
429973477689	1258.59	740.85	1256.66	738.88	3.4015	3.4374
429973486026	1257.94	749.37	1259.62	742.85	3.4213	3.4532
429973494359	1259.13	747.88	1255.77	750.08	3.4361	3.4574
429973502693	1254.79	747.81	1264.93	763.63	3.4377	3.4753
429973511025	1258.63	741.30	1257.29	757.83	3.4034	3.4771
429973519359	1260.32	743.73	1259.81	754.99	3.4239	3.4837
429973527693	1260.40	743.20	1257.21	696.98	3.4163	3.3418
429973536026	1263.20	742.25	1255.36	754.51	3.4116	3.4656
429973544359	1258.80	743.31	1256.99	763.95	3.4020	3.4904
429973552692	1255.25	745.81	1260.86	738.20	3.4067	3.4359
429973561026	1260.32	733.17	1263.15	727.89	3.3589	3.3898
429973569359	1262.63	737.69	1257.12	744.55	3.3586	3.4283
429973577691	1257.97	749.00	1257.71	743.48	3.3608	3.4225
429973586024	1260.54	739.56	1258.95	744.49	3.3354	3.4239
429973594358	1260.84	730.79	1259.87	738.33	3.2961	3.3933
429973602691	1261.06	718.77	1263.25	739.23	3.2668	3.3880
429973611025	1256.38	677.44	1262.11	728.24	3.1444	3.3398
429973619364	1259.50	720.51	1261.20	762.46	3.2170	3.4131
429973627697	1258.33	668.30	1265.73	734.27	3.1348	3.3307
429973636031	1252.37	714.78	1263.34	758.90	3.2074	3.3721
429973644364	1254.47	699.48	1265.74	752.37	3.1616	3.3364
429973652696	1251.20	729.99	1272.95	761.74	3.1877	3.3454
429973661029	1255.69	691.70	1263.05	755.82	3.0933	3.3017
429973669363	1255.92	741.02	1269.55	757.32	3.2074	3.3069
429973677696	1253.82	690.66	1265.40	744.53	3.0801	3.2722
429973686029	1251.24	706.05	1263.51	738.51	3.1040	3.2534
429973694363	1255.62	696.98	1267.74	710.77	3.0766	3.1699
429973702696	1261.07	723.05	1264.36	711.49	3.1299	3.1825
429973711029	1251.11	695.77	1262.44	716.15	3.0327	3.1637
429973719363	1251.80	698.40	1252.86	752.53	3.0498	3.2502
429973727696	1192.61	699.25	1195.97	728.84	3.0409	3.1699
429973736029	1157.00	691.72	1165.67	724.75	3.0215	3.1460
429973744363	1143.21	717.13	1127.99	725.63	3.0504	3.1519
429973752701	1145.67	686.53	1149.36	707.51	2.9832	3.1068
429973761033	1150.65	688.48	1142.43	709.72	2.9937	3.1102
429973769367	1139.10	686.58	1135.95	718.39	2.9891	3.1259
429973777700	1141.79	702.94	1138.96	722.06	3.0022	3.1114
429973786034	1147.07	690.91	1146.44	737.28	2.9867	3.1562
429973794367	1142.20	704.79	1143.21	718.54	3.0012	3.1185
429973802700	1142.80	699.02	1142.68	721.44	2.9935	3.1179
429973811033	1143.63	695.73	1139.09	721.90	2.9931	3.1036
429973819366	1140.83	696.54	1140.51	720.28	2.9849	3.0749
429973827700	1140.26	701.94	1142.89	717.77	2.9917	3.0988
429973836033	1140.70	695.19	1142.96	722.94	2.9833	3.0889
429973844366	1141.27	694.73	1127.11	718.01	2.9708	3.1018
429973852699	1137.19	697.13	1143.54	716.89	2.9725	3.0750
429973861032	1142.45	698.69	1131.69	718.43	2.9739	3.0767
429973869366	1133.13	693.87	1138.08	711.34	2.9607	3.0750
429973877703	1133.07	695.70	1148.54	714.97	2.9697	3.0638
429973886037	1134.77	683.04	1142.11	730.56	2.9554	3.1110
429973894370	1134.70	689.49	1143.69	726.20	2.9551	3.0842
429973902703	1138.78	681.42	1142.83	741.11	2.9366	3.1523
429973911037	1140.76	693.31	1139.52	722.73	2.9778	3.0734
429973919369	1140.34	689.93	1142.08	728.40	2.9625	3.0824
429973927703	1141.46	686.57	1139.32	715.62	2.9561	3.0738
429973936037	1139.15	691.82	1140.11	718.44	2.9760	3.0555
429973944369	1141.95	696.58	1138.24	709.13	2.9873	3.0372
429973952703	1140.11	712.61	1140.19	712.92	3.0178	3.0554
429973961036	1144.88	712.21	1142.22	727.30	2.9938	3.0903
429973969369	1146.55	699.31	1143.22	719.04	2.9719	3.0598
429973977703	1139.44	696.86	1141.84	721.01	2.9877	3.0625
429973986036	1143.64	699.61	1142.84	716.95	2.9836	3.0592
429973994370	1133.44	699.59	1140.86	731.04	2.9676	3.0943
429974002703	1132.47	701.28	1144.44	733.61	2.9803	3.0931
429974011043	1111.82	693.60	1124.07	718.75	2.9680	3.0588
429974019377	1085.77	704.51	1090.24	730.47	2.9829	3.1077
429974027709	1083.57	715.33	1081.38	714.86	3.0248	3.0576
429974036043	1082.68	678.95	1072.34	707.87	2.9590	3.0751
429974044375	1082.69	692.67	1085.25	713.86	2.9593	3.0573
429974052709	1079.84	703.36	1068.88	714.45	3.0284	3.0728
429974061042	1081.72	716.96	1080.99	725.14	3.0665	3.0799
429974069375	1076.58	707.87	1081.93	718.98	3.0316	3.0732
429974077709	1078.14	716.81	1075.84	724.98	3.0426	3.1143
429974086042	1079.73	719.80	1079.99	737.28	3.0778	3.1237
429974094376	1079.68	716.31	1084.04	750.09	3.0445	3.1375
429974102709	1078.72	700.88	1074.45	721.23	3.0250	3.0947
429974111042	1075.00	712.56	1072.60	729.03	3.0617	3.1189
429974119376	1078.33	731.14	1072.13	730.24	3.0985	3.1177
429974127708	1080.05	714.78	1075.94	724.87	3.0749	3.1120
429974136041	1076.73	703.05	1080.22	720.96	3.0475	3.1154
429974144377	1075.73	721.29	1074.20	723.04	3.0849	3.1275
429974152711	1078.27	737.15	1073.31	727.85	3.1269	3.1272
429974161044	1079.31	731.70	1073.18	720.74	3.1219	3.1151
429974169377	1080.63	750.01	1073.29	717.30	3.1612	3.1146
429974177711	1086.59	744.06	1072.03	740.71	3.1387	3.1564
429974186044	1074.93	722.02	1072.92	729.65	3.1222	3.1363
429974194377	1079.52	739.20	1072.84	734.93	3.1515	3.1433
429974202711	1079.43	732.60	1073.18	725.65	3.1464	3.1494
429974211044	1080.58	757.28	1072.94	727.94	3.2241	3.1617
429974219377	1082.33	747.55	1074.44	720.07	3.2053	3.1444
429974227710	1079.92	741.65	1072.34	717.90	3.1686	3.1432
429974236043	1079.78	741.86	1074.07	725.83	3.1959	3.1566
429974244378	1079.59	733.25	1066.37	732.66	3.1664	3.1851
429974252711	1071.41	720.64	1073.69	733.81	3.1658	3.1906
429974261044	1080.97	744.96	1073.64	729.08	3.2164	3.1937
429974269381	1081.31	740.71	1072.79	742.88	3.2175	3.2164
429974277715	1054.19	743.15	1054.23	750.32	3.2155	3.2346
429974286048	1021.48	746.66	1010.81	756.13	3.1926	3.2167
429974294381	1003.69	774.25	982.95	766.09	3.2196	3.2416
429974302714	997.09	749.75	992.10	759.42	3.2325	3.2464
429974311047	994.92	743.27	992.32	747.02	3.1859	3.2170
429974319380	1003.38	756.17	995.37	756.85	3.2360	3.2444
429974327714	996.03	745.08	991.49	746.61	3.2016	3.2294
429974336047	1000.18	762.44	987.35	748.08	3.2646	3.2455
429974344381	1006.40	766.81	985.24	753.25	3.2649	3.2465
429974352713	998.49	757.56	986.68	756.25	3.2483	3.2717
429974361047	1002.27	763.54	995.14	747.30	3.2829	3.2413
429974369380	996.25	766.02	990.36	750.15	3.2642	3.2698
429974377714	998.30	763.88	989.89	742.15	3.2947	3.2516
429974386047	998.39	771.72	991.41	735.90	3.3069	3.2515
429974394380	998.23	773.70	990.28	760.91	3.3061	3.2975
429974402719	999.61	768.54	992.65	742.18	3.3184	3.2634
429974411053	997.78	767.27	990.83	767.39	3.2908	3.3225
429974419386	995.26	766.24	992.84	745.55	3.3079	3.2805
429974427720	996.30	782.60	992.14	756.55	3.3512	3.3077
429974436053	999.28	777.86	985.38	741.05	3.3459	3.2641
429974444386	996.03	778.56	990.02	749.83	3.3312	3.2879
429974452720	992.53	762.37	982.93	743.24	3.3148	3.2891
429974461053	997.54	779.72	989.40	746.18	3.3438	3.2939
429974469387	994.16	768.23	990.99	755.84	3.3089	3.3370
429974477719	995.69	776.16	988.99	751.43	3.3148	3.3111
429974486053	995.87	767.14	996.66	759.98	3.3138	3.3210
429974494385	1002.07	774.00	988.49	750.73	3.3441	3.3204
429974502718	999.55	778.07	984.16	745.86	3.3411	3.2952
429974511052	1003.06	764.15	991.63	777.91	3.3179	3.3515
429974519385	995.41	769.62	989.75	747.03	3.3270	3.2766
429974527718	996.17	776.60	989.76	751.19	3.3252	3.3001
429974536056	999.48	771.21	994.03	763.27	3.3374	3.3332
429974544389	998.72	779.56	991.63	773.33	3.3406	3.3452
429974552723	1006.21	782.86	995.81	769.93	3.3403	3.3344
429974561057	1000.38	775.19	985.58	766.09	3.3388	3.3199
429974569390	995.30	754.83	988.16	754.63	3.2941	3.3092
429974577723	997.25	771.93	989.40	785.48	3.3254	3.3694
429974586056	1002.40	767.31	988.07	764.97	3.3094	3.3279
429974594390	1002.62	778.52	990.93	790.43	3.3228	3.3743
429974602722	1003.49	774.47	991.03	778.96	3.3207	3.3394
429974611056	1002.90	773.66	979.04	780.37	3.3177	3.3432
429974619389	999.71	775.03	991.76	782.79	3.3278	3.3476
429974627722	1006.02	778.05	992.74	802.20	3.3133	3.3975
429974636056	1002.19	776.31	982.49	791.28	3.3147	3.3589
429974644389	999.33	774.06	984.86	784.66	3.3260	3.3531
429974652722	995.78	774.17	984.96	805.44	3.3151	3.3893
429974661056	1004.24	777.26	987.42	785.56	3.3240	3.3429
429974669394	998.21	777.06	981.15	793.64	3.3130	3.3661
429974677726	996.84	769.67	983.46	797.75	3.2955	3.3877
429974686060	998.12	782.32	984.43	786.79	3.3165	3.3538
429974694393	998.45	769.34	981.06	789.01	3.3157	3.3568
429974702727	999.03	766.74	989.26	807.26	3.2870	3.3916
429974711060	996.77	768.25	989.20	783.96	3.3027	3.3378
429974719393	1001.77	776.60	985.04	796.45	3.3250	3.3709
429974727726	997.80	767.65	983.91	799.76	3.3092	3.3656
429974736060	1000.53	778.93	986.16	800.33	3.3230	3.3732
429974744393	999.29	776.38	989.73	793.82	3.3057	3.3663
429974752727	999.40	776.04	992.47	794.41	3.3057	3.3585
429974761060	993.19	771.58	983.29	783.28	3.3031	3.3276
429974769392	991.58	778.45	982.60	778.89	3.3253	3.3178
429974777725	1005.27	784.60	986.10	797.12	3.3059	3.3606
429974786059	993.51	766.28	991.09	804.47	3.2777	3.3742
429974794396	995.00	765.70	986.62	786.25	3.2803	3.3441
429974802729	997.23	773.94	981.66	779.74	3.3010	3.3137
429974811063	994.17	782.31	984.47	784.18	3.2850	3.3247
429974819396	998.24	774.62	984.68	792.48	3.2762	3.3529
429974827730	996.96	767.79	983.66	794.14	3.2881	3.3457
429974836063	997.85	775.85	976.68	786.09	3.2983	3.3417
429974844396	992.53	774.25	982.72	789.15	3.2899	3.3598
429974852729	1004.49	751.61	992.92	794.22	3.2575	3.3537
429974861063	1058.53	737.84	1053.10	762.30	3.2879	3.3281
429974869396	1100.03	745.48	1082.99	773.24	3.3163	3.3606
429974877729	1101.91	734.94	1094.69	746.35	3.3029	3.3185
429974886063	1102.07	741.37	1086.88	764.56	3.2980	3.3319
429974894396	1099.85	729.64	1093.22	757.43	3.2403	3.3397
429974902730	1100.55	738.56	1096.05	754.54	3.3066	3.3410
429974911063	1106.91	740.27	1093.49	739.62	3.3014	3.2960
429974919396	1102.43	738.70	1092.11	751.51	3.2955	3.3314
429974927735	1106.48	730.37	1093.29	768.21	3.2627	3.3567
429974936069	1104.14	729.85	1098.90	756.19	3.2631	3.3188
429974944402	1102.44	727.24	1091.87	722.77	3.2672	3.2566
429974952735	1104.32	715.39	1090.74	754.26	3.2461	3.3245
429974961067	1101.61	731.85	1087.92	743.86	3.2912	3.2973
429974969401	1104.47	720.08	1100.16	762.89	3.2548	3.3453
429974977734	1103.10	736.52	1097.81	749.72	3.2829	3.3121
429974986068	1097.44	689.13	1100.12	748.73	3.2072	3.3085
429974994401	1103.98	722.38	1099.28	755.27	3.2843	3.3250
429975002734	1103.26	727.86	1094.98	730.94	3.2757	3.2906
429975011067	1097.56	720.48	1099.37	715.01	3.2666	3.2607
429975019401	1101.47	731.76	1102.11	731.73	3.2835	3.3009
429975027735	1110.28	725.33	1095.84	743.71	3.2777	3.3064
429975036067	1101.54	730.26	1101.37	713.63	3.2752	3.2663
429975044401	1099.36	726.63	1098.97	753.91	3.2778	3.3498
429975052733	1104.77	727.61	1103.22	756.22	3.2825	3.3351
429975061070	1103.32	731.53	1098.68	752.24	3.2906	3.3442
429975069404	1102.69	737.62	1093.81	724.21	3.2842	3.2789
429975077737	1107.77	740.12	1094.38	729.59	3.3204	3.3053
429975086070	1109.98	742.56	1094.70	737.41	3.3182	3.3030
429975094404	1104.10	719.63	1097.66	741.13	3.2762	3.3108
429975102737	1101.84	726.15	1094.70	732.00	3.3217	3.3176
429975111071	1107.17	733.65	1094.11	720.47	3.3144	3.2910
429975119404	1116.10	746.06	1106.00	729.23	3.3432	3.2948
429975127737	1173.09	718.35	1169.56	757.50	3.3223	3.3731
429975136070	1221.88	722.21	1213.57	704.84	3.3487	3.2935
429975144403	1232.71	704.77	1229.84	705.47	3.3550	3.3048
429975152736	1229.78	707.24	1228.66	714.99	3.3537	3.3110
429975161069	1234.12	714.72	1223.89	752.82	3.3758	3.4230
429975169403	1229.05	687.27	1222.46	731.68	3.3251	3.3798
429975177736	1230.46	702.22	1231.38	747.75	3.3545	3.4192
429975186070	1231.29	719.14	1226.14	752.19	3.4166	3.4255
429975194409	1230.46	721.63	1223.18	717.64	3.3972	3.3749
429975202742	1232.33	710.12	1224.51	725.81	3.3808	3.3770
429975211075	1234.13	701.42	1221.45	714.19	3.3769	3.3620
429975219409	1228.66	694.61	1220.82	739.95	3.3774	3.4282
429975227741	1228.93	715.88	1226.80	749.56	3.4146	3.4477
429975236075	1239.35	718.87	1231.74	745.69	3.4363	3.4405
429975244408	1235.64	688.23	1228.76	749.43	3.3647	3.4532
429975252741	1237.63	694.94	1225.27	756.09	3.3842	3.4682
429975261074	1237.96	718.80	1225.01	740.64	3.4325	3.4381
429975269408	1243.07	707.29	1223.62	751.86	3.4187	3.4738
429975277741	1238.98	698.82	1226.70	747.82	3.4151	3.4711
429975286074	1230.04	711.66	1222.71	734.23	3.4469	3.4429
429975294408	1240.05	711.48	1226.57	683.37	3.4537	3.3446
429975302741	1234.05	721.70	1224.66	715.46	3.4773	3.4027
429975311074	1237.34	734.65	1232.98	740.18	3.4994	3.4859
429975319413	1241.12	696.49	1227.39	751.09	3.4104	3.5142
429975327745	1235.82	721.23	1229.64	708.36	3.4998	3.4147
429975336078	1245.12	720.79	1229.84	757.68	3.4783	3.5185
429975344412	1241.68	720.89	1220.34	729.35	3.5066	3.4630
429975352745	1241.49	720.10	1234.69	750.77	3.4793	3.5061
429975361079	1242.84	713.88	1232.22	765.27	3.4715	3.5470
429975369412	1242.37	716.24	1226.33	756.05	3.4936	3.5362
429975377745	1240.27	715.32	1232.12	761.42	3.4826	3.5391
429975386078	1237.52	726.32	1233.41	762.86	3.5154	3.5556
429975394412	1251.98	734.48	1247.61	699.21	3.5337	3.3988
429975402745	1305.11	725.12	1310.06	739.48	3.5008	3.4979
429975411078	1345.36	728.32	1336.24	735.91	3.5395	3.4767
429975419411	1350.96	728.38	1346.21	755.98	3.5435	3.5234
429975427744	1341.61	722.97	1337.75	741.76	3.5211	3.5153
429975436077	1348.57	739.20	1341.76	742.26	3.5330	3.5129
429975444411	1350.03	725.84	1341.64	749.86	3.5228	3.5219
429975452748	1346.22	729.48	1344.04	745.55	3.5430	3.5129
429975461081	1353.41	727.80	1341.37	751.84	3.5515	3.5438
429975469414	1349.34	726.42	1347.59	743.86	3.5235	3.5355
429975477748	1351.45	738.63	1344.18	722.85	3.5576	3.4790
429975486082	1347.84	731.87	1346.46	741.73	3.5596	3.5280
429975494415	1350.49	728.42	1341.27	744.17	3.5114	3.5492
429975502748	1343.89	726.60	1343.67	748.07	3.5225	3.5454
429975511081	1352.58	733.35	1338.86	734.58	3.5436	3.5178
429975519414	1345.13	735.10	1346.30	730.17	3.5534	3.5084
429975527748	1349.87	732.40	1340.26	756.66	3.5404	3.5636
429975536081	1346.68	737.86	1339.90	762.98	3.5519	3.5654
429975544415	1352.67	724.17	1344.80	734.34	3.5271	3.5164
429975552748	1354.59	724.49	1344.60	750.67	3.5260	3.5503
429975561081	1353.11	728.19	1340.25	737.45	3.5328	3.5066
429975569414	1350.08	724.38	1340.78	736.44	3.5091	3.5084
429975577748	1352.21	729.45	1340.21	745.72	3.5212	3.5458
429975586086	1355.62	719.35	1343.88	753.45	3.5143	3.5461
429975594418	1349.78	736.71	1339.26	748.61	3.5291	3.5367
429975602752	1359.23	738.05	1340.83	754.94	3.5425	3.5440
429975611085	1347.90	734.27	1344.95	751.87	3.5159	3.5516
429975619418	1354.81	719.12	1338.62	757.90	3.4927	3.5673
429975627752	1359.54	724.87	1348.03	757.65	3.5168	3.5403
429975636085	1355.72	722.94	1342.28	743.02	3.4868	3.5155
429975644418	1347.49	721.13	1343.94	741.22	3.4993	3.5036
429975652752	1354.46	721.22	1345.35	734.56	3.5114	3.4877
429975661085	1352.00	719.25	1346.22	746.49	3.5211	3.5300
429975669418	1349.24	709.89	1345.45	774.79	3.4681	3.5633
429975677752	1347.76	729.48	1351.48	726.75	3.5210	3.4591
429975686085	1347.53	723.64	1348.57	757.08	3.4763	3.5243
429975694418	1346.61	729.22	1350.53	756.45	3.4860	3.5061
429975702751	1348.93	732.13	1351.84	747.73	3.4743	3.5008
429975711088	1347.64	720.64	1354.41	711.54	3.4511	3.4050
429975719421	1348.74	724.96	1351.86	730.25	3.4615	3.4483
429975727755	1351.14	718.45	1347.69	735.09	3.4520	3.4640
429975736088	1352.32	731.20	1345.49	731.76	3.4701	3.4551
429975744421	1351.51	723.26	1351.44	746.41	3.4393	3.4769
429975752755	1359.43	724.43	1352.90	735.05	3.4413	3.4364
429975761088	1359.39	722.92	1352.33	715.66	3.4517	3.3992
429975769421	1353.14	715.25	1354.27	687.34	3.4251	3.3390
429975777755	1357.34	717.12	1348.08	731.38	3.4341	3.4368
429975786088	1355.54	722.15	1347.29	735.57	3.4291	3.4215
429975794420	1361.60	728.27	1346.49	744.65	3.4268	3.4384
429975802754	1356.42	727.69	1357.22	719.07	3.4164	3.3773
429975811088	1358.32	727.71	1348.76	764.65	3.4209	3.4745
429975819421	1355.70	728.94	1347.92	760.79	3.4039	3.4683
429975827755	1373.19	722.70	1376.12	726.11	3.3868	3.3860
429975836088	1410.12	730.69	1417.82	751.96	3.3808	3.4197
429975844426	1444.35	722.81	1444.21	732.31	3.3697	3.3698
429975852760	1443.74	744.02	1437.78	754.31	3.4170	3.3959
429975861093	1440.60	738.26	1439.71	734.97	3.3926	3.3555
429975869425	1435.95	740.59	1433.29	771.84	3.3928	3.4335
429975877759	1444.69	723.82	1433.36	761.90	3.3547	3.4180
429975886092	1445.02	714.82	1425.53	749.08	3.3244	3.3672
429975894425	1440.66	719.85	1430.18	746.36	3.3342	3.3704
429975902759	1444.02	719.49	1437.63	735.91	3.3146	3.3519
429975911092	1440.37	733.48	1437.97	726.68	3.3564	3.3435
429975919425	1436.22	738.95	1442.31	710.54	3.3762	3.3008
429975927759	1445.88	719.26	1436.10	730.28	3.3305	3.3423
429975936092	1443.61	679.99	1436.32	725.10	3.2493	3.3020
429975944425	1434.85	713.42	1442.64	721.25	3.3091	3.3015
429975952758	1436.10	706.47	1439.64	712.62	3.2840	3.2921
429975961092	1440.47	717.53	1437.11	730.16	3.3043	3.3427
429975969425	1445.69	701.39	1429.12	742.56	3.2625	3.3569
429975977763	1448.23	731.94	1433.65	727.17	3.3205	3.3319
429975986096	1446.40	716.93	1442.85	714.07	3.2988	3.2903
429975994429	1438.18	700.85	1442.14	703.32	3.2602	3.2681
429976002762	1446.55	701.94	1441.12	725.54	3.2676	3.2760
429976011096	1441.49	710.19	1441.63	697.30	3.2459	3.2515
429976019429	1434.41	708.37	1435.81	695.39	3.2568	3.2352
429976027763	1437.80	720.42	1437.31	706.12	3.2840	3.2537
429976036096	1431.92	723.37	1433.18	720.76	3.3066	3.2832
429976044429	1438.35	713.73	1439.34	712.51	3.2851	3.2702
429976052762	1443.67	717.30	1436.10	730.22	3.2874	3.2956
429976061096	1434.56	723.69	1435.63	727.24	3.2796	3.2893
429976069429	1474.06	712.31	1478.46	702.52	3.2765	3.2464
429976077761	1507.84	695.72	1505.60	690.78	3.2701	3.2377
429976086095	1515.42	678.95	1523.17	686.95	3.2540	3.2436
429976094428	1513.63	689.29	1509.77	697.56	3.2717	3.2429
429976102762	1512.68	682.45	1525.60	701.08	3.2351	3.2733
429976111100	1510.57	699.85	1516.40	698.37	3.2970	3.2805
429976119434	1514.19	692.54	1514.33	697.97	3.2709	3.2679
429976127767	1521.38	679.66	1520.05	698.91	3.2424	3.2764
429976136101	1526.14	681.27	1520.51	698.27	3.2440	3.2803
429976144433	1516.49	682.36	1518.99	696.37	3.2344	3.2554
429976152766	1511.35	692.30	1519.37	701.26	3.2710	3.2716
429976161100	1523.14	683.53	1521.69	694.18	3.2379	3.2623
429976169433	1518.21	691.62	1519.32	689.75	3.2726	3.2527
429976177766	1513.21	693.50	1527.08	679.18	3.2565	3.2266
429976186100	1521.94	685.37	1528.00	677.76	3.2461	3.2287
429976194433	1519.37	679.58	1528.27	683.81	3.2591	3.2522
429976202766	1519.93	688.65	1524.16	678.50	3.2705	3.2362
429976211100	1516.33	679.45	1528.32	680.33	3.2378	3.2478
429976219433	1519.23	690.77	1521.21	686.15	3.2534	3.2709
429976227766	1515.90	676.54	1523.50	684.70	3.2386	3.2817
429976236102	1523.14	676.42	1526.86	685.84	3.2543	3.2619
429976244435	1521.76	672.02	1523.47	692.39	3.2329	3.2766
