t	gaze_point_LX	gaze_point_LY	gaze_point_RX	gaze_point_RY	pupil_diameter_L	pupil_diameter_R
416889094575	1148.94	729.56	1147.14	876.98	3.0963	3.0549
416889102908	1142.05	713.80	1150.79	762.21	3.1353	3.0594
416889111241	1146.58	722.30	1152.63	712.14	3.1270	3.1325
416889119575	1141.96	715.45	1149.48	682.15	3.1433	3.2138
416889127908	1148.09	722.04	1153.75	686.85	3.1406	3.2275
416889136240	1144.81	712.56	1154.81	695.31	3.1456	3.2049
416889144574	1149.77	714.40	1159.40	712.95	3.1461	3.1977
416889152908	1146.84	709.58	1159.17	707.25	3.1434	3.1851
416889161241	1145.62	710.46	1162.01	721.83	3.1622	3.2085
416889169574	1147.40	709.41	1157.87	705.11	3.1620	3.1992
416889177907	1149.12	708.53	1161.19	713.35	3.1557	3.1970
416889186240	1144.59	714.40	1154.11	716.17	3.1696	3.2233
416889194573	1149.59	708.63	1160.06	709.92	3.1673	3.2154
416889202907	1182.10	716.94	1191.92	715.73	3.1919	3.2264
416889211240	1259.49	717.73	1258.74	721.88	3.1873	3.2400
416889219574	1267.30	727.76	1271.72	721.01	3.2068	3.2026
416889227912	1259.43	719.11	1260.59	714.11	3.1950	3.2134
416889236246	1262.89	727.65	1268.68	714.13	3.2244	3.2041
416889244578	1272.02	714.78	1273.55	711.59	3.1838	3.1937
416889252911	1268.43	720.53	1269.10	707.07	3.2099	3.1998
416889261244	1271.70	722.57	1269.75	717.33	3.2150	3.2396
416889269577	1269.12	729.87	1273.32	716.79	3.2428	3.2209
416889277911	1272.31	720.07	1275.21	719.08	3.2361	3.2493
416889286245	1272.16	719.41	1277.51	707.78	3.2162	3.2515
416889294577	1271.14	711.65	1273.82	712.29	3.2108	3.2455
416889302911	1272.49	712.74	1272.54	705.44	3.2412	3.2381
416889311245	1269.01	701.20	1272.74	703.37	3.2126	3.2403
416889319577	1270.90	709.62	1269.67	699.23	3.2198	3.2460
416889327910	1272.22	702.26	1276.27	712.52	3.2208	3.2792
416889336244	1271.76	708.30	1266.24	699.26	3.2389	3.2496
416889344576	1271.60	707.35	1278.68	699.19	3.2225	3.2502
416889352910	1272.92	703.91	1272.32	702.62	3.2351	3.2645
416889361248	1268.79	712.08	1270.86	698.76	3.2603	3.2629
416889369582	1274.50	716.34	1274.01	697.24	3.2601	3.2530
416889377915	1270.38	703.78	1276.26	693.25	3.2367	3.2590
416889386249	1272.57	707.00	1269.37	699.26	3.2585	3.2608
416889394581	1269.35	705.79	1268.89	700.94	3.2530	3.2687
416889402914	1272.37	722.69	1279.33	706.40	3.2762	3.2848
416889411247	1271.42	720.44	1277.41	713.90	3.2530	3.2598
416889419581	1267.21	726.87	1275.88	717.65	3.2411	3.2744
416889427914	1257.96	740.63	1265.27	712.98	3.2417	3.3027
416889436247	1219.26	1078.89	1260.21	1212.26	3.0599	3.0841
416889444580	NaN	NaN	NaN	NaN	NaN	NaN
416889452914	NaN	NaN	NaN	NaN	NaN	NaN
416889461247	NaN	NaN	NaN	NaN	NaN	NaN
416889469579	NaN	NaN	NaN	NaN	NaN	NaN
416889477913	NaN	NaN	NaN	NaN	NaN	NaN
416889486247	NaN	NaN	NaN	NaN	NaN	NaN
416889494584	NaN	NaN	NaN	NaN	NaN	NaN
416889502917	NaN	NaN	NaN	NaN	NaN	NaN
416889511251	NaN	NaN	NaN	NaN	NaN	NaN
416889519584	NaN	NaN	NaN	NaN	NaN	NaN
416889527917	NaN	NaN	NaN	NaN	NaN	NaN
416889536250	NaN	NaN	NaN	NaN	NaN	NaN
416889544583	NaN	NaN	NaN	NaN	NaN	NaN
416889552916	NaN	NaN	NaN	NaN	NaN	NaN
416889561249	NaN	NaN	NaN	NaN	NaN	NaN
416889569583	NaN	NaN	NaN	NaN	NaN	NaN
416889577916	NaN	NaN	NaN	NaN	NaN	NaN
416889586250	NaN	NaN	NaN	NaN	NaN	NaN
416889594583	NaN	NaN	NaN	NaN	NaN	NaN
416889602916	NaN	NaN	NaN	NaN	NaN	NaN
416889611249	NaN	NaN	NaN	NaN	NaN	NaN
416889619587	NaN	NaN	NaN	NaN	NaN	NaN
416889627920	NaN	NaN	NaN	NaN	NaN	NaN
416889636253	NaN	NaN	NaN	NaN	NaN	NaN
416889644587	NaN	NaN	NaN	NaN	NaN	NaN
416889652920	NaN	NaN	NaN	NaN	NaN	NaN
416889661253	NaN	NaN	NaN	NaN	NaN	NaN
416889669587	NaN	NaN	NaN	NaN	NaN	NaN
416889677920	NaN	NaN	NaN	NaN	NaN	NaN
416889686253	NaN	NaN	NaN	NaN	NaN	NaN
416889694586	NaN	NaN	NaN	NaN	NaN	NaN
416889702919	NaN	NaN	NaN	NaN	NaN	NaN
416889711252	1285.42	865.16	1227.66	1015.91	3.0980	3.1884
416889719585	1280.29	814.06	1253.35	942.09	3.2166	3.3538
416889727919	1268.55	763.97	1259.94	821.73	3.2799	3.3009
416889736252	1270.36	737.44	1265.34	774.05	3.3407	3.3759
416889744586	1272.42	736.63	1260.72	749.10	3.3902	3.4569
416889752925	1270.31	742.60	1262.53	714.45	3.3917	3.4697
416889761258	1272.07	745.59	1263.82	734.62	3.4037	3.4797
416889769591	1273.91	757.02	1267.11	732.78	3.4281	3.4340
416889777923	1270.96	750.54	1269.99	736.91	3.4365	3.4517
416889786257	1275.21	738.82	1267.58	736.09	3.4231	3.4580
416889794590	1268.13	749.35	1272.94	731.12	3.4384	3.4573
416889802924	1273.73	743.92	1271.36	736.94	3.4505	3.4801
416889811257	1274.66	741.55	1272.92	728.09	3.4362	3.4521
416889819591	1273.36	745.15	1266.30	730.62	3.4558	3.4692
416889827924	1266.30	738.10	1272.91	733.80	3.4615	3.4588
416889836257	1275.35	737.20	1274.93	720.46	3.4611	3.4762
416889844590	1272.90	740.11	1271.41	727.23	3.4703	3.4642
416889852923	1276.64	734.31	1274.68	724.65	3.4621	3.4702
416889861256	1274.29	731.72	1274.49	718.40	3.4722	3.4736
416889869589	1271.14	733.45	1268.05	722.00	3.4723	3.4835
416889877924	1275.61	738.15	1267.82	723.17	3.4920	3.4929
416889886258	1273.81	726.92	1272.65	711.45	3.4872	3.4748
416889894592	1268.09	727.82	1272.20	718.49	3.4816	3.4854
416889902925	1272.50	724.65	1263.79	709.36	3.4818	3.4866
416889911258	1269.40	724.55	1268.92	712.60	3.4823	3.5037
416889919592	1267.03	716.62	1267.50	707.95	3.4801	3.5055
416889927924	1273.07	717.54	1274.69	702.03	3.4672	3.4924
416889936257	1273.03	717.77	1271.88	707.37	3.4943	3.5107
416889944590	1270.75	721.08	1270.53	700.77	3.5130	3.5100
416889952923	1273.31	711.35	1272.04	719.82	3.4908	3.5469
416889961257	1273.58	710.34	1278.30	699.85	3.4874	3.5071
416889969591	1271.52	713.45	1270.44	707.76	3.4873	3.5354
416889977924	1273.49	715.79	1274.50	708.09	3.5078	3.5273
416889986257	1270.85	719.08	1275.77	714.29	3.5180	3.5558
416889994591	1269.25	717.05	1271.82	714.71	3.5219	3.5440
416890002924	1272.67	724.94	1268.77	708.27	3.5269	3.5383
416890011262	1275.15	726.37	1273.20	714.68	3.5522	3.5571
416890019595	1274.52	730.44	1270.21	698.31	3.5760	3.5407
416890027928	1273.77	729.93	1270.53	716.21	3.5518	3.5659
416890036262	1279.28	720.82	1271.42	717.29	3.5445	3.5610
416890044595	1270.32	723.43	1274.32	699.18	3.5363	3.5601
416890052929	1278.71	714.22	1272.65	700.99	3.5374	3.5490
416890061262	1272.11	712.70	1269.82	699.80	3.5285	3.5419
416890069595	1277.99	706.50	1276.38	692.24	3.5332	3.5484
416890077929	1276.56	703.53	1276.31	701.41	3.5057	3.5561
416890086261	1269.51	696.51	1269.06	716.04	3.5243	3.5884
416890094594	1270.77	697.13	1275.30	710.10	3.5149	3.5796
416890102928	1270.11	696.78	1276.28	700.06	3.5103	3.5598
416890111261	1274.35	696.76	1277.69	717.41	3.5307	3.6114
416890119594	1275.87	691.11	1275.03	715.08	3.5003	3.6052
416890127927	1271.33	688.70	1273.66	708.29	3.4861	3.5771
416890136261	1272.70	687.73	1272.81	710.59	3.5093	3.5876
416890144599	1278.51	688.37	1279.20	707.26	3.5221	3.5871
416890152933	1274.65	706.60	1275.33	715.50	3.5315	3.6168
416890161266	1275.42	712.29	1279.76	688.88	3.5518	3.5628
416890169598	1275.30	708.99	1277.50	691.28	3.5409	3.5611
416890177931	1274.20	711.96	1273.80	711.07	3.5376	3.5914
416890186265	1277.28	717.08	1271.79	712.22	3.5445	3.5986
416890194598	1269.92	712.39	1275.04	710.78	3.5172	3.5999
416890202931	1274.16	713.36	1281.02	711.28	3.5111	3.5779
416890211264	1276.63	709.10	1274.42	715.90	3.5125	3.6048
416890219598	1273.59	716.16	1275.79	706.28	3.5167	3.5847
416890227932	1276.33	714.85	1275.76	699.56	3.5295	3.5635
416890236265	1272.69	710.23	1272.09	706.95	3.5136	3.5798
416890244597	1277.27	710.48	1276.03	698.13	3.5293	3.5732
416890252931	1273.95	713.51	1277.12	688.22	3.5224	3.5579
416890261263	1275.44	708.48	1280.49	691.61	3.4988	3.5626
416890269597	1278.16	710.21	1273.58	714.10	3.5031	3.6040
416890277936	1269.51	710.72	1276.57	713.08	3.5082	3.5799
416890286269	1273.57	712.63	1275.11	708.35	3.4821	3.5591
416890294603	1271.71	697.96	1275.53	703.40	3.4787	3.5652
416890302937	1272.15	703.42	1277.95	706.74	3.4778	3.5568
416890311270	1272.71	700.55	1276.39	706.36	3.4646	3.5526
416890319602	1271.11	707.43	1279.29	711.33	3.4745	3.5629
416890327936	1277.71	713.01	1279.45	713.52	3.4881	3.5577
416890336269	1276.70	714.26	1277.36	714.29	3.4721	3.5641
416890344602	1282.17	715.49	1280.20	693.50	3.4714	3.5210
416890352936	1269.56	707.46	1281.89	694.62	3.4494	3.5244
416890361268	1273.36	713.27	1279.87	691.60	3.4495	3.5140
416890369602	1264.50	715.46	1280.36	691.31	3.4363	3.5042
416890377935	1270.26	710.29	1277.26	685.82	3.4242	3.4936
416890386269	1275.14	713.17	1282.09	686.44	3.4474	3.4966
416890394601	1269.77	710.76	1278.95	689.57	3.4359	3.4993
416890402935	1276.18	703.84	1276.31	703.64	3.4309	3.5173
416890411270	1275.30	702.79	1283.88	711.93	3.4044	3.5119
416890419604	1270.41	703.37	1283.34	705.90	3.4201	3.5116
416890427937	1269.59	705.61	1270.48	709.13	3.4207	3.5130
416890436271	1272.68	711.42	1282.04	708.42	3.4113	3.5190
416890444604	1279.61	716.84	1283.34	715.95	3.4182	3.5245
416890452937	1301.81	698.66	1303.48	722.15	3.4110	3.5493
416890461270	1289.03	694.63	1293.17	712.91	3.4040	3.5280
416890469604	1288.52	703.91	1296.76	717.37	3.4077	3.5442
416890477937	1295.98	704.46	1291.01	714.63	3.3902	3.5410
416890486270	1292.11	708.46	1291.45	708.14	3.4077	3.5201
416890494603	1288.03	701.82	1295.59	709.24	3.3857	3.5175
416890502936	1292.79	703.57	1293.35	703.89	3.4065	3.5117
416890511269	1286.57	699.13	1294.95	706.05	3.3873	3.5046
416890519603	1290.17	694.25	1298.90	702.55	3.3673	3.5031
416890527936	1291.13	705.43	1299.62	706.89	3.4041	3.5055
416890536274	1296.37	701.29	1293.15	692.25	3.3968	3.4847
416890544608	1297.31	703.32	1292.65	701.24	3.4040	3.5079
416890552940	1291.53	703.85	1290.98	700.60	3.3897	3.4982
416890561273	1295.44	697.85	1292.84	708.47	3.3950	3.5114
416890569607	1294.45	704.29	1294.67	712.27	3.3937	3.5061
416890577940	1285.91	699.83	1291.49	717.24	3.3799	3.5163
416890586274	1293.68	702.07	1293.39	710.25	3.3973	3.5296
416890594607	1290.20	702.42	1291.38	713.39	3.4007	3.5389
416890602940	1294.07	711.78	1292.83	707.92	3.3891	3.5266
416890611274	1295.20	705.63	1295.89	708.04	3.4086	3.5417
416890619607	1292.18	715.33	1290.89	710.09	3.3976	3.5260
416890627939	1292.57	715.82	1291.76	700.07	3.4206	3.4895
416890636273	1290.89	706.52	1294.76	706.79	3.3940	3.5119
416890644606	1294.54	708.50	1295.82	710.76	3.4121	3.5387
416890652939	1287.44	704.28	1290.55	706.87	3.4010	3.5244
416890661272	1292.67	702.45	1295.57	706.27	3.4028	3.5073
416890669613	1287.24	705.84	1287.68	701.13	3.3972	3.5209
416890677946	1288.31	709.65	1291.58	701.44	3.3987	3.5185
416890686279	1288.10	702.10	1294.81	704.85	3.3694	3.4852
416890694613	1287.50	721.86	1295.94	708.29	3.3913	3.4867
416890702945	1287.22	721.35	1292.71	711.23	3.3565	3.4467
416890711278	1280.02	745.24	1293.08	719.31	3.3454	3.4289
416890719612	1301.77	1010.58	1282.58	963.85	3.3119	3.3384
416890727945	NaN	NaN	NaN	NaN	NaN	NaN
416890736279	NaN	NaN	NaN	NaN	NaN	NaN
416890744612	NaN	NaN	NaN	NaN	NaN	NaN
416890752945	NaN	NaN	NaN	NaN	NaN	NaN
416890761279	NaN	NaN	NaN	NaN	NaN	NaN
416890769612	NaN	NaN	NaN	NaN	NaN	NaN
416890777945	NaN	NaN	NaN	NaN	NaN	NaN
416890786277	NaN	NaN	NaN	NaN	NaN	NaN
416890794611	NaN	NaN	NaN	NaN	NaN	NaN
416890802948	NaN	NaN	NaN	NaN	NaN	NaN
416890811281	NaN	NaN	NaN	NaN	NaN	NaN
416890819614	NaN	NaN	NaN	NaN	NaN	NaN
416890827947	NaN	NaN	NaN	NaN	NaN	NaN
416890836281	NaN	NaN	NaN	NaN	NaN	NaN
416890844614	NaN	NaN	NaN	NaN	NaN	NaN
416890852947	NaN	NaN	NaN	NaN	NaN	NaN
416890861279	NaN	NaN	1044.25	1445.99	NaN	2.7469
416890869613	1320.88	1210.12	NaN	NaN	3.4894	NaN
416890877946	1287.24	955.44	1259.44	1202.70	3.2721	3.3590
416890886279	1277.36	876.13	1288.77	903.90	3.2874	3.1554
416890894612	1272.95	787.17	1267.94	961.45	3.2885	3.3352
416890902946	1272.84	756.56	1261.34	854.24	3.3714	3.3571
416890911279	1286.76	719.81	1251.64	862.11	3.3767	3.5620
416890919613	1273.21	734.97	1263.16	759.40	3.4218	3.4803
416890927946	1268.33	736.46	1266.69	717.10	3.4073	3.4732
416890936282	1266.26	733.42	1266.93	697.38	3.4108	3.5119
416890944614	1271.10	731.00	1268.15	694.53	3.4123	3.5177
416890952948	1267.66	725.79	1269.12	707.07	3.3876	3.5043
416890961281	1272.25	729.89	1272.15	715.00	3.4076	3.4985
416890969614	1268.57	730.12	1274.03	717.01	3.4167	3.4805
416890977948	1274.94	730.88	1275.48	707.89	3.4362	3.4906
416890986282	1265.12	737.07	1271.12	712.49	3.4351	3.4937
416890994615	1276.42	755.03	1274.01	716.47	3.5128	3.5071
416891002948	1276.82	761.59	1269.31	721.90	3.5312	3.5245
416891011281	1269.02	726.13	1274.36	721.29	3.4660	3.5277
416891019614	1273.77	718.99	1274.35	713.26	3.4497	3.5128
416891027947	1271.88	722.50	1265.15	713.80	3.4720	3.5351
416891036280	1269.70	714.14	1270.02	730.86	3.4739	3.5644
416891044613	1274.89	719.26	1269.12	722.35	3.5029	3.5561
416891052946	1271.04	718.12	1269.09	710.93	3.4913	3.5453
416891061283	1276.64	719.62	1268.17	705.48	3.4857	3.5456
416891069617	1269.88	716.74	1269.68	708.51	3.5059	3.5497
416891077950	1272.18	716.44	1267.53	713.85	3.5166	3.5588
416891086283	1277.23	703.04	1269.40	707.47	3.4830	3.5391
416891094616	1275.91	709.65	1277.84	724.01	3.5090	3.5972
416891102949	1271.77	703.33	1266.04	716.74	3.4847	3.5874
416891111282	1278.35	702.03	1265.39	751.24	3.5106	3.6599
416891119615	1274.42	722.76	1262.77	737.58	3.5602	3.6485
416891127949	1274.97	683.62	1270.17	732.74	3.4837	3.6296
416891136282	1275.51	692.37	1264.88	737.90	3.5029	3.6307
416891144615	1269.30	693.96	1265.51	735.42	3.4954	3.6543
416891152949	1273.48	692.21	1270.92	729.33	3.5035	3.6426
416891161282	1273.35	682.94	1267.07	730.14	3.4948	3.6382
416891169615	1269.51	684.24	1268.38	730.81	3.4977	3.6598
416891177948	1273.16	689.20	1263.89	732.42	3.5099	3.6467
416891186281	1269.73	701.65	1268.14	727.55	3.5493	3.6385
416891194619	1268.39	684.61	1263.24	736.08	3.5050	3.6780
416891202953	1272.84	704.24	1270.22	719.19	3.5566	3.6304
416891211286	1274.57	700.39	1272.55	696.96	3.5444	3.6089
416891219619	1274.86	694.91	1271.57	714.18	3.5345	3.6358
416891227953	1276.33	725.12	1268.71	704.96	3.5934	3.5960
416891236286	1275.54	707.76	1262.98	729.03	3.5713	3.6661
416891244618	1273.19	708.50	1271.87	716.18	3.5554	3.6386
416891252951	1277.54	713.00	1270.60	712.30	3.5560	3.6385
416891261284	1277.07	715.15	1267.02	709.89	3.5712	3.6517
416891269618	1275.91	724.05	1262.70	711.10	3.5943	3.6447
416891277951	1276.62	706.74	1266.33	716.64	3.5588	3.6412
416891286284	1276.08	719.00	1259.78	728.58	3.5994	3.6703
416891294618	1274.65	700.51	1264.68	748.41	3.5578	3.7021
416891302951	1271.26	708.13	1265.16	730.03	3.5567	3.6689
416891311284	1277.20	690.60	1265.89	746.60	3.5306	3.7115
416891319617	1270.01	688.17	1267.81	723.39	3.5227	3.6649
416891327954	1278.12	706.05	1265.66	735.66	3.5510	3.6804
416891336288	1280.30	732.97	1269.32	736.23	3.6177	3.6824
416891344621	1281.59	724.35	1258.76	734.42	3.6016	3.7108
416891352955	1274.66	686.09	1262.10	730.77	3.5243	3.6709
416891361288	1271.38	693.36	1270.64	727.62	3.5441	3.6714
416891369621	1273.05	684.26	1263.16	739.03	3.5264	3.7031
416891377955	1280.97	727.41	1272.10	712.92	3.6146	3.6397
416891386288	1279.06	694.72	1266.01	710.59	3.5425	3.6297
416891394622	1278.17	692.84	1270.77	707.79	3.5433	3.6343
416891402954	1272.45	690.26	1266.91	714.40	3.5248	3.6299
416891411287	1277.97	693.17	1274.63	700.94	3.5435	3.6188
416891419621	1276.22	682.19	1262.74	710.06	3.5142	3.6363
416891427953	1276.13	683.55	1264.63	716.09	3.5280	3.6454
416891436287	1278.20	695.27	1265.84	708.67	3.5293	3.6247
416891444621	1279.67	688.50	1268.03	719.66	3.5249	3.6477
416891452955	1272.47	688.72	1264.36	729.46	3.5156	3.6603
416891461289	1280.89	694.22	1264.78	717.62	3.5345	3.6479
416891469621	1280.78	724.78	1269.81	728.79	3.5934	3.6647
416891477954	1281.15	694.64	1262.08	754.00	3.5174	3.7118
416891486287	1283.61	702.17	1266.40	720.73	3.5334	3.6455
416891494621	1283.82	740.30	1266.04	722.27	3.6166	3.6276
416891502954	1282.08	708.74	1271.25	720.57	3.5571	3.6382
416891511287	1285.59	722.84	1267.02	740.91	3.5851	3.6841
416891519620	1279.71	704.28	1271.63	723.22	3.5320	3.6283
416891527954	1287.12	738.95	1267.37	717.77	3.6197	3.6149
416891536287	1279.25	704.69	1264.79	727.62	3.5491	3.6388
416891544621	1279.92	713.76	1265.03	734.33	3.5623	3.6610
416891552953	1276.83	699.95	1268.99	727.54	3.5453	3.6318
416891561286	1275.98	692.82	1266.29	735.18	3.5139	3.6585
416891569619	1279.67	710.92	1265.42	730.60	3.5596	3.6514
416891577953	1280.57	725.67	1268.76	732.87	3.5612	3.6407
416891586290	1275.74	700.03	1264.29	727.78	3.5326	3.6358
416891594624	1275.66	693.57	1262.68	725.37	3.5223	3.6196
416891602956	1275.03	693.52	1270.36	707.17	3.5057	3.6170
416891611290	1275.38	701.07	1264.78	711.58	3.5442	3.6037
416891619623	1278.34	697.07	1267.26	698.23	3.5347	3.5857
416891627956	1282.48	697.55	1272.26	694.49	3.5356	3.5719
416891636289	1279.03	696.81	1267.03	701.91	3.5368	3.5976
416891644622	1275.72	724.12	1263.48	702.58	3.5906	3.5821
416891652955	1281.73	701.47	1262.72	719.75	3.5548	3.6107
416891661289	1279.77	696.80	1265.03	732.31	3.5560	3.6565
416891669622	1278.03	693.51	1267.61	726.55	3.5213	3.6414
416891677956	1276.44	687.78	1256.36	729.99	3.5016	3.6434
416891686288	1278.60	691.57	1266.43	750.33	3.5089	3.6651
416891694621	1277.59	698.25	1261.87	756.92	3.5406	3.6889
416891702954	1282.36	716.07	1261.90	734.27	3.5642	3.6639
416891711287	1247.30	694.71	1230.31	710.11	3.5421	3.6124
416891719628	1184.72	675.33	1174.29	683.09	3.5316	3.5934
416891727962	1148.88	687.45	1126.61	684.77	3.5567	3.6160
416891736295	1091.03	689.28	1074.57	682.65	3.5286	3.5931
416891744628	1084.28	673.54	1064.18	696.78	3.4621	3.6334
416891752961	1090.88	693.59	1077.04	686.54	3.5138	3.6087
416891761295	1088.18	680.40	1067.97	682.28	3.5107	3.5992
416891769628	1085.11	692.77	1068.57	688.53	3.5053	3.5916
416891777962	1079.98	695.02	1070.57	687.74	3.5145	3.5858
416891786294	1084.69	686.33	1071.27	699.56	3.4735	3.5851
416891794627	1088.45	667.38	1062.98	691.54	3.4428	3.5630
416891802961	1081.65	668.79	1061.26	699.98	3.4248	3.5747
416891811294	1083.43	671.23	1074.94	686.57	3.4191	3.5381
416891819628	1079.63	664.80	1071.19	684.18	3.4133	3.5223
416891827960	1077.02	667.58	1074.34	678.50	3.3912	3.5004
416891836294	1082.95	676.25	1072.00	681.57	3.4008	3.4838
416891844627	1060.82	664.82	1051.34	685.31	3.3856	3.5011
416891852965	972.08	713.58	955.59	723.21	3.3854	3.4929
416891861297	936.52	734.30	910.12	747.37	3.3664	3.4879
416891869630	948.27	767.09	919.32	775.98	3.3548	3.4902
416891877964	933.91	755.70	913.98	757.64	3.3387	3.4582
416891886297	932.31	757.14	923.10	741.44	3.3338	3.4029
416891894630	931.30	757.07	919.05	741.26	3.3431	3.3872
416891902963	937.40	759.70	923.10	737.20	3.3304	3.3708
416891911296	937.30	759.67	920.83	741.22	3.3105	3.3859
416891919629	933.15	760.56	917.86	737.47	3.3196	3.3805
416891927963	932.95	758.16	920.15	739.15	3.3144	3.3679
416891936296	939.07	758.85	919.80	738.87	3.3157	3.3621
416891944628	928.13	763.42	912.19	750.91	3.2762	3.3466
416891952961	932.01	765.66	918.59	758.78	3.3025	3.3952
416891961295	927.97	756.45	918.10	756.87	3.2743	3.3663
416891969628	934.18	761.04	914.24	763.13	3.2954	3.3523
416891977966	929.44	757.59	917.30	738.97	3.2614	3.3345
416891986299	927.67	756.80	918.87	748.45	3.2575	3.3132
416891994632	929.60	751.54	914.17	741.38	3.2441	3.3153
416892002966	924.52	757.66	916.76	749.29	3.2485	3.3300
416892011299	925.18	758.27	916.42	737.24	3.2426	3.2856
416892019631	929.62	757.72	923.24	737.64	3.2462	3.2964
416892027965	928.97	755.01	923.87	735.99	3.2367	3.2637
416892036297	926.70	755.71	916.90	729.44	3.2350	3.2493
416892044631	927.63	760.54	921.07	737.01	3.2430	3.2672
416892052965	921.85	750.50	907.26	746.16	3.2288	3.2806
416892061298	919.44	749.63	918.02	744.07	3.2275	3.2463
416892069630	921.98	760.81	917.82	745.75	3.2313	3.2666
416892077963	926.84	748.69	914.36	739.83	3.1915	3.2315
416892086297	932.75	759.58	916.02	746.57	3.2062	3.2644
416892094630	928.14	766.78	914.83	751.18	3.2280	3.2623
416892102963	925.23	760.41	918.66	747.18	3.2097	3.2425
416892111303	936.01	756.85	916.63	750.98	3.1990	3.2527
416892119635	941.20	759.82	916.48	753.66	3.2038	3.2586
416892127968	933.73	764.35	914.45	758.28	3.1803	3.2810
416892136302	930.36	761.78	918.91	759.83	3.1908	3.2558
416892144635	934.37	759.71	913.02	755.63	3.1868	3.2365
416892152968	937.58	759.82	915.96	757.02	3.1884	3.2469
416892161301	928.99	756.06	922.49	755.90	3.1751	3.2517
416892169634	935.59	762.39	915.46	761.33	3.1734	3.2311
416892177968	931.39	756.29	917.34	758.68	3.1825	3.2381
416892186301	934.36	752.97	915.12	753.67	3.1679	3.2383
416892194634	932.97	760.27	921.32	743.81	3.1688	3.2069
416892202967	936.22	767.27	913.75	742.96	3.1883	3.2035
416892211301	932.08	765.61	914.38	749.04	3.1744	3.2054
416892219634	933.40	756.60	914.86	743.55	3.1632	3.1908
416892227967	933.30	755.67	915.33	746.62	3.1752	3.2149
416892236301	926.96	766.54	912.77	753.33	3.1838	3.2117
416892244641	917.13	759.99	916.07	749.71	3.1506	3.2009
416892252973	943.67	740.20	928.49	740.86	3.1627	3.2399
416892261307	968.96	690.68	968.35	704.43	3.1738	3.2330
416892269640	1012.07	683.75	991.60	675.64	3.1941	3.2204
416892277973	1011.49	648.05	1011.82	650.13	3.1621	3.2373
416892286306	1015.18	646.56	998.59	655.98	3.1427	3.2229
416892294639	1018.90	660.85	1011.26	659.94	3.1814	3.2202
416892302972	1023.97	665.83	1005.56	659.63	3.1872	3.2445
416892311306	1018.39	664.31	1000.61	663.48	3.1835	3.2410
416892319639	1025.01	654.96	1005.52	649.88	3.1766	3.2291
416892327972	1025.58	658.96	1011.32	650.69	3.1788	3.2088
416892336305	1026.85	656.79	1005.35	647.69	3.1782	3.2158
416892344638	1021.94	660.69	1009.65	645.89	3.1649	3.2281
416892352971	1023.40	660.11	1009.78	646.29	3.1595	3.1941
416892361305	1023.00	661.26	1006.91	649.54	3.1954	3.2078
416892369638	1026.26	658.80	1016.80	644.76	3.1790	3.2121
416892377971	1022.60	665.41	1005.94	646.58	3.1616	3.2160
416892386305	1023.55	659.02	1005.49	647.80	3.1636	3.2216
416892394638	1025.61	659.24	1008.06	651.59	3.1538	3.2229
416892402970	1018.80	648.29	1008.21	649.05	3.1599	3.2039
416892411303	1024.02	653.48	1010.45	647.10	3.1597	3.2030
416892419637	1017.66	653.73	1010.17	638.46	3.1477	3.1973
416892427970	1025.46	643.67	1009.27	645.52	3.1376	3.2016
416892436304	1019.08	643.12	1008.35	651.37	3.1336	3.2158
416892444637	1026.20	640.12	1006.13	653.12	3.1334	3.2117
416892452970	1020.82	638.05	1012.72	647.38	3.1287	3.2052
416892461304	1019.88	642.81	1007.30	649.68	3.1493	3.2177
416892469637	1017.01	646.33	1011.49	649.38	3.1247	3.2088
416892477969	1018.32	642.15	1007.80	651.73	3.1203	3.2124
416892486303	1017.69	647.60	1013.47	662.09	3.1475	3.2268
416892494635	1019.88	656.00	1007.65	649.58	3.1531	3.2142
416892502977	1017.31	663.07	1001.95	659.62	3.1535	3.2279
416892511311	1027.25	665.60	1013.71	652.49	3.1761	3.2112
416892519643	1103.22	632.03	1102.05	637.19	3.1518	3.2408
416892527976	1198.81	628.36	1211.90	624.81	3.1646	3.2365
416892536309	1285.80	640.41	1277.69	627.01	3.2054	3.2300
416892544643	1356.87	629.40	1353.49	613.49	3.2149	3.2224
416892552976	1377.25	615.46	1368.30	611.96	3.1942	3.2213
416892561309	1372.94	614.52	1362.99	617.82	3.2171	3.2354
416892569642	1381.44	612.40	1369.92	616.44	3.2226	3.2313
416892577975	1381.19	613.11	1367.09	610.89	3.2102	3.2341
416892586309	1374.63	614.46	1371.21	618.61	3.2083	3.2308
416892594642	1378.45	620.18	1367.46	610.49	3.2282	3.2256
416892602975	1381.43	622.19	1370.82	611.88	3.2282	3.2205
416892611309	1382.74	622.26	1365.72	612.68	3.2254	3.2382
416892619641	1377.69	619.45	1374.07	614.57	3.2025	3.2384
416892627975	1378.07	622.40	1371.87	604.34	3.2232	3.2080
416892636314	1377.75	619.01	1373.06	611.30	3.2193	3.2341
416892644648	1371.77	617.27	1374.54	604.16	3.2244	3.2176
416892652981	1378.51	614.48	1371.10	610.28	3.2270	3.2438
416892661314	1379.06	615.14	1374.89	612.13	3.2253	3.2372
416892669648	1378.42	615.75	1372.37	613.60	3.2237	3.2429
416892677981	1372.78	612.55	1373.14	615.38	3.2271	3.2277
416892686314	1374.35	617.70	1371.01	613.28	3.2405	3.2309
416892694647	1376.45	628.27	1372.66	616.63	3.2513	3.2479
416892702980	1378.18	623.37	1373.72	614.36	3.2503	3.2470
416892711313	1382.74	627.71	1375.37	613.65	3.2614	3.2462
416892719647	1381.59	623.94	1365.04	611.29	3.2542	3.2450
416892727980	1382.48	622.10	1359.98	612.06	3.2475	3.2512
416892736313	1381.27	616.75	1368.17	617.94	3.2417	3.2643
416892744645	1382.12	625.80	1374.89	615.88	3.2603	3.2596
416892752979	1383.19	620.07	1363.57	601.43	3.2473	3.2606
416892761312	1385.85	618.52	1364.10	609.63	3.2597	3.2666
416892769647	1379.63	620.82	1363.40	611.02	3.2461	3.2715
416892777980	1383.64	621.90	1363.12	602.50	3.2620	3.2293
416892786312	1376.45	626.15	1369.74	598.47	3.2332	3.2425
416892794646	1381.05	621.50	1364.74	607.36	3.2381	3.2752
416892802979	1381.65	614.13	1369.40	617.97	3.2517	3.2767
416892811312	1379.76	619.48	1370.40	610.38	3.2577	3.2598
416892819646	1382.28	621.69	1374.56	612.01	3.2436	3.2576
416892827979	1383.54	615.80	1367.59	610.86	3.2242	3.2710
416892836312	1381.32	612.90	1370.01	608.82	3.2293	3.2867
416892844646	1383.49	617.10	1368.41	610.28	3.2355	3.2797
416892852979	1386.19	613.12	1373.93	612.90	3.2339	3.2743
416892861312	1381.62	612.86	1372.15	609.49	3.2191	3.2882
416892869644	1382.69	615.26	1366.41	616.02	3.2229	3.2928
416892877978	1382.93	610.53	1375.01	614.25	3.2320	3.2594
416892886312	1384.02	617.94	1371.23	613.13	3.2358	3.2686
416892894645	1384.35	616.48	1372.29	608.14	3.2282	3.2586
416892902981	1385.07	615.15	1377.48	610.77	3.2423	3.2764
416892911314	1373.53	608.13	1361.88	600.17	3.2409	3.2730
416892919648	1329.24	554.00	1321.84	561.69	3.2232	3.2775
416892927981	1295.95	550.99	1282.82	545.53	3.2522	3.3138
416892936314	1239.11	512.84	1229.78	498.00	3.2361	3.2668
416892944648	1223.65	488.89	1212.02	495.87	3.2030	3.2809
416892952980	1229.79	488.02	1218.36	493.37	3.2201	3.3024
416892961314	1231.26	488.96	1210.91	489.48	3.2204	3.2825
416892969647	1227.76	487.50	1213.06	480.95	3.2436	3.2877
416892977980	1228.36	490.38	1210.89	479.82	3.2290	3.2792
416892986313	1228.50	493.11	1213.69	482.90	3.2442	3.2817
416892994646	1222.78	490.09	1211.76	483.07	3.2368	3.2941
416893002980	1228.58	495.72	1217.19	481.57	3.2228	3.2867
416893011313	1232.95	502.41	1212.44	479.08	3.2474	3.2956
416893019646	1225.12	490.77	1212.27	480.23	3.2358	3.2885
416893027983	1228.56	488.68	1209.68	477.29	3.2507	3.2854
416893036316	1226.42	487.47	1207.82	479.95	3.2280	3.3022
416893044650	1224.94	494.40	1209.32	477.91	3.2361	3.2764
416893052983	1231.04	490.59	1208.09	473.07	3.2337	3.3031
416893061316	1224.96	484.58	1214.51	481.11	3.2444	3.3013
416893069650	1228.24	485.06	1210.67	482.88	3.2237	3.3053
416893077982	1226.59	491.77	1210.77	478.42	3.2468	3.3147
416893086316	1225.39	485.01	1206.46	479.16	3.2304	3.3020
416893094649	1225.99	477.41	1214.30	481.06	3.2345	3.3098
416893102982	1227.95	490.76	1208.16	477.40	3.2655	3.2970
416893111315	1231.61	490.05	1213.55	473.95	3.2591	3.3177
416893119647	1222.39	499.05	1210.14	484.45	3.2565	3.3190
416893127981	1224.49	499.52	1211.77	486.35	3.2549	3.3221
416893136314	1228.59	500.16	1209.79	479.08	3.2728	3.3212
416893144648	1231.71	497.40	1216.28	478.31	3.2604	3.3241
416893152981	1227.65	498.27	1211.05	495.73	3.2592	3.3364
416893161320	1228.08	493.72	1214.60	489.87	3.2573	3.3154
416893169654	1228.96	504.19	1219.30	489.71	3.2692	3.3295
416893177987	1222.52	512.28	1217.09	508.74	3.2324	3.3052
416893186320	1222.45	528.88	1223.95	527.27	3.1976	3.2853
416893194653	1227.23	649.72	1217.25	546.60	3.0027	3.1707
416893202985	NaN	NaN	NaN	NaN	NaN	NaN
416893211319	NaN	NaN	NaN	NaN	NaN	NaN
416893219652	NaN	NaN	NaN	NaN	NaN	NaN
416893227985	NaN	NaN	NaN	NaN	NaN	NaN
416893236319	NaN	NaN	NaN	NaN	NaN	NaN
416893244652	NaN	NaN	NaN	NaN	NaN	NaN
416893252984	NaN	NaN	NaN	NaN	NaN	NaN
416893261318	NaN	NaN	NaN	NaN	NaN	NaN
416893269651	NaN	NaN	NaN	NaN	NaN	NaN
416893277984	NaN	NaN	NaN	NaN	NaN	NaN
416893286317	NaN	NaN	909.92	1185.38	NaN	2.9598
416893294655	945.31	1065.20	868.51	1044.32	3.1004	2.9452
416893302989	945.32	986.77	929.94	977.08	3.1202	3.1714
416893311322	949.22	938.93	938.93	833.03	3.1218	3.0616
416893319656	928.16	859.58	934.57	807.32	3.0545	3.1247
416893327988	930.78	850.78	936.38	813.27	3.0745	3.2162
416893336321	925.59	864.09	935.06	836.71	3.1153	3.2141
416893344653	933.48	863.44	934.55	872.91	3.1214	3.2535
416893352986	925.25	861.45	933.57	852.17	3.0987	3.2287
416893361321	933.99	869.80	923.71	844.12	3.1135	3.2036
416893369654	929.57	860.03	931.33	872.63	3.1015	3.2652
416893377988	931.57	863.81	933.07	865.87	3.1248	3.2499
416893386321	924.09	858.52	930.52	867.67	3.1292	3.2711
416893394654	930.87	859.85	929.44	846.50	3.1354	3.2136
416893402987	923.13	854.81	932.71	871.33	3.1111	3.2642
416893411320	930.74	859.06	927.98	850.69	3.1303	3.2331
416893419656	934.51	850.35	929.62	870.81	3.1112	3.3011
416893427989	930.12	852.43	929.31	871.38	3.1286	3.3177
416893436323	932.94	860.07	928.76	857.41	3.1688	3.2813
416893444656	934.85	856.62	931.94	868.54	3.1729	3.3148
416893452990	933.04	843.71	929.66	868.89	3.1313	3.3097
416893461323	937.64	849.94	933.67	844.77	3.1622	3.2604
416893469656	928.64	847.79	933.29	832.67	3.1673	3.2487
416893477989	931.89	851.75	931.46	840.92	3.1829	3.2792
416893486321	928.84	842.57	927.58	813.38	3.1706	3.2091
416893494655	927.29	842.29	926.54	811.53	3.1526	3.2335
416893502988	928.39	848.69	925.29	799.28	3.1911	3.1951
416893511321	932.43	845.19	921.72	808.25	3.1925	3.2217
416893519655	932.77	826.63	927.09	801.80	3.1489	3.2141
416893527987	908.76	832.79	910.92	861.40	3.1603	3.3425
416893536321	864.83	854.89	843.74	835.09	3.1771	3.2657
416893544654	866.89	868.97	847.83	820.78	3.1787	3.2030
416893552995	861.78	864.94	855.85	808.68	3.1750	3.2070
416893561328	861.93	851.33	851.11	810.93	3.1546	3.2065
416893569660	856.97	846.28	846.54	821.20	3.1722	3.2285
416893577993	860.53	853.74	845.10	823.27	3.1608	3.2335
416893586326	866.69	858.23	848.13	816.54	3.1767	3.2267
416893594660	857.58	852.51	855.31	817.52	3.1778	3.2394
416893602994	854.20	846.54	842.90	820.21	3.1792	3.2335
416893611327	853.99	835.09	852.21	830.57	3.1470	3.2564
416893619660	856.21	848.00	848.86	821.36	3.1859	3.2530
416893627994	857.29	845.49	847.91	804.34	3.1812	3.2101
416893636327	856.97	839.62	845.38	812.39	3.1632	3.2342
416893644659	858.80	841.68	843.76	843.89	3.1596	3.2836
416893652992	851.93	845.63	844.52	805.54	3.1897	3.2110
416893661325	859.58	843.58	856.03	829.98	3.1683	3.2478
416893669659	920.66	808.59	925.38	811.82	3.1929	3.3293
416893677992	1009.59	725.48	1026.17	721.41	3.1644	3.2840
416893686328	1088.42	719.85	1099.79	713.97	3.2420	3.2955
416893694662	1164.82	693.41	1170.21	665.91	3.2529	3.2571
416893702995	1217.48	672.04	1218.06	649.99	3.2522	3.2760
416893711328	1205.83	669.90	1206.11	653.90	3.2748	3.2909
416893719661	1212.65	662.44	1215.05	646.38	3.2662	3.3063
416893727995	1221.64	648.89	1210.86	647.27	3.2687	3.2992
416893736327	1220.50	651.33	1211.94	645.93	3.2679	3.2979
416893744660	1218.56	653.96	1213.28	643.68	3.2697	3.2990
416893752993	1219.28	637.97	1218.73	646.53	3.2506	3.3054
416893761326	1212.96	642.69	1214.23	644.49	3.2382	3.3078
416893769660	1215.73	647.41	1219.75	651.36	3.2511	3.3140
416893777993	1214.23	653.11	1218.10	652.06	3.2505	3.3053
416893786326	1218.19	661.26	1209.70	652.55	3.2883	3.3179
416893794659	1216.64	660.29	1215.84	649.54	3.2822	3.3150
416893802992	1219.25	659.05	1226.74	648.28	3.2571	3.3054
416893811326	1220.51	654.41	1217.84	646.79	3.2482	3.2919
416893819664	1224.68	652.36	1219.04	649.37	3.2668	3.2893
416893827997	1219.26	646.89	1217.47	647.90	3.2554	3.2934
416893836330	1212.85	649.93	1211.84	642.84	3.2472	3.2977
416893844664	1218.75	653.43	1216.61	642.97	3.2556	3.2900
416893852997	1217.78	655.22	1214.51	639.32	3.2605	3.2893
416893861330	1221.36	652.23	1217.81	640.06	3.2425	3.2730
416893869663	1220.14	657.59	1215.30	646.92	3.2733	3.2854
416893877996	1214.90	654.63	1218.13	642.94	3.2501	3.2771
416893886329	1291.69	649.10	1301.62	645.60	3.2490	3.2882
416893894663	1433.98	654.52	1453.32	635.65	3.2550	3.2638
416893902996	1534.46	663.71	1550.14	666.58	3.2303	3.2602
416893911329	1635.04	695.00	1652.06	676.23	3.2823	3.2495
416893919663	1680.72	721.45	1674.02	709.04	3.2820	3.2427
416893927996	1654.01	717.70	1659.82	717.35	3.2847	3.2377
416893936330	1671.79	706.67	1685.80	706.52	3.2593	3.2455
416893944665	1680.32	710.12	1678.71	713.95	3.2587	3.2632
416893952998	1675.39	707.95	1676.18	714.30	3.2662	3.2580
416893961331	1672.78	708.81	1676.72	714.64	3.2631	3.2631
416893969664	1674.29	716.48	1673.15	713.03	3.2846	3.2591
416893977998	1671.91	722.96	1675.85	711.10	3.2685	3.2533
416893986331	1675.76	718.33	1669.88	712.01	3.2726	3.2499
416893994665	1679.78	712.74	1671.32	715.78	3.2505	3.2566
416894002998	1675.84	715.89	1672.29	710.50	3.2477	3.2481
416894011331	1676.79	716.75	1676.87	705.06	3.2677	3.2220
416894019664	1673.35	718.49	1679.54	700.56	3.2652	3.2154
416894027997	1673.53	713.68	1680.51	698.76	3.2596	3.2219
416894036331	1672.87	711.53	1673.46	700.02	3.2449	3.2081
416894044664	1675.25	719.31	1678.76	702.80	3.2760	3.2119
416894052997	1672.22	712.85	1678.23	699.90	3.2422	3.2216
416894061330	1673.14	713.55	1683.43	703.20	3.2625	3.2233
416894069664	1677.53	721.79	1674.25	716.76	3.2627	3.2357
416894078001	1670.77	715.20	1675.35	717.52	3.2566	3.2301
416894086335	1677.20	716.14	1678.35	714.56	3.2550	3.2388
416894094667	1679.85	715.73	1680.99	710.40	3.2680	3.2316
416894103000	1676.32	715.23	1676.73	706.44	3.2579	3.2129
416894111334	1673.58	711.54	1682.15	704.69	3.2572	3.2196
416894119667	1676.71	714.98	1675.55	712.14	3.2677	3.2497
416894128000	1675.10	710.72	1676.11	703.09	3.2637	3.2304
416894136334	1668.69	717.69	1679.85	709.44	3.2666	3.2404
416894144666	1672.92	713.74	1677.84	706.67	3.2523	3.2406
416894152999	1673.46	719.12	1681.15	711.36	3.2557	3.2359
416894161333	1665.56	680.80	1661.77	678.90	3.2628	3.2384
416894169665	1658.79	628.17	1653.92	631.49	3.2725	3.2686
416894177998	1658.63	612.29	1655.23	599.72	3.2641	3.2435
416894186331	1658.83	579.88	1656.86	586.25	3.2419	3.2613
416894194665	1657.83	594.88	1652.03	602.71	3.2567	3.2523
416894202998	1653.14	593.14	1658.69	592.54	3.2522	3.2743
416894211337	1652.72	596.79	1653.47	592.08	3.2674	3.2569
416894219671	1656.83	602.56	1654.61	593.58	3.2945	3.2662
416894228004	1657.83	595.46	1648.46	591.38	3.2871	3.2700
416894236337	1650.44	596.27	1650.59	591.56	3.2811	3.2774
416894244669	1654.54	601.58	1652.69	589.11	3.2929	3.2654
416894253003	1656.47	592.96	1650.35	590.00	3.2882	3.2840
416894261336	1654.62	596.54	1651.72	591.91	3.2853	3.2822
416894269669	1651.99	604.47	1653.56	592.12	3.2901	3.2816
416894278003	1653.22	593.44	1651.26	594.41	3.2968	3.2925
416894286336	1650.48	599.84	1643.40	594.98	3.3026	3.2957
416894294669	1651.36	600.94	1657.04	589.85	3.3024	3.2969
416894303003	1652.60	595.21	1653.92	588.96	3.2979	3.2827
416894311336	1658.19	594.69	1654.66	587.35	3.3029	3.2738
416894319668	1655.71	588.19	1648.65	596.04	3.3054	3.2898
416894328002	1653.85	593.24	1654.28	593.13	3.3088	3.3151
416894336335	1656.55	593.57	1654.67	597.12	3.3137	3.3108
416894344673	1651.18	592.77	1655.12	591.39	3.3117	3.3089
416894353007	1596.73	588.04	1597.02	598.53	3.2944	3.3034
416894361339	1476.00	577.12	1492.03	593.42	3.2898	3.3235
416894369672	1410.65	574.43	1408.79	595.65	3.2675	3.3249
416894378006	1346.93	571.75	1343.09	592.62	3.2669	3.3208
416894386339	1309.98	591.32	1306.67	577.75	3.2899	3.3080
416894394672	1321.85	598.29	1322.58	585.48	3.3046	3.3263
416894403006	1309.81	593.70	1307.96	575.55	3.2964	3.2907
416894411338	1311.98	597.83	1308.07	582.23	3.3082	3.3111
416894419672	1312.86	588.90	1310.54	580.56	3.3080	3.2995
416894428005	1313.29	594.59	1312.58	581.73	3.3047	3.3106
