t	gaze_point_LX	gaze_point_LY	gaze_point_RX	gaze_point_RY	pupil_diameter_L	pupil_diameter_R
416780258828	1405.14	732.17	1409.88	734.54	3.1367	3.1876
416780267162	1407.90	739.41	1413.52	744.17	3.1367	3.1942
416780275495	1410.29	728.78	1413.92	739.14	3.1362	3.2099
416780283829	1408.24	734.55	1415.11	743.33	3.1174	3.2168
416780292162	1403.73	725.60	1418.85	731.22	3.1048	3.1885
416780300494	1408.30	724.08	1415.67	729.61	3.1133	3.2016
416780308832	1409.10	725.07	1411.02	731.83	3.1170	3.2013
416780317166	1403.94	730.88	1411.40	739.04	3.1168	3.2169
416780325499	1405.88	724.44	1412.52	733.09	3.1010	3.2070
416780333832	1408.63	728.07	1417.49	740.48	3.1066	3.2053
416780342166	1409.57	730.51	1414.76	732.97	3.1215	3.2106
416780350499	1410.12	731.06	1409.38	738.45	3.1179	3.2085
416780358832	1407.84	735.16	1412.99	739.56	3.1174	3.1985
416780367166	1407.93	734.73	1410.21	737.08	3.1344	3.2020
416780375498	1365.11	730.42	1371.06	707.86	3.1421	3.1549
416780383831	1304.86	699.09	1306.03	724.96	3.1230	3.2262
416780392164	1311.76	698.63	1313.82	695.79	3.0856	3.1989
416780400498	1312.00	701.13	1322.26	695.76	3.0956	3.1778
416780408832	1301.27	695.71	1311.73	694.74	3.1141	3.1791
416780417164	1305.46	697.80	1309.76	695.75	3.1024	3.1895
416780425498	1307.19	700.02	1312.74	699.23	3.1235	3.2073
416780433835	1306.44	690.23	1307.80	693.82	3.1020	3.1875
416780442168	1305.91	690.03	1314.48	689.75	3.1155	3.1787
416780450501	1306.17	701.79	1311.65	694.54	3.1245	3.2051
416780458834	1307.48	695.31	1314.03	692.08	3.1263	3.1842
416780467167	1306.00	690.57	1310.58	690.30	3.1224	3.1923
416780475501	1304.82	705.20	1310.63	698.31	3.1476	3.2114
416780483834	1310.18	706.02	1307.42	699.49	3.1514	3.2241
416780492168	1304.82	703.98	1309.83	692.83	3.1366	3.2062
416780500501	1302.96	702.01	1317.12	698.70	3.1464	3.2193
416780508834	1302.87	721.95	1310.01	714.71	3.1278	3.2173
416780517168	1299.30	728.77	1299.63	777.21	3.0539	3.1321
416780525500	NaN	NaN	NaN	NaN	NaN	NaN
416780533834	NaN	NaN	NaN	NaN	NaN	NaN
416780542167	NaN	NaN	NaN	NaN	NaN	NaN
416780550500	NaN	NaN	NaN	NaN	NaN	NaN
416780558833	NaN	NaN	NaN	NaN	NaN	NaN
416780567172	NaN	NaN	NaN	NaN	NaN	NaN
416780575506	NaN	NaN	NaN	NaN	NaN	NaN
416780583840	NaN	NaN	NaN	NaN	NaN	NaN
416780592173	NaN	NaN	NaN	NaN	NaN	NaN
416780600505	NaN	NaN	NaN	NaN	NaN	NaN
416780608839	NaN	NaN	NaN	NaN	NaN	NaN
416780617172	NaN	NaN	NaN	NaN	NaN	NaN
416780625505	NaN	NaN	NaN	NaN	NaN	NaN
416780633838	NaN	NaN	NaN	NaN	NaN	NaN
416780642171	NaN	NaN	NaN	NaN	NaN	NaN
416780650505	NaN	NaN	NaN	NaN	NaN	NaN
416780658839	NaN	NaN	NaN	NaN	NaN	NaN
416780667172	NaN	NaN	NaN	NaN	NaN	NaN
416780675504	NaN	NaN	NaN	NaN	NaN	NaN
416780683838	NaN	NaN	NaN	NaN	NaN	NaN
416780692171	NaN	NaN	NaN	NaN	NaN	NaN
416780700507	NaN	NaN	NaN	NaN	NaN	NaN
416780708840	NaN	NaN	NaN	NaN	NaN	NaN
416780717173	NaN	NaN	NaN	NaN	NaN	NaN
416780725507	NaN	NaN	NaN	NaN	NaN	NaN
416780733840	NaN	NaN	NaN	NaN	NaN	NaN
416780742173	NaN	NaN	NaN	NaN	NaN	NaN
416780750506	NaN	NaN	NaN	NaN	NaN	NaN
416780758840	NaN	NaN	NaN	NaN	NaN	NaN
416780767173	NaN	NaN	NaN	NaN	NaN	NaN
416780775506	NaN	NaN	NaN	NaN	NaN	NaN
416780783840	NaN	NaN	NaN	NaN	NaN	NaN
416780792173	NaN	NaN	NaN	NaN	NaN	NaN
416780800506	NaN	NaN	NaN	NaN	NaN	NaN
416780808839	1264.53	1007.53	1232.86	1153.48	3.0214	3.1674
416780817172	1281.73	839.73	1213.41	1041.67	3.0045	3.1934
416780825507	1288.90	805.74	1268.21	908.48	3.1470	3.1806
416780833840	1278.55	758.81	1259.21	800.80	3.2183	3.2409
416780842174	1275.93	741.65	1258.67	752.71	3.2917	3.3064
416780850507	1278.37	726.57	1256.98	716.41	3.3237	3.3838
416780858840	1273.86	732.89	1260.64	686.47	3.3036	3.4031
416780867173	1278.25	731.63	1263.80	696.57	3.3006	3.3856
416780875506	1278.87	741.14	1269.30	698.44	3.3344	3.3842
416780883839	1279.75	734.89	1264.61	708.21	3.3320	3.3596
416780892171	1279.85	732.13	1269.43	708.03	3.3281	3.3692
416780900505	1275.59	727.93	1270.15	706.68	3.3339	3.3656
416780908838	1274.28	730.47	1262.19	724.13	3.3621	3.4349
416780917173	1276.60	734.80	1265.80	726.09	3.3703	3.4417
416780925506	1280.64	717.96	1270.27	725.23	3.3444	3.4650
416780933839	1277.46	716.20	1265.98	725.98	3.3589	3.4756
416780942173	1276.93	722.60	1261.82	720.02	3.3847	3.4455
416780950506	1283.30	716.97	1272.42	719.74	3.3914	3.4480
416780958848	1280.84	713.35	1265.85	706.31	3.3736	3.4450
416780967180	1280.11	721.35	1265.88	703.93	3.4082	3.4482
416780975513	1277.54	722.95	1270.19	696.82	3.4080	3.4412
416780983847	1281.88	721.18	1267.24	695.50	3.4031	3.4480
416780992180	1281.79	719.05	1264.13	688.91	3.4241	3.4500
416781000513	1281.67	728.54	1272.52	690.90	3.4351	3.4483
416781008846	1280.31	720.45	1268.79	714.87	3.4350	3.4945
416781017180	1282.83	721.01	1275.78	704.56	3.4360	3.4826
416781025513	1277.55	709.57	1269.89	714.15	3.4321	3.5058
416781033847	1276.73	706.92	1268.26	713.24	3.4281	3.5164
416781042179	1281.47	706.44	1274.47	706.14	3.4368	3.5005
416781050512	1279.37	707.24	1273.04	712.46	3.4471	3.5381
416781058846	1284.42	688.31	1274.86	709.72	3.4037	3.5315
416781067179	1277.60	699.86	1273.30	715.05	3.4169	3.5320
416781075513	1276.20	693.10	1272.20	707.03	3.4203	3.5339
416781083846	1282.48	709.90	1272.02	712.39	3.4608	3.5387
416781092184	1271.95	714.21	1274.18	712.45	3.4889	3.5408
416781100517	1282.06	706.46	1277.69	705.01	3.4766	3.5255
416781108850	1286.30	714.47	1268.42	699.69	3.4712	3.5275
416781117182	1284.27	714.33	1266.49	686.08	3.4591	3.5004
416781125515	1278.52	711.16	1277.09	690.76	3.4426	3.5028
416781133848	1281.62	719.00	1276.07	691.20	3.4478	3.4973
416781142182	1275.61	702.86	1272.43	705.45	3.4039	3.4776
416781150514	NaN	NaN	NaN	NaN	NaN	NaN
416781158848	NaN	NaN	NaN	NaN	NaN	NaN
416781167181	NaN	NaN	NaN	NaN	NaN	NaN
416781175515	NaN	NaN	NaN	NaN	NaN	NaN
416781183849	NaN	NaN	NaN	NaN	NaN	NaN
416781192181	NaN	NaN	NaN	NaN	NaN	NaN
416781200514	NaN	NaN	NaN	NaN	NaN	NaN
416781208848	NaN	NaN	NaN	NaN	NaN	NaN
416781217181	NaN	NaN	NaN	NaN	NaN	NaN
416781225519	NaN	NaN	NaN	NaN	NaN	NaN
416781233853	NaN	NaN	NaN	NaN	NaN	NaN
416781242187	NaN	NaN	NaN	NaN	NaN	NaN
416781250519	NaN	NaN	NaN	NaN	NaN	NaN
416781258853	NaN	NaN	NaN	NaN	NaN	NaN
416781267186	NaN	NaN	NaN	NaN	NaN	NaN
416781275518	NaN	NaN	NaN	NaN	NaN	NaN
416781283852	NaN	NaN	NaN	NaN	NaN	NaN
416781292186	NaN	NaN	NaN	NaN	NaN	NaN
416781300519	NaN	NaN	NaN	NaN	NaN	NaN
416781308852	NaN	NaN	NaN	NaN	NaN	NaN
416781317185	NaN	NaN	NaN	NaN	NaN	NaN
416781325518	NaN	NaN	NaN	NaN	NaN	NaN
416781333851	NaN	NaN	NaN	NaN	NaN	NaN
416781342184	NaN	NaN	NaN	NaN	NaN	NaN
416781350521	1265.39	1019.76	NaN	NaN	3.0427	NaN
416781358854	1278.82	870.73	1238.68	1166.40	3.1075	3.3590
416781367187	1282.38	832.50	1201.17	993.51	3.2609	3.2290
416781375521	1273.16	759.79	1202.60	830.11	3.2772	3.1012
416781383854	1271.23	717.48	1266.74	784.55	3.3008	3.4036
416781392187	1272.11	705.68	1264.55	736.75	3.3261	3.4840
416781400521	1271.88	714.00	1265.27	710.70	3.3195	3.5156
416781408854	1269.34	727.85	1264.49	689.94	3.3387	3.5271
416781417187	1270.68	723.49	1269.66	688.50	3.3450	3.5080
416781425519	1275.75	723.16	1268.01	691.44	3.3517	3.5023
416781433853	1274.46	724.81	1268.19	695.95	3.3587	3.4712
416781442186	1278.75	731.53	1268.28	720.28	3.3662	3.5241
416781450520	1275.36	727.95	1271.53	712.08	3.3802	3.5050
416781458853	1270.57	716.63	1275.88	707.32	3.3573	3.5063
416781467186	1279.86	698.91	1272.68	713.05	3.3321	3.5137
416781475520	1275.71	706.30	1274.48	708.89	3.3377	3.5242
416781483859	1276.48	695.94	1279.15	707.68	3.3323	3.5018
416781492192	1274.97	704.31	1273.00	709.20	3.3521	3.4883
416781500526	1271.64	707.80	1273.13	707.81	3.3596	3.5018
416781508859	1270.74	706.77	1277.11	708.94	3.3536	3.5289
416781517192	1281.12	714.69	1269.53	715.32	3.3974	3.5179
416781525526	1278.25	711.34	1278.56	706.32	3.3879	3.5122
416781533859	1278.59	715.47	1272.25	708.83	3.3833	3.5017
416781542191	1271.50	700.52	1273.03	713.75	3.3840	3.5148
416781550525	1276.36	702.85	1274.24	710.39	3.3804	3.5155
416781558858	1277.35	697.27	1269.61	706.68	3.3882	3.5164
416781567191	1278.05	706.74	1275.61	703.89	3.3938	3.5029
416781575525	1280.32	703.87	1270.60	706.89	3.4006	3.5062
416781583858	1278.80	691.74	1265.57	706.75	3.3659	3.5329
416781592191	1275.75	684.30	1275.02	704.62	3.3694	3.5212
416781600524	1275.12	684.51	1273.36	711.80	3.3604	3.5274
416781608858	1274.28	683.58	1276.02	708.39	3.3617	3.5269
416781617196	1279.47	687.07	1271.79	713.94	3.3625	3.5400
416781625529	1280.48	684.22	1273.16	709.84	3.3732	3.5217
416781633862	1272.96	680.91	1277.08	700.89	3.3649	3.5381
416781642195	1282.38	680.59	1273.02	707.24	3.3789	3.5325
416781650528	1279.04	678.97	1280.16	701.46	3.3856	3.5464
416781658862	1277.03	698.45	1268.85	706.54	3.4156	3.5591
416781667195	1276.60	700.91	1275.75	707.99	3.4185	3.5362
416781675529	1275.61	702.43	1269.86	707.30	3.4336	3.5342
416781683861	1278.48	699.19	1276.06	705.78	3.4199	3.5370
416781692195	1276.99	689.94	1273.67	706.17	3.4075	3.5377
416781700528	1274.41	680.63	1274.62	702.61	3.3811	3.5314
416781708860	1274.47	679.81	1273.34	707.61	3.4042	3.5518
416781717194	1278.69	686.47	1276.03	698.28	3.3834	3.5342
416781725527	1279.63	688.66	1274.56	706.57	3.3982	3.5539
416781733861	1275.10	695.92	1271.01	698.67	3.4209	3.5344
416781742194	1273.65	698.88	1267.20	705.78	3.4093	3.5490
416781750532	1279.30	708.18	1269.69	703.17	3.4385	3.5664
416781758865	1281.99	696.13	1265.97	707.16	3.4215	3.5563
416781767199	1285.22	703.25	1264.88	710.97	3.4255	3.5599
416781775532	1278.37	696.47	1265.49	705.58	3.4130	3.5636
416781783864	1270.96	690.76	1266.36	709.31	3.3983	3.5587
416781792198	1273.02	679.54	1273.02	699.79	3.3783	3.5507
416781800531	1274.21	679.84	1281.64	703.37	3.3657	3.5377
416781808865	1270.85	677.40	1272.05	703.55	3.3720	3.5562
416781817198	1271.21	674.38	1277.16	700.33	3.3682	3.5542
416781825531	1275.88	675.33	1280.47	699.94	3.3730	3.5392
416781833865	1276.05	678.88	1278.15	704.73	3.3671	3.5336
416781842198	1277.59	696.47	1284.69	714.24	3.3750	3.5144
416781850532	1276.61	686.10	1278.54	707.77	3.3510	3.5400
416781858863	1275.46	681.58	1276.83	708.48	3.3477	3.5292
416781867197	1281.63	678.65	1277.32	703.91	3.3605	3.5128
416781875535	1274.01	681.56	1282.43	708.44	3.3645	3.5260
416781883868	1278.56	682.34	1274.70	715.93	3.3630	3.5341
416781892202	1273.49	683.73	1274.31	714.69	3.3842	3.5559
416781900535	1274.50	690.56	1281.26	716.02	3.3710	3.5302
416781908868	1276.70	687.04	1275.43	712.38	3.3623	3.5288
416781917202	1271.96	690.96	1276.18	713.30	3.3658	3.5374
416781925534	1275.43	686.06	1276.40	717.16	3.3622	3.5469
416781933868	1268.81	680.82	1280.51	713.14	3.3577	3.5303
416781942201	1276.15	684.24	1279.05	706.14	3.3357	3.5202
416781950534	1271.43	680.96	1284.61	704.51	3.3496	3.5054
416781958868	1277.35	691.26	1277.55	707.22	3.3624	3.5149
416781967201	1276.12	688.47	1275.87	690.61	3.3619	3.4928
416781975534	1276.92	688.76	1276.01	692.43	3.3655	3.4733
416781983868	1274.31	695.03	1281.89	695.26	3.3664	3.4833
416781992200	1277.15	699.79	1276.31	694.47	3.3695	3.4903
416782000533	1271.48	714.44	1281.21	693.96	3.3988	3.4877
416782008870	1275.11	691.07	1279.19	700.73	3.3532	3.5045
416782017204	1275.07	687.37	1275.81	696.45	3.3513	3.4762
416782025537	1275.17	687.91	1280.26	690.34	3.3616	3.4748
416782033871	1274.29	686.87	1279.25	707.49	3.3693	3.5074
416782042205	1275.78	684.89	1282.32	711.16	3.3642	3.5124
416782050538	1272.95	689.20	1277.11	719.74	3.3477	3.5438
416782058872	1281.41	687.12	1275.36	713.00	3.3556	3.5278
416782067204	1270.16	694.54	1278.60	707.44	3.3634	3.5142
416782075537	1269.76	688.07	1281.53	712.63	3.3586	3.5280
416782083871	1282.78	692.90	1280.72	706.77	3.3627	3.5272
416782092203	1269.53	688.65	1281.90	712.48	3.3549	3.5213
416782100537	1268.11	687.44	1280.67	715.43	3.3572	3.5367
416782108870	1279.30	690.52	1279.11	708.72	3.3656	3.5218
416782117203	1276.57	680.24	1282.50	709.71	3.3716	3.5250
416782125537	1272.00	678.79	1279.32	704.52	3.3681	3.5319
416782133870	1272.88	686.86	1277.79	693.39	3.3620	3.4927
416782142207	1273.82	701.76	1280.89	689.18	3.3837	3.4967
416782150541	1279.28	703.91	1278.60	696.32	3.4147	3.4935
416782158874	1278.58	702.38	1280.70	691.65	3.4132	3.5043
416782167208	1277.61	710.37	1281.77	694.54	3.4292	3.5160
416782175541	1282.20	708.28	1282.13	694.39	3.4241	3.5235
416782183874	1279.06	695.90	1285.57	688.69	3.3998	3.5078
416782192208	1278.54	696.64	1279.56	691.26	3.4055	3.5128
416782200541	1273.75	692.96	1280.53	700.74	3.3956	3.5411
416782208875	1277.10	687.30	1283.93	711.58	3.3866	3.5511
416782217206	1279.70	679.67	1283.87	712.89	3.3886	3.5610
416782225540	1277.05	685.86	1289.94	708.87	3.4044	3.5604
416782233873	1277.00	690.80	1285.26	712.03	3.4043	3.5782
416782242206	1275.29	682.28	1282.88	710.29	3.4085	3.5803
416782250540	1278.45	689.96	1279.02	706.43	3.4127	3.5694
416782258873	1278.68	696.00	1282.81	698.32	3.4185	3.5526
416782267209	1279.72	702.54	1283.31	704.84	3.4434	3.5587
416782275543	1273.88	699.31	1283.45	704.17	3.4329	3.5630
416782283876	1278.05	705.18	1285.82	703.90	3.4386	3.5681
416782292209	1283.49	704.15	1283.46	703.40	3.4559	3.5588
416782300542	1282.63	703.03	1290.27	690.71	3.4547	3.5652
416782308875	1281.57	701.45	1278.31	694.52	3.4490	3.5614
416782317209	1275.55	708.32	1284.87	696.35	3.4635	3.5448
416782325542	1278.79	719.00	1292.26	688.21	3.4816	3.5405
416782333875	1286.07	716.48	1283.09	690.10	3.4897	3.5490
416782342208	1287.36	715.14	1283.85	685.07	3.4963	3.5373
416782350542	1279.29	709.42	1282.65	691.33	3.4567	3.5561
416782358875	1279.12	711.95	1285.66	702.52	3.4656	3.5781
416782367209	1281.85	698.23	1279.73	718.71	3.4557	3.5986
416782375541	1280.65	698.57	1281.95	703.79	3.4631	3.6015
416782383874	1282.08	699.22	1279.73	724.01	3.4618	3.6026
416782392208	1279.55	703.83	1285.42	712.03	3.4647	3.6051
416782400550	1280.84	704.63	1280.86	714.64	3.4825	3.5988
416782408883	1277.90	696.28	1285.08	716.18	3.4368	3.5965
416782417217	1278.37	693.99	1283.00	711.85	3.4566	3.6068
416782425550	1284.37	689.82	1291.14	708.67	3.4538	3.5938
416782433883	1281.02	708.37	1288.18	710.42	3.4712	3.5968
416782442216	1279.05	704.63	1289.55	706.96	3.4672	3.6011
416782450549	1277.18	707.13	1284.02	715.46	3.4740	3.6161
416782458883	1279.61	708.56	1285.00	708.02	3.4706	3.6022
416782467215	1297.45	709.90	1303.41	708.09	3.4996	3.5939
416782475549	1381.59	712.51	1375.58	725.08	3.4800	3.6055
416782483882	1433.34	721.19	1420.62	731.66	3.4693	3.5857
416782492215	1486.21	745.93	1466.98	727.50	3.4898	3.5491
416782500549	1470.45	741.67	1469.53	718.53	3.4714	3.5080
416782508882	1462.49	732.61	1473.14	711.47	3.4589	3.5183
416782517215	1465.52	754.14	1472.33	717.85	3.4834	3.5070
416782525547	1469.40	743.82	1474.77	714.85	3.4470	3.4957
416782533883	1477.22	747.36	1478.46	720.37	3.4518	3.5017
416782542215	1471.43	741.76	1475.62	716.47	3.4578	3.5034
416782550549	1477.13	750.10	1473.38	721.62	3.4620	3.5013
416782558883	1471.08	754.74	1478.03	733.98	3.4546	3.5103
416782567215	1470.64	763.52	1478.79	729.54	3.4560	3.4919
416782575548	1469.49	749.95	1475.18	732.05	3.4260	3.4895
416782583882	1475.03	752.44	1479.01	736.72	3.4016	3.4839
416782592215	1468.06	746.37	1480.00	736.56	3.3998	3.4685
416782600548	1468.37	752.00	1480.21	734.51	3.3936	3.4640
416782608881	1468.63	749.56	1479.27	731.40	3.3655	3.4571
416782617215	1466.90	751.65	1480.58	734.33	3.3837	3.4453
416782625548	1471.72	754.71	1476.35	738.98	3.3834	3.4301
416782633882	1472.29	749.89	1483.09	736.76	3.3703	3.4074
416782642216	1472.60	754.81	1478.09	739.93	3.3661	3.4087
416782650549	1472.56	751.72	1482.16	732.22	3.3476	3.4015
416782658882	1465.42	746.02	1482.71	737.53	3.3363	3.3894
416782667218	1470.43	746.53	1486.35	733.25	3.3118	3.3730
416782675552	1467.92	746.79	1480.69	750.89	3.3255	3.4035
416782683885	1469.51	749.01	1478.79	735.58	3.2945	3.3558
416782692218	1475.26	756.99	1490.61	738.90	3.3105	3.3567
416782700551	1480.37	739.94	1489.84	735.94	3.2920	3.3343
416782708885	1553.42	754.27	1553.70	771.03	3.2714	3.3855
416782717219	1606.36	777.10	1605.36	794.79	3.2496	3.3569
416782725552	1630.97	787.73	1630.24	797.03	3.2979	3.3537
416782733885	1618.99	796.48	1626.83	805.37	3.3049	3.3430
416782742218	1628.07	795.80	1635.94	799.12	3.2842	3.3325
416782750552	1632.33	794.65	1625.63	805.86	3.2716	3.3341
416782758885	1625.55	793.00	1631.15	802.40	3.2723	3.3226
416782767219	1633.98	793.43	1622.94	801.40	3.2729	3.3407
416782775551	1630.35	788.72	1629.88	796.54	3.2399	3.2976
416782783885	1627.79	780.23	1628.31	811.79	3.2432	3.3447
416782792227	1627.67	760.88	1631.36	806.09	3.1849	3.3313
416782800561	1626.14	782.67	1631.19	810.72	3.2492	3.3315
416782808893	1628.06	784.69	1636.46	813.41	3.2353	3.3411
416782817226	1627.31	782.12	1626.24	802.80	3.2391	3.3296
416782825559	1635.66	785.62	1632.18	802.91	3.2247	3.3189
416782833893	1628.69	789.27	1634.81	795.20	3.2336	3.2980
416782842226	1629.09	781.02	1625.22	804.45	3.2298	3.3113
416782850560	1632.44	781.95	1636.54	800.64	3.2158	3.3120
416782858893	1628.04	782.15	1629.57	806.30	3.2148	3.3194
416782867226	1631.31	786.90	1628.81	805.17	3.2281	3.3317
416782875560	1634.09	777.69	1628.33	801.72	3.2090	3.3009
416782883892	1632.13	786.92	1633.81	808.33	3.2011	3.3044
416782892225	1631.39	793.24	1638.22	799.30	3.2105	3.2776
416782900558	1608.90	791.18	1616.75	788.90	3.2467	3.2860
416782908892	1535.76	699.61	1546.36	714.13	3.2283	3.3078
416782917226	1498.60	645.61	1498.63	635.92	3.2361	3.3224
416782925558	1458.85	601.86	1460.01	578.87	3.2413	3.2998
416782933892	1416.41	536.68	1415.56	540.33	3.2080	3.3105
416782942225	1390.09	533.63	1399.86	529.29	3.2110	3.2945
416782950558	1410.33	533.04	1409.97	527.26	3.2250	3.3140
416782958891	1397.11	515.46	1400.22	519.93	3.2327	3.3382
416782967224	1390.93	517.06	1394.82	517.20	3.2197	3.3416
416782975558	1400.71	513.65	1397.67	517.69	3.2338	3.3331
416782983891	1401.79	512.05	1390.11	517.19	3.2360	3.3316
416782992224	1398.24	511.87	1395.11	515.56	3.2387	3.3320
416783000558	1404.63	516.96	1396.54	514.74	3.2330	3.3362
416783008891	1398.16	507.34	1398.38	505.61	3.2354	3.3254
416783017224	1400.49	508.11	1403.39	507.72	3.2274	3.3272
416783025557	1403.96	511.90	1399.99	505.78	3.2459	3.3357
416783033890	1406.07	509.92	1397.22	505.25	3.2357	3.3323
416783042223	1404.97	505.61	1398.08	509.30	3.2573	3.3338
416783050557	1402.63	512.70	1398.39	499.52	3.2364	3.3291
416783058895	1398.25	509.86	1399.53	508.67	3.2572	3.3441
416783067228	1404.21	507.77	1400.31	502.44	3.2391	3.3427
416783075562	1399.78	504.53	1396.13	515.35	3.2259	3.3495
416783083895	1403.35	506.80	1394.84	516.12	3.2412	3.3680
416783092228	1399.31	509.96	1394.99	512.54	3.2419	3.3478
416783100562	1405.33	509.18	1395.40	516.41	3.2497	3.3525
416783108894	1399.30	508.59	1394.75	510.34	3.2547	3.3628
416783117227	1398.95	503.16	1400.46	509.93	3.2377	3.3577
416783125561	1397.46	508.32	1394.31	509.53	3.2449	3.3489
416783133894	1401.77	508.53	1398.35	510.06	3.2359	3.3509
416783142227	1401.49	507.62	1399.24	511.93	3.2402	3.3423
416783150561	1402.85	508.65	1399.77	513.27	3.2522	3.3623
416783158894	1400.25	510.07	1396.28	511.56	3.2415	3.3705
416783167227	1400.26	506.28	1398.68	510.72	3.2312	3.3599
416783175561	1399.54	506.61	1396.56	516.42	3.2439	3.3540
416783183893	1401.03	503.70	1394.58	505.82	3.2425	3.3435
416783192231	1343.87	494.21	1339.30	499.02	3.2464	3.3472
416783200565	1255.56	481.35	1256.95	486.96	3.2592	3.3751
416783208898	1203.59	490.83	1199.40	485.84	3.2550	3.3716
416783217231	1165.53	480.31	1155.79	491.08	3.2256	3.3875
416783225565	1181.02	474.56	1175.28	497.62	3.2091	3.3898
416783233898	1160.59	473.55	1172.33	487.61	3.2044	3.3825
416783242231	1168.41	472.13	1165.94	490.81	3.2341	3.3836
416783250565	1163.98	479.41	1164.77	479.12	3.2176	3.3781
416783258897	1168.62	486.32	1163.58	486.92	3.2223	3.3774
416783267230	1170.89	483.37	1165.66	484.89	3.2262	3.3891
416783275564	1168.22	481.14	1166.78	490.27	3.2311	3.3797
416783283898	1164.18	485.08	1169.06	488.73	3.2303	3.3889
416783292231	1168.21	483.87	1166.67	490.26	3.2500	3.3915
416783300564	1169.59	476.78	1169.06	484.66	3.2325	3.3919
416783308898	1167.19	472.32	1166.09	482.57	3.2232	3.3908
416783317235	1169.39	482.24	1171.68	480.26	3.2357	3.3951
416783325568	1168.57	481.70	1170.93	478.80	3.2365	3.3978
416783333901	1168.08	480.24	1173.25	483.23	3.2431	3.3781
416783342234	1164.47	477.64	1168.01	475.90	3.2313	3.3804
416783350567	1169.15	473.25	1165.98	478.30	3.2351	3.4003
416783358901	1172.57	479.92	1168.89	483.55	3.2575	3.3897
416783367234	1169.09	482.04	1170.29	480.03	3.2529	3.3897
416783375567	1168.69	482.07	1167.01	483.42	3.2485	3.3831
416783383901	1168.66	486.81	1165.34	489.66	3.2615	3.4119
416783392234	1171.62	485.40	1167.56	486.90	3.2488	3.4266
416783400567	1168.57	480.46	1171.84	483.18	3.2568	3.4100
416783408900	1168.94	483.24	1166.62	482.54	3.2558	3.4027
416783417233	1176.89	485.75	1169.11	485.52	3.2623	3.4027
416783425566	1169.99	476.42	1166.03	484.71	3.2571	3.4060
416783433900	1170.55	480.86	1174.71	483.53	3.2814	3.4197
416783442233	1163.37	483.96	1173.63	483.07	3.2670	3.4095
416783450574	1167.61	484.57	1173.29	484.94	3.2564	3.3932
416783458908	1167.91	488.17	1165.83	488.81	3.2691	3.4225
416783467241	1098.96	523.17	1090.67	508.54	3.2800	3.3908
416783475574	1030.18	578.67	1017.58	568.85	3.2688	3.4271
416783483907	1010.79	604.48	985.81	616.73	3.2472	3.4191
416783492240	1018.83	657.48	1011.18	664.26	3.2479	3.4257
416783500573	1010.82	658.12	1014.36	652.55	3.2592	3.4063
416783508907	1010.33	653.11	1008.91	653.24	3.2549	3.4040
416783517240	1004.68	659.33	1015.57	661.32	3.2443	3.4021
416783525572	1011.65	664.76	1016.42	664.96	3.2524	3.4056
416783533906	1020.61	657.23	1016.23	657.80	3.2529	3.4015
416783542239	1012.89	656.19	1015.21	660.59	3.2481	3.4036
416783550573	1009.64	656.84	1009.15	659.33	3.2405	3.3882
416783558905	1013.00	658.24	1020.04	655.02	3.2444	3.4038
416783567239	1010.26	652.40	1015.48	654.79	3.2447	3.3908
416783575572	1013.45	653.92	1018.96	668.69	3.2473	3.4166
416783583908	1011.75	653.54	1017.48	660.73	3.2621	3.4129
416783592241	1011.28	657.75	1011.02	664.55	3.2570	3.4272
416783600574	1012.91	665.96	1015.25	666.92	3.2853	3.4218
416783608908	1012.43	660.48	1009.02	665.38	3.2636	3.4372
416783617240	1012.41	666.80	1014.81	660.06	3.2764	3.4269
416783625573	1015.97	661.49	1017.40	659.88	3.2798	3.4241
416783633906	1012.41	666.06	1011.64	658.65	3.2945	3.4412
416783642239	1014.82	660.77	1014.11	660.25	3.3064	3.4361
416783650572	1019.92	666.59	1016.53	664.96	3.3044	3.4564
416783658906	1009.95	666.97	1015.06	664.58	3.2970	3.4343
416783667239	1014.03	668.76	1011.14	666.77	3.3000	3.4721
416783675572	1011.79	646.74	1013.03	664.07	3.2703	3.4466
416783683905	1010.71	653.29	1023.20	672.92	3.2883	3.4587
416783692239	1061.00	666.45	1055.71	684.34	3.3065	3.4634
416783700572	1067.21	670.10	1071.93	674.04	3.2993	3.4458
416783708906	1048.66	662.52	1062.31	670.42	3.3065	3.4575
416783717243	1059.34	662.32	1064.02	667.87	3.2990	3.4464
416783725577	1060.47	655.09	1064.29	671.40	3.2851	3.4449
416783733911	1058.34	654.35	1063.45	688.16	3.2811	3.4949
416783742244	1063.28	652.39	1063.46	678.79	3.2884	3.4746
416783750577	1058.76	669.58	1059.05	688.99	3.2918	3.5027
416783758910	1064.59	678.12	1066.70	683.30	3.2972	3.4920
416783767244	1059.37	680.98	1057.21	688.89	3.3163	3.4828
416783775577	1058.69	674.42	1059.52	683.82	3.3222	3.4798
416783783910	1059.54	665.90	1057.73	680.61	3.2916	3.4713
416783792243	1060.64	672.45	1062.10	682.21	3.3025	3.4849
416783800576	1064.48	672.41	1063.06	686.42	3.3169	3.4847
416783808909	1063.65	671.50	1066.94	685.49	3.2995	3.4761
416783817243	1061.04	660.23	1064.73	685.81	3.2926	3.4624
416783825576	1065.88	665.21	1065.24	686.89	3.2901	3.4697
416783833909	1054.31	668.67	1066.54	677.80	3.2928	3.4570
416783842246	1052.29	662.44	1070.34	678.20	3.2815	3.4355
416783850580	1058.27	651.35	1069.81	680.20	3.2555	3.4558
416783858912	1054.68	656.98	1071.57	682.05	3.2435	3.4518
416783867246	1059.40	650.77	1072.09	676.50	3.2360	3.4291
416783875579	1056.14	659.14	1068.96	675.41	3.2522	3.4271
416783883912	1055.64	655.86	1071.57	674.97	3.2515	3.4290
416783892246	1052.00	653.06	1068.28	672.39	3.2323	3.3859
416783900579	1056.10	648.20	1069.53	665.13	3.2242	3.3876
416783908913	1057.85	652.77	1068.49	666.03	3.2254	3.3729
416783917246	1052.50	653.82	1069.21	663.75	3.2230	3.3705
416783925579	1057.72	651.67	1067.75	665.06	3.2257	3.3834
416783933912	1061.14	650.71	1076.75	671.78	3.2255	3.3878
416783942246	1054.10	654.31	1065.07	672.23	3.2087	3.3738
416783950579	1072.70	670.86	1081.38	674.57	3.2247	3.3499
416783958912	1147.19	718.59	1153.53	708.88	3.2336	3.3436
416783967246	1220.39	756.51	1231.60	738.79	3.2480	3.3103
416783975584	1284.89	768.79	1298.87	773.18	3.2121	3.3173
416783983917	1348.95	800.19	1364.00	820.14	3.1599	3.2999
416783992251	1372.60	865.35	1398.28	838.65	3.2442	3.2596
416784000583	1367.54	881.67	1383.03	826.60	3.2636	3.2250
416784008916	1377.86	887.46	1400.02	790.72	3.2844	3.1719
416784017249	1380.33	890.33	1392.25	863.98	3.2620	3.2791
416784025583	1371.92	889.13	1400.69	869.11	3.2413	3.2944
416784033915	1377.02	898.72	1390.64	857.48	3.2793	3.2574
416784042249	1370.11	844.74	1390.51	859.64	3.1423	3.2683
416784050583	1372.38	884.60	1386.83	861.53	3.2472	3.2636
416784058915	1374.32	877.50	1389.64	859.78	3.2188	3.2567
416784067250	1376.17	863.64	1391.11	859.16	3.1785	3.2531
416784075581	1373.27	894.29	1389.01	859.05	3.2561	3.2661
416784083914	1379.51	853.11	1394.24	857.00	3.1731	3.2428
416784092248	1372.43	871.29	1387.36	863.46	3.2002	3.2601
416784100581	1370.14	852.14	1391.62	855.59	3.1648	3.2226
416784108920	1371.50	872.56	1389.77	863.75	3.1989	3.2435
416784117253	1377.56	890.15	1394.19	857.56	3.2408	3.2299
416784125587	1366.26	873.56	1393.68	841.04	3.1952	3.1797
416784133919	1370.46	886.83	1393.78	856.62	3.2210	3.2246
416784142253	1372.04	861.40	1387.56	856.13	3.1680	3.2170
416784150585	1373.64	859.80	1396.14	854.39	3.1800	3.2090
416784158918	1373.10	880.83	1392.09	852.23	3.2065	3.2166
416784167252	1376.42	883.43	1390.56	859.04	3.2280	3.2222
416784175586	1373.56	843.27	1390.39	866.16	3.1334	3.2316
416784183918	1368.92	884.68	1392.24	856.96	3.2061	3.2326
416784192252	1376.46	876.43	1389.91	850.40	3.1981	3.2174
416784200586	1372.85	876.13	1400.32	840.02	3.1939	3.1878
416784208918	1378.94	870.08	1393.49	853.04	3.1849	3.2279
416784217252	1375.03	845.28	1391.33	860.54	3.1078	3.2525
416784225584	1372.88	870.71	1389.56	851.70	3.1700	3.2128
416784233920	1373.54	870.41	1385.27	874.25	3.1879	3.2427
416784242255	1375.43	867.60	1389.56	859.48	3.1683	3.2213
416784250587	1376.57	867.40	1389.21	871.19	3.1887	3.2441
416784258921	1366.08	895.83	1387.03	855.29	3.2286	3.2083
416784267254	1259.29	814.90	1292.89	824.56	3.1108	3.2113
416784275587	1144.82	801.77	1179.82	769.96	3.1039	3.1803
416784283920	1049.97	782.31	1088.77	767.04	3.1264	3.2375
416784292255	1018.02	770.09	1027.19	760.60	3.1392	3.2445
416784300587	1025.49	778.79	1050.87	760.92	3.1479	3.2636
416784308920	1009.16	772.81	1033.04	761.77	3.1577	3.2645
416784317254	1007.20	765.26	1024.54	759.58	3.1335	3.2747
416784325586	1011.58	766.66	1023.93	762.72	3.1217	3.2598
416784333919	1015.90	762.10	1023.95	765.85	3.1450	3.2717
416784342254	1015.66	764.99	1023.74	765.81	3.1149	3.2743
416784350587	1019.13	762.20	1026.22	771.98	3.1594	3.3007
416784358920	1014.54	774.12	1025.62	778.64	3.1548	3.3024
416784367261	1017.90	759.84	1023.39	773.82	3.1440	3.2988
416784375592	1012.65	763.05	1027.77	779.19	3.1293	3.3077
416784383925	1014.89	760.36	1027.05	776.06	3.1141	3.3084
416784392260	1016.74	759.22	1026.78	775.19	3.1347	3.3006
416784400592	1009.55	756.66	1024.00	774.87	3.1471	3.3053
416784408925	1017.94	758.11	1029.04	775.67	3.1506	3.3117
416784417258	1009.84	760.70	1024.02	769.15	3.1608	3.2876
416784425593	1012.40	760.23	1027.76	774.29	3.1466	3.3215
416784433925	1010.70	759.14	1019.48	774.59	3.1534	3.3197
416784442258	1018.59	756.93	1023.71	768.32	3.1488	3.3187
416784450591	1020.51	760.68	1024.53	777.71	3.1598	3.3346
416784458924	1013.33	760.53	1026.47	767.81	3.1456	3.3125
416784467257	1024.12	762.12	1032.04	773.03	3.1498	3.3082
416784475591	1011.58	759.16	1021.23	775.91	3.1483	3.3180
416784483925	991.83	752.61	993.19	737.31	3.1890	3.3073
416784492258	984.41	742.45	987.30	709.77	3.2010	3.2806
416784500595	990.90	740.16	992.29	718.39	3.1959	3.3046
416784508928	986.38	745.59	988.97	712.98	3.1796	3.2875
416784517262	988.03	733.58	994.23	715.78	3.1876	3.2840
416784525594	986.49	737.54	993.03	717.57	3.1921	3.2956
416784533928	982.15	739.10	998.04	709.55	3.1977	3.3008
416784542261	993.02	729.89	994.33	714.13	3.1786	3.2926
416784550595	988.32	731.19	994.90	721.19	3.1817	3.3068
416784558928	983.10	731.82	1003.06	715.30	3.2012	3.2854
416784567261	987.86	744.70	999.12	720.79	3.2041	3.3184
416784575595	990.32	740.01	993.27	721.58	3.1891	3.3007
416784583928	982.23	739.34	996.94	723.18	3.1739	3.3056
416784592260	981.62	733.87	987.37	723.60	3.1786	3.3056
416784600594	985.97	736.83	996.45	720.28	3.1674	3.3143
416784608927	986.56	733.43	993.89	731.07	3.1732	3.3072
416784617260	983.58	738.57	1002.06	712.08	3.1872	3.2781
416784625594	982.68	739.16	998.41	707.90	3.1703	3.2610
416784633932	978.71	738.31	1000.35	717.68	3.1745	3.2775
416784642265	980.79	737.92	994.82	712.68	3.1814	3.2842
416784650599	986.10	732.86	994.50	710.72	3.1514	3.2535
416784658932	978.77	738.59	996.57	710.39	3.1786	3.2767
416784667265	987.45	735.67	995.35	709.57	3.1597	3.2500
416784675598	986.01	739.77	992.73	714.22	3.1621	3.2448
416784683931	986.14	736.15	991.26	708.42	3.1581	3.2506
416784692264	1035.33	721.98	1046.49	713.29	3.1438	3.2781
416784700598	1119.05	704.23	1134.12	698.70	3.1846	3.2926
416784708931	1145.07	697.84	1165.67	702.46	3.1449	3.2803
416784717264	1161.62	703.22	1175.91	693.50	3.1774	3.2635
416784725598	1152.25	698.78	1168.62	690.62	3.1604	3.2482
416784733931	1164.15	694.64	1177.93	688.12	3.1478	3.2545
416784742264	1165.85	695.45	1179.12	692.83	3.1390	3.2503
416784750597	1165.09	687.79	1180.36	688.81	3.1422	3.2502
416784758933	1164.25	689.86	1185.57	687.53	3.1248	3.2426
416784767266	1161.27	690.77	1180.27	697.05	3.1123	3.2455
416784775600	1161.69	688.46	1178.04	694.02	3.1312	3.2353
416784783933	1160.78	688.98	1187.21	695.01	3.1337	3.2332
416784792266	1169.77	695.02	1176.72	699.89	3.1246	3.2482
416784800600	1163.11	688.44	1183.34	693.90	3.1210	3.2260
416784808933	1163.31	690.43	1180.74	694.15	3.1309	3.2381
416784817266	1167.85	697.51	1181.97	697.21	3.1396	3.2209
416784825599	1165.09	700.43	1179.13	693.09	3.1501	3.2176
416784833932	1168.73	698.38	1180.76	707.12	3.1363	3.2446
416784842265	1165.46	704.44	1178.75	703.24	3.1457	3.2400
416784850599	1169.20	695.28	1180.45	701.04	3.1279	3.2280
416784858932	1163.10	697.13	1173.67	704.40	3.1225	3.2339
416784867265	1161.25	696.73	1177.78	705.87	3.1319	3.2272
416784875599	1167.75	698.77	1186.11	693.52	3.1386	3.2070
416784883932	1164.39	690.74	1179.95	708.82	3.1178	3.2053
416784892272	1166.83	692.68	1179.17	701.18	3.1022	3.2100
416784900604	1166.26	697.09	1184.33	695.08	3.0982	3.2114
416784908938	1167.10	693.67	1183.03	691.88	3.0953	3.2037
416784917271	1167.64	691.86	1178.47	695.36	3.1024	3.2041
416784925604	1163.64	685.97	1186.05	695.52	3.1031	3.2184
416784933938	1167.80	692.63	1183.44	691.36	3.0943	3.1809
416784942271	1165.69	688.51	1178.60	696.53	3.0973	3.1886
416784950604	1169.09	689.57	1181.44	698.87	3.1008	3.1985
416784958938	1172.09	685.70	1181.11	698.73	3.0756	3.2020
416784967271	1167.61	685.59	1182.92	692.80	3.0868	3.1774
416784975603	1169.47	692.09	1182.39	693.60	3.0954	3.1700
416784983937	1169.59	689.72	1176.47	694.93	3.0928	3.2060
416784992270	1170.79	693.42	1189.61	686.30	3.0818	3.1836
416785000603	1198.86	701.82	1207.22	696.00	3.1070	3.1821
416785008937	1299.16	714.53	1306.01	695.90	3.1264	3.1853
416785017270	1367.47	721.20	1380.47	698.35	3.1183	3.1783
416785025608	1399.13	710.44	1411.72	724.59	3.1107	3.1917
416785033941	1404.11	711.12	1416.66	720.72	3.1146	3.1838
416785042274	1404.32	711.14	1417.72	720.95	3.1018	3.1702
416785050607	1418.69	708.23	1421.72	723.79	3.1140	3.1686
416785058940	1408.44	710.44	1422.22	726.71	3.1092	3.1828
416785067273	1412.04	707.29	1425.14	729.96	3.0856	3.1875
416785075606	1416.26	717.46	1424.04	721.21	3.1041	3.1772
416785083940	1410.89	717.18	1422.64	723.93	3.1163	3.1838
416785092273	1419.30	720.57	1421.89	717.12	3.1264	3.1616
416785100606	1409.27	726.36	1418.92	728.09	3.1252	3.1755
416785108940	1416.10	725.62	1430.41	715.15	3.1332	3.1577
416785117273	1411.27	726.92	1420.58	720.77	3.1270	3.1771
416785125605	1411.07	723.26	1419.37	710.20	3.1258	3.1571
416785133939	1414.65	723.19	1421.22	709.13	3.1362	3.1550
416785142272	1416.14	723.38	1423.39	706.56	3.1196	3.1589
416785150608	1411.90	723.69	1420.46	710.91	3.1178	3.1402
416785158943	1418.65	711.71	1419.55	702.33	3.1171	3.1614
416785167276	1412.90	712.56	1414.93	707.18	3.1230	3.1580
416785175609	1411.78	714.50	1419.92	710.68	3.1256	3.1839
416785183943	1408.92	714.00	1419.04	709.71	3.1174	3.1559
416785192276	1414.09	711.18	1426.30	706.25	3.1194	3.1596
