t	gaze_point_LX	gaze_point_LY	gaze_point_RX	gaze_point_RY	pupil_diameter_L	pupil_diameter_R
417080573728	1219.12	684.77	1239.79	685.76	3.2174	3.3106
417080582061	1269.98	723.04	1266.10	703.35	3.2345	3.2861
417080590394	1260.40	732.13	1270.82	710.97	3.2203	3.2903
417080598734	1258.04	718.58	1275.09	710.42	3.2243	3.3113
417080607067	1264.27	723.93	1279.55	714.63	3.2173	3.2976
417080615401	1272.88	725.30	1277.92	717.44	3.2419	3.2954
417080623734	1276.95	728.88	1273.65	720.39	3.2314	3.3030
417080632067	1272.61	726.40	1267.63	711.52	3.2431	3.2761
417080640400	1266.85	736.63	1281.90	713.16	3.2465	3.2899
417080648734	1267.73	734.97	1282.14	706.51	3.2575	3.2745
417080657068	1267.09	738.62	1280.30	709.36	3.2556	3.2755
417080665399	1269.95	736.01	1281.67	720.83	3.2728	3.2843
417080673733	1265.15	730.01	1276.99	721.37	3.2760	3.2887
417080682066	1271.76	733.39	1276.42	717.00	3.2639	3.2975
417080690400	1265.81	722.95	1280.32	720.58	3.2471	3.3098
417080698733	1267.54	729.38	1277.47	723.95	3.2670	3.3176
417080707066	1267.96	733.12	1275.27	727.15	3.2601	3.3284
417080715400	1265.90	720.82	1274.06	726.61	3.2447	3.3285
417080723733	1268.97	727.71	1277.05	720.55	3.2817	3.3167
417080732071	1267.22	735.20	1280.73	724.39	3.2811	3.3403
417080740403	1266.67	731.10	1277.09	723.68	3.2776	3.3310
417080748736	1266.91	728.66	1278.96	703.49	3.2881	3.2833
417080757069	1269.35	735.49	1280.94	701.62	3.3148	3.3128
417080765403	1273.17	729.02	1277.51	702.35	3.3122	3.3220
417080773736	1266.18	733.97	1273.64	705.07	3.3108	3.3297
417080782070	1268.74	730.56	1275.10	699.48	3.3075	3.3135
417080790402	1266.29	733.69	1280.27	698.98	3.3118	3.3374
417080798736	1266.49	731.66	1276.07	720.07	3.3203	3.3669
417080807069	1267.74	726.09	1276.67	719.71	3.3095	3.3836
417080815401	1268.42	739.19	1278.54	716.32	3.3489	3.3596
417080823735	1268.03	729.88	1273.50	716.79	3.3276	3.3623
417080832068	1265.94	724.57	1274.91	726.00	3.3055	3.4063
417080840401	1265.68	733.40	1275.81	722.29	3.3529	3.3835
417080848735	1263.90	733.93	1272.68	724.18	3.3393	3.3997
417080857072	1270.73	735.20	1274.74	720.77	3.3548	3.4056
417080865406	1264.77	716.49	1266.35	723.70	3.3327	3.4180
417080873739	1262.83	724.75	1273.20	723.94	3.3478	3.4220
417080882073	1272.38	713.09	1272.08	720.58	3.3306	3.4229
417080890404	1265.84	714.13	1274.74	719.86	3.3334	3.4260
417080898738	1266.72	723.53	1277.18	712.59	3.3586	3.4118
417080907072	1292.70	696.51	1300.66	677.72	3.3681	3.4271
417080915405	1282.44	706.08	1294.63	680.82	3.3833	3.4200
417080923738	1285.49	696.85	1289.50	679.50	3.3805	3.4338
417080932071	1288.54	702.30	1289.09	678.44	3.3841	3.4284
417080940405	1286.26	696.29	1290.41	681.48	3.3914	3.4331
417080948738	1285.81	700.42	1291.89	679.41	3.3965	3.4409
417080957071	1289.67	704.35	1297.48	679.63	3.4080	3.4390
417080965404	1288.15	698.65	1291.97	686.59	3.4002	3.4778
417080973737	1284.53	696.91	1287.41	681.70	3.3957	3.4621
417080982070	1282.49	700.37	1285.67	695.75	3.3891	3.4948
417080990412	1289.46	694.91	1288.61	692.66	3.3963	3.4891
417080998745	1282.76	697.27	1291.89	701.15	3.4159	3.5024
417081007079	1286.22	694.00	1294.16	701.38	3.4037	3.5186
417081015411	1287.16	694.85	1291.11	694.44	3.4122	3.5021
417081023745	1287.00	686.26	1285.25	688.84	3.4192	3.4909
417081032079	1282.18	690.34	1284.49	697.41	3.4179	3.5283
417081040411	1285.08	691.50	1291.26	692.13	3.4198	3.5141
417081048744	1286.76	692.97	1284.30	701.05	3.4196	3.5235
417081057077	1284.80	694.61	1287.63	698.95	3.4568	3.5307
417081065411	1287.32	697.48	1292.19	698.94	3.4402	3.5181
417081073744	1284.68	705.08	1280.07	701.32	3.4708	3.5294
417081082078	1290.91	701.90	1290.69	691.09	3.4684	3.5093
417081090410	1284.77	706.75	1290.44	689.14	3.4677	3.5193
417081098744	1286.74	703.58	1290.77	683.51	3.4709	3.5110
417081107077	1288.43	706.63	1285.24	675.30	3.4889	3.4958
417081115410	1289.31	700.51	1291.26	686.35	3.4852	3.5180
417081123745	1286.31	712.44	1285.18	689.47	3.4746	3.5143
417081132078	1284.64	694.43	1289.51	679.73	3.4625	3.5227
417081140412	1283.84	696.78	1290.78	681.50	3.4692	3.5041
417081148745	1287.13	696.33	1294.74	682.61	3.4685	3.5366
417081157078	1288.02	697.43	1292.86	673.04	3.4683	3.4896
417081165412	1283.67	699.63	1292.69	673.54	3.4631	3.5086
417081173745	1283.15	701.05	1290.33	674.99	3.4746	3.5046
417081182078	1287.50	694.87	1289.08	702.53	3.4768	3.5647
417081190411	1287.65	694.87	1285.70	694.53	3.4817	3.5404
417081198744	1281.51	697.21	1286.47	703.40	3.4871	3.5691
417081207077	1281.01	696.52	1290.72	692.91	3.4808	3.5517
417081215410	1281.33	702.46	1287.16	697.34	3.5016	3.5529
417081223744	1285.14	695.21	1290.04	703.65	3.4666	3.5730
417081232077	1284.88	691.07	1292.41	710.20	3.4674	3.5795
417081240411	1286.61	693.39	1290.50	699.91	3.4788	3.5887
417081248744	1285.50	697.00	1294.80	695.72	3.4733	3.5778
417081257082	1284.04	694.56	1289.61	688.37	3.4772	3.5418
417081265415	1282.12	692.74	1289.16	694.11	3.4765	3.5694
417081273748	1282.75	695.67	1292.06	682.91	3.4912	3.5433
417081282081	1286.38	704.28	1295.34	687.33	3.5032	3.5565
417081290415	1280.18	693.31	1289.14	684.69	3.4740	3.5522
417081298748	1284.84	700.48	1286.61	686.41	3.4981	3.5528
417081307081	1279.47	695.09	1288.58	690.96	3.4857	3.5677
417081315415	1274.70	702.06	1283.77	700.56	3.4869	3.5807
417081323748	1287.58	699.46	1288.69	704.11	3.5003	3.5939
417081332081	1281.51	701.07	1293.47	688.01	3.5093	3.5615
417081340414	1279.85	701.16	1290.94	695.86	3.4901	3.5700
417081348746	1285.11	696.24	1284.60	705.06	3.5056	3.6080
417081357080	1282.27	679.56	1289.32	697.50	3.4557	3.5989
417081365414	1285.52	693.68	1288.39	695.16	3.4927	3.5807
417081373747	1280.65	693.00	1287.65	701.76	3.4715	3.6085
417081382084	1280.01	678.83	1292.41	711.43	3.4591	3.6229
417081390417	1279.51	683.48	1291.12	702.54	3.4753	3.5967
417081398750	1277.07	680.42	1288.32	701.60	3.4650	3.5973
417081407084	1280.98	692.16	1290.00	699.08	3.4806	3.5958
417081415417	1275.81	685.09	1289.62	704.65	3.4646	3.6007
417081423749	1290.17	685.67	1284.86	700.25	3.4771	3.6080
417081432083	1287.96	687.35	1286.78	703.32	3.4830	3.6013
417081440416	1279.83	687.79	1286.52	705.53	3.4871	3.6073
417081448750	1283.56	694.74	1289.80	711.92	3.4974	3.6122
417081457083	1284.35	689.04	1287.89	699.36	3.4987	3.5863
417081465416	1285.94	694.72	1288.39	708.25	3.4941	3.6107
417081473749	1290.30	684.05	1293.93	709.82	3.4766	3.6156
417081482083	1279.86	688.58	1287.98	705.11	3.4939	3.6078
417081490415	1260.07	705.30	1256.04	716.10	3.4857	3.5994
417081498749	1236.54	710.57	1243.94	734.56	3.4698	3.6060
417081507082	1233.23	715.17	1254.21	761.18	3.4699	3.6497
417081515420	1242.27	717.10	1249.79	757.26	3.4685	3.6263
417081523753	1238.63	717.30	1256.07	742.80	3.4902	3.6122
417081532087	1238.79	711.40	1251.34	733.10	3.4741	3.5679
417081540420	1241.31	721.66	1251.55	726.87	3.4867	3.5573
417081548753	1239.66	721.52	1255.45	732.23	3.4621	3.5600
417081557087	1241.19	714.98	1254.39	730.01	3.4454	3.5525
417081565419	1236.03	725.65	1251.37	728.36	3.4605	3.5493
417081573752	1241.72	718.95	1254.81	739.02	3.4299	3.5526
417081582086	1237.26	708.33	1255.90	719.66	3.3890	3.4923
417081590419	1242.96	707.20	1252.60	726.04	3.3698	3.4892
417081598753	1237.36	707.03	1254.95	721.89	3.3578	3.4762
417081607086	1242.66	708.66	1261.06	727.78	3.3514	3.4657
417081615419	1240.76	710.15	1257.58	725.62	3.3362	3.4482
417081623753	1237.40	713.09	1249.93	725.43	3.3200	3.4454
417081632086	1237.81	711.23	1253.18	726.11	3.3062	3.4214
417081640418	1238.48	708.78	1253.74	739.86	3.2860	3.4349
417081648756	1244.74	710.39	1256.47	731.34	3.2742	3.3855
417081657090	1235.06	726.65	1256.09	734.54	3.2782	3.3813
417081665423	1234.66	719.26	1248.61	746.18	3.2601	3.3820
417081673756	1238.00	726.76	1255.52	740.27	3.2779	3.3863
417081682090	1238.68	730.76	1250.78	738.48	3.2514	3.3589
417081690423	1237.63	730.86	1252.07	733.08	3.2420	3.3194
417081698756	1241.69	730.39	1257.17	732.05	3.2512	3.3106
417081707090	1232.92	731.93	1254.69	729.70	3.2226	3.2886
417081715422	1243.61	732.66	1254.98	735.69	3.2230	3.2780
417081723756	1234.01	726.07	1254.08	734.49	3.1988	3.2803
417081732088	1234.76	738.52	1255.74	740.13	3.1958	3.2862
417081740422	1237.20	737.63	1255.17	736.87	3.1915	3.2632
417081748756	1235.34	729.92	1254.49	736.78	3.1682	3.2435
417081757089	1231.93	723.35	1250.02	743.42	3.1471	3.2513
417081765422	1180.93	709.12	1186.78	728.69	3.1256	3.2467
417081773756	1138.03	708.13	1138.40	697.33	3.1555	3.2216
417081782089	1121.36	687.45	1127.84	675.27	3.1438	3.2300
417081790422	1112.23	651.22	1121.16	661.56	3.1344	3.2172
417081798756	1108.94	638.83	1117.44	664.27	3.1145	3.2251
417081807089	1105.64	647.17	1115.18	656.20	3.1220	3.1965
417081815422	1112.13	652.29	1109.99	649.69	3.1170	3.1801
417081823755	1111.44	650.04	1110.48	651.04	3.1037	3.1752
417081832089	1110.19	648.74	1110.16	653.96	3.0986	3.1815
417081840422	1109.21	650.28	1113.80	656.75	3.0918	3.1780
417081848756	1112.28	643.14	1115.32	654.16	3.0703	3.1696
417081857087	1109.34	642.70	1113.00	655.77	3.0807	3.1702
417081865421	1111.10	643.90	1114.80	651.40	3.0658	3.1404
417081873755	1107.45	637.93	1114.18	656.82	3.0466	3.1492
417081882088	1102.57	635.57	1109.90	656.88	3.0161	3.1484
417081890421	1105.53	628.98	1114.66	651.66	3.0218	3.1426
417081898754	1102.75	641.59	1116.51	654.65	3.0355	3.1458
417081907096	1115.82	635.33	1116.67	656.68	3.0357	3.1170
417081915430	1107.34	634.38	1114.31	658.78	3.0313	3.1413
417081923764	1104.88	639.71	1108.13	645.45	3.0125	3.0980
417081932096	1113.04	640.69	1117.61	651.34	2.9989	3.0900
417081940429	1108.33	646.65	1113.65	649.82	3.0273	3.0938
417081948762	1103.34	644.27	1115.10	646.40	3.0452	3.0923
417081957096	1112.47	644.75	1113.89	643.40	3.0266	3.0749
417081965429	1105.79	651.46	1113.28	646.23	3.0246	3.0847
417081973762	1106.72	651.73	1113.99	643.78	3.0169	3.0655
417081982095	1110.70	647.11	1116.98	641.24	3.0116	3.0624
417081990429	1113.42	650.37	1114.74	652.14	3.0108	3.0629
417081998763	1111.81	651.76	1118.74	643.46	3.0231	3.0653
417082007095	1109.51	648.10	1114.72	652.78	2.9981	3.0685
417082015428	1109.95	643.12	1114.95	643.16	2.9911	3.0517
417082023761	1115.93	644.25	1113.04	645.77	2.9936	3.0419
417082032094	1116.44	657.10	1117.30	648.73	3.0154	3.0518
417082040432	1081.58	694.28	1079.56	681.90	2.9941	3.0570
417082048766	1023.25	747.73	1012.32	760.09	2.9253	3.0316
417082057099	1021.91	795.06	1005.20	792.46	2.8958	2.9844
417082065432	1020.12	861.59	1024.70	852.56	2.9161	2.9929
417082073765	1014.02	879.83	1024.43	833.98	2.9140	2.9202
417082082098	1014.54	874.37	1027.32	850.79	2.9212	2.9391
417082090431	1022.76	881.88	1028.68	850.68	2.9155	2.9463
417082098764	1027.45	890.69	1030.49	846.49	2.9390	2.8949
417082107097	1020.40	891.50	1029.37	870.40	2.9271	2.9540
417082115431	1020.50	888.43	1026.23	846.19	2.9123	2.9136
417082123764	1021.36	878.81	1030.92	860.44	2.9198	2.9334
417082132098	1018.32	882.30	1029.35	841.40	2.9132	2.9119
417082140431	1017.68	887.59	1035.19	845.02	2.9188	2.9012
417082148764	1014.35	876.41	1030.40	840.74	2.9023	2.8947
417082157096	1025.39	883.35	1029.87	842.77	2.9092	2.8808
417082165430	1019.29	890.47	1032.40	865.60	2.9345	2.9430
417082173767	1018.96	878.74	1030.06	845.32	2.8860	2.8930
417082182101	1016.66	883.38	1034.83	844.80	2.9121	2.8978
417082190434	1017.22	894.74	1031.27	839.75	2.9197	2.8963
417082198767	1022.49	890.30	1031.31	837.50	2.9106	2.8923
417082207101	1025.53	887.00	1035.76	841.74	2.9086	2.8849
417082215434	1017.53	884.67	1034.36	877.91	2.9206	2.9666
417082223767	1028.34	891.09	1040.03	846.08	2.9218	2.8990
417082232099	1025.86	890.90	1034.37	838.52	2.9248	2.8865
417082240432	1027.92	883.71	1027.30	835.53	2.9051	2.8866
417082248766	1024.91	884.86	1033.29	847.62	2.9074	2.8977
417082257100	1030.34	887.15	1028.16	845.50	2.9196	2.9052
417082265433	1021.02	892.94	1032.64	853.38	2.9313	2.9088
417082273766	1028.79	890.14	1031.78	855.59	2.9190	2.9095
417082282099	1067.41	871.27	1082.38	833.99	2.9401	2.9027
417082290433	1097.77	847.68	1115.52	833.08	2.9230	2.9671
417082298770	1116.43	800.78	1129.11	823.43	2.9053	2.9920
417082307103	1124.58	809.74	1134.84	805.66	2.9455	2.9651
417082315436	1120.83	802.01	1132.44	803.57	2.9184	2.9620
417082323769	1127.39	791.17	1141.78	808.46	2.9237	2.9904
417082332103	1127.46	792.64	1142.44	810.93	2.9105	2.9710
417082340436	1127.65	793.09	1135.41	800.82	2.9179	2.9600
417082348769	1123.74	794.40	1140.27	798.17	2.8963	2.9844
417082357102	1128.96	791.45	1135.28	796.13	2.9385	2.9713
417082365435	1131.53	791.83	1137.03	794.14	2.9205	2.9633
417082373769	1127.87	788.37	1140.78	803.14	2.9163	2.9943
417082382102	1133.66	807.40	1136.64	788.44	2.9684	2.9683
417082390435	1132.07	812.02	1141.81	786.68	2.9669	2.9471
417082398768	1126.86	808.64	1138.40	781.01	2.9649	2.9721
417082407101	1132.49	801.89	1134.47	789.29	2.9706	2.9720
417082415435	1126.12	809.82	1138.92	788.09	2.9632	2.9677
417082423768	1133.40	806.80	1136.59	796.47	2.9635	2.9988
417082432111	1136.98	802.22	1139.53	807.06	2.9698	3.0209
417082440443	1133.40	804.80	1136.60	810.93	2.9582	3.0298
417082448777	1126.45	803.95	1144.18	800.60	2.9764	3.0188
417082457110	1126.43	816.71	1138.68	800.48	2.9721	3.0189
417082465443	1126.51	801.17	1145.50	798.22	2.9687	3.0070
417082473776	1135.19	820.19	1138.13	794.10	2.9941	3.0067
417082482109	1128.53	807.20	1138.24	802.30	2.9622	3.0280
417082490442	1127.04	810.78	1138.00	796.93	2.9935	3.0010
417082498776	1129.19	801.26	1137.04	795.42	2.9736	3.0235
417082507110	1164.80	779.01	1176.68	757.69	3.0006	3.0110
417082515443	1195.32	742.96	1207.15	735.92	3.0271	3.0604
417082523776	1206.77	715.20	1230.14	695.88	3.0145	3.0578
417082532108	1223.07	696.87	1235.21	687.21	3.0179	3.0748
417082540442	1217.03	707.91	1229.69	686.68	3.0289	3.0402
417082548775	1216.49	701.19	1228.17	686.37	3.0221	3.0420
417082557108	1222.21	700.43	1224.20	679.91	3.0158	3.0697
417082565442	1220.25	698.07	1228.78	682.80	3.0383	3.0541
417082573776	1220.27	705.42	1230.79	684.11	3.0255	3.0655
417082582110	1219.71	694.30	1227.29	686.24	3.0348	3.0755
417082590443	1228.47	696.25	1229.42	679.36	3.0414	3.0668
417082598776	1226.77	704.73	1226.64	680.93	3.0399	3.0658
417082607108	1227.02	700.14	1228.43	682.72	3.0282	3.0649
417082615441	1219.96	702.33	1233.18	684.32	3.0432	3.0621
417082623775	1228.05	698.23	1233.09	685.28	3.0352	3.0853
417082632108	1230.01	704.57	1234.30	682.78	3.0544	3.0821
417082640442	1228.81	704.19	1229.62	681.50	3.0396	3.0856
417082648775	1227.99	706.28	1235.86	677.21	3.0488	3.0810
417082657108	1222.85	705.79	1225.65	683.54	3.0395	3.0626
417082665442	1233.42	709.18	1229.58	688.25	3.0606	3.0834
417082673775	1228.20	700.96	1232.07	680.68	3.0329	3.0632
417082682108	1229.34	698.71	1226.94	681.11	3.0399	3.0834
417082690440	1226.83	702.36	1231.83	682.02	3.0361	3.0689
417082698779	1227.74	701.09	1223.25	681.85	3.0413	3.0803
417082707112	1228.12	702.27	1229.17	679.11	3.0360	3.0821
417082715446	1230.15	698.28	1232.26	687.10	3.0450	3.0824
417082723779	1228.91	702.86	1227.67	684.20	3.0493	3.0798
417082732112	1223.12	706.15	1225.15	681.34	3.0353	3.0861
417082740445	1226.02	701.94	1231.75	685.05	3.0482	3.0929
417082748779	1227.21	702.87	1229.29	684.04	3.0571	3.0779
417082757111	1231.92	706.15	1224.58	683.43	3.0644	3.0987
417082765445	1233.78	702.86	1233.59	690.86	3.0478	3.0932
417082773778	1225.24	702.80	1231.20	682.90	3.0494	3.0823
417082782111	1227.09	698.27	1233.15	684.64	3.0276	3.0827
417082790445	1228.26	703.05	1232.16	683.97	3.0330	3.0551
417082798778	1228.70	701.78	1232.13	681.32	3.0489	3.0814
417082807111	1179.27	684.51	1191.03	666.83	3.0389	3.1006
417082815444	1157.49	627.57	1161.95	635.68	3.0099	3.0931
417082823784	1147.58	634.10	1148.72	631.42	3.0184	3.1155
417082832116	1145.20	632.37	1148.69	632.47	3.0504	3.1180
417082840450	1140.69	631.93	1150.90	635.82	3.0257	3.1342
417082848783	1145.16	634.26	1151.67	638.30	3.0492	3.1202
417082857116	1134.85	630.52	1145.72	627.95	3.0499	3.1117
417082865449	1145.39	630.14	1152.10	626.37	3.0405	3.1111
417082873783	1144.31	625.31	1149.13	631.10	3.0296	3.1197
417082882116	1145.16	622.59	1147.41	634.51	3.0311	3.1193
417082890450	1147.84	628.82	1144.00	628.84	3.0367	3.1145
417082898783	1146.25	629.25	1145.22	630.57	3.0449	3.1057
417082907115	1141.42	633.01	1147.41	626.87	3.0558	3.1262
417082915449	1148.17	632.54	1146.85	628.02	3.0385	3.1176
417082923782	1150.17	625.93	1147.63	627.81	3.0610	3.1088
417082932115	1146.54	629.04	1144.70	625.01	3.0492	3.1147
417082940448	1146.19	635.55	1147.31	633.06	3.0372	3.1175
417082948781	1145.45	626.94	1148.14	630.00	3.0471	3.1093
417082957119	1151.25	631.17	1143.69	626.98	3.0615	3.1068
417082965453	1138.84	620.80	1146.96	626.32	3.0401	3.0829
417082973786	1144.37	626.12	1144.85	629.18	3.0350	3.1320
417082982118	1144.04	619.34	1149.28	627.74	3.0375	3.1035
417082990451	1146.05	618.93	1147.15	630.15	3.0360	3.0946
417082998785	1144.39	623.99	1150.34	627.00	3.0505	3.0981
417083007118	1145.31	624.21	1153.47	628.71	3.0416	3.1328
417083015452	1144.76	622.97	1149.52	628.00	3.0468	3.1031
417083023784	1144.45	631.64	1148.86	629.24	3.0673	3.1227
417083032118	1143.09	642.01	1150.07	631.94	3.0550	3.1150
417083040452	1145.14	643.73	1148.46	631.50	3.0721	3.1255
417083048785	1143.33	633.60	1147.29	629.79	3.0445	3.1138
417083057117	1165.68	662.86	1167.60	655.19	3.0409	3.0822
417083065450	1196.03	721.60	1201.26	707.73	3.0386	3.0902
417083073783	1218.92	755.42	1227.42	737.90	3.0436	3.0754
417083082117	1222.27	770.88	1230.00	747.44	3.0299	3.0434
417083090455	1223.20	770.78	1228.80	742.27	3.0300	3.0394
417083098788	1226.54	772.75	1240.87	755.96	3.0183	3.0522
417083107121	1234.44	772.91	1235.48	756.34	3.0131	3.0468
417083115454	1226.80	780.02	1236.98	747.44	3.0295	3.0306
417083123787	1224.83	781.03	1239.88	748.90	3.0304	3.0126
417083132120	1224.61	772.62	1236.27	749.54	3.0451	3.0168
417083140453	1226.71	772.38	1240.52	746.27	3.0372	3.0157
417083148786	1231.50	774.36	1236.69	750.45	3.0340	3.0432
417083157120	1231.53	778.05	1239.84	757.35	3.0278	3.0411
417083165453	1229.55	779.40	1241.21	758.59	3.0460	3.0485
417083173787	1228.44	774.14	1237.25	755.13	3.0327	3.0455
417083182120	1230.47	776.41	1243.78	751.05	3.0372	3.0268
417083190453	1226.00	781.65	1237.99	756.04	3.0371	3.0292
417083198785	1226.22	767.74	1237.82	753.59	3.0336	3.0410
417083207119	1231.07	778.70	1237.65	757.73	3.0611	3.0354
417083215456	1231.69	777.09	1235.45	762.03	3.0349	3.0469
417083223790	1230.17	781.47	1229.10	755.84	3.0481	3.0391
417083232123	1226.15	778.97	1236.79	757.54	3.0475	3.0352
417083240456	1224.15	782.16	1237.34	754.50	3.0616	3.0445
417083248790	1232.13	781.31	1236.46	746.68	3.0509	3.0346
417083257122	1228.94	786.20	1241.81	748.67	3.0482	3.0309
417083265455	1230.45	774.81	1233.11	752.61	3.0455	3.0609
417083273788	1231.61	776.95	1236.63	752.61	3.0632	3.0239
417083282122	1231.59	782.65	1236.63	759.56	3.0681	3.0516
417083290456	1225.94	778.85	1237.05	752.45	3.0703	3.0573
417083298789	1227.40	769.64	1235.74	747.51	3.0357	3.0531
417083307122	1228.51	775.84	1238.94	751.54	3.0593	3.0504
417083315455	1228.25	779.49	1241.92	749.80	3.0548	3.0511
417083323788	1232.84	785.91	1238.33	748.58	3.0678	3.0534
417083332121	1233.74	784.59	1243.53	751.49	3.0668	3.0554
417083340454	1231.82	760.90	1238.40	763.32	3.0203	3.0761
417083348795	1227.92	763.13	1238.55	752.86	3.0462	3.0439
417083357127	1227.02	770.07	1229.85	746.96	3.0407	3.0278
417083365461	1232.08	767.00	1239.83	743.66	3.0398	3.0518
417083373795	1223.82	776.33	1239.83	749.02	3.0524	3.0515
417083382128	1234.12	778.16	1242.00	753.08	3.0529	3.0417
417083390461	1232.12	774.30	1236.95	753.40	3.0484	3.0538
417083398794	1228.53	757.80	1233.19	741.76	3.0823	3.0936
417083407127	1225.52	740.25	1234.97	727.24	3.0711	3.1059
417083415460	1226.38	739.62	1231.46	733.06	3.0693	3.1161
417083423794	1228.07	741.09	1233.88	731.79	3.0742	3.1063
417083432127	1228.48	738.06	1233.38	735.94	3.0958	3.1228
417083440460	1227.23	740.14	1229.39	731.21	3.0757	3.1087
417083448793	1224.36	737.60	1235.71	731.58	3.0745	3.1142
417083457127	1226.06	739.16	1231.54	728.88	3.0838	3.1147
417083465460	1224.45	741.37	1230.78	721.19	3.0930	3.0947
417083473794	1223.15	751.25	1238.54	726.46	3.1018	3.0922
417083482130	1229.41	743.51	1231.47	728.57	3.0937	3.0992
417083490463	1226.82	747.01	1229.28	720.71	3.1169	3.1048
417083498797	1225.49	739.90	1235.84	719.98	3.0798	3.1013
417083507130	1229.44	748.29	1230.72	725.18	3.0979	3.1308
417083515463	1227.79	738.65	1221.63	725.21	3.0990	3.1063
417083523796	1231.42	738.88	1235.55	727.53	3.1071	3.1070
417083532130	1224.07	744.77	1227.71	723.92	3.0836	3.1093
417083540463	1228.39	738.54	1224.57	720.82	3.0854	3.1075
417083548797	1226.86	752.75	1227.05	726.47	3.1218	3.1218
417083557129	1231.63	744.68	1234.17	721.06	3.1078	3.1150
417083565462	1227.91	752.08	1228.35	731.51	3.1121	3.1201
417083573795	1225.16	750.00	1237.82	724.36	3.1115	3.1214
417083582129	1222.96	746.61	1230.45	720.82	3.0952	3.1167
417083590462	1231.53	747.19	1231.37	721.10	3.1113	3.1272
417083598796	1226.45	744.99	1228.21	717.67	3.0927	3.1213
417083607128	1223.51	742.81	1230.61	721.15	3.1176	3.1307
417083615467	1225.43	744.66	1230.05	717.64	3.0986	3.1098
417083623800	1221.44	745.34	1229.36	723.45	3.0961	3.1219
417083632133	1224.15	739.86	1233.95	718.47	3.0882	3.1350
417083640467	1227.93	746.30	1233.57	725.42	3.1028	3.1175
417083648799	1228.07	745.58	1232.41	729.51	3.1107	3.1327
417083657132	1226.95	743.61	1229.79	723.04	3.0933	3.1251
417083665466	1229.96	750.30	1228.55	727.36	3.1080	3.1283
417083673800	1227.87	744.30	1236.07	724.14	3.1064	3.1094
417083682133	1224.58	744.84	1235.02	723.09	3.0860	3.1127
417083690466	1219.48	757.17	1224.46	722.01	3.1125	3.1208
417083698799	1140.59	747.56	1141.63	751.39	3.0515	3.1060
417083707133	1084.78	809.77	1086.79	801.29	3.0732	3.1322
417083715466	1055.43	834.92	1053.64	822.43	3.0493	3.1194
417083723798	1058.66	850.96	1050.38	840.31	3.0357	3.1240
417083732131	1046.10	819.91	1065.43	822.30	2.9645	3.0733
417083740470	1047.10	842.67	1053.90	815.89	3.0215	3.0498
417083748803	1047.80	851.99	1056.52	815.27	3.0186	3.0367
417083757137	1048.86	855.80	1062.16	822.62	3.0350	3.0542
417083765470	1048.16	833.71	1059.71	814.65	2.9921	3.0450
417083773803	1040.07	845.29	1062.92	816.48	3.0071	3.0392
417083782136	1042.85	844.63	1053.75	830.26	3.0216	3.0757
417083790470	1051.05	850.09	1060.05	817.36	3.0341	3.0440
417083798802	1052.39	858.04	1054.35	810.66	3.0443	3.0630
417083807136	1048.86	854.96	1062.05	831.51	3.0185	3.0930
417083815469	1048.09	849.20	1060.18	826.64	3.0112	3.0638
417083823802	1055.59	843.58	1060.33	818.59	3.0264	3.0643
417083832136	1056.81	863.49	1051.87	847.27	3.0574	3.1212
417083840469	1045.27	858.85	1054.92	810.40	3.0536	3.0554
417083848802	1045.37	841.79	1052.60	817.80	3.0014	3.0696
417083857135	1046.24	837.08	1049.79	813.28	2.9936	3.0497
417083865468	1048.99	853.90	1055.14	829.63	3.0287	3.0886
417083873804	1051.99	848.52	1054.34	826.63	3.0174	3.0854
417083882138	1050.30	849.64	1048.58	854.86	3.0368	3.1481
417083890471	1045.46	835.30	1058.36	828.37	2.9796	3.0714
417083898804	1046.12	849.85	1053.65	823.83	3.0219	3.0804
417083907137	1050.42	856.24	1054.90	847.29	3.0422	3.1220
417083915471	1054.55	848.14	1050.66	860.40	3.0175	3.1605
417083923804	1049.34	835.25	1054.83	859.13	2.9996	3.1520
417083932138	1052.56	850.00	1050.01	863.91	3.0574	3.1628
417083940470	1052.79	868.12	1054.82	839.07	3.0674	3.1140
417083948803	1045.37	834.44	1058.91	853.71	3.0150	3.1493
417083957137	1053.12	850.73	1054.65	853.02	3.0418	3.1524
417083965470	1052.56	856.58	1055.99	847.09	3.0584	3.1164
417083973803	1045.89	853.61	1055.89	836.78	3.0396	3.1124
417083982136	1047.35	822.80	1051.50	825.53	2.9927	3.1133
417083990469	1069.88	825.19	1081.39	805.68	3.0488	3.0890
417083998803	1115.47	773.98	1129.42	753.41	3.0961	3.1478
417084007143	1132.56	709.66	1144.65	700.83	3.1074	3.1844
417084015476	1157.26	673.18	1164.86	651.99	3.1214	3.1714
417084023808	1176.64	644.75	1175.06	628.91	3.1259	3.1747
417084032141	1167.46	646.79	1171.34	634.33	3.1320	3.1666
417084040475	1173.86	642.08	1172.28	623.32	3.1380	3.1688
417084048808	1182.20	642.92	1175.86	627.05	3.1384	3.1799
417084057142	1176.31	647.98	1180.05	629.05	3.1557	3.1882
417084065474	1178.93	637.88	1175.13	632.57	3.1446	3.1837
417084073808	1172.07	642.79	1174.70	635.72	3.1343	3.1794
417084082142	1172.54	640.91	1172.97	632.73	3.1380	3.1802
417084090475	1183.34	647.18	1176.39	630.97	3.1366	3.1794
417084098807	1183.53	649.00	1172.94	642.57	3.1598	3.2094
417084107140	1182.38	654.94	1174.82	638.00	3.1736	3.1853
417084115473	1181.69	648.15	1175.74	635.20	3.1651	3.1892
417084123807	1180.82	643.47	1175.93	630.77	3.1575	3.2027
417084132141	1179.21	644.39	1178.06	635.28	3.1545	3.2020
417084140479	1179.42	645.89	1176.19	634.59	3.1628	3.1881
417084148812	1180.40	645.58	1178.76	633.33	3.1622	3.1870
417084157145	1186.21	649.60	1180.46	635.21	3.1568	3.1962
417084165479	1181.04	651.14	1177.45	632.68	3.1684	3.2060
417084173811	1181.37	643.88	1177.85	631.60	3.1435	3.2001
417084182144	1181.39	649.59	1174.03	628.10	3.1578	3.1782
417084190477	1174.31	645.29	1178.27	631.05	3.1604	3.1906
417084198811	1174.22	645.18	1174.95	630.10	3.1584	3.1776
417084207144	1180.40	656.99	1178.33	639.35	3.1494	3.1830
417084215478	1175.50	673.39	1190.83	677.25	3.1036	3.1597
417084223811	1195.83	931.60	1158.94	1058.30	2.9054	2.9573
417084232144	NaN	NaN	NaN	NaN	NaN	NaN
417084240477	NaN	NaN	NaN	NaN	NaN	NaN
417084248810	NaN	NaN	NaN	NaN	NaN	NaN
