t	gaze_point_LX	gaze_point_LY	gaze_point_RX	gaze_point_RY	pupil_diameter_L	pupil_diameter_R
242321321136	1327.95	602.17	1305.28	591.53	4.7173	4.4546
242321329469	1328.27	596.83	1308.39	605.74	4.7180	4.4869
242321337802	1328.23	597.19	1306.88	614.29	4.7216	4.4849
242321346136	1326.59	588.78	1310.44	615.08	4.6920	4.4969
242321354469	1319.86	606.28	1299.84	645.49	4.6908	4.5315
242321362802	1300.82	673.36	1279.03	673.15	4.7035	4.4985
242321371135	1300.01	716.78	1277.59	722.36	4.7187	4.4968
242321379469	1300.80	715.58	1287.43	735.52	4.7169	4.4983
242321387802	1303.55	709.09	1281.23	725.39	4.6990	4.4935
242321396135	1293.43	712.65	1278.04	720.33	4.6957	4.4949
242321404473	1292.85	715.05	1272.86	727.45	4.7099	4.4826
242321412807	1286.23	710.78	1274.46	734.93	4.6962	4.5080
242321421140	1290.37	714.19	1269.37	729.23	4.7122	4.4842
242321429472	1290.22	714.33	1267.75	733.54	4.6911	4.4896
242321437806	1289.34	710.42	1272.46	737.29	4.6775	4.4887
242321446140	1296.22	716.47	1268.23	735.69	4.6961	4.4786
242321454472	1286.02	706.94	1274.73	736.15	4.6942	4.4803
242321462806	1286.30	708.26	1273.68	733.20	4.6933	4.4725
242321471139	1286.86	709.56	1280.99	728.67	4.6747	4.4710
242321479473	1285.70	707.75	1279.85	737.21	4.6816	4.4711
242321487806	1290.60	705.95	1281.66	733.18	4.6713	4.4702
242321496139	1288.35	709.42	1281.83	736.74	4.6837	4.4674
242321504471	1291.75	709.44	1288.18	734.78	4.6663	4.4849
242321512805	1291.73	710.70	1281.06	739.28	4.6561	4.4781
242321521139	1292.26	708.73	1286.49	740.99	4.6670	4.4513
242321529471	1292.79	703.69	1282.79	743.72	4.6716	4.4941
242321537810	1290.97	700.96	1282.83	732.51	4.6706	4.4771
242321546143	1291.71	707.26	1275.40	739.22	4.6707	4.4841
242321554477	1290.78	705.52	1270.81	728.30	4.6816	4.4707
242321562810	1288.25	706.24	1264.90	735.14	4.6675	4.4981
242321571143	1288.03	710.16	1265.07	729.83	4.6681	4.4908
242321579476	1283.08	710.01	1261.00	739.23	4.6508	4.4986
242321587810	1289.87	712.10	1264.39	738.84	4.6841	4.5143
242321596144	1285.12	709.68	1264.45	743.12	4.6764	4.5089
242321604477	1289.36	715.76	1270.42	749.79	4.6858	4.5268
242321612810	1289.93	713.21	1271.66	744.15	4.6961	4.5349
242321621143	1287.85	715.00	1273.64	742.29	4.6861	4.5002
242321629476	1291.97	723.52	1275.41	747.05	4.7108	4.5239
242321637810	1294.25	709.44	1273.80	748.55	4.6745	4.5365
242321646144	1287.44	718.54	1266.94	754.48	4.7061	4.5429
242321654476	1291.83	704.53	1271.88	747.23	4.6602	4.5495
242321662811	1293.84	714.40	1276.13	744.71	4.7074	4.5490
242321671144	1294.09	719.66	1270.58	742.53	4.7284	4.5406
242321679478	1287.32	709.36	1271.50	752.41	4.6972	4.5604
242321687811	1294.08	715.94	1269.78	750.88	4.7153	4.5561
242321696144	1294.17	718.40	1273.85	741.27	4.7119	4.5350
242321704477	1285.71	716.86	1265.98	747.46	4.7150	4.5555
242321712811	1286.85	718.38	1267.69	741.94	4.7156	4.5547
242321721144	1286.88	718.47	1263.09	737.65	4.7135	4.5409
242321729478	1284.22	713.88	1263.98	727.48	4.7071	4.5415
242321737810	1279.29	711.14	1263.37	728.96	4.7020	4.5479
242321746143	1280.40	715.94	1261.88	732.65	4.7032	4.5389
242321754476	1283.88	709.11	1256.36	734.05	4.6964	4.5442
242321762810	1284.80	708.73	1259.76	734.11	4.6703	4.5331
242321771143	1284.58	707.95	1258.59	738.27	4.6711	4.5343
242321779476	1286.97	709.99	1262.61	741.70	4.6654	4.5069
242321787810	1282.64	713.27	1262.35	740.38	4.6752	4.5012
242321796150	1285.55	707.47	1263.59	751.46	4.6489	4.5151
242321804484	1284.41	708.12	1265.66	744.50	4.6463	4.5058
242321812817	1286.99	700.88	1269.66	733.13	4.6366	4.4719
242321821150	1284.04	695.84	1272.23	736.18	4.6305	4.4885
242321829483	1292.11	700.60	1267.46	738.28	4.6570	4.4849
242321837817	1290.05	692.32	1270.79	729.43	4.6272	4.4760
242321846149	1287.87	689.22	1272.81	730.59	4.6112	4.4817
242321854484	1294.19	689.10	1274.12	721.47	4.6072	4.4540
242321862817	1288.55	687.01	1266.21	722.28	4.6073	4.4563
242321871150	1287.05	694.61	1265.96	726.57	4.6282	4.4516
242321879483	1292.54	689.55	1265.55	721.79	4.6186	4.4462
242321887817	1274.15	700.38	1253.37	730.30	4.6182	4.4370
242321896149	1208.81	743.57	1176.93	759.31	4.6188	4.4197
242321904482	1135.50	753.79	1115.36	793.06	4.6307	4.4530
242321912815	1104.77	772.64	1073.16	808.11	4.6237	4.4330
242321921149	1096.22	786.74	1066.88	832.29	4.6471	4.4559
242321929488	1107.89	764.84	1089.68	810.21	4.6260	4.4420
242321937821	1088.61	767.43	1072.73	812.11	4.6286	4.4382
242321946154	1092.69	769.30	1070.70	815.03	4.6454	4.4509
242321954487	1088.32	777.73	1068.17	814.40	4.6597	4.4552
242321962820	1088.44	776.85	1074.31	809.59	4.6494	4.4512
242321971153	1087.13	781.13	1071.07	797.96	4.6681	4.4493
242321979487	1087.36	788.41	1077.35	798.79	4.6718	4.4610
242321987819	1091.87	785.28	1069.47	801.88	4.6534	4.4588
242321996153	1087.59	786.92	1076.68	802.18	4.6709	4.4560
242322004486	1083.55	787.02	1072.04	811.05	4.6880	4.4864
242322012820	1094.19	784.77	1076.48	803.56	4.6968	4.4640
242322021153	1093.39	785.41	1073.33	808.55	4.6853	4.4864
242322029486	1096.44	786.00	1073.35	806.47	4.6991	4.4902
242322037819	1094.52	784.77	1071.07	813.33	4.6956	4.4899
242322046152	1096.19	783.24	1075.50	804.16	4.6945	4.4774
242322054489	1093.58	781.97	1071.94	808.77	4.7153	4.4929
242322062823	1100.77	781.56	1069.83	810.60	4.7295	4.4856
242322071155	1101.78	780.47	1070.19	807.25	4.7335	4.4828
242322079488	1099.64	782.51	1070.50	816.73	4.7295	4.5027
242322087821	1104.14	776.11	1067.58	815.43	4.7602	4.5189
242322096155	1097.75	775.94	1066.25	820.93	4.7387	4.5092
242322104490	1099.48	781.08	1064.78	817.06	4.7565	4.4967
242322112822	1101.00	775.03	1062.51	818.02	4.7431	4.5074
242322121156	1090.28	785.82	1066.32	815.33	4.7951	4.5045
242322129488	1032.12	804.82	997.98	841.75	4.7823	4.5422
242322137822	1006.12	806.31	956.28	848.47	4.7726	4.5115
242322146155	1014.90	810.79	972.72	863.94	4.7675	4.5204
242322154488	1025.51	814.51	986.08	861.68	4.7780	4.5241
242322162821	1017.22	814.77	973.25	859.99	4.7816	4.5276
242322171155	1012.80	817.31	971.58	866.40	4.7703	4.5178
242322179488	1016.80	815.97	974.48	860.33	4.7674	4.5035
242322187827	1014.22	815.73	975.01	863.57	4.7750	4.4967
242322196160	1011.78	814.22	974.17	862.88	4.7965	4.5131
242322204492	1019.01	812.95	975.32	860.27	4.7919	4.5076
242322212825	1014.33	815.21	970.27	859.94	4.7931	4.4998
242322221159	1015.71	812.13	979.41	863.72	4.7870	4.5002
242322229492	1016.98	818.22	971.57	861.08	4.7966	4.5025
242322237825	1015.58	812.00	975.55	863.22	4.7896	4.5179
242322246159	1018.79	817.72	977.33	863.79	4.8032	4.4918
242322254492	1017.49	815.46	976.82	863.22	4.8094	4.5010
242322262825	1013.15	819.87	973.16	860.43	4.8054	4.4967
242322271159	1016.86	817.46	977.50	857.87	4.7985	4.5022
242322279491	1017.28	816.90	977.37	866.31	4.8078	4.5180
242322287824	1022.95	815.27	975.40	860.62	4.8187	4.5125
242322296158	1021.02	814.83	971.85	864.60	4.8140	4.5149
242322304491	1022.89	818.46	973.50	857.23	4.8236	4.5039
242322312825	1016.33	811.57	977.65	864.10	4.7996	4.5283
242322321165	1016.44	816.64	971.88	862.96	4.8132	4.5265
242322329498	1016.23	809.73	974.63	860.24	4.8188	4.5167
242322337832	1020.29	817.00	972.98	859.39	4.8295	4.5325
242322346165	1023.47	807.43	972.39	861.69	4.8149	4.5461
242322354499	1021.44	805.18	968.00	857.69	4.8247	4.5302
242322362831	1023.30	809.35	977.70	860.15	4.8419	4.5397
242322371165	1020.65	808.58	971.36	859.36	4.8415	4.5404
242322379498	1022.49	812.09	966.44	855.41	4.8399	4.5393
242322387831	1017.79	809.04	970.11	861.91	4.8302	4.5406
242322396165	1018.13	808.04	973.10	857.15	4.8577	4.5520
242322404498	1016.40	802.05	967.21	857.83	4.8643	4.5473
242322412832	1016.91	810.81	968.97	861.21	4.8613	4.5537
242322421164	1014.47	809.96	971.92	857.31	4.8630	4.5633
242322429498	1015.50	813.68	972.28	854.73	4.8513	4.5451
242322437831	1013.99	815.00	974.28	863.14	4.8595	4.5721
242322446164	1014.87	810.41	972.20	865.04	4.8544	4.5780
242322454500	1021.56	815.00	978.39	857.22	4.8837	4.5619
242322462833	1017.06	819.79	978.40	855.94	4.8937	4.5606
242322471166	1016.19	817.58	976.97	863.68	4.8806	4.5982
242322479500	1012.44	815.72	972.09	857.79	4.9040	4.5919
242322487833	1016.21	823.51	973.52	856.05	4.9001	4.5868
242322496167	1009.39	842.43	956.80	865.46	4.8860	4.5869
242322504500	989.99	876.10	942.58	895.69	4.9236	4.6118
242322512832	976.22	871.41	921.05	902.17	4.9170	4.6019
242322521166	985.47	875.37	938.43	910.57	4.9215	4.6197
242322529499	988.78	874.62	936.25	902.90	4.9199	4.6194
242322537833	980.82	879.92	924.92	904.69	4.9282	4.6137
242322546165	985.95	884.65	925.83	905.87	4.9236	4.6111
242322554499	987.07	881.98	918.88	904.28	4.9310	4.6019
242322562833	983.50	883.15	918.79	900.16	4.9275	4.6342
242322571165	982.79	886.39	919.82	901.47	4.9380	4.6230
242322579501	985.96	885.10	928.92	895.51	4.9325	4.6377
242322587834	984.95	877.99	929.91	905.85	4.9320	4.6417
242322596167	999.71	884.77	935.20	932.43	4.9254	4.6357
242322604501	997.47	1006.92	937.60	946.49	4.6368	4.5341
242322612834	NaN	NaN	779.46	1328.30	NaN	3.1284
242322621167	NaN	NaN	NaN	NaN	NaN	NaN
242322629501	NaN	NaN	NaN	NaN	NaN	NaN
242322637834	NaN	NaN	NaN	NaN	NaN	NaN
242322646168	NaN	NaN	NaN	NaN	NaN	NaN
242322654501	NaN	NaN	NaN	NaN	NaN	NaN
242322662835	NaN	NaN	NaN	NaN	NaN	NaN
242322671167	NaN	NaN	NaN	NaN	NaN	NaN
242322679500	NaN	NaN	NaN	NaN	NaN	NaN
242322687834	NaN	NaN	NaN	NaN	NaN	NaN
242322696167	NaN	NaN	NaN	NaN	NaN	NaN
242322704500	NaN	NaN	NaN	NaN	NaN	NaN
242322712842	NaN	NaN	1168.30	1174.12	NaN	2.7909
242322721176	NaN	NaN	NaN	NaN	NaN	NaN
242322729509	1229.24	946.92	1167.32	1003.81	4.4837	3.9150
242322737842	1235.38	877.53	1144.59	903.96	4.6482	4.0740
242322746175	1241.70	819.21	1243.13	852.59	4.7563	4.4229
242322754508	1247.09	790.13	1241.96	798.83	4.7981	4.5222
242322762841	1244.40	773.51	1233.70	773.66	4.8660	4.5699
242322771175	1247.75	759.45	1228.83	752.37	4.9120	4.5866
242322779508	1247.21	760.34	1231.86	747.35	4.9256	4.6052
242322787841	1254.88	758.36	1227.69	754.45	4.9127	4.6058
242322796175	1255.89	764.25	1234.81	772.19	4.8926	4.5615
242322804508	1261.76	763.96	1231.88	783.43	4.8845	4.5524
242322812841	1253.81	765.46	1233.28	786.97	4.8838	4.5800
242322821173	1258.18	770.15	1238.97	783.55	4.8829	4.5446
242322829507	1248.16	769.07	1237.96	783.18	4.8948	4.5552
242322837840	1254.83	772.31	1238.73	781.99	4.8828	4.5574
242322846178	1254.73	766.70	1240.11	788.66	4.8715	4.5671
242322854513	1256.28	765.08	1243.99	780.95	4.8624	4.5359
242322862846	1257.54	766.82	1243.17	785.92	4.8729	4.5643
242322871179	1257.79	766.85	1245.90	788.11	4.8627	4.5545
242322879513	1254.70	764.61	1241.80	783.32	4.8690	4.5555
242322887846	1253.48	765.40	1248.71	790.52	4.8467	4.5683
242322896179	1255.37	768.52	1242.65	789.72	4.8715	4.5487
242322904512	1252.49	774.52	1245.42	790.30	4.8601	4.5554
242322912845	1257.32	770.96	1246.35	794.35	4.8609	4.5678
242322921178	1251.98	771.24	1244.80	791.88	4.8620	4.5436
242322929512	1261.52	769.87	1242.01	797.82	4.8567	4.5686
242322937845	1261.66	770.67	1231.86	786.63	4.8380	4.5585
242322946179	1257.64	770.33	1240.53	790.08	4.8385	4.5699
242322954512	1254.90	769.13	1242.02	788.78	4.8446	4.5750
242322962845	1259.27	770.31	1241.04	782.40	4.8452	4.5740
242322971178	1253.75	773.07	1240.65	781.33	4.8468	4.5549
242322979514	1254.60	771.26	1233.91	788.88	4.8444	4.6039
242322987847	1250.79	768.90	1230.63	785.55	4.8423	4.5805
242322996181	1246.53	768.71	1231.08	782.05	4.8272	4.5737
242323004514	1243.51	765.55	1238.75	791.44	4.8417	4.5708
242323012847	1324.56	750.05	1314.73	782.29	4.8292	4.5923
242323021181	1331.92	736.01	1330.62	765.49	4.8072	4.6028
242323029514	1313.90	732.20	1312.10	753.81	4.8134	4.5956
242323037847	1311.92	734.24	1310.68	759.89	4.8217	4.5956
242323046181	1319.51	735.38	1312.84	763.73	4.8120	4.5949
242323054512	1318.90	737.75	1309.78	765.19	4.8070	4.6072
242323062846	1310.46	739.08	1308.21	762.43	4.7970	4.6188
242323071179	1317.19	732.52	1304.05	765.30	4.7837	4.6261
242323079513	1314.05	741.83	1304.04	759.66	4.8077	4.6103
242323087846	1315.03	737.08	1303.11	762.55	4.7996	4.6223
242323096179	1316.31	734.12	1304.95	766.41	4.7840	4.6115
242323104517	1311.63	736.68	1306.06	768.55	4.7856	4.6265
242323112850	1315.00	745.15	1304.36	761.14	4.7828	4.6054
242323121183	1314.95	740.80	1302.64	765.34	4.7745	4.6165
242323129517	1314.43	748.04	1305.52	768.24	4.7872	4.6123
242323137849	1311.56	744.98	1310.45	765.16	4.7734	4.6152
242323146182	1317.09	742.66	1308.51	757.84	4.7664	4.6103
242323154515	1318.06	749.04	1304.34	762.82	4.7873	4.6070
242323162849	1313.27	747.08	1310.56	762.29	4.7749	4.5857
242323171182	1317.74	740.37	1305.82	769.09	4.7576	4.6173
242323179516	1312.51	741.35	1302.29	766.11	4.7603	4.5938
242323187849	1313.60	743.16	1303.42	775.47	4.7523	4.6241
242323196183	1310.93	738.85	1307.63	766.93	4.7447	4.5974
242323204515	1315.97	739.18	1297.04	766.16	4.7387	4.5847
242323212848	1313.10	737.28	1298.88	768.35	4.7283	4.5703
242323221182	1310.21	733.10	1295.34	776.25	4.7043	4.6026
242323229514	1338.36	730.88	1315.87	771.39	4.7045	4.5618
242323237854	1418.08	744.51	1407.91	770.97	4.7558	4.5621
242323246188	1502.03	742.32	1495.17	752.24	4.7370	4.5470
242323254520	1563.92	744.21	1544.71	764.04	4.7340	4.5381
242323262854	1556.14	753.63	1547.47	753.91	4.7310	4.5118
242323271187	1546.66	749.99	1533.35	751.03	4.7296	4.5237
242323279521	1563.22	743.77	1539.95	751.77	4.7028	4.5444
242323287853	1569.00	749.20	1542.20	741.69	4.6784	4.5187
242323296186	1568.65	751.24	1539.55	746.07	4.6837	4.5116
242323304520	1565.94	746.97	1539.72	746.60	4.6866	4.5033
242323312853	1574.50	748.17	1540.82	747.27	4.6659	4.5121
242323321186	1571.69	751.25	1537.13	743.10	4.6752	4.4925
242323329520	1578.95	752.63	1536.80	738.95	4.6807	4.4814
242323337853	1573.54	753.44	1541.09	740.81	4.6651	4.4818
242323346186	1572.11	757.68	1539.15	738.94	4.6653	4.4900
242323354520	1568.76	764.14	1536.46	736.77	4.6530	4.4842
242323362852	1567.20	759.84	1537.85	729.51	4.6436	4.4875
242323371190	1564.02	757.31	1539.86	729.22	4.6345	4.4809
242323379524	1565.95	748.54	1539.53	731.72	4.6112	4.4777
242323387857	1565.02	752.16	1543.79	735.07	4.6204	4.4911
242323396190	1565.72	748.30	1550.37	730.41	4.6173	4.4774
242323404523	1566.73	747.21	1548.80	738.96	4.6236	4.4751
242323412857	1571.02	749.30	1551.35	745.45	4.6306	4.4874
242323421190	1568.34	744.09	1550.66	740.57	4.6207	4.4824
242323429523	1569.08	745.17	1548.75	755.03	4.6167	4.4866
242323437857	1571.67	743.13	1538.32	748.97	4.6057	4.4865
242323446189	1569.51	741.23	1537.29	748.27	4.6236	4.4747
242323454522	1567.98	743.29	1538.11	742.40	4.6151	4.4558
242323462856	1562.22	738.39	1528.50	746.77	4.6073	4.4748
242323471189	1566.09	739.97	1527.94	755.45	4.6078	4.4943
242323479523	1567.02	732.20	1526.98	749.97	4.6078	4.4706
242323487856	1563.49	730.58	1533.36	757.98	4.6287	4.4964
242323496193	1560.57	734.94	1531.41	755.85	4.6183	4.4724
242323504526	1559.24	736.92	1540.96	767.02	4.6278	4.4957
242323512859	1639.18	746.83	1606.27	770.20	4.6294	4.4709
242323521192	1698.77	759.68	1660.43	765.21	4.6350	4.4709
242323529526	1726.28	761.97	1697.87	756.05	4.6438	4.4641
242323537859	1695.31	762.68	1674.16	756.53	4.6290	4.4811
242323546192	1708.39	753.07	1672.39	753.23	4.6357	4.4744
242323554525	1709.42	761.41	1682.84	761.73	4.6530	4.4796
242323562859	1714.08	759.75	1681.29	771.63	4.6490	4.4812
242323571192	1710.75	751.80	1678.91	772.30	4.6337	4.4767
242323579525	1706.30	747.58	1675.63	777.51	4.6467	4.4877
242323587858	1702.64	745.78	1681.08	776.14	4.6611	4.4777
242323596191	1699.98	744.51	1678.21	765.90	4.6509	4.4814
242323604525	1697.22	744.40	1675.19	765.56	4.6585	4.4848
242323612857	1697.36	743.97	1675.84	762.91	4.6867	4.4761
242323621191	1698.46	740.98	1670.22	760.09	4.6803	4.4830
242323629530	1696.61	745.12	1671.93	762.27	4.6833	4.4879
242323637863	1697.47	748.21	1670.43	773.97	4.6939	4.5010
242323646197	1696.07	746.19	1671.34	779.06	4.7076	4.5266
242323654530	1695.18	749.78	1680.16	772.21	4.6998	4.4944
242323662863	1691.16	751.23	1683.36	766.69	4.6941	4.4839
242323671197	1692.77	757.75	1673.92	767.33	4.6990	4.5234
242323679529	1690.85	754.34	1684.18	761.58	4.6962	4.4844
242323687863	1692.83	758.29	1680.14	759.33	4.7307	4.5104
242323696196	1691.80	748.78	1674.24	767.91	4.7065	4.5222
242323704529	1692.69	749.03	1679.21	771.10	4.7126	4.5228
242323712862	1697.26	748.00	1679.51	772.78	4.7069	4.5057
242323721196	1693.33	745.63	1674.82	776.22	4.7040	4.5173
242323729530	1696.10	743.74	1676.46	771.64	4.7076	4.4976
242323737863	1699.00	745.02	1672.23	774.43	4.6882	4.4867
242323746196	1697.86	746.32	1669.55	771.90	4.7193	4.4949
242323754528	1700.53	749.71	1675.45	767.69	4.6925	4.4852
242323762866	1697.62	749.08	1670.02	769.25	4.7095	4.4796
242323771200	1697.15	746.05	1669.72	770.62	4.6968	4.4698
242323779533	1697.17	744.97	1669.45	770.98	4.6939	4.4704
242323787866	1695.20	747.99	1667.09	773.98	4.6883	4.4632
242323796200	1694.12	746.21	1673.81	775.48	4.6772	4.4719
242323804533	1697.82	745.07	1668.41	774.38	4.6740	4.4647
242323812867	1694.57	751.21	1669.39	771.99	4.6743	4.4632
242323821200	1695.46	749.31	1668.68	774.39	4.6729	4.4576
242323829532	1687.14	737.23	1669.20	742.50	4.6617	4.4312
242323837865	1598.60	677.56	1604.29	667.68	4.6421	4.4248
242323846199	1534.80	617.02	1524.01	593.81	4.6460	4.3948
242323854532	1451.07	599.45	1449.20	591.38	4.6634	4.4242
242323862866	1390.83	551.59	1391.95	543.23	4.6773	4.4409
242323871199	1355.32	521.58	1330.98	513.21	4.6093	4.4258
242323879532	1354.39	490.11	1326.37	519.80	4.5512	4.4262
242323887865	1357.11	488.51	1327.95	526.92	4.5450	4.4544
242323896202	1352.21	515.77	1319.97	516.12	4.6486	4.4370
242323904534	1348.79	484.65	1318.88	515.88	4.5284	4.4271
242323912867	1348.50	516.11	1317.54	511.89	4.6229	4.4334
242323921201	1351.05	515.88	1318.31	515.16	4.6061	4.4179
242323929534	1346.34	501.87	1320.34	515.80	4.5673	4.4119
242323937867	1345.19	505.36	1319.28	512.65	4.5718	4.3971
242323946201	1346.22	520.05	1323.36	509.35	4.5968	4.4114
242323954534	1346.33	472.76	1321.14	509.04	4.4969	4.4170
242323962868	1344.66	499.27	1316.55	518.07	4.5517	4.4224
242323971201	1343.85	496.88	1315.47	518.85	4.5477	4.4086
242323979534	1349.29	497.38	1324.20	516.28	4.5539	4.4014
242323987867	1339.92	471.36	1319.09	517.58	4.4861	4.4003
242323996200	1344.61	486.87	1323.27	515.80	4.5165	4.3926
242324004533	1340.81	504.80	1320.02	515.69	4.5573	4.3858
242324012866	1340.42	510.74	1317.47	511.41	4.5809	4.3751
242324021203	1339.75	474.54	1320.89	520.82	4.4863	4.3843
242324029536	1332.15	465.73	1315.48	518.40	4.4746	4.3927
242324037869	1336.81	475.18	1319.96	514.82	4.4796	4.3593
242324046203	1340.45	483.51	1314.05	514.13	4.5129	4.3636
242324054536	1331.80	482.66	1317.65	518.78	4.4917	4.3610
242324062868	1333.53	506.88	1312.30	517.22	4.5301	4.3501
242324071202	1332.72	493.86	1317.99	517.11	4.5003	4.3530
242324079535	1329.84	487.04	1314.83	513.83	4.4636	4.3271
242324087869	1336.99	486.37	1318.05	523.58	4.4768	4.3282
242324096201	1332.54	493.44	1309.14	527.90	4.4677	4.3246
242324104535	1329.91	487.06	1315.36	522.79	4.4381	4.3033
242324112868	1331.22	494.45	1319.00	525.45	4.4491	4.3092
242324121202	1285.68	497.09	1278.78	519.11	4.4305	4.3076
242324129535	1215.80	495.27	1217.16	522.53	4.4189	4.3016
242324137867	1199.67	505.99	1194.93	526.38	4.4301	4.3061
242324146200	1195.47	513.41	1180.73	534.59	4.4527	4.2990
242324154545	1194.30	494.04	1193.35	530.85	4.3808	4.2999
242324162879	1188.45	492.70	1187.20	521.34	4.3732	4.2952
242324171211	1188.47	497.97	1184.24	522.46	4.3718	4.2802
242324179545	1193.86	494.77	1183.32	519.34	4.3557	4.2662
242324187879	1189.13	498.00	1184.83	522.34	4.3762	4.2844
242324196212	1195.50	492.58	1187.45	524.54	4.3449	4.2480
242324204545	1188.66	488.86	1185.35	524.62	4.3452	4.2496
242324212879	1186.05	492.47	1184.33	527.20	4.3449	4.2492
242324221210	1188.71	495.39	1184.39	534.52	4.3627	4.2560
242324229544	1186.68	499.18	1180.37	529.83	4.3372	4.2440
242324237878	1186.11	489.43	1181.58	527.88	4.3421	4.2284
242324246211	1181.75	489.26	1179.61	527.26	4.3315	4.2253
242324254544	1181.05	493.05	1181.11	530.53	4.3149	4.2172
242324262877	1184.14	498.35	1179.65	539.26	4.3166	4.2239
242324271210	1183.21	493.65	1180.80	537.12	4.3006	4.2228
242324279544	1179.70	497.01	1178.46	532.00	4.3182	4.1933
242324287879	1177.94	499.87	1181.18	534.39	4.3114	4.1722
242324296212	1175.91	498.65	1182.11	541.22	4.3054	4.1867
242324304545	1179.37	508.89	1182.24	532.45	4.3231	4.1691
242324312878	1171.93	501.19	1177.55	536.83	4.2836	4.1498
242324321211	1175.86	504.58	1174.80	532.16	4.2696	4.1418
242324329545	1176.18	492.92	1179.43	538.18	4.2526	4.1510
242324337878	1178.19	507.98	1177.23	528.16	4.2526	4.1305
242324346211	1182.83	500.66	1179.67	533.68	4.2351	4.1183
242324354545	1181.72	494.96	1176.57	529.16	4.2184	4.1004
242324362878	1182.08	501.70	1181.38	528.10	4.2059	4.0939
242324371210	1157.84	500.99	1160.15	528.79	4.2154	4.0904
242324379544	1103.97	498.85	1114.65	526.19	4.2144	4.0904
242324387877	1067.85	492.80	1073.43	527.29	4.1696	4.0809
242324396211	1070.09	488.26	1067.01	531.06	4.1637	4.0803
242324404544	1073.64	493.11	1075.19	529.63	4.1599	4.0543
242324412877	1067.65	499.81	1072.17	530.26	4.1751	4.0472
