t	gaze_point_LX	gaze_point_LY	gaze_point_RX	gaze_point_RY	pupil_diameter_L	pupil_diameter_R
13888630999	NaN	NaN	1281.80	732.97	NaN	2.7196
13888639332	1080.37	1198.38	1279.47	725.86	2.4369	2.6984
13888647668	1060.96	1094.79	1280.55	736.84	2.1791	2.7079
13888656002	NaN	NaN	1279.76	731.19	NaN	2.7002
13888664335	1114.85	1252.04	1286.68	724.09	2.6154	2.7012
13888672668	NaN	NaN	1290.09	722.38	NaN	2.6937
13888681002	1188.95	1336.21	1288.43	724.30	3.0413	2.7124
13888689333	NaN	NaN	1296.26	725.04	NaN	2.7008
13888697666	1187.45	1272.80	1291.60	727.77	2.8711	2.7197
13888705999	NaN	NaN	1287.72	728.17	NaN	2.7154
13888714332	1032.57	975.72	1291.41	719.45	2.0138	2.6985
13888722665	NaN	NaN	1292.78	719.72	NaN	2.6978
13888730998	1186.22	1327.76	1286.52	726.22	3.0297	2.7143
13888739334	1189.80	1203.55	1298.29	718.34	2.7886	2.7024
13888747667	1169.97	1096.42	1295.24	716.97	2.4960	2.7076
13888755998	1206.33	1169.39	1292.50	727.83	2.7124	2.7104
13888764334	NaN	NaN	1295.03	719.55	NaN	2.7000
13888772673	NaN	NaN	1293.31	725.82	NaN	2.7045
13888781006	NaN	NaN	1291.43	722.09	NaN	2.7011
13888789340	928.46	845.07	1295.99	715.15	1.8212	2.7196
13888797672	843.23	871.62	1291.40	718.86	1.5840	2.7214
13888806005	920.62	848.79	1286.77	718.74	1.7897	2.7197
13888814339	1190.55	993.94	1289.70	712.23	2.5436	2.7220
13888822672	1196.98	976.64	1285.96	721.92	2.5358	2.7244
13888831005	1159.30	799.08	1289.89	717.42	2.4612	2.7086
13888839339	1189.89	877.50	1281.82	719.02	2.4385	2.7180
13888847672	1191.03	874.50	1283.24	724.78	2.4639	2.7115
13888856005	1191.76	826.92	1288.02	735.11	2.4971	2.7168
13888864339	1194.63	833.48	1287.50	741.42	2.5019	2.6916
13888872672	1193.00	830.92	1278.00	740.93	2.5089	2.7030
13888881004	1209.13	848.35	1285.19	745.18	2.5338	2.7089
13888889338	1202.43	824.82	1290.74	750.30	2.5134	2.6967
13888897671	1210.41	829.96	1284.79	753.09	2.5585	2.6984
13888906010	1230.36	824.98	1288.03	759.05	2.5695	2.7012
13888914344	1222.63	804.65	1286.51	767.52	2.5830	2.7092
13888922677	1222.83	791.94	1283.69	773.93	2.6073	2.6995
13888931010	1244.70	771.36	1286.40	755.88	2.6130	2.7175
13888939344	1320.40	745.13	1351.50	722.14	2.6378	2.7309
13888947677	1316.55	710.36	1373.05	710.14	2.6557	2.7178
13888956009	1315.42	712.10	1350.90	727.42	2.6652	2.7278
13888964343	1314.49	711.65	1344.78	724.08	2.6838	2.7222
13888972676	1316.78	705.59	1325.91	721.64	2.6844	2.7469
13888981009	1311.96	716.45	1318.10	732.65	2.6842	2.7408
13888989343	1312.10	711.73	1317.85	739.47	2.6954	2.7364
13888997676	1316.97	713.51	1308.58	750.82	2.6881	2.7552
13889006009	1323.84	721.52	1304.93	747.59	2.6976	2.7568
13889014343	1324.11	726.67	1298.43	753.17	2.7064	2.7679
13889022676	1320.27	730.68	1298.66	761.31	2.6973	2.7718
13889031009	1325.70	720.64	1298.55	765.69	2.6770	2.7628
13889039346	1328.72	727.08	1297.88	776.47	2.7025	2.7749
13889047679	1327.16	739.34	1295.14	768.61	2.7089	2.7845
13889056012	1325.14	733.45	1300.03	772.97	2.7169	2.7881
13889064345	1323.77	735.97	1301.29	777.62	2.7117	2.7906
13889072679	1329.98	741.80	1295.75	780.32	2.7272	2.7975
13889081012	1323.30	743.02	1297.45	784.34	2.7461	2.8183
13889089345	1326.64	743.64	1297.77	779.27	2.7434	2.8190
13889097679	1319.24	742.77	1296.15	777.32	2.7603	2.8340
13889106012	1326.59	748.12	1291.21	778.79	2.7526	2.8497
13889114346	1320.64	742.37	1293.51	773.91	2.7627	2.8494
13889122678	1320.25	749.04	1290.06	773.96	2.7695	2.8604
13889131011	1320.41	748.54	1298.16	760.18	2.7910	2.8516
13889139345	1323.27	746.88	1290.74	767.97	2.7874	2.8583
13889147678	1324.85	744.23	1290.85	767.51	2.8014	2.8888
13889156011	1322.42	754.71	1287.36	763.94	2.8022	2.8824
13889164349	1321.06	744.19	1279.69	772.42	2.8123	2.9150
13889172682	1321.60	749.43	1290.12	769.83	2.8287	2.8910
13889181015	1324.30	753.34	1291.35	778.13	2.8256	2.9152
13889189349	1317.19	746.35	1289.91	774.95	2.8355	2.9207
13889197682	1316.56	747.70	1284.70	783.69	2.8320	2.9324
13889206014	1303.48	726.42	1284.46	766.77	2.8557	2.9275
13889214348	1303.04	714.41	1281.01	745.41	2.8642	2.9198
13889222681	1307.30	717.16	1294.68	738.55	2.8730	2.9341
13889231014	1304.59	719.42	1288.55	742.50	2.8685	2.9450
13889239348	1309.55	718.26	1287.13	749.44	2.8839	2.9641
13889247681	1305.91	722.65	1279.34	746.24	2.8770	2.9739
13889256014	1306.50	718.70	1283.68	747.94	2.8954	2.9756
13889264347	1308.36	717.02	1291.66	750.76	2.8914	2.9745
13889272681	1311.68	718.07	1294.64	751.97	2.9150	2.9913
13889281014	1308.92	723.03	1287.99	745.83	2.9067	2.9930
13889289347	1312.90	720.42	1291.95	747.28	2.9224	2.9921
13889297687	1310.50	718.14	1290.25	751.92	2.9249	3.0150
13889306020	1313.27	721.02	1295.41	748.08	2.9248	3.0218
13889314354	1310.87	721.81	1293.16	753.18	2.9384	3.0368
13889322687	1312.24	721.69	1289.24	746.21	2.9392	3.0329
13889331020	1309.36	721.37	1289.10	747.36	2.9477	3.0418
13889339353	1306.89	725.89	1285.71	747.22	2.9528	3.0441
13889347687	1310.20	727.40	1285.04	738.30	2.9635	3.0433
13889356020	1312.06	725.53	1281.31	750.14	2.9595	3.0678
13889364353	1311.03	730.19	1285.35	744.47	2.9716	3.0635
13889372686	1310.43	726.77	1280.14	739.65	2.9778	3.0607
13889381019	1309.69	718.17	1282.44	750.96	2.9812	3.0774
13889389352	1305.92	723.60	1279.12	748.92	2.9889	3.0766
13889397686	1308.56	719.10	1279.39	741.69	2.9881	3.0809
13889406019	1312.71	719.48	1284.04	744.21	2.9950	3.0801
13889414352	1306.75	723.67	1283.09	747.15	2.9951	3.0995
13889422686	1304.91	723.04	1278.82	740.35	3.0044	3.0956
13889431023	1306.73	719.11	1278.44	742.53	2.9992	3.0975
13889439356	1304.34	721.34	1274.93	749.84	3.0115	3.1070
13889447690	1302.37	720.98	1276.79	747.41	3.0135	3.1159
13889456022	1293.95	708.37	1252.98	730.06	3.0091	3.1186
13889464355	1296.38	716.43	1256.20	737.82	3.0194	3.1242
13889472689	1299.78	717.24	1262.88	739.48	3.0204	3.1087
13889481022	1300.86	718.98	1260.40	730.59	3.0220	3.1140
13889489355	1289.79	715.94	1260.06	741.22	3.0133	3.1333
13889497689	1297.76	719.51	1259.84	729.11	3.0186	3.1119
13889506022	1292.82	713.31	1261.36	742.24	3.0305	3.1364
13889514355	1296.44	715.14	1258.16	739.97	3.0248	3.1307
13889522689	1294.03	715.57	1259.61	737.86	3.0364	3.1444
13889531021	1292.14	712.80	1260.13	745.21	3.0305	3.1504
13889539354	1290.54	714.38	1259.22	747.61	3.0354	3.1479
13889547688	1297.34	723.34	1260.42	744.45	3.0434	3.1529
13889556021	1301.57	719.05	1256.76	741.30	3.0381	3.1521
13889564359	1293.08	714.29	1259.97	737.21	3.0406	3.1575
13889572693	1300.40	718.21	1257.92	741.50	3.0481	3.1592
13889581026	1301.65	723.71	1258.22	740.41	3.0697	3.1613
13889589359	1301.81	715.38	1264.74	746.85	3.0530	3.1691
13889597693	1302.60	719.77	1260.04	744.23	3.0530	3.1732
13889606026	1309.50	723.60	1259.42	745.11	3.0542	3.1693
13889614358	1304.03	725.61	1269.38	742.37	3.0678	3.1706
13889622692	1307.71	718.33	1262.99	752.10	3.0737	3.1884
13889631025	1305.14	715.02	1263.07	752.18	3.0651	3.1875
13889639358	1307.83	717.03	1260.22	747.65	3.0817	3.1937
13889647691	1309.52	717.17	1259.07	749.29	3.0818	3.2055
13889656025	1309.49	722.37	1259.30	741.03	3.0912	3.1918
13889664358	1303.52	718.36	1267.46	745.62	3.0829	3.2009
13889672691	1300.79	722.07	1267.41	745.83	3.0945	3.2057
13889681025	1304.06	718.77	1261.58	738.70	3.0938	3.2133
13889689361	1305.70	718.30	1262.64	741.89	3.1072	3.2272
13889697693	1302.28	716.95	1262.48	742.09	3.1074	3.2169
13889706027	1302.27	713.85	1260.92	739.93	3.1067	3.2321
13889714360	1304.05	722.68	1264.02	749.51	3.1216	3.2423
13889722693	1303.57	723.59	1260.94	735.25	3.1295	3.2325
13889731027	1303.80	726.98	1268.91	741.12	3.1389	3.2478
13889739360	1304.43	723.54	1266.53	741.82	3.1363	3.2537
13889747693	1301.59	723.07	1268.54	744.33	3.1478	3.2668
13889756027	1297.63	714.14	1261.42	747.74	3.1443	3.2749
13889764360	1301.01	720.57	1264.75	746.06	3.1406	3.2757
13889772694	1301.25	724.00	1267.90	748.10	3.1624	3.2829
13889781026	1300.76	719.00	1271.33	743.25	3.1633	3.2954
13889789359	1298.93	719.98	1265.70	736.99	3.1699	3.2959
13889797692	1298.16	717.04	1272.87	739.94	3.1691	3.3061
13889806026	1300.45	716.00	1274.03	739.13	3.1838	3.3170
13889814359	1295.73	714.91	1273.84	733.08	3.1858	3.3262
13889822701	1297.96	710.61	1275.97	741.49	3.1958	3.3540
13889831034	1297.74	713.35	1273.37	737.86	3.2004	3.3498
13889839367	1291.88	711.95	1268.17	730.06	3.1971	3.3590
13889847701	1296.50	719.23	1272.47	734.59	3.2186	3.3624
13889856034	1293.41	712.80	1277.26	734.16	3.2217	3.3720
13889864366	1295.81	716.94	1274.92	732.09	3.2343	3.3731
13889872699	1297.50	710.59	1273.77	734.72	3.2257	3.3978
13889881033	1301.19	709.93	1276.57	733.70	3.2386	3.3943
13889889366	1293.64	714.67	1272.26	739.60	3.2442	3.4080
13889897699	1296.61	713.85	1274.71	739.51	3.2612	3.4211
13889906033	1299.30	718.00	1272.69	740.92	3.2708	3.4381
13889914366	1301.51	710.29	1274.21	743.65	3.2687	3.4453
13889922699	1294.84	713.45	1277.43	742.63	3.2725	3.4566
13889931033	1300.55	712.80	1280.44	734.31	3.2834	3.4532
13889939366	1298.43	709.71	1278.19	736.80	3.3001	3.4688
13889947698	1298.87	709.54	1276.43	734.76	3.3078	3.4756
13889956035	1302.03	707.39	1281.12	734.67	3.3133	3.4955
13889964368	1300.00	704.56	1279.63	735.18	3.3167	3.4981
13889972701	1297.42	711.77	1279.85	731.20	3.3314	3.5043
13889981035	1298.19	714.44	1280.16	734.35	3.3464	3.5255
13889989368	1302.40	720.31	1289.07	723.39	3.3494	3.5331
13889997701	1305.58	713.20	1291.12	726.23	3.3457	3.5311
13890006035	1298.58	712.18	1287.28	719.90	3.3661	3.5389
13890014368	1303.47	710.32	1289.27	721.09	3.3618	3.5421
13890022700	1301.83	712.77	1287.36	728.86	3.3737	3.5692
13890031034	1301.37	714.42	1286.41	730.24	3.3855	3.5684
13890039367	1309.02	717.07	1292.65	730.86	3.3898	3.5790
13890047700	1307.96	716.43	1285.65	725.01	3.4045	3.5932
13890056034	1307.41	714.59	1289.84	719.61	3.4115	3.5839
13890064367	1310.49	709.11	1288.44	720.36	3.4171	3.6043
13890072700	1314.48	708.94	1286.90	718.01	3.4311	3.6160
13890081034	1313.82	708.70	1290.31	720.73	3.4335	3.6318
13890089372	1314.75	706.90	1293.35	715.35	3.4320	3.6324
13890097705	1310.48	705.62	1291.15	717.91	3.4432	3.6401
13890106038	1310.61	710.59	1291.85	724.31	3.4559	3.6534
13890114371	1310.25	711.97	1292.44	727.20	3.4559	3.6647
13890122704	1307.76	711.07	1296.39	726.93	3.4667	3.6648
13890131037	1309.79	718.11	1292.89	741.82	3.4754	3.6878
13890139371	1312.94	720.68	1293.28	738.91	3.4926	3.6878
13890147704	1312.38	711.88	1293.34	736.09	3.4894	3.6882
13890156038	1307.58	713.56	1294.24	743.23	3.5059	3.7066
13890164371	1309.52	717.50	1291.56	742.46	3.5082	3.7241
13890172704	1303.98	715.32	1290.65	738.16	3.5067	3.7340
13890181037	1309.13	713.11	1291.14	733.71	3.5287	3.7317
13890189370	1302.91	708.31	1292.63	729.46	3.5270	3.7416
13890197703	1304.52	707.56	1297.24	724.56	3.5394	3.7452
13890206036	1301.94	712.78	1292.21	718.47	3.5425	3.7472
13890214375	1300.12	709.34	1290.95	719.24	3.5559	3.7570
13890222708	1301.64	709.30	1296.63	721.12	3.5645	3.7642
13890231041	1297.67	701.78	1293.67	719.09	3.5599	3.7620
13890239375	1298.71	702.02	1295.10	720.07	3.5625	3.7749
13890247708	1295.88	714.83	1295.78	731.68	3.5802	3.7924
13890256041	1297.64	711.27	1294.66	734.89	3.5818	3.7968
13890264375	1295.32	711.10	1293.43	734.75	3.5891	3.8101
13890272707	1302.22	710.95	1292.55	733.98	3.5889	3.8046
13890281040	1298.79	711.37	1294.88	734.62	3.6082	3.8217
13890289374	1296.91	716.41	1293.98	747.64	3.6182	3.8330
13890297707	1294.25	713.01	1294.97	744.12	3.6134	3.8389
13890306040	1297.01	722.29	1295.92	734.67	3.6241	3.8413
13890314374	1297.53	714.47	1294.12	741.49	3.6212	3.8482
13890322707	1298.89	713.60	1296.90	737.66	3.6248	3.8605
13890331040	1300.93	717.27	1296.39	743.40	3.6347	3.8700
13890339374	1296.46	715.47	1294.87	733.17	3.6354	3.8638
13890347711	1295.76	707.81	1298.07	733.52	3.6386	3.8712
13890356044	1293.78	699.66	1294.55	731.12	3.6371	3.8826
13890364377	1295.58	698.66	1295.64	720.52	3.6384	3.8788
13890372710	1293.90	695.77	1296.16	716.47	3.6407	3.8689
13890381044	1295.41	702.59	1295.62	730.61	3.6433	3.8967
13890389377	1295.36	708.55	1296.24	733.24	3.6508	3.9037
13890397710	1295.27	711.44	1297.41	737.10	3.6608	3.9080
13890406043	1300.16	716.33	1297.93	731.50	3.6630	3.9020
13890414377	1298.36	717.82	1302.75	747.11	3.6586	3.9174
13890422710	1295.85	717.81	1300.01	743.09	3.6706	3.9178
13890431043	1296.15	724.76	1303.10	736.35	3.6755	3.9114
13890439376	1299.58	721.28	1299.16	741.19	3.6799	3.9304
13890447709	1296.96	723.41	1298.71	744.89	3.6816	3.9324
13890456042	1294.61	717.16	1300.98	748.03	3.6877	3.9419
13890464376	1296.20	716.35	1299.04	739.57	3.6855	3.9305
13890472709	1289.83	710.19	1295.21	748.40	3.6787	3.9382
13890481047	1293.79	712.77	1299.13	748.14	3.7011	3.9490
13890489381	1300.53	712.36	1295.38	740.41	3.7010	3.9462
13890497714	1294.23	715.00	1297.31	743.08	3.7078	3.9542
13890506047	1297.47	716.77	1291.47	748.12	3.7113	3.9596
13890514381	1294.82	718.37	1297.62	743.43	3.7137	3.9565
13890522713	1296.03	713.39	1294.46	749.92	3.7107	3.9670
13890531046	1291.10	713.59	1299.30	742.74	3.7031	3.9551
13890539380	1295.12	718.52	1299.20	746.78	3.7127	3.9607
13890547713	1292.77	720.67	1296.43	745.94	3.7128	3.9648
13890556046	1289.72	725.62	1298.77	744.47	3.7261	3.9671
13890564380	1289.02	724.89	1303.47	749.59	3.7250	3.9695
13890572713	1293.24	730.78	1303.14	749.08	3.7276	3.9734
13890581046	1292.03	730.76	1298.35	751.82	3.7325	3.9763
13890589380	1289.36	724.33	1300.11	751.16	3.7277	3.9840
13890597712	1291.83	726.16	1301.39	747.27	3.7284	3.9905
13890606049	1292.10	725.03	1298.04	751.01	3.7420	3.9898
13890614383	1288.57	727.65	1303.25	752.08	3.7386	3.9971
13890622716	1291.83	719.75	1300.56	742.96	3.7330	3.9809
13890631049	1291.84	726.46	1303.50	743.57	3.7426	3.9865
13890639383	1295.23	720.65	1302.66	743.47	3.7461	3.9942
13890647716	1294.05	726.47	1299.49	746.30	3.7527	4.0006
13890656049	1295.37	716.69	1301.11	747.03	3.7406	4.0078
13890664382	1296.38	720.00	1295.61	744.93	3.7531	4.0114
13890672716	1296.84	723.74	1296.33	746.92	3.7580	4.0090
13890681048	1293.23	725.12	1300.34	746.88	3.7645	4.0105
13890689382	1291.30	728.72	1299.54	748.32	3.7670	4.0179
13890697715	1291.97	720.76	1298.13	747.93	3.7542	4.0212
13890706048	1294.86	724.33	1297.89	743.82	3.7765	4.0225
13890714381	1294.47	722.89	1302.26	745.30	3.7772	4.0169
13890722715	1292.77	714.54	1302.54	751.87	3.7662	4.0252
13890731048	1292.43	721.56	1302.81	745.73	3.7789	4.0250
13890739387	1295.51	718.99	1300.58	752.60	3.7829	4.0375
13890747721	1294.12	718.16	1301.85	745.29	3.7978	4.0255
13890756054	1294.28	715.69	1300.87	752.40	3.7901	4.0388
13890764386	1292.06	719.64	1298.45	753.89	3.7974	4.0434
13890772720	1294.36	716.60	1300.82	751.08	3.7929	4.0395
13890781053	1297.43	708.01	1301.44	752.20	3.7836	4.0466
13890789386	1294.35	718.43	1302.44	753.31	3.8067	4.0481
13890797720	1293.28	711.04	1303.96	741.59	3.7926	4.0357
13890806053	1293.09	723.40	1299.94	750.63	3.8103	4.0535
13890814386	1296.95	719.82	1301.65	739.95	3.8196	4.0373
13890822720	1290.16	722.73	1302.82	741.70	3.8156	4.0468
13890831053	1291.85	716.37	1299.12	735.64	3.8072	4.0423
13890839386	1291.76	722.25	1303.47	737.63	3.8291	4.0451
13890847719	1298.13	723.86	1300.14	735.84	3.8340	4.0470
13890856052	1295.53	716.42	1300.27	747.73	3.8322	4.0559
13890864385	1299.17	714.60	1299.81	738.61	3.8289	4.0446
13890872724	1293.90	718.60	1296.57	747.37	3.8381	4.0569
13890881057	1299.59	720.87	1296.68	749.31	3.8421	4.0707
13890889391	1300.97	718.03	1304.40	740.40	3.8465	4.0559
13890897724	1305.07	721.03	1295.23	752.67	3.8435	4.0740
13890906057	1298.99	719.22	1304.35	742.23	3.8507	4.0568
13890914391	1297.87	722.18	1306.25	738.11	3.8553	4.0648
13890922724	1301.15	720.84	1303.76	745.74	3.8521	4.0677
13890931056	1303.14	718.96	1305.09	743.81	3.8528	4.0689
13890939389	1305.62	722.80	1304.34	741.43	3.8678	4.0759
13890947723	1305.58	726.41	1304.24	743.32	3.8757	4.0832
13890956056	1303.10	725.39	1302.44	741.29	3.8736	4.0848
13890964389	1303.06	722.49	1302.47	742.69	3.8749	4.0873
13890972723	1301.80	718.72	1305.24	744.35	3.8675	4.0805
13890981056	1302.22	720.79	1302.49	745.77	3.8876	4.0843
13890989389	1298.37	716.69	1304.78	746.81	3.8845	4.0912
13890997723	1296.80	713.33	1301.46	746.81	3.8820	4.0869
13891006061	1294.52	706.87	1300.31	748.78	3.8758	4.0943
13891014393	1299.68	710.61	1303.20	746.63	3.8892	4.1007
13891022727	1296.14	706.97	1308.47	740.07	3.8843	4.0922
13891031060	1297.79	718.86	1301.30	742.65	3.9049	4.0922
13891039393	1298.96	722.02	1306.44	741.69	3.9093	4.1102
13891047727	1301.78	724.42	1304.61	734.09	3.9113	4.1021
13891056060	1296.39	720.59	1301.45	735.69	3.9159	4.1056
13891064393	1293.82	727.34	1299.99	739.75	3.9208	4.1136
13891072727	1294.56	724.27	1302.72	736.10	3.9225	4.1099
13891081060	1292.32	720.30	1295.85	739.92	3.9216	4.1186
13891089393	1296.03	724.17	1298.61	744.67	3.9297	4.1131
13891097726	1297.67	718.48	1296.01	738.13	3.9306	4.1087
13891106059	1294.30	713.18	1297.86	736.14	3.9212	4.1164
13891114392	1297.19	713.35	1297.91	744.23	3.9289	4.1162
13891122726	1296.15	712.66	1299.75	744.03	3.9311	4.1275
13891131063	1296.73	714.75	1303.70	743.88	3.9397	4.1335
13891139396	1298.50	723.42	1304.47	734.89	3.9500	4.1240
13891147730	1301.70	720.88	1309.03	740.10	3.9388	4.1356
13891156063	1308.61	719.27	1309.03	732.75	3.9425	4.1370
13891164396	1312.00	718.40	1309.37	727.84	3.9413	4.1348
13891172729	1311.36	713.55	1309.81	722.48	3.9320	4.1462
13891181062	1314.81	718.81	1307.26	722.20	3.9451	4.1377
13891189395	1312.10	718.07	1303.31	729.00	3.9446	4.1509
13891197728	1312.24	717.40	1305.46	725.53	3.9366	4.1437
13891206062	1315.64	725.82	1304.31	727.28	3.9455	4.1291
13891214395	1311.61	727.19	1307.42	729.31	3.9313	4.1254
13891222729	1313.40	734.98	1303.88	733.43	3.9246	4.1174
13891231062	1301.30	735.72	1305.57	741.75	3.9053	4.0980
13891239395	1300.70	730.35	1295.09	745.19	3.8817	4.0804
13891247728	1296.06	728.59	1296.42	754.90	3.8606	4.0627
13891256061	1290.79	717.32	1290.54	760.86	3.8322	4.0294
13891264400	1293.75	714.51	1291.42	767.69	3.8123	4.0139
13891272733	1274.50	718.97	1279.05	751.87	3.7828	3.9743
13891281067	1193.85	716.40	1215.09	749.67	3.7523	3.9471
13891289400	1125.41	741.14	1128.72	769.07	3.7355	3.9336
13891297733	1127.17	738.65	1129.19	791.10	3.6834	3.9150
13891306067	1134.72	742.10	1142.91	792.38	3.6536	3.8852
13891314400	1134.00	755.19	1141.13	779.87	3.6453	3.8498
13891322734	1129.24	766.80	1146.67	778.41	3.6268	3.8187
13891331067	1128.93	756.56	1138.70	780.01	3.5921	3.7941
13891339399	1127.26	750.74	1130.30	781.15	3.5693	3.7858
13891347733	1130.23	744.83	1125.65	768.54	3.5452	3.7560
13891356066	1122.43	743.99	1125.19	743.89	3.5312	3.7138
13891364399	1122.02	745.23	1131.40	753.27	3.5064	3.6915
13891372732	1116.78	750.83	1137.45	757.07	3.4762	3.6766
13891381066	1116.65	754.80	1133.39	762.26	3.4679	3.6567
13891389399	1115.69	751.77	1131.48	753.99	3.4481	3.6362
13891397736	1116.70	743.53	1129.19	763.52	3.4347	3.6364
13891406070	1125.84	750.96	1126.92	763.49	3.4353	3.6161
13891414403	1126.62	745.07	1129.43	761.77	3.4252	3.6159
13891422735	1126.62	738.44	1126.89	755.93	3.3925	3.5784
13891431069	1125.73	739.25	1127.64	759.57	3.3757	3.5708
13891439402	1125.55	738.09	1122.41	752.36	3.3704	3.5487
13891447735	1124.11	738.22	1126.77	759.89	3.3667	3.5475
13891456069	1125.84	740.34	1128.36	765.34	3.3473	3.5485
13891464402	1127.05	750.25	1127.29	760.73	3.3586	3.5375
13891472735	1120.99	742.43	1128.47	753.53	3.3424	3.5200
13891481069	1121.48	742.49	1128.67	756.02	3.3286	3.5211
13891489402	1124.44	754.62	1128.37	760.22	3.3374	3.5015
13891497735	1128.57	753.03	1129.61	765.99	3.3307	3.5205
13891506068	1123.95	756.19	1131.52	757.14	3.3301	3.4994
13891514401	1124.24	751.05	1135.07	763.23	3.3111	3.5041
13891522734	1126.66	753.53	1137.46	764.01	3.3110	3.5039
13891531073	1125.94	756.16	1140.25	759.17	3.3111	3.5004
13891539406	1122.38	768.26	1112.62	763.55	3.3226	3.4895
13891547739	1114.54	776.08	1088.84	764.18	3.3119	3.5018
13891556073	1119.90	784.85	1093.27	761.09	3.3259	3.4919
13891564406	1116.66	775.59	1096.90	756.97	3.3200	3.4848
13891572739	1113.46	767.97	1099.61	757.97	3.3162	3.4868
13891581073	1113.01	761.91	1101.92	762.45	3.3296	3.4878
13891589405	1112.64	763.61	1103.41	774.36	3.3248	3.4885
13891597738	1107.16	757.90	1097.84	765.15	3.3405	3.4994
13891606072	1106.07	761.46	1099.83	769.19	3.3382	3.5042
13891614405	1105.00	769.08	1098.37	765.40	3.3438	3.5097
13891622738	1103.22	768.40	1101.61	759.34	3.3400	3.5185
13891631072	1101.02	768.61	1093.76	760.82	3.3484	3.5218
13891639405	1094.91	767.49	1090.59	758.03	3.3447	3.5254
13891647738	1102.66	770.66	1091.72	762.99	3.3739	3.5334
13891656076	1099.15	771.78	1093.98	760.66	3.3768	3.5412
13891664409	1097.41	761.79	1094.84	759.13	3.3719	3.5499
13891672741	1099.06	760.79	1097.69	756.16	3.3902	3.5616
13891681075	1100.88	753.93	1096.23	760.23	3.4002	3.5666
13891689408	1098.61	755.45	1098.97	760.82	3.4055	3.5777
13891697741	1099.19	754.06	1096.50	761.53	3.4254	3.5937
13891706075	1094.44	746.58	1096.11	759.29	3.4169	3.5863
13891714408	1101.10	750.97	1099.19	750.39	3.4320	3.6032
13891722741	1098.77	749.58	1095.76	752.26	3.4384	3.6188
13891731074	1097.94	752.05	1096.25	744.27	3.4486	3.6160
13891739408	1095.04	755.22	1098.20	746.65	3.4532	3.6213
13891747740	1111.80	756.54	1099.12	763.47	3.4699	3.6529
13891756074	1137.24	718.85	1175.68	757.90	3.4739	3.6568
13891764407	1233.45	693.87	1262.78	736.30	3.4904	3.6835
13891772740	1303.20	704.13	1310.98	714.56	3.5125	3.6747
13891781074	1369.54	694.08	1356.96	691.49	3.5340	3.6809
13891789413	1362.07	690.73	1348.00	685.79	3.5229	3.6962
13891797746	1361.54	688.84	1347.48	682.43	3.5324	3.6878
13891806079	1363.53	684.30	1347.98	689.08	3.5345	3.6983
13891814413	1365.53	686.07	1355.24	689.68	3.5419	3.7054
13891822746	1362.46	681.36	1355.01	683.29	3.5518	3.7140
13891831078	1364.42	679.62	1358.66	697.74	3.5622	3.7411
13891839412	1363.83	675.22	1360.54	689.09	3.5724	3.7431
13891847745	1368.38	680.09	1365.28	689.65	3.5717	3.7400
13891856078	1366.17	676.34	1367.15	688.51	3.5846	3.7470
13891864412	1364.37	686.32	1356.60	696.65	3.5978	3.7665
13891872745	1366.61	682.70	1354.55	689.22	3.5977	3.7664
13891881078	1368.53	680.59	1353.60	691.68	3.5952	3.7808
13891889412	1364.62	681.45	1350.62	687.02	3.6014	3.7781
13891897745	1368.80	687.93	1351.71	688.10	3.6274	3.7946
13891906078	1369.17	690.69	1351.97	688.46	3.6253	3.7940
13891914411	1365.81	697.71	1352.01	691.39	3.6378	3.8147
13891922748	1370.01	683.98	1352.45	686.41	3.6426	3.8089
13891931081	1369.97	690.37	1356.91	690.59	3.6481	3.8253
13891939415	1365.90	685.45	1352.45	685.14	3.6542	3.8280
13891947748	1368.31	683.76	1355.72	684.26	3.6697	3.8324
13891956082	1364.90	684.57	1356.83	685.61	3.6734	3.8423
13891964415	1366.26	680.30	1358.05	683.96	3.6780	3.8482
13891972748	1365.53	681.28	1358.36	686.77	3.6877	3.8504
13891981082	1362.44	679.06	1355.89	674.17	3.6879	3.8545
13891989415	1366.91	684.56	1360.54	686.71	3.6977	3.8645
13891997747	1365.76	688.25	1357.16	680.05	3.7068	3.8611
13892006080	1364.90	689.21	1357.97	686.42	3.7118	3.8748
13892014414	1366.44	681.04	1358.28	684.13	3.6976	3.8764
13892022747	1364.22	687.36	1354.69	685.54	3.7145	3.8736
13892031080	1363.38	687.57	1355.85	685.83	3.7214	3.8833
13892039414	1364.73	692.89	1355.54	687.76	3.7296	3.8833
13892047751	1368.11	684.56	1356.69	687.55	3.7239	3.8943
13892056084	1361.85	686.89	1355.99	688.68	3.7171	3.8951
13892064418	1367.38	695.26	1358.38	692.13	3.7405	3.9114
13892072751	1367.25	688.70	1356.82	687.82	3.7416	3.9074
13892081083	1367.28	689.72	1351.84	687.23	3.7401	3.9217
13892089417	1365.49	694.85	1351.68	688.96	3.7487	3.9171
13892097750	1363.24	694.18	1353.00	688.58	3.7563	3.9143
13892106083	1365.25	691.26	1350.23	685.37	3.7572	3.9175
13892114417	1363.49	696.73	1349.47	691.76	3.7681	3.9242
13892122750	1363.41	695.73	1355.62	684.73	3.7617	3.9146
13892131083	1367.59	702.01	1350.73	684.94	3.7712	3.9289
13892139417	1361.78	703.78	1348.69	684.88	3.7702	3.9301
13892147750	1362.94	701.60	1349.76	688.51	3.7797	3.9314
13892156083	1364.70	700.29	1354.24	692.72	3.7676	3.9233
13892164416	1378.08	687.91	1388.87	696.01	3.7716	3.9381
13892172749	1393.22	688.33	1417.36	699.12	3.7709	3.9508
13892181088	1401.52	691.63	1420.03	688.50	3.7708	3.9215
13892189422	1400.58	695.26	1417.63	687.74	3.7874	3.9319
13892197755	1398.77	694.29	1413.62	691.20	3.7814	3.9324
13892206088	1398.14	693.96	1417.88	689.42	3.7881	3.9370
13892214422	1402.97	689.41	1412.84	686.56	3.7737	3.9378
13892222755	1403.68	685.72	1406.32	692.81	3.7812	3.9524
13892231088	1407.40	691.09	1410.02	687.68	3.7889	3.9454
13892239422	1404.91	679.74	1412.72	694.34	3.7826	3.9534
13892247754	1405.33	679.45	1407.66	689.96	3.7852	3.9493
13892256087	1409.82	682.02	1410.92	691.78	3.7850	3.9574
13892264420	1409.68	686.21	1409.66	689.11	3.8046	3.9476
13892272754	1406.04	679.50	1410.92	689.91	3.7897	3.9565
13892281087	1404.20	677.74	1403.18	691.01	3.7812	3.9604
13892289421	1403.65	683.76	1405.88	695.69	3.7990	3.9613
13892297754	1401.07	687.24	1408.79	687.71	3.7878	3.9619
13892306087	1394.28	689.72	1409.75	685.84	3.7867	3.9588
13892314425	1395.12	697.56	1408.76	688.92	3.7984	3.9613
13892322758	1391.35	693.40	1410.23	697.89	3.8046	3.9779
13892331091	1393.49	700.68	1406.94	700.52	3.7999	3.9773
13892339425	1390.98	696.75	1412.38	692.96	3.7971	3.9680
13892347758	1391.13	691.82	1412.07	694.30	3.7940	3.9660
13892356091	1394.12	691.42	1412.59	693.84	3.7928	3.9718
13892364424	1391.55	691.79	1414.27	699.09	3.8000	3.9766
13892372758	1401.49	690.52	1413.41	697.40	3.7879	3.9875
13892381091	1397.93	686.16	1411.86	688.79	3.7853	3.9734
13892389424	1397.36	690.08	1409.67	702.67	3.8015	3.9917
13892397758	1399.01	686.55	1409.50	692.80	3.7856	3.9782
13892406090	1400.27	686.82	1411.52	695.44	3.7805	3.9784
13892414423	1397.65	698.38	1412.73	701.13	3.7912	3.9896
13892422757	1398.01	695.43	1408.05	702.18	3.7795	3.9927
13892431090	1398.15	693.64	1405.63	702.28	3.7715	3.9958
13892439423	1394.20	697.95	1402.68	695.68	3.7728	3.9877
13892447762	1392.91	694.79	1400.37	701.18	3.7669	3.9931
13892456095	1394.69	701.18	1402.12	694.17	3.7601	3.9860
13892464428	1399.27	699.24	1397.05	694.76	3.7575	3.9879
13892472762	1401.18	697.37	1400.49	696.51	3.7502	3.9833
13892481095	1398.08	696.78	1405.05	693.58	3.7484	3.9908
13892489428	1400.82	700.87	1400.64	697.49	3.7468	3.9928
13892497761	1399.57	697.71	1400.67	700.43	3.7524	3.9989
13892506094	1396.89	695.49	1399.00	692.17	3.7457	3.9867
13892514428	1393.17	689.60	1402.60	693.88	3.7356	3.9893
13892522761	1383.59	687.11	1396.36	706.01	3.7413	3.9925
13892531094	1337.69	712.27	1323.68	705.76	3.7555	3.9857
13892539427	1284.11	707.22	1303.23	724.13	3.7516	4.0016
13892547761	1293.30	718.15	1291.77	724.99	3.7408	3.9985
13892556094	1298.72	711.73	1302.57	718.78	3.7480	4.0023
13892564427	1292.95	713.62	1301.96	721.38	3.7451	4.0002
13892572763	1296.55	720.40	1303.29	724.10	3.7482	4.0028
13892581096	1300.17	717.87	1301.40	730.17	3.7575	4.0098
13892589429	1296.18	705.45	1293.60	724.44	3.7460	3.9906
13892597763	1299.00	708.54	1295.75	725.84	3.7288	4.0036
13892606096	1300.86	710.76	1297.36	730.91	3.7356	4.0088
13892614429	1299.08	708.19	1296.06	732.65	3.7338	4.0014
13892622763	1302.85	712.50	1292.79	730.33	3.7477	4.0014
13892631096	1297.15	707.55	1292.71	727.04	3.7418	4.0061
13892639429	1301.57	716.17	1290.54	723.90	3.7482	4.0118
13892647763	1301.22	716.96	1290.84	721.37	3.7442	4.0133
13892656095	1303.03	715.49	1291.23	723.90	3.7532	4.0283
13892664428	1303.41	718.18	1289.86	717.31	3.7502	4.0142
13892672762	1306.34	716.21	1292.81	715.18	3.7479	4.0188
13892681095	1303.25	716.67	1293.47	719.49	3.7623	4.0168
13892689428	1297.97	707.45	1294.34	718.97	3.7446	4.0259
13892697762	1299.84	716.71	1296.68	715.26	3.7618	4.0076
13892706102	1300.49	718.12	1296.76	722.72	3.7595	4.0242
13892714435	1300.05	710.48	1293.49	733.28	3.7624	4.0368
13892722769	1300.27	707.59	1294.55	728.84	3.7593	4.0169
13892731102	1302.53	714.01	1292.72	726.86	3.7643	4.0189
13892739434	1299.85	710.96	1295.92	728.29	3.7680	4.0295
13892747768	1303.00	710.69	1294.04	723.80	3.7569	4.0228
13892756101	1308.72	715.00	1292.78	722.26	3.7801	4.0191
13892764434	1306.90	718.04	1292.88	722.28	3.7707	4.0145
13892772768	1304.37	709.19	1312.17	725.88	3.7731	4.0301
13892781101	1318.74	716.37	1335.85	715.42	3.7816	4.0198
13892789434	1319.15	711.73	1328.52	718.37	3.7726	4.0189
13892797767	1317.73	719.57	1332.80	713.83	3.7903	4.0045
13892806101	1316.18	717.93	1330.21	714.54	3.7868	3.9995
13892814433	1315.65	708.41	1331.33	720.00	3.7746	4.0096
13892822767	1316.59	714.96	1331.50	716.40	3.7784	4.0034
13892831100	1315.21	712.21	1334.26	714.72	3.7822	4.0007
13892839436	1318.67	716.10	1330.66	720.23	3.7817	3.9938
13892847770	1317.75	711.16	1334.47	712.81	3.7733	3.9866
13892856103	1320.43	717.59	1332.03	721.39	3.7794	3.9922
13892864436	1317.40	718.19	1328.49	718.84	3.7806	3.9805
13892872769	1319.80	710.49	1323.75	719.96	3.7703	3.9811
13892881103	1318.43	712.35	1327.88	722.57	3.7707	3.9786
13892889436	1321.80	716.00	1320.67	714.66	3.7664	3.9655
13892897768	1316.66	717.04	1322.94	721.81	3.7648	3.9717
13892906102	1322.96	718.38	1322.42	713.19	3.7689	3.9630
13892914435	1320.55	719.10	1319.57	714.62	3.7673	3.9550
13892922768	1320.56	719.22	1316.82	715.58	3.7658	3.9534
13892931102	1325.01	720.51	1317.01	720.33	3.7661	3.9660
13892939435	1319.01	719.58	1315.83	718.25	3.7587	3.9556
13892947769	1315.53	715.25	1315.71	715.97	3.7453	3.9445
13892956102	1320.13	719.22	1312.16	719.83	3.7481	3.9540
13892964435	1321.03	717.47	1308.10	720.61	3.7742	3.9533
13892972774	1322.99	718.37	1309.95	719.92	3.7550	3.9459
13892981107	1323.22	712.51	1310.25	726.39	3.7375	3.9463
13892989440	1321.16	709.04	1311.07	729.15	3.7409	3.9382
13892997773	1326.36	717.23	1311.76	726.82	3.7501	3.9368
13893006107	1323.33	719.78	1310.15	718.24	3.7335	3.9306
13893014440	1323.36	715.21	1309.08	725.27	3.7247	3.9356
13893022773	1323.90	720.38	1309.74	724.94	3.7295	3.9395
13893031107	1321.29	722.64	1305.08	724.13	3.7312	3.9349
13893039440	1322.20	722.87	1304.39	720.56	3.7281	3.9373
13893047774	1325.45	726.64	1307.31	720.40	3.7342	3.9245
13893056107	1323.30	726.01	1306.51	720.38	3.7284	3.9319
13893064439	1322.93	718.03	1312.07	713.87	3.7191	3.9229
13893072772	1322.90	721.08	1308.70	717.12	3.7291	3.9201
13893081106	1324.19	715.00	1311.79	723.82	3.7184	3.9367
13893089439	1321.55	717.59	1314.66	724.35	3.7204	3.9279
13893097772	1324.02	710.21	1316.66	719.78	3.7129	3.9261
13893106106	1322.01	709.25	1311.46	718.18	3.7166	3.9203
13893114439	1322.95	720.08	1315.59	725.51	3.7353	3.9322
13893122772	1322.71	709.12	1316.65	715.27	3.7195	3.9278
13893131106	1326.42	715.38	1316.30	714.01	3.7245	3.9276
13893139439	1322.73	715.66	1312.04	706.51	3.7296	3.9240
13893147771	1323.70	715.82	1313.31	717.57	3.7264	3.9242
13893156105	1320.26	713.32	1312.88	718.52	3.7269	3.9308
13893164438	1324.07	720.65	1314.06	717.47	3.7389	3.9224
13893172771	1320.07	710.04	1315.50	725.97	3.7359	3.9405
13893181105	1321.10	718.50	1312.54	721.79	3.7466	3.9316
13893189438	1322.86	709.82	1312.50	723.24	3.7434	3.9355
13893197771	1325.55	715.56	1317.17	725.30	3.7476	3.9346
13893206105	1323.43	717.79	1315.05	731.30	3.7428	3.9458
13893214438	1323.14	709.01	1309.75	728.97	3.7380	3.9389
13893222771	1321.91	717.32	1314.95	731.16	3.7339	3.9497
13893231116	1326.47	721.66	1312.00	728.38	3.7558	3.9449
13893239449	1322.23	717.36	1312.98	726.82	3.7482	3.9432
13893247782	1323.91	721.57	1310.45	732.13	3.7612	3.9563
13893256116	1320.74	719.35	1311.04	730.51	3.7587	3.9586
13893264449	1321.12	721.03	1310.39	728.12	3.7595	3.9551
13893272782	1321.86	726.97	1311.39	727.92	3.7710	3.9568
13893281116	1321.00	721.78	1309.70	729.68	3.7546	3.9615
13893289449	1322.13	730.12	1312.64	726.04	3.7642	3.9621
13893297782	1318.67	727.28	1314.25	734.22	3.7642	3.9725
13893306116	1319.36	728.54	1311.46	731.55	3.7627	3.9731
13893314448	1321.07	735.08	1310.60	731.10	3.7752	3.9849
13893322781	1322.06	725.15	1311.65	736.31	3.7648	3.9860
13893331114	1321.72	728.23	1314.96	735.11	3.7814	3.9850
13893339448	1322.23	722.61	1313.99	735.52	3.7789	3.9836
13893347781	1323.65	715.66	1317.69	736.92	3.7691	3.9869
13893356115	1325.77	715.48	1315.97	738.99	3.7753	3.9884
13893364450	1320.59	709.42	1324.76	747.50	3.7756	3.9904
13893372783	1348.14	723.10	1349.61	742.82	3.7857	3.9892
13893381116	1367.78	717.37	1372.01	741.71	3.7961	3.9956
13893389449	1366.17	714.57	1368.00	740.00	3.7888	3.9975
13893397782	1366.29	720.10	1365.00	731.00	3.8048	3.9911
13893406116	1361.41	712.91	1365.19	738.55	3.7928	4.0055
13893414449	1363.54	723.61	1363.71	738.54	3.8027	4.0128
13893422782	1362.57	719.98	1372.24	735.52	3.8077	4.0032
13893431115	1364.07	719.36	1369.41	734.38	3.7979	4.0083
13893439449	1365.70	722.35	1369.91	739.52	3.8066	4.0208
13893447782	1361.58	726.99	1365.61	733.00	3.8178	4.0144
13893456115	1363.75	723.01	1366.99	736.21	3.8137	4.0181
13893464449	1363.07	726.62	1366.23	732.57	3.8222	4.0216
13893472781	1361.61	723.75	1365.52	736.57	3.8219	4.0409
13893481114	1360.70	721.37	1363.55	731.59	3.8150	4.0206
13893489451	1358.99	715.72	1364.41	735.34	3.8042	4.0289
13893497784	1360.75	717.47	1357.74	738.95	3.8212	4.0291
13893506117	1357.25	711.95	1356.99	738.32	3.8254	4.0328
13893514451	1355.67	706.94	1356.45	737.01	3.8221	4.0272
13893522784	1354.43	711.50	1358.47	749.59	3.8225	4.0436
13893531117	1356.40	702.16	1358.00	744.36	3.8287	4.0357
13893539451	1358.94	710.78	1357.99	741.04	3.8391	4.0363
13893547784	1359.70	711.31	1357.86	743.14	3.8420	4.0398
13893556117	1347.75	710.69	1346.89	740.58	3.8309	4.0497
13893564450	1325.07	713.42	1326.87	743.50	3.8366	4.0405
13893572783	1320.20	703.61	1321.64	745.58	3.8295	4.0496
13893581117	1330.17	710.49	1328.27	744.56	3.8434	4.0538
13893589450	1329.74	714.67	1322.66	738.30	3.8335	4.0447
13893597783	1327.71	707.54	1325.34	741.31	3.8237	4.0463
13893606116	1329.15	717.27	1324.55	742.37	3.8340	4.0515
13893614450	1330.96	716.56	1324.33	734.27	3.8404	4.0477
13893622791	1330.48	722.40	1326.72	740.53	3.8380	4.0470
13893631124	1328.95	719.26	1330.85	737.54	3.8389	4.0434
13893639457	1329.40	718.73	1325.34	733.12	3.8460	4.0468
13893647790	1327.40	727.09	1325.35	738.57	3.8516	4.0506
13893656123	1331.35	723.72	1328.80	735.85	3.8499	4.0401
13893664457	1333.14	716.17	1329.52	737.71	3.8465	4.0435
13893672790	1330.00	715.30	1327.71	744.30	3.8457	4.0492
13893681123	1332.91	712.38	1327.09	748.33	3.8544	4.0427
13893689457	1331.54	712.64	1330.06	752.41	3.8517	4.0450
13893697790	1330.06	698.56	1332.18	748.42	3.8447	4.0422
13893706123	1331.92	692.72	1332.70	741.36	3.8413	4.0293
13893714457	1328.94	691.24	1331.37	745.51	3.8333	4.0323
13893722789	1334.10	698.56	1328.66	737.88	3.8425	4.0320
13893731122	1326.96	690.47	1329.85	734.95	3.8362	4.0232
13893739456	1330.17	696.11	1329.86	734.81	3.8411	4.0233
13893747789	1327.57	695.06	1329.17	738.51	3.8328	4.0243
13893756126	1324.42	689.15	1326.55	740.41	3.8214	4.0191
13893764460	1331.65	698.71	1321.56	733.09	3.8256	4.0150
13893772793	1335.32	703.60	1315.84	738.05	3.8358	4.0149
13893781126	1330.36	708.73	1316.72	736.10	3.8228	3.9994
13893789460	1330.93	712.73	1314.72	734.99	3.8135	3.9996
13893797793	1330.80	709.39	1317.48	736.53	3.8092	3.9966
13893806125	1333.79	717.74	1319.45	744.96	3.8127	4.0031
13893814459	1333.71	712.69	1317.89	742.50	3.7957	3.9916
13893822792	1335.16	713.49	1316.06	749.69	3.8024	3.9996
13893831125	1337.05	715.50	1320.45	745.75	3.7910	3.9824
13893839459	1338.11	714.62	1321.41	752.29	3.7756	3.9833
13893847792	1334.63	703.04	1321.16	752.28	3.7662	3.9838
13893856125	1334.68	703.36	1327.03	755.51	3.7706	3.9894
13893864458	1335.26	702.07	1327.95	750.61	3.7678	3.9768
13893872792	1338.44	703.09	1322.62	745.48	3.7582	3.9713
13893881125	1337.17	702.54	1327.43	747.86	3.7599	3.9693
13893889463	1336.11	693.03	1322.65	742.32	3.7388	3.9705
13893897796	1338.89	701.67	1323.93	745.85	3.7458	3.9768
13893906129	1335.94	698.76	1324.81	743.75	3.7395	3.9594
13893914462	1314.42	702.49	1300.60	739.92	3.7209	3.9617
13893922796	1277.13	721.38	1264.18	732.93	3.7353	3.9540
13893931130	1274.17	710.18	1246.89	737.29	3.7099	3.9665
13893939464	1264.41	719.21	1249.06	749.29	3.7289	3.9612
