t	gaze_point_LX	gaze_point_LY	gaze_point_RX	gaze_point_RY	pupil_diameter_L	pupil_diameter_R
12658294031	1184.05	726.42	1202.46	703.71	4.3647	4.5266
12658302363	1228.35	750.09	1234.25	715.65	4.3851	4.4951
12658310696	1244.24	753.02	1238.80	736.88	4.3983	4.5240
12658319030	1230.54	740.43	1231.97	724.93	4.3817	4.5082
12658327363	1237.04	746.26	1227.70	720.24	4.4049	4.4805
12658335697	1244.91	752.92	1237.12	727.21	4.3983	4.5028
12658344030	1240.77	748.56	1233.30	719.78	4.4035	4.5055
12658352363	1236.94	750.21	1230.85	722.68	4.3913	4.4958
12658360697	1235.79	749.29	1236.27	725.47	4.3941	4.5097
12658369035	1237.23	745.75	1237.74	721.09	4.3951	4.4877
12658377368	1243.36	743.13	1236.75	726.96	4.4007	4.5091
12658385701	1244.21	756.77	1235.25	719.76	4.4262	4.5108
12658394034	1235.36	744.90	1238.38	728.40	4.4062	4.5083
12658402367	1234.61	750.37	1239.36	724.11	4.4191	4.4920
12658410701	1236.25	746.07	1244.42	727.78	4.4057	4.4962
12658419034	1232.83	742.83	1232.54	730.12	4.3977	4.5004
12658427367	1240.79	750.89	1241.57	729.46	4.4043	4.4933
12658435700	1230.18	744.94	1240.90	737.79	4.3938	4.4921
12658444034	1239.10	751.39	1240.74	741.22	4.4122	4.5029
12658452367	1242.37	749.83	1244.57	734.16	4.4037	4.4934
12658460701	1278.26	747.91	1279.62	741.53	4.4000	4.4859
12658469033	1275.38	756.06	1277.37	747.40	4.4176	4.4841
12658477366	1270.55	757.12	1272.06	742.92	4.4161	4.4833
12658485700	1271.99	761.85	1272.50	743.02	4.4202	4.4806
12658494033	1277.84	760.85	1269.34	739.11	4.4211	4.4706
12658502377	1270.43	751.28	1276.85	742.07	4.4144	4.4749
12658510711	1274.38	753.58	1273.08	739.76	4.4174	4.4657
12658519043	1271.36	754.29	1270.74	743.49	4.4185	4.4882
12658527377	1274.46	755.67	1270.85	739.12	4.4271	4.4664
12658535711	1278.61	758.30	1278.72	738.69	4.4245	4.4779
12658544043	1274.79	753.36	1278.61	741.93	4.4259	4.4865
12658552376	1271.63	756.20	1271.30	740.27	4.4237	4.4848
12658560709	1271.94	753.85	1279.71	743.38	4.4227	4.4837
12658569043	1273.39	758.91	1276.30	741.27	4.4375	4.4894
12658577376	1274.36	755.85	1277.95	743.57	4.4191	4.4965
12658585710	1270.64	758.51	1274.39	738.53	4.4247	4.4766
12658594043	1275.31	758.25	1274.84	743.75	4.4438	4.4780
12658602376	1272.94	757.93	1272.35	735.69	4.4168	4.4781
12658610710	1275.16	754.12	1276.11	741.21	4.4353	4.4886
12658619043	1278.91	754.72	1277.44	742.72	4.4436	4.4970
12658627375	1280.01	760.37	1277.14	741.28	4.4541	4.4838
12658635707	1276.63	756.48	1279.05	739.10	4.4401	4.4981
12658644039	1280.11	759.36	1276.22	743.82	4.4456	4.5032
12658652373	1276.13	757.51	1271.59	739.98	4.4417	4.5054
12658660706	1275.09	762.32	1276.87	745.63	4.4379	4.5028
12658669040	1277.47	758.77	1271.23	745.01	4.4554	4.5179
12658677373	1276.65	757.72	1275.08	744.07	4.4545	4.5033
12658685706	1270.24	757.76	1272.01	743.96	4.4487	4.5114
12658694040	1271.61	760.92	1271.08	744.36	4.4545	4.5221
12658702372	1274.64	763.76	1269.94	742.45	4.4576	4.5324
12658710705	1274.42	756.78	1266.51	737.68	4.4490	4.5190
12658719039	1259.09	763.13	1259.70	740.58	4.4604	4.5275
12658727372	1234.79	758.88	1249.13	743.27	4.4717	4.5418
12658735705	1249.75	755.50	1254.47	737.22	4.4600	4.5259
12658744039	1244.72	751.85	1251.91	731.86	4.4601	4.5262
12658752372	1245.83	759.62	1250.04	733.61	4.4642	4.5329
12658760706	1246.44	752.79	1242.68	743.75	4.4587	4.5515
12658769043	1248.86	757.16	1245.23	741.51	4.4602	4.5556
12658777377	1244.25	753.79	1250.40	740.19	4.4543	4.5471
12658785709	1246.65	755.53	1249.55	739.95	4.4608	4.5455
12658794043	1250.17	757.45	1247.80	739.09	4.4738	4.5247
12658802376	1242.27	760.22	1251.85	747.18	4.4623	4.5463
12658810709	1247.09	757.55	1239.10	745.68	4.4626	4.5636
12658819043	1250.14	757.91	1239.63	748.95	4.4636	4.5647
12658827376	1249.02	756.73	1244.69	737.28	4.4746	4.5610
12658835710	1246.96	763.27	1242.27	742.67	4.4870	4.5579
12658844043	1248.11	762.68	1241.84	743.16	4.4786	4.5655
12658852376	1253.53	759.18	1241.69	738.02	4.4765	4.5644
12658860709	1249.75	760.57	1241.60	740.63	4.4770	4.5659
12658869042	1251.15	760.07	1244.73	735.82	4.4834	4.5678
12658877375	1249.84	757.59	1243.08	734.74	4.4777	4.5735
12658885708	1254.72	757.40	1244.70	735.42	4.4833	4.5750
12658894045	1249.21	759.64	1239.94	733.10	4.4922	4.5654
12658902379	1250.70	760.11	1240.65	733.07	4.4894	4.5570
12658910712	1250.43	765.46	1241.93	739.50	4.5002	4.5798
12658919046	1248.44	759.65	1245.37	741.98	4.4802	4.5816
12658927379	1249.95	759.26	1250.33	746.72	4.4874	4.5690
12658935712	1265.32	762.04	1261.23	746.86	4.4874	4.5703
12658944045	1274.22	759.76	1262.57	744.21	4.4994	4.5692
12658952378	1274.76	761.96	1261.49	747.42	4.4859	4.5679
12658960711	1269.08	769.32	1261.80	744.57	4.4962	4.5696
12658969045	1269.27	763.37	1263.87	745.10	4.4916	4.5824
12658977377	1266.26	762.18	1262.88	744.58	4.4902	4.5745
12658985711	1273.56	761.54	1266.68	743.77	4.4818	4.5640
12658994045	1269.29	762.34	1263.42	745.25	4.5014	4.5703
12659002378	1270.09	768.50	1261.46	750.26	4.5039	4.5800
12659010711	1268.49	760.38	1257.33	744.38	4.4946	4.5720
12659019044	1271.55	763.26	1263.13	750.08	4.5021	4.5744
12659027382	1266.99	763.19	1260.69	745.29	4.5025	4.5717
12659035715	1264.32	761.07	1261.37	743.38	4.4913	4.5770
12659044049	1275.47	766.57	1258.55	746.20	4.5080	4.5790
12659052382	1271.42	763.67	1269.10	734.66	4.5155	4.5768
12659060715	1268.46	767.75	1266.04	736.53	4.5016	4.5772
12659069049	1271.32	766.00	1265.74	736.75	4.5076	4.5799
12659077382	1268.64	763.87	1271.01	742.15	4.4979	4.5802
12659085715	1271.37	763.94	1262.62	741.12	4.5062	4.5779
12659094049	1268.45	762.54	1266.08	749.15	4.5270	4.5718
12659102381	1268.27	764.99	1261.08	739.01	4.5014	4.5692
12659110714	1271.44	766.44	1265.59	746.31	4.5118	4.5806
12659119048	1268.86	771.11	1262.70	747.38	4.5090	4.5910
12659127381	1267.53	762.02	1262.04	744.24	4.5031	4.5625
12659135714	1266.27	770.54	1263.86	747.72	4.4989	4.5798
12659144047	1276.94	767.46	1267.55	745.69	4.4914	4.5775
12659152381	1270.90	768.75	1264.70	748.43	4.5117	4.5802
12659160719	1266.13	771.69	1269.07	743.87	4.5094	4.5768
12659169053	1268.23	765.31	1265.50	745.31	4.5050	4.5826
12659177386	1268.07	767.11	1264.10	746.97	4.5010	4.5917
12659185718	1267.45	771.29	1264.83	743.66	4.5056	4.5743
12659194051	1272.67	769.08	1263.57	746.92	4.5088	4.5730
12659202385	1268.97	766.22	1263.51	742.06	4.5076	4.5797
12659210718	1266.97	766.71	1264.26	743.58	4.5013	4.5850
12659219051	1269.36	769.07	1268.79	745.11	4.4999	4.5774
12659227384	1261.39	765.11	1266.39	751.85	4.4993	4.5903
12659235718	1265.45	764.23	1266.39	750.17	4.4973	4.5830
12659244051	1262.39	771.15	1269.96	743.98	4.4937	4.5747
12659252385	1269.58	766.86	1267.29	748.66	4.4974	4.5838
12659260718	1272.87	762.48	1269.17	744.01	4.4775	4.5668
12659269050	1265.40	765.58	1273.75	743.32	4.4695	4.5764
12659277384	1265.54	762.18	1269.31	747.56	4.4690	4.5694
12659285717	1265.57	764.73	1268.91	744.41	4.4652	4.5624
12659294056	1269.74	766.13	1275.86	743.58	4.4721	4.5662
12659302389	1264.33	764.86	1270.31	749.59	4.4605	4.5721
12659310722	1266.89	765.43	1268.98	745.96	4.4610	4.5581
12659319055	1260.88	766.67	1269.28	746.34	4.4396	4.5437
12659327389	1268.71	760.11	1269.78	747.77	4.4422	4.5531
12659335722	1262.92	765.83	1269.09	750.29	4.4369	4.5621
12659344055	1261.67	763.75	1268.06	754.64	4.4326	4.5538
12659352387	1262.88	763.76	1274.78	743.83	4.4312	4.5530
12659360721	1263.73	762.64	1268.58	746.77	4.4056	4.5524
12659369055	1264.39	763.60	1272.73	743.71	4.4160	4.5339
12659377388	1269.43	766.90	1271.36	750.15	4.4285	4.5489
12659385721	1271.43	758.33	1268.86	747.18	4.4145	4.5535
12659394054	1264.03	758.42	1272.25	741.92	4.4148	4.5285
12659402388	1264.43	764.50	1274.87	747.48	4.4050	4.5392
12659410721	1274.19	754.47	1275.88	741.89	4.3933	4.5414
12659419059	1270.76	758.28	1274.65	739.01	4.3931	4.5216
12659427392	1273.66	762.36	1279.75	736.77	4.4043	4.5212
12659435725	1272.51	753.84	1277.89	737.99	4.3828	4.5224
12659444058	1269.15	758.98	1274.86	738.80	4.3891	4.5033
12659452392	1270.23	760.49	1272.49	738.70	4.3876	4.4996
12659460725	1270.33	758.44	1279.06	733.82	4.3630	4.5056
12659469058	1272.74	757.29	1275.98	735.39	4.3617	4.4959
12659477391	1275.38	755.35	1270.78	742.96	4.3614	4.5005
12659485725	1269.85	750.76	1275.24	735.18	4.3613	4.4737
12659494058	1266.28	760.26	1278.39	731.08	4.3612	4.4560
12659502392	1273.90	755.02	1270.96	736.37	4.3443	4.4728
12659510724	1275.59	753.70	1276.56	735.99	4.3425	4.4611
12659519057	1275.10	748.81	1273.22	739.12	4.3435	4.4617
12659527391	1275.53	761.16	1271.59	740.10	4.3318	4.4584
12659535724	1270.17	752.45	1273.89	737.21	4.3418	4.4446
12659544057	1271.76	759.93	1284.03	732.77	4.3511	4.4401
12659552396	1270.17	764.49	1273.12	737.42	4.3405	4.4316
12659560728	1265.93	758.24	1276.88	730.96	4.3354	4.4363
12659569062	1275.77	749.07	1281.65	740.15	4.3283	4.4326
12659577396	1271.89	758.56	1275.46	739.55	4.3257	4.4578
12659585729	1278.26	754.97	1273.56	731.25	4.3246	4.4365
12659594061	1273.87	751.48	1273.84	733.08	4.3124	4.4274
12659602394	1272.87	754.17	1276.83	731.23	4.3303	4.4282
12659610728	1270.70	754.30	1272.66	731.10	4.3171	4.4275
12659619061	1276.46	750.40	1273.71	732.58	4.3098	4.4202
12659627395	1270.90	759.14	1273.91	735.75	4.3279	4.4111
12659635728	1274.44	750.98	1267.77	737.14	4.3107	4.4199
12659644061	1274.54	758.81	1271.56	733.74	4.3188	4.4220
12659652395	1272.74	754.19	1274.01	735.58	4.3203	4.4144
12659660728	1271.21	757.22	1275.15	740.11	4.3421	4.4303
12659669060	1279.59	747.06	1274.22	741.19	4.3074	4.4127
12659677394	1270.53	749.01	1268.92	739.37	4.3174	4.4312
12659685731	1273.06	755.57	1267.59	737.14	4.3262	4.4304
12659694065	1269.68	751.21	1264.52	745.66	4.3205	4.4340
12659702399	1271.29	754.96	1270.59	735.11	4.3458	4.4172
12659710732	1270.59	753.16	1268.43	746.14	4.3395	4.4471
12659719065	1271.41	746.95	1274.91	739.53	4.3261	4.4258
12659727398	1270.85	751.73	1271.20	744.68	4.3230	4.4458
12659735732	1272.44	752.62	1273.51	742.69	4.3373	4.4385
12659744065	1270.58	750.23	1269.81	738.07	4.3439	4.4451
12659752397	1270.48	754.99	1269.32	732.12	4.3433	4.4361
12659760731	1270.04	754.54	1267.51	740.26	4.3564	4.4482
12659769064	1273.14	754.70	1266.11	739.68	4.3510	4.4483
12659777397	1267.61	747.52	1270.75	742.56	4.3398	4.4695
12659785731	1272.55	759.38	1270.64	736.85	4.3730	4.4698
12659794064	1272.11	754.49	1267.09	738.32	4.3695	4.4769
12659802397	1267.87	753.01	1271.06	734.03	4.3764	4.4684
12659810734	1265.44	753.95	1270.79	737.63	4.3764	4.4667
12659819068	1265.47	750.57	1264.04	738.60	4.3678	4.4678
12659827402	1271.16	754.79	1269.03	741.79	4.3938	4.4914
12659835734	1270.62	751.09	1263.90	741.59	4.3891	4.4892
12659844067	1267.69	752.82	1268.66	745.97	4.3900	4.5079
12659852400	1269.55	752.15	1264.12	740.51	4.3909	4.5017
12659860734	1267.77	758.11	1264.24	741.61	4.4116	4.5054
12659869067	1275.23	759.68	1264.99	744.02	4.4102	4.5088
12659877401	1265.88	754.82	1270.44	746.58	4.4124	4.5151
12659885734	1269.51	750.90	1263.98	748.23	4.4103	4.5234
12659894067	1271.76	753.93	1266.98	745.34	4.4110	4.5213
12659902401	1273.28	758.17	1266.20	741.67	4.4190	4.5097
12659910733	1264.51	754.95	1268.98	738.75	4.4325	4.5234
12659919066	1269.73	748.77	1263.83	747.17	4.4167	4.5347
12659927400	1265.89	752.86	1270.17	740.73	4.4321	4.5388
12659935732	1263.69	752.09	1276.47	734.61	4.4307	4.5348
12659944072	1269.96	749.96	1267.07	734.28	4.4436	4.5505
12659952405	1274.42	750.52	1271.09	739.78	4.4473	4.5282
12659960739	1265.62	753.47	1276.37	737.05	4.4312	4.5417
12659969072	1265.88	756.59	1272.61	740.14	4.4447	4.5391
12659977405	1267.17	755.70	1270.43	740.65	4.4357	4.5484
12659985739	1266.89	749.59	1271.74	740.62	4.4467	4.5410
12659994071	1266.30	755.82	1271.68	742.33	4.4454	4.5422
12660002404	1269.40	754.83	1269.79	741.57	4.4545	4.5443
12660010738	1268.49	751.71	1269.73	748.27	4.4482	4.5592
12660019070	1268.76	752.21	1274.21	753.44	4.4560	4.5541
12660027404	1267.52	752.03	1268.12	743.91	4.4496	4.5432
12660035738	1265.52	749.91	1271.68	740.44	4.4469	4.5506
12660044071	1270.24	753.61	1271.30	743.84	4.4680	4.5425
12660052404	1268.90	757.97	1273.68	743.85	4.4558	4.5467
12660060737	1268.01	757.04	1267.54	747.98	4.4594	4.5576
12660069071	1268.30	751.68	1268.72	746.70	4.4595	4.5382
12660077406	1272.09	755.65	1270.44	744.99	4.4581	4.5444
12660085740	1274.97	756.87	1270.71	745.46	4.4756	4.5405
12660094073	1263.24	752.21	1272.64	742.17	4.4652	4.5371
12660102406	1271.81	760.38	1271.27	745.67	4.4584	4.5462
12660110740	1273.93	754.96	1274.19	748.01	4.4739	4.5457
12660119073	1272.77	753.17	1271.10	746.91	4.4644	4.5630
12660127406	1267.73	758.26	1269.45	746.99	4.4672	4.5377
12660135740	1273.23	750.88	1275.99	745.99	4.4745	4.5438
12660144072	1263.99	760.01	1270.34	750.13	4.4690	4.5395
12660152405	1267.84	754.21	1273.39	747.86	4.4776	4.5329
12660160739	1270.27	757.63	1267.88	746.50	4.4726	4.5405
12660169072	1265.10	756.72	1274.89	743.18	4.4773	4.5306
12660177405	1264.51	752.83	1273.90	742.32	4.4607	4.5329
12660185738	1266.47	751.91	1273.93	733.03	4.4662	4.5230
12660194072	1264.37	748.13	1276.12	738.78	4.4692	4.5399
12660202405	1267.39	747.68	1275.58	739.68	4.4602	4.5224
12660210745	1264.04	748.05	1272.78	735.48	4.4599	4.5360
12660219078	1266.84	752.12	1271.91	737.55	4.4790	4.5140
12660227411	1266.81	747.36	1271.47	745.14	4.4681	4.5318
12660235744	1267.06	747.91	1273.15	735.68	4.4426	4.5211
12660244077	1263.45	746.05	1275.56	739.00	4.4554	4.5087
12660252410	1271.06	749.10	1271.58	742.16	4.4682	4.5269
12660260744	1264.01	748.42	1272.86	744.42	4.4601	4.5211
12660269076	1260.07	750.98	1273.71	739.60	4.4627	4.5096
12660277410	1265.70	753.10	1272.94	738.06	4.4469	4.5032
12660285743	1265.91	745.49	1266.00	741.63	4.4430	4.5133
12660294077	NaN	NaN	1273.74	736.22	NaN	4.4963
12660302410	1268.96	746.67	1270.91	734.68	4.4517	4.4920
12660310743	1269.26	746.12	1271.70	731.69	4.4492	4.4995
12660319076	1268.97	747.16	1269.51	730.44	4.4471	4.5000
12660327409	1266.46	748.61	1271.54	738.99	4.4380	4.5041
12660335745	1266.37	745.69	1278.39	734.62	4.4391	4.4924
12660344079	1262.10	745.19	1272.66	735.38	4.4316	4.4758
12660352412	1267.30	749.86	1270.67	740.26	4.4450	4.4909
12660360745	1270.82	748.85	1268.20	729.72	4.4455	4.4706
12660369079	1267.44	744.96	1269.91	733.13	4.4370	4.4966
12660377412	1264.85	750.82	1272.96	731.22	4.4516	4.4840
12660385745	1262.73	746.13	1271.43	735.71	4.4436	4.4756
12660394077	1266.06	750.12	1268.80	739.10	4.4382	4.4804
12660402411	1261.18	744.93	1275.09	737.53	4.4306	4.4690
12660410744	1268.66	743.29	1269.92	737.99	4.4475	4.4796
12660419078	1262.78	744.77	1279.79	738.84	4.4325	4.4709
12660427411	1262.06	745.01	1275.68	734.34	4.4339	4.4650
12660435744	1263.35	742.29	1274.65	731.92	4.4338	4.4641
12660444078	1263.77	744.34	1271.48	732.97	4.4389	4.4693
12660452411	1266.72	754.10	1271.30	734.81	4.4446	4.4666
12660460745	1264.72	740.81	1269.78	730.80	4.4431	4.4657
12660469084	1259.81	739.28	1273.66	732.81	4.4378	4.4770
12660477416	1265.35	749.68	1268.91	736.67	4.4307	4.4770
12660485749	1265.82	748.02	1270.58	725.01	4.4507	4.4650
12660494083	1268.07	747.16	1273.87	733.59	4.4390	4.4617
12660502416	1264.80	748.23	1268.87	724.13	4.4493	4.4690
12660510749	1261.55	743.64	1272.31	727.20	4.4277	4.4619
12660519082	1261.92	751.47	1264.12	735.21	4.4422	4.4826
12660527416	1260.71	749.20	1274.96	728.84	4.4416	4.4662
12660535749	1263.43	744.05	1265.89	728.90	4.4475	4.4721
12660544083	1264.60	743.51	1267.98	735.38	4.4479	4.4850
12660552416	1263.96	745.94	1271.63	723.32	4.4574	4.4642
12660560748	1262.72	750.60	1267.86	731.81	4.4361	4.4823
12660569082	1270.07	744.41	1268.59	738.61	4.4448	4.4761
12660577415	1260.27	747.36	1262.45	736.16	4.4492	4.4799
12660585748	1263.71	748.30	1273.10	739.63	4.4391	4.4840
12660594082	1265.04	741.70	1271.19	734.25	4.4430	4.4711
12660602422	1266.76	745.79	1274.12	738.62	4.4465	4.4843
12660610756	1266.55	750.41	1265.02	738.43	4.4416	4.4796
12660619090	1267.49	746.66	1271.68	734.66	4.4534	4.4689
12660627423	1260.73	750.51	1274.25	741.48	4.4500	4.4832
12660635755	1262.77	746.67	1270.77	732.05	4.4489	4.4822
12660644088	1259.88	747.45	1267.01	742.34	4.4466	4.4921
12660652422	1268.52	744.63	1271.48	736.83	4.4459	4.4915
12660660755	1260.93	751.33	1263.83	734.00	4.4581	4.4890
12660669089	1263.35	747.74	1268.89	738.66	4.4449	4.4897
12660677422	1271.97	746.54	1286.42	738.88	4.4521	4.4911
12660685755	1280.49	755.05	1284.73	746.68	4.4610	4.4911
12660694089	1277.76	754.57	1279.64	739.93	4.4493	4.4906
12660702422	1274.28	752.35	1279.94	748.87	4.4570	4.4961
12660710755	1278.06	752.20	1278.48	745.08	4.4426	4.4972
12660719088	1278.34	755.69	1279.83	739.85	4.4567	4.4942
12660727420	1278.01	753.34	1280.81	742.52	4.4588	4.4971
12660735755	1275.43	757.34	1274.62	748.70	4.4590	4.5036
12660744089	1275.36	754.49	1277.83	749.35	4.4664	4.5044
12660752422	1281.68	748.32	1282.43	745.89	4.4647	4.4938
12660760755	1271.11	752.48	1279.39	743.57	4.4644	4.5021
12660769088	1280.03	752.10	1277.76	747.37	4.4632	4.5082
12660777422	1275.86	751.20	1283.15	750.84	4.4631	4.5000
12660785755	1270.42	754.59	1279.90	751.37	4.4640	4.5202
12660794088	1269.14	757.17	1279.65	748.15	4.4684	4.5090
12660802421	1273.05	751.38	1283.17	746.87	4.4645	4.5017
12660810754	1268.38	755.45	1274.60	747.21	4.4856	4.5126
12660819087	1276.38	755.79	1281.34	750.32	4.4802	4.5153
12660827421	1275.60	757.10	1276.02	745.72	4.4759	4.5269
12660835754	1276.06	750.53	1279.33	750.81	4.4614	4.5171
12660844087	1271.52	758.45	1277.18	747.01	4.4718	4.5299
12660852420	1268.07	752.13	1276.56	742.89	4.4738	4.5221
12660860758	1277.01	754.66	1273.71	749.69	4.4759	4.5385
12660869092	1276.10	754.02	1279.65	744.26	4.4815	4.5366
12660877424	1279.46	757.57	1276.84	749.63	4.4928	4.5280
12660885757	1271.46	748.92	1279.68	746.24	4.4880	4.5268
12660894090	1275.68	748.10	1278.40	749.91	4.4866	4.5220
12660902424	1274.13	751.54	1275.65	750.78	4.5038	4.5250
12660910757	1277.58	754.53	1282.70	750.78	4.5074	4.5464
12660919091	1272.86	747.69	1279.29	745.07	4.4894	4.5302
12660927424	1279.31	746.74	1277.06	747.63	4.5042	4.5318
12660935757	1271.81	754.17	1286.56	747.22	4.4996	4.5361
12660944090	1275.33	756.14	1278.23	751.71	4.4953	4.5388
12660952424	1272.87	751.92	1281.09	750.37	4.5087	4.5340
12660960756	1275.75	752.29	1277.23	749.67	4.5067	4.5300
12660969089	1274.22	749.14	1279.87	749.31	4.5048	4.5422
12660977422	1277.47	754.37	1283.41	752.95	4.5157	4.5595
12660985756	1265.88	751.39	1271.17	753.10	4.5003	4.5522
12660994097	1266.59	743.37	1272.95	745.05	4.5189	4.5589
12661002430	1266.10	743.73	1273.16	748.62	4.4877	4.5631
12661010763	1267.67	746.58	1269.87	754.30	4.4988	4.5633
12661019096	1268.17	748.71	1274.26	745.54	4.5013	4.5571
12661027430	1273.06	746.96	1268.48	749.84	4.4968	4.5623
12661035762	1261.65	742.14	1268.42	752.16	4.4999	4.5699
12661044095	1263.15	748.56	1268.29	749.95	4.5092	4.5681
12661052429	1265.67	748.70	1269.54	753.11	4.5148	4.5639
12661060762	1268.52	748.77	1273.87	746.60	4.5178	4.5681
12661069095	1271.04	747.95	1266.56	754.86	4.5048	4.5749
12661077429	1265.93	746.08	1269.44	750.88	4.5122	4.5677
12661085762	1268.58	742.71	1271.44	745.93	4.5061	4.5680
12661094095	1266.35	752.28	1267.82	743.15	4.5116	4.5593
12661102428	1269.11	746.06	1269.95	753.22	4.5134	4.5785
12661110762	1270.24	746.69	1265.00	753.35	4.5188	4.5683
12661119094	1267.84	744.92	1270.93	746.84	4.5143	4.5742
12661127432	1272.31	747.56	1269.29	748.98	4.5159	4.5780
12661135765	1268.22	745.58	1274.32	753.97	4.5148	4.5906
12661144098	1266.52	746.73	1269.34	751.43	4.5245	4.5747
12661152432	1265.16	745.88	1265.58	747.07	4.5154	4.5874
12661160765	1268.76	748.67	1265.71	753.73	4.5094	4.5820
12661169098	1272.75	744.98	1268.84	752.52	4.5248	4.5879
12661177432	1268.52	743.71	1269.24	749.90	4.5283	4.5888
12661185764	1268.83	745.15	1269.37	755.91	4.5198	4.5914
12661194098	1270.25	743.29	1268.39	747.99	4.5223	4.5966
12661202431	1267.94	744.47	1271.86	750.94	4.5217	4.5965
12661210764	1272.39	743.53	1267.22	748.28	4.5204	4.5931
12661219097	1278.13	745.07	1273.90	747.80	4.5223	4.5927
12661227430	1268.85	747.87	1268.16	748.53	4.5206	4.5962
12661235764	1276.95	742.46	1273.76	746.19	4.5193	4.6091
12661244097	1268.99	743.59	1273.34	737.20	4.5206	4.5952
12661252434	1266.54	741.96	1267.43	742.41	4.5258	4.5939
12661260767	1274.36	744.27	1275.31	738.46	4.4958	4.5887
12661269100	1269.69	743.60	1271.49	743.23	4.5115	4.5863
12661277433	1269.67	745.43	1276.17	739.23	4.5035	4.5854
12661285766	1267.03	751.39	1271.27	742.73	4.5088	4.5942
12661294099	1271.02	745.31	1269.20	745.14	4.5014	4.5863
12661302433	1266.65	745.98	1272.27	746.11	4.5145	4.5956
12661310765	1268.92	747.21	1271.58	744.08	4.5141	4.5845
12661319099	1273.52	748.33	1271.33	746.72	4.5105	4.5865
12661327432	1269.60	745.49	1268.21	747.06	4.5118	4.5905
12661335766	1265.35	747.67	1268.48	741.21	4.5007	4.5868
12661344099	1266.59	747.16	1268.23	740.59	4.5022	4.6021
12661352432	1269.48	746.70	1273.98	742.44	4.5123	4.5868
12661360765	1271.58	748.00	1270.05	738.35	4.5259	4.5882
12661369098	1268.16	751.81	1265.11	739.29	4.5093	4.5760
12661377431	1272.48	748.89	1272.45	734.24	4.5212	4.5936
12661385774	1276.66	749.80	1271.08	732.46	4.5228	4.5886
12661394107	1272.35	745.77	1271.03	733.05	4.4981	4.5793
12661402440	1271.26	746.30	1269.94	732.27	4.5134	4.5900
12661410774	1271.62	748.38	1265.58	738.52	4.5218	4.5990
12661419107	1280.27	744.80	1268.76	735.78	4.4980	4.5912
12661427441	1273.52	740.71	1267.92	740.01	4.5101	4.5943
12661435773	1267.83	745.45	1271.47	737.61	4.5221	4.5912
12661444106	1270.65	745.76	1271.48	742.71	4.5088	4.5790
12661452440	1270.39	743.21	1260.68	744.06	4.5038	4.5837
12661460773	1273.76	747.19	1262.13	740.55	4.5135	4.5820
12661469106	1270.79	748.90	1259.91	746.42	4.5197	4.5757
12661477439	1266.53	742.59	1266.73	746.36	4.5049	4.5755
12661485773	1271.23	742.47	1259.72	745.53	4.5173	4.6001
12661494106	1265.71	748.03	1264.68	734.99	4.5102	4.5788
12661502439	1274.06	745.30	1264.92	731.72	4.5235	4.5872
12661510773	1273.38	746.37	1262.48	740.71	4.5080	4.6001
12661519107	1264.98	747.48	1262.86	736.03	4.4899	4.5799
12661527440	1274.49	744.27	1265.78	734.09	4.4986	4.5686
12661535774	1268.50	747.12	1263.72	731.44	4.4840	4.5385
12661544107	1249.43	761.70	1249.65	751.16	4.4528	4.5383
12661552440	1165.10	803.25	1172.13	790.31	4.4492	4.4990
12661560773	1077.03	834.07	1086.40	833.44	4.4173	4.5059
12661569107	1017.02	892.42	1000.73	912.03	4.3796	4.5005
12661577440	974.16	939.58	967.21	947.91	4.3399	4.4641
12661585774	988.49	944.20	979.21	964.06	4.3113	4.4327
12661594107	983.61	934.77	978.81	935.24	4.2922	4.3827
12661602439	979.68	944.59	973.41	947.01	4.2655	4.3478
12661610773	986.88	950.87	975.37	947.16	4.2263	4.3287
12661619106	982.05	941.53	968.63	946.87	4.1750	4.2908
12661627439	981.43	943.45	972.96	950.11	4.1490	4.2719
12661635773	980.40	943.63	978.57	951.88	4.1319	4.2437
12661644105	977.57	941.48	978.39	955.36	4.0982	4.2268
12661652443	980.67	947.98	977.41	959.58	4.0777	4.1770
12661660777	985.04	947.31	973.11	950.29	4.0640	4.1545
12661669110	979.24	947.16	974.63	954.80	4.0388	4.1350
12661677443	980.26	947.48	976.15	953.12	4.0053	4.1077
12661685775	981.44	950.63	980.83	951.01	3.9904	4.1014
12661694109	980.83	949.60	978.46	958.31	3.9788	4.0585
12661702442	979.49	948.21	983.44	959.30	3.9437	4.0406
12661710776	981.28	946.34	973.15	957.01	3.9418	4.0168
12661719109	994.08	952.97	977.84	952.61	3.9133	4.0108
12661727442	976.47	952.27	977.84	955.21	3.8797	4.0016
12661735776	976.99	952.25	980.48	945.08	3.8747	3.9677
12661744109	985.07	956.04	976.13	950.68	3.8732	3.9615
12661752442	990.31	953.00	980.81	952.45	3.8533	3.9546
12661760775	984.26	950.23	974.91	957.02	3.8582	3.9360
12661769107	980.75	953.28	978.48	951.77	3.8221	3.9176
12661777445	986.42	950.10	976.25	951.01	3.7967	3.9290
12661785779	1004.46	962.59	999.11	961.99	3.7994	3.8953
12661794112	1055.72	989.63	1044.23	988.79	3.8109	3.9025
12661802445	1066.39	984.32	1051.30	986.66	3.7999	3.8833
12661810778	1064.86	983.31	1054.29	986.96	3.7966	3.8597
12661819112	1064.84	984.86	1052.01	986.53	3.7823	3.8547
12661827445	1070.62	983.08	1052.13	984.55	3.7787	3.8481
12661835779	1065.87	983.64	1055.13	984.43	3.7724	3.8519
12661844111	1067.57	989.05	1063.94	983.71	3.7595	3.8408
12661852444	1062.83	985.21	1055.35	987.03	3.7576	3.8407
12661860777	1073.40	988.69	1051.97	992.17	3.7596	3.8170
12661869111	1073.46	986.19	1048.96	981.84	3.7466	3.8013
12661877444	1067.37	977.96	1048.04	985.09	3.7350	3.7857
12661885777	1071.16	988.75	1052.40	981.85	3.7223	3.7903
12661894110	1067.13	984.40	1059.77	981.98	3.7102	3.7784
12661902444	1070.70	991.78	1060.56	978.57	3.7210	3.7603
12661910783	1071.33	989.97	1055.12	981.29	3.7104	3.7647
12661919117	1074.40	990.34	1054.13	979.27	3.6968	3.7564
12661927449	1065.84	990.05	1054.09	981.01	3.6897	3.7590
12661935782	1069.33	988.54	1049.91	982.06	3.6921	3.7433
12661944116	1066.10	985.65	1056.34	991.22	3.6832	3.7288
12661952449	1070.05	990.68	1053.27	981.76	3.6717	3.7393
12661960782	1074.91	987.95	1058.41	984.95	3.6663	3.7213
12661969116	1070.03	993.28	1052.68	989.98	3.6722	3.7246
12661977449	1074.22	986.98	1062.73	993.98	3.6596	3.7212
12661985783	1071.90	993.33	1059.63	984.90	3.6439	3.6989
12661994116	1072.44	986.70	1052.96	986.33	3.6458	3.6766
12662002448	1068.42	987.59	1059.78	992.89	3.6291	3.6820
12662010781	1068.53	983.59	1050.72	985.76	3.6246	3.6811
12662019114	1068.95	987.37	1059.44	987.29	3.6294	3.6701
12662027448	1070.02	992.22	1058.93	995.15	3.6261	3.6609
12662035781	1066.87	987.38	1060.50	985.80	3.5956	3.6541
12662044121	1066.82	986.84	1053.49	985.44	3.5978	3.6476
12662052454	1066.65	987.18	1053.91	991.26	3.5879	3.6575
12662060787	1066.26	992.01	1059.25	987.90	3.5953	3.6378
12662069121	1066.40	996.47	1057.80	984.41	3.6008	3.6417
12662077454	1067.67	990.56	1057.89	988.35	3.5923	3.6329
12662085786	1073.25	987.35	1053.42	985.71	3.5895	3.6409
12662094120	1064.36	991.98	1055.76	991.32	3.5800	3.6490
12662102453	1068.47	990.23	1059.74	991.33	3.5728	3.6308
12662110786	1062.39	978.11	1058.83	990.34	3.5421	3.6276
12662119120	1060.71	984.51	1060.70	982.42	3.5592	3.6179
12662127453	1063.92	988.40	1057.79	984.17	3.5612	3.6233
12662135786	1067.62	993.67	1063.94	984.09	3.5872	3.6112
12662144119	1065.19	988.75	1054.48	993.26	3.5383	3.6131
12662152453	1071.49	990.55	1057.39	980.83	3.5631	3.6213
12662160786	1065.66	988.43	1060.97	983.63	3.5453	3.6054
12662169119	1070.18	994.14	1062.32	987.88	3.5470	3.6115
12662177456	1065.59	993.80	1059.27	989.73	3.5276	3.6009
12662185789	1069.83	986.36	1055.82	987.28	3.5456	3.5950
12662194123	1071.95	985.66	1064.97	995.44	3.5313	3.6023
12662202456	1066.33	990.47	1068.81	995.60	3.5372	3.6079
12662210789	1071.94	993.68	1058.68	991.76	3.5470	3.6083
12662219123	1069.07	988.23	1060.59	990.06	3.5484	3.6126
12662227456	1070.88	985.45	1064.37	989.96	3.5414	3.5954
12662235789	1089.58	948.18	1098.82	944.75	3.5224	3.6130
12662244122	1114.28	866.21	1132.08	848.82	3.5168	3.5904
12662252455	1173.00	809.34	1192.39	812.18	3.4834	3.5735
12662260788	1235.12	779.56	1254.91	790.40	3.5100	3.6258
12662269121	1283.10	753.14	1283.05	762.89	3.5293	3.6003
12662277455	1278.03	764.22	1274.83	772.71	3.5418	3.6176
12662285788	1282.52	755.07	1275.58	779.74	3.5032	3.6201
12662294122	1283.78	749.82	1270.19	762.51	3.5208	3.6095
12662302457	1283.68	764.99	1274.41	766.97	3.5476	3.6309
12662310790	1289.38	752.19	1271.67	758.54	3.5290	3.6024
12662319124	1292.32	759.87	1269.24	765.66	3.5518	3.6429
12662327456	1287.31	746.85	1276.54	752.30	3.5292	3.6108
12662335789	1284.61	751.80	1275.31	756.58	3.5406	3.6257
12662344123	1294.02	758.55	1277.58	766.14	3.5459	3.6537
12662352455	1282.96	749.48	1272.45	772.78	3.5322	3.6611
12662360789	1288.72	747.93	1282.27	763.92	3.5327	3.6664
12662369123	1292.36	755.58	1274.49	760.54	3.5753	3.6655
12662377456	1289.32	761.79	1283.16	764.98	3.5694	3.6609
12662385789	1293.09	757.93	1279.12	740.82	3.5631	3.6343
12662394122	1291.22	759.97	1273.28	760.32	3.5862	3.6758
12662402456	1287.18	760.68	1267.94	760.80	3.5646	3.6724
12662410788	1288.63	758.20	1279.13	755.18	3.5784	3.6717
12662419122	1286.28	761.92	1274.48	758.51	3.5882	3.6766
12662427455	1291.57	752.20	1275.12	760.03	3.5862	3.6898
12662435794	1288.06	754.19	1277.11	746.45	3.5879	3.6760
12662444128	1292.60	748.95	1269.75	763.01	3.5882	3.7014
12662452461	1289.86	752.26	1269.73	756.21	3.6023	3.6938
12662460794	1291.87	749.37	1275.28	747.54	3.5926	3.6858
12662469127	1293.34	754.06	1276.03	760.00	3.5989	3.7252
12662477460	1291.36	753.43	1277.04	762.06	3.6040	3.7104
12662485793	1281.28	752.75	1272.63	756.83	3.6132	3.7190
12662494127	1189.31	789.44	1199.66	767.13	3.6208	3.7151
12662502460	1067.12	839.74	1091.68	835.38	3.6433	3.7308
12662510793	984.44	862.90	998.81	858.96	3.6254	3.7458
12662519126	934.29	879.73	940.00	888.69	3.6111	3.7569
12662527460	953.81	876.66	939.47	886.27	3.6436	3.7629
12662535793	943.98	880.01	942.15	875.36	3.6440	3.7658
12662544127	940.52	875.70	944.41	886.89	3.6423	3.7841
12662552460	943.91	873.69	948.81	886.42	3.6595	3.7714
12662560793	954.82	883.17	936.75	886.17	3.6739	3.7873
12662569130	947.63	875.06	947.23	882.86	3.6620	3.7920
12662577464	943.48	872.66	941.03	882.68	3.6620	3.7904
12662585797	941.75	878.83	948.77	884.05	3.6749	3.7993
12662594130	940.05	874.44	949.66	890.25	3.6799	3.8161
12662602463	940.10	878.32	948.10	880.28	3.6765	3.8261
12662610797	947.46	885.05	948.37	887.72	3.7145	3.8343
12662619130	940.78	878.49	946.48	884.58	3.7150	3.8497
12662627464	941.94	878.86	944.18	883.84	3.6963	3.8409
12662635797	945.72	879.85	945.48	884.98	3.7300	3.8443
12662644130	936.89	875.04	949.79	885.96	3.7301	3.8522
12662652463	947.22	877.05	949.30	878.73	3.7361	3.8670
12662660796	943.65	878.98	948.70	886.45	3.7266	3.8866
12662669129	950.50	888.04	944.79	881.85	3.7577	3.8766
12662677463	939.45	877.40	946.42	889.24	3.7701	3.9022
12662685795	939.75	876.25	951.79	880.99	3.7618	3.9057
12662694129	941.43	878.00	943.98	890.45	3.7695	3.9287
12662702466	942.52	875.13	951.59	886.30	3.7761	3.9212
12662710799	954.59	888.85	949.13	888.42	3.8127	3.9420
12662719132	946.12	880.35	951.91	892.11	3.8022	3.9330
12662727464	943.95	879.25	948.29	888.18	3.8126	3.9244
12662735798	940.25	875.18	954.04	896.61	3.8130	3.9692
12662744131	962.09	868.07	968.30	879.78	3.8256	3.9548
12662752465	990.48	872.82	989.41	864.90	3.8479	3.9646
12662760798	987.86	868.22	979.88	867.25	3.8551	3.9839
12662769131	985.86	871.28	980.17	871.43	3.8615	3.9712
12662777465	986.16	867.26	981.46	871.85	3.8669	3.9607
12662785798	986.29	873.56	983.44	875.78	3.8807	3.9865
12662794131	985.90	866.05	980.58	868.06	3.8748	3.9715
12662802465	986.44	870.56	979.41	873.24	3.8778	3.9866
12662810796	985.46	868.48	979.35	873.00	3.8737	3.9917
12662819130	986.75	870.40	986.78	874.15	3.8931	3.9848
12662827473	989.07	865.71	980.09	869.59	3.8775	3.9776
12662835806	984.93	872.94	979.40	867.45	3.8867	3.9731
12662844139	986.68	867.82	978.52	879.64	3.8749	3.9894
12662852472	985.64	872.61	973.41	874.00	3.9035	3.9748
12662860806	984.44	875.55	975.72	877.48	3.8821	3.9830
12662869139	983.31	871.60	978.73	870.89	3.8849	3.9649
12662877473	982.82	873.12	976.99	878.42	3.8895	3.9665
12662885805	981.05	869.19	975.81	872.22	3.8985	3.9566
12662894138	984.37	868.05	978.39	870.19	3.8895	3.9584
12662902472	985.33	872.17	974.26	868.47	3.8937	3.9476
12662910805	984.27	871.18	969.52	868.10	3.8879	3.9463
12662919138	989.38	870.99	977.73	866.29	3.8779	3.9493
12662927471	987.06	869.27	971.70	869.68	3.8805	3.9536
12662935804	998.60	869.78	973.06	874.98	3.8782	3.9429
12662944138	983.38	870.36	970.79	871.31	3.8898	3.9388
12662952471	989.98	866.63	975.59	867.20	3.8805	3.9263
12662960808	987.07	869.21	977.90	866.83	3.8629	3.9352
12662969140	988.37	875.05	980.55	873.86	3.8784	3.9318
12662977473	986.07	866.53	976.59	872.58	3.8768	3.9260
12662985807	981.45	872.42	978.26	873.23	3.8648	3.9302
12662994140	990.41	867.62	979.55	875.32	3.8696	3.9181
12663002473	988.56	872.21	972.62	872.70	3.8628	3.9308
12663010807	983.46	869.00	978.28	867.25	3.8650	3.9258
12663019140	944.49	843.97	951.84	847.82	3.8570	3.9200
12663027474	948.21	811.72	963.66	818.53	3.8468	3.8941
12663035807	953.44	807.38	951.45	809.44	3.8429	3.9060
12663044140	950.89	811.58	950.30	807.86	3.8484	3.9158
12663052472	952.41	813.87	944.62	818.92	3.8583	3.9263
12663060805	955.38	810.48	949.75	822.01	3.8539	3.9188
12663069139	946.54	807.21	953.19	806.51	3.8615	3.9084
12663077472	959.73	810.10	951.92	805.69	3.8601	3.9033
12663085806	953.71	811.45	951.16	815.82	3.8576	3.9092
12663094144	947.66	810.11	950.11	815.49	3.8543	3.9249
12663102477	952.58	811.75	951.95	820.64	3.8561	3.9233
12663110811	950.41	804.87	950.26	816.16	3.8581	3.9493
12663119144	949.55	806.75	953.73	816.83	3.8505	3.9263
12663127477	947.25	810.88	955.10	820.98	3.8607	3.9191
12663135810	949.58	808.02	951.36	821.27	3.8577	3.9289
12663144143	947.20	813.74	959.00	819.22	3.8635	3.9295
12663152476	947.47	810.97	952.06	813.20	3.8578	3.9345
12663160810	949.85	814.85	956.02	818.62	3.8627	3.9267
12663169143	941.57	809.25	951.97	807.96	3.8470	3.9291
12663177476	946.93	813.91	951.92	817.87	3.8520	3.9225
12663185810	942.17	812.07	950.80	809.54	3.8550	3.9048
12663194143	951.83	816.42	959.29	814.10	3.8668	3.9259
12663202476	947.71	809.61	954.11	809.81	3.8822	3.9352
12663210809	948.08	810.06	952.79	811.41	3.8653	3.9185
12663219145	950.88	809.30	947.46	811.35	3.8570	3.9145
12663227478	955.35	810.68	948.07	817.14	3.8723	3.9340
12663235812	951.01	811.85	950.14	818.87	3.8732	3.9421
12663244145	946.95	812.54	955.23	813.47	3.8633	3.9295
12663252478	953.41	809.65	949.88	809.23	3.8700	3.9228
12663260812	952.56	812.22	955.26	814.73	3.8725	3.9429
12663269145	943.91	806.07	956.75	814.55	3.8552	3.9261
12663277478	949.75	807.18	952.44	819.39	3.8589	3.9262
12663285812	946.00	811.06	958.89	810.10	3.8600	3.9187
12663294144	949.39	807.02	947.14	814.45	3.8639	3.9245
12663302477	950.06	805.95	949.36	816.52	3.8482	3.9296
12663310811	952.13	810.76	949.40	814.43	3.8700	3.9121
12663319143	959.69	804.63	979.57	815.46	3.8366	3.9144
12663327476	1045.60	787.80	1075.75	774.29	3.8458	3.8978
12663335810	1142.66	742.44	1192.53	753.02	3.8233	3.9085
12663344143	1231.66	750.49	1263.39	753.17	3.8422	3.8996
12663352482	1291.37	739.19	1310.81	735.95	3.8237	3.8562
12663360816	1304.31	730.11	1316.57	739.92	3.7988	3.8715
12663369148	1294.88	739.26	1304.45	742.53	3.8375	3.8663
12663377481	1302.94	733.43	1308.49	747.22	3.8409	3.8788
12663385815	1300.69	739.46	1307.21	743.03	3.8546	3.8855
12663394148	1302.48	724.68	1308.00	747.35	3.8139	3.9021
12663402481	1302.26	732.42	1306.13	741.24	3.8380	3.8792
12663410815	1301.49	733.77	1306.16	741.58	3.8378	3.8839
12663419148	1294.72	732.47	1308.09	741.05	3.8487	3.8947
12663427481	1300.07	728.14	1309.17	729.94	3.8357	3.8797
12663435815	1298.93	730.89	1306.47	744.95	3.8322	3.8990
12663444148	1304.84	733.13	1305.69	737.48	3.8471	3.8891
12663452480	1305.16	728.50	1302.13	739.05	3.8351	3.8825
12663460814	1303.44	732.97	1304.57	736.78	3.8431	3.8872
12663469147	1305.01	725.18	1308.44	744.20	3.8463	3.8916
12663477480	1302.06	730.06	1312.67	737.74	3.8465	3.8917
12663485819	1311.19	734.10	1303.58	738.84	3.8435	3.8931
12663494152	1304.79	736.52	1302.27	747.39	3.8509	3.8991
12663502485	1309.61	728.61	1300.01	745.68	3.8421	3.9097
12663510818	1304.48	731.74	1305.63	752.02	3.8320	3.9060
12663519152	1308.13	723.41	1309.70	738.20	3.8530	3.8920
12663527485	1308.25	736.47	1310.63	742.49	3.8509	3.9157
12663535817	1310.78	723.36	1305.33	739.52	3.8454	3.8840
12663544151	1312.97	730.96	1304.32	728.53	3.8556	3.8930
12663552484	1307.85	734.43	1300.74	735.35	3.8591	3.8961
12663560818	1305.06	730.64	1304.30	744.91	3.8570	3.9022
12663569151	1309.11	721.37	1305.91	740.03	3.8471	3.9039
12663577484	1308.08	736.69	1308.74	740.35	3.8662	3.9127
12663585818	1309.50	735.24	1301.16	736.65	3.8612	3.9018
12663594151	1311.20	726.49	1301.07	741.96	3.8475	3.9189
12663602484	1309.94	735.98	1303.66	747.17	3.8558	3.9391
12663610817	1311.64	736.27	1303.93	746.68	3.8682	3.9197
12663619155	1301.85	740.40	1307.21	736.50	3.8641	3.9031
12663627488	1318.11	732.75	1325.71	736.83	3.8583	3.9007
12663635822	1415.13	719.47	1446.80	715.83	3.8658	3.9072
12663644155	1485.45	708.64	1504.36	721.18	3.8687	3.9240
12663652488	1530.18	703.20	1546.59	707.70	3.8637	3.8808
12663660822	1519.70	714.30	1532.94	714.51	3.8793	3.9041
12663669155	1526.80	707.42	1531.74	716.41	3.8917	3.9087
12663677488	1525.53	704.37	1535.60	723.78	3.8663	3.9138
12663685821	1529.25	707.55	1536.31	725.19	3.8846	3.9368
12663694154	1535.51	718.17	1533.02	727.05	3.8994	3.9408
12663702487	1523.12	699.16	1523.76	737.93	3.8689	3.9491
12663710820	1528.66	709.60	1532.68	729.27	3.8852	3.9464
12663719154	1529.29	706.22	1534.35	727.88	3.8981	3.9498
12663727487	1523.76	715.86	1531.48	727.89	3.9043	3.9402
12663735820	1531.09	713.40	1530.75	713.79	3.9001	3.9306
12663744155	1526.75	705.13	1534.63	737.07	3.9012	3.9689
12663752488	1526.90	704.62	1529.76	722.78	3.8851	3.9595
12663760821	1523.59	704.30	1531.10	740.55	3.8936	3.9878
12663769155	1524.12	698.59	1536.45	719.93	3.8949	3.9546
12663777487	1522.77	701.64	1530.77	727.25	3.8996	3.9685
12663785820	1523.67	713.18	1533.58	716.49	3.9099	3.9607
12663794154	1530.52	694.39	1526.92	736.37	3.8943	3.9831
12663802487	1528.08	709.56	1527.89	732.18	3.9103	3.9959
12663810820	1525.19	715.95	1534.32	726.30	3.9340	3.9826
12663819153	1526.93	707.80	1526.00	729.34	3.9313	3.9972
12663827486	1526.38	709.95	1535.34	725.59	3.9346	3.9812
12663835819	1524.93	698.53	1521.35	736.13	3.9046	4.0042
12663844153	1526.33	704.21	1523.30	735.80	3.9334	4.0048
12663852486	1529.32	709.74	1527.61	724.65	3.9244	3.9966
12663860819	1524.18	704.53	1528.45	722.65	3.9163	3.9807
12663869153	1520.55	705.28	1528.22	731.04	3.9337	4.0033
12663877488	1530.79	705.31	1526.26	720.82	3.9332	3.9942
12663885821	1524.62	717.76	1531.12	731.59	3.9285	4.0035
12663894155	1525.80	709.70	1524.25	731.85	3.9385	4.0018
12663902488	1520.08	709.01	1528.89	737.06	3.9425	4.0155
12663910821	1521.92	710.62	1524.50	732.68	3.9431	4.0129
12663919155	1525.35	704.64	1521.54	724.40	3.9360	4.0029
12663927488	1523.50	707.75	1532.57	735.27	3.9487	4.0258
12663935820	1527.90	711.87	1525.33	732.46	3.9531	4.0173
12663944154	1523.60	709.03	1535.27	723.02	3.9467	3.9934
12663952487	1524.84	713.91	1528.21	719.64	3.9673	3.9975
12663960820	1516.64	700.55	1532.19	725.94	3.9347	4.0015
12663969154	1526.95	706.50	1529.34	735.35	3.9483	4.0104
12663977487	1524.67	710.97	1525.20	733.93	3.9537	4.0182
12663985820	1530.81	711.17	1538.65	716.08	3.9551	3.9993
12663994153	1526.76	706.29	1529.95	735.13	3.9416	4.0145
12664002487	1519.49	708.73	1534.34	710.84	3.9583	3.9723
12664010830	1530.56	709.12	1541.37	718.77	3.9490	3.9710
12664019163	1521.92	714.42	1541.08	716.50	3.9576	3.9576
12664027496	1534.36	710.29	1536.87	722.56	3.9460	3.9819
12664035829	1524.54	705.59	1533.23	722.52	3.9458	3.9897
12664044162	1521.83	706.14	1525.34	727.02	3.9715	4.0017
12664052496	1525.22	704.23	1529.01	727.73	3.9432	3.9920
12664060829	1529.23	702.20	1530.33	732.38	3.9325	4.0042
12664069162	1531.22	707.66	1533.21	723.89	3.9498	3.9824
12664077496	1525.14	704.26	1531.62	723.36	3.9397	3.9833
12664085829	1530.53	707.44	1533.75	723.36	3.9571	3.9746
12664094162	1525.54	709.94	1531.57	732.89	3.9487	3.9852
12664102495	1524.70	702.08	1529.57	729.95	3.9554	3.9777
12664110828	1528.93	707.23	1526.14	729.04	3.9462	3.9875
12664119161	1525.84	709.16	1532.39	729.44	3.9554	3.9868
12664127495	1530.73	708.35	1539.36	721.33	3.9702	3.9680
12664135828	1525.58	712.27	1532.96	733.88	3.9702	3.9929
12664144165	1530.91	708.60	1525.96	726.90	3.9515	3.9861
12664152499	1530.01	709.50	1530.24	725.96	3.9803	3.9886
12664160832	1526.95	702.06	1534.76	732.03	3.9673	4.0022
12664169165	1525.90	716.18	1535.83	721.74	3.9801	3.9708
12664177498	1526.38	707.69	1539.87	722.37	3.9670	3.9938
12664185831	1523.52	710.49	1530.41	729.93	3.9762	4.0100
12664194164	1521.63	714.74	1518.03	721.27	3.9742	3.9980
12664202498	1464.85	752.45	1469.48	742.00	3.9857	4.0017
12664210831	1453.05	764.81	1481.39	767.57	3.9806	4.0309
12664219164	1457.37	776.81	1468.37	773.11	3.9870	4.0084
12664227498	1458.99	778.34	1480.35	755.87	4.0002	4.0096
12664235831	1457.84	779.01	1473.45	764.99	4.0033	4.0114
12664244165	1463.08	772.32	1470.70	767.80	4.0042	4.0265
12664252498	1458.74	775.62	1478.78	759.26	4.0031	4.0154
