t	gaze_point_LX	gaze_point_LY	gaze_point_RX	gaze_point_RY	pupil_diameter_L	pupil_diameter_R
841133156816	NaN	NaN	1226.53	1036.39	NaN	2.6730
841133165148	NaN	NaN	NaN	NaN	NaN	NaN
841133173473	NaN	NaN	NaN	NaN	NaN	NaN
841133181816	NaN	NaN	NaN	NaN	NaN	NaN
841133190148	NaN	NaN	NaN	NaN	NaN	NaN
841133198481	NaN	NaN	NaN	NaN	NaN	NaN
841133206814	1472.12	1116.54	1077.60	1080.30	3.1331	3.0223
841133215148	1364.05	1169.54	1224.53	1006.76	4.0322	3.6731
841133223481	1338.27	917.11	1309.58	911.46	3.9797	4.0048
841133231815	1337.37	865.27	1271.91	827.14	4.1479	4.2002
841133240148	1335.00	769.34	1272.05	777.25	4.1950	4.3241
841133248486	1347.51	725.01	1263.22	737.48	4.2310	4.3746
841133256819	1341.90	726.03	1256.20	738.01	4.2350	4.3739
841133265153	1348.41	752.76	1262.84	742.99	4.2353	4.3566
841133273486	1340.44	737.60	1256.93	740.72	4.2023	4.3540
841133281819	1335.27	740.84	1260.92	740.39	4.2132	4.3614
841133290152	1336.66	737.05	1262.40	733.17	4.2303	4.3619
841133298485	1342.52	728.95	1268.25	732.69	4.2191	4.3672
841133306819	1349.32	703.08	1261.83	734.44	4.1789	4.3778
841133315152	1346.65	701.78	1269.52	735.48	4.1732	4.3817
841133323485	1348.21	698.24	1262.94	732.71	4.1869	4.3939
841133331818	1348.49	743.58	1257.78	727.47	4.2673	4.3892
841133340151	1350.23	739.01	1265.35	730.94	4.2814	4.4153
841133348485	1346.04	723.21	1262.23	730.02	4.2444	4.4010
841133356817	1347.05	730.77	1260.91	729.33	4.2547	4.4195
841133365151	1355.71	753.91	1265.98	731.74	4.3038	4.4191
841133373484	1351.54	735.33	1268.22	725.02	4.2703	4.4158
841133381822	1356.60	730.40	1262.95	731.54	4.2605	4.4351
841133390155	1354.45	752.93	1265.24	729.60	4.3187	4.4225
841133398488	1349.92	734.91	1262.83	725.75	4.2749	4.4326
841133406821	1355.87	736.35	1266.08	731.17	4.2859	4.4546
841133415154	1352.97	733.74	1266.56	726.68	4.2876	4.4428
841133423488	1353.06	746.09	1265.06	726.68	4.3247	4.4539
841133431821	1355.54	734.46	1262.94	733.37	4.3195	4.4540
841133440154	1352.30	737.45	1263.33	727.50	4.3160	4.4503
841133448487	1328.96	729.18	1252.78	725.95	4.3067	4.4523
841133456820	1336.46	725.90	1255.66	721.47	4.3147	4.4504
841133465154	1338.25	734.32	1256.48	724.43	4.3311	4.4695
841133473487	1334.20	725.23	1260.73	723.26	4.3074	4.4780
841133481820	1339.43	741.68	1260.32	723.68	4.3622	4.4701
841133490153	1335.49	720.22	1261.66	719.54	4.3174	4.4628
841133498487	1338.11	740.17	1265.11	719.79	4.3540	4.4838
841133506820	1337.04	736.26	1262.39	724.00	4.3410	4.4887
841133515159	1332.71	727.26	1261.41	724.19	4.3500	4.5046
841133523491	1341.25	736.66	1262.19	724.64	4.3670	4.5003
841133531824	1351.07	724.56	1258.21	728.65	4.3538	4.5036
841133540157	1342.52	741.35	1256.31	727.20	4.3734	4.5059
841133548491	1339.39	711.33	1257.96	723.74	4.3243	4.5102
841133556824	1342.43	738.90	1257.29	728.06	4.3896	4.5208
841133565158	1344.62	746.47	1262.25	726.37	4.4127	4.5119
841133573490	1347.46	751.97	1256.28	731.11	4.4205	4.5239
841133581824	1344.97	743.09	1259.18	726.50	4.3938	4.5347
841133590158	1346.92	747.54	1258.43	728.24	4.4112	4.5193
841133598490	1349.84	752.49	1261.41	728.32	4.4330	4.5270
841133606823	1343.53	741.42	1252.21	731.24	4.4227	4.5378
841133615156	1346.33	733.41	1258.09	731.73	4.4173	4.5469
841133623490	1349.63	741.82	1255.69	725.57	4.4431	4.5300
841133631823	1343.72	743.14	1252.02	729.52	4.4532	4.5413
841133640156	1343.30	736.74	1251.86	731.28	4.4298	4.5500
841133648495	1343.55	734.93	1253.61	731.26	4.4397	4.5500
841133656828	1349.37	735.91	1246.80	729.46	4.4404	4.5459
841133665161	1342.94	734.39	1251.31	740.65	4.4252	4.5715
841133673495	1345.06	741.15	1251.79	734.18	4.4493	4.5612
841133681827	1344.98	742.82	1249.22	735.67	4.4624	4.5729
841133690161	1344.87	731.52	1252.94	727.35	4.4419	4.5551
841133698493	1346.27	731.48	1247.73	734.11	4.4525	4.5739
841133706827	1344.95	732.13	1252.50	728.75	4.4557	4.5701
841133715161	1344.17	737.49	1254.38	731.42	4.4584	4.5654
841133723493	1346.15	735.74	1249.15	733.69	4.4697	4.5702
841133731827	1342.93	738.62	1251.11	735.28	4.4792	4.5729
841133740160	1343.47	734.97	1256.24	741.26	4.4778	4.5747
841133748493	1344.85	739.74	1254.00	737.26	4.4724	4.5567
841133756827	1340.66	741.56	1252.42	738.74	4.4951	4.5938
841133765159	1343.84	729.66	1253.71	740.69	4.4844	4.5871
841133773498	1344.57	736.44	1257.72	744.68	4.5008	4.5849
841133781831	1345.93	719.97	1257.84	734.05	4.4650	4.5812
841133790164	1347.57	727.44	1257.58	736.82	4.4960	4.5991
841133798498	1352.90	731.17	1254.51	735.33	4.5184	4.5929
841133806831	1350.04	733.82	1257.13	737.64	4.4997	4.5929
841133815165	1349.12	726.36	1262.28	734.98	4.5034	4.6019
841133823497	1346.54	722.72	1259.43	733.94	4.5099	4.5981
841133831831	1348.63	731.84	1260.92	737.46	4.5067	4.6111
841133840163	1346.20	728.45	1258.56	739.47	4.5194	4.6156
841133848497	1346.17	737.25	1258.41	734.82	4.5406	4.6112
841133856830	1350.22	730.15	1257.93	731.69	4.5162	4.6114
841133865164	1350.93	727.92	1261.18	740.12	4.5054	4.6436
841133873496	1347.20	733.18	1265.65	736.50	4.5370	4.6228
841133881830	1343.36	722.83	1262.17	746.49	4.4887	4.6371
841133890163	1345.77	737.08	1259.51	738.82	4.5401	4.6227
841133898497	1343.01	733.41	1260.16	741.36	4.5156	4.6345
841133906834	1352.23	723.71	1260.84	737.81	4.5318	4.6338
841133915167	1346.90	738.44	1262.20	731.62	4.5459	4.6241
841133923500	1347.17	730.01	1263.85	740.27	4.5475	4.6422
841133931833	1353.30	740.77	1265.88	744.91	4.5606	4.6443
841133940166	1351.53	739.48	1261.95	739.27	4.5569	4.6479
841133948500	1355.41	740.36	1265.30	740.05	4.5641	4.6410
841133956833	1351.52	736.35	1261.68	745.04	4.5614	4.6552
841133965166	1346.84	745.00	1258.87	735.58	4.5727	4.6497
841133973499	1357.93	745.64	1262.21	737.50	4.5880	4.6543
841133981833	1354.41	740.11	1261.32	740.32	4.5793	4.6692
841133990166	1355.13	748.96	1258.75	735.96	4.5831	4.6503
841133998499	1347.08	745.04	1254.22	734.58	4.5781	4.6523
841134006832	1351.44	739.51	1259.86	735.12	4.5733	4.6518
841134015165	1345.43	745.32	1263.04	742.84	4.5672	4.6842
841134023499	1348.05	746.96	1264.23	733.79	4.5769	4.6598
841134031832	1350.24	744.36	1264.63	740.74	4.5741	4.6737
841134040170	1349.79	747.67	1261.47	743.25	4.5852	4.6733
841134048504	1346.07	747.14	1261.08	735.95	4.5662	4.6547
841134056837	1344.02	742.34	1263.21	744.19	4.5786	4.6663
841134065170	1346.22	745.47	1259.56	739.84	4.5843	4.6468
841134073504	1340.56	741.92	1256.81	739.46	4.5500	4.6403
841134081836	1345.60	767.59	1257.06	745.32	4.5393	4.6430
841134090169	1355.00	757.60	1250.59	745.45	4.5108	4.6094
841134098503	1346.57	746.68	1250.56	739.87	4.4798	4.6087
841134106836	1340.59	820.13	1247.84	755.10	4.4314	4.5615
841134115169	1292.61	938.63	1239.48	855.16	4.1389	4.3646
841134123502	1175.39	1107.88	1232.33	979.55	3.5175	4.0560
841134131836	NaN	NaN	1156.35	1063.27	NaN	3.3513
841134140169	NaN	NaN	973.73	1137.57	NaN	3.0397
841134148502	1238.65	1323.24	1199.19	1194.07	2.1375	2.7404
841134156836	1207.04	1354.37	1180.62	1222.98	2.0275	2.6342
841134165168	1206.16	1518.25	1231.96	1200.82	1.5517	2.8024
841134173507	NaN	NaN	921.16	1189.99	NaN	3.1444
841134181840	NaN	NaN	1079.09	1101.78	NaN	3.8578
841134190173	979.26	1147.04	1042.09	1012.31	3.5073	4.1258
841134198507	1088.95	1076.28	1022.21	963.96	3.8783	4.2447
841134206840	1087.04	1012.43	1012.40	937.44	4.0031	4.3643
841134215173	1078.34	977.64	1003.06	915.76	4.1179	4.3968
841134223506	1098.07	944.59	995.16	936.71	4.2203	4.3786
841134231839	1097.19	921.42	989.54	940.31	4.1990	4.3733
841134240173	1088.20	950.22	989.50	936.61	4.1826	4.3496
841134248506	1084.45	947.48	991.47	940.23	4.1435	4.3497
841134256839	1081.95	942.60	989.93	939.43	4.1411	4.3568
841134265172	1084.90	946.69	985.61	937.35	4.1325	4.3470
841134273506	1081.72	949.56	988.24	938.25	4.1299	4.3510
841134281839	1083.40	949.18	985.86	942.06	4.1375	4.3291
841134290172	1088.37	942.99	993.12	937.85	4.1208	4.3329
841134298510	1088.11	941.75	985.54	939.04	4.1167	4.3414
841134306843	1084.23	935.97	985.91	937.75	4.1178	4.3323
841134315176	1082.52	946.86	980.01	939.27	4.1173	4.3279
841134323510	1086.02	939.02	974.54	935.44	4.0764	4.3132
841134331842	1086.06	945.13	980.05	936.07	4.0932	4.3140
841134340175	1087.72	945.71	979.47	932.13	4.1057	4.3026
841134348508	1089.75	942.35	975.21	933.06	4.0818	4.3069
841134356841	1086.54	945.11	982.15	936.83	4.0891	4.3137
841134365175	1089.29	951.42	975.35	937.30	4.0794	4.3042
841134373509	1090.03	959.21	976.36	939.16	4.0974	4.2952
841134381842	1086.80	946.41	970.76	938.40	4.0690	4.2989
841134390175	1084.80	942.14	973.32	933.46	4.0643	4.2832
841134398509	1084.23	941.79	975.88	941.31	4.0587	4.3008
841134406841	1080.93	953.35	975.16	929.50	4.0839	4.2865
841134415174	1081.62	931.85	981.90	935.80	4.0460	4.2903
841134423508	1077.00	931.52	977.38	921.10	4.0531	4.2784
841134431846	1083.16	935.51	972.53	926.39	4.0708	4.2891
841134440179	1082.85	935.32	975.37	928.26	4.0586	4.2724
841134448512	1077.90	941.52	973.21	926.47	4.0685	4.2800
841134456846	1073.85	930.75	972.31	923.46	4.0524	4.2814
841134465179	1068.55	926.13	973.19	928.30	4.0303	4.2935
841134473512	1074.87	942.12	973.47	925.01	4.0796	4.2862
841134481846	1069.48	935.33	972.58	924.06	4.0584	4.2922
841134490178	1067.35	941.39	969.73	919.31	4.0797	4.2805
841134498511	1068.16	936.97	966.67	928.11	4.0734	4.3025
841134506844	1073.22	935.68	968.77	925.75	4.0807	4.2914
841134515178	1065.99	930.27	974.14	926.51	4.0594	4.2991
841134523511	1068.58	932.38	972.67	925.76	4.0631	4.2906
841134531844	1075.39	944.98	971.84	924.70	4.0834	4.2971
841134540178	1067.60	940.04	968.80	929.59	4.0850	4.3018
841134548511	1072.18	936.15	967.11	927.27	4.0722	4.2992
841134556844	1064.79	941.70	968.41	930.37	4.0955	4.3216
841134565183	1075.37	946.54	968.75	928.58	4.1135	4.3185
841134573515	1069.78	937.89	969.63	933.12	4.0939	4.3138
841134581849	1072.25	927.84	965.82	931.20	4.0740	4.3038
841134590182	1070.13	937.73	965.68	927.56	4.0891	4.3178
841134598515	1068.30	934.91	962.90	927.08	4.0901	4.3203
841134606848	1069.20	934.53	966.39	927.46	4.0990	4.3258
841134615182	1067.58	937.51	968.94	928.46	4.0952	4.3155
841134623515	1059.69	940.06	970.08	932.11	4.0857	4.3316
841134631848	1065.73	948.72	962.33	931.30	4.1031	4.3314
841134640182	1047.69	966.27	947.20	946.99	4.1075	4.3337
841134648515	1035.24	974.73	944.28	952.86	4.1038	4.3356
841134656848	1043.07	965.62	946.40	948.86	4.1054	4.3431
841134665181	1048.24	967.05	944.13	941.64	4.0935	4.3292
841134673514	1047.16	961.56	949.17	943.72	4.0995	4.3472
841134681848	1043.80	976.87	942.59	947.15	4.1318	4.3511
841134690181	1040.99	963.24	945.00	945.52	4.0805	4.3436
841134698519	1040.79	962.90	951.19	942.55	4.0893	4.3367
841134706853	1035.12	970.45	946.45	941.56	4.0975	4.3410
841134715186	1039.19	972.11	949.31	945.20	4.1060	4.3483
841134723519	1035.90	970.64	951.88	946.16	4.0844	4.3430
841134731852	1040.16	984.76	951.11	941.18	4.1012	4.3597
841134740185	1042.12	981.91	949.57	939.97	4.1103	4.3466
841134748518	1031.49	967.52	948.10	943.01	4.0688	4.3590
841134756852	1038.64	969.15	954.19	945.62	4.0982	4.3565
841134765185	1036.60	972.84	951.67	938.73	4.0966	4.3555
841134773518	1029.95	964.27	955.66	941.96	4.0860	4.3625
841134781851	1036.46	959.53	956.29	945.28	4.0886	4.3589
841134790184	1043.89	966.00	949.73	943.28	4.0965	4.3556
841134798518	1053.33	963.31	948.22	945.48	4.0905	4.3633
841134806851	1038.11	980.73	951.56	955.88	4.0709	4.3493
841134815183	1068.40	981.94	953.02	948.24	4.0628	4.3624
841134823521	1044.04	1000.61	954.86	1028.55	4.0700	4.1915
841134831854	1025.05	1156.04	1026.92	1343.88	3.7185	2.9849
841134840187	1310.46	1404.59	NaN	NaN	2.6167	NaN
841134848521	1155.28	1566.20	NaN	NaN	1.8118	NaN
841134856854	NaN	NaN	NaN	NaN	NaN	NaN
841134865187	NaN	NaN	NaN	NaN	NaN	NaN
841134873521	NaN	NaN	NaN	NaN	NaN	NaN
841134881855	NaN	NaN	NaN	NaN	NaN	NaN
841134890188	NaN	NaN	NaN	NaN	NaN	NaN
841134898520	NaN	NaN	NaN	NaN	NaN	NaN
841134906854	NaN	NaN	1025.69	1500.62	NaN	1.5813
841134915186	1332.25	1438.94	NaN	NaN	2.0124	NaN
841134923519	1618.05	1353.36	1109.68	1410.22	2.6846	1.9849
841134931852	1578.89	1204.72	1349.26	1322.96	3.3187	2.6276
841134940185	1478.65	1055.62	NaN	NaN	3.8979	NaN
841134948519	1470.37	961.62	1458.52	1039.33	4.0230	4.0057
841134956857	1478.81	910.47	1428.22	958.57	4.1122	4.2260
841134965191	1483.10	905.64	1418.05	911.04	4.1424	4.3678
841134973523	1476.64	921.57	1418.49	882.93	4.1200	4.4267
841134981856	1480.72	914.95	1414.31	900.60	4.1556	4.4155
841134990190	1480.46	925.43	1418.20	903.57	4.1592	4.4071
841134998523	1484.06	917.62	1414.13	899.55	4.1541	4.4201
841135006857	1483.40	913.52	1416.05	890.06	4.1588	4.4301
841135015190	1483.19	909.83	1414.41	889.48	4.1481	4.4334
841135023523	1484.24	900.93	1419.45	894.08	4.1398	4.4354
841135031856	1485.43	916.71	1416.72	892.36	4.1784	4.4536
841135040189	1480.53	903.54	1415.20	889.15	4.1705	4.4634
841135048523	1483.40	911.26	1418.17	891.33	4.1837	4.4644
841135056855	1479.61	908.16	1421.26	890.88	4.1914	4.4681
841135065188	1484.31	901.20	1422.16	888.53	4.1791	4.4590
841135073522	1486.49	910.83	1416.37	888.86	4.2133	4.4759
841135081855	1483.86	913.82	1414.75	884.50	4.2007	4.4735
841135090194	1480.13	908.50	1416.17	882.73	4.2052	4.4831
841135098527	1484.78	918.09	1413.77	890.31	4.2212	4.5044
841135106860	1481.48	921.19	1413.84	892.65	4.2278	4.5065
841135115194	1484.28	909.66	1412.04	889.38	4.2202	4.4919
841135123526	1483.13	904.39	1413.28	897.09	4.2227	4.5089
841135131860	1486.60	910.62	1418.08	894.78	4.2288	4.5118
841135140192	1486.26	908.51	1412.57	890.31	4.2299	4.5166
841135148526	1485.51	905.64	1413.86	888.92	4.2181	4.5193
841135156859	1490.28	899.07	1414.45	898.43	4.2085	4.5135
841135165193	1496.93	919.43	1419.71	897.85	4.2717	4.5321
841135173526	1493.06	906.40	1421.37	893.25	4.2330	4.5269
841135181859	1499.30	918.00	1420.36	893.41	4.2549	4.5331
841135190192	1497.12	909.43	1418.50	895.77	4.2431	4.5373
841135198526	1494.23	918.32	1418.62	896.45	4.2673	4.5482
841135206859	1495.22	915.34	1419.88	897.51	4.2617	4.5366
841135215197	1498.56	923.14	1424.73	895.53	4.2814	4.5398
841135223529	1500.69	922.37	1419.45	895.84	4.2755	4.5439
841135231863	1498.36	906.73	1417.68	893.86	4.2742	4.5459
841135240197	1497.52	912.24	1420.45	895.84	4.2678	4.5396
841135248530	1501.88	917.99	1422.40	890.65	4.2799	4.5362
841135256863	1505.46	903.98	1423.85	887.34	4.2681	4.5485
841135265197	1474.21	875.09	1402.94	873.62	4.2734	4.5567
841135273530	1464.26	865.91	1394.74	849.57	4.2979	4.5549
841135281863	1466.55	859.93	1385.35	854.65	4.2982	4.5603
841135290196	1470.68	861.58	1390.19	861.08	4.2964	4.5522
841135298528	1468.75	860.39	1388.39	857.16	4.2816	4.5405
841135306862	1469.23	859.94	1387.51	854.24	4.2933	4.5348
841135315196	1467.21	871.85	1382.49	859.85	4.3072	4.5536
841135323529	1467.18	867.25	1384.48	857.70	4.3088	4.5484
841135331862	1468.70	863.60	1388.53	862.57	4.3022	4.5516
841135340196	1468.54	859.87	1383.66	852.87	4.2991	4.5492
841135348531	1462.22	860.90	1382.83	858.85	4.3135	4.5581
841135356864	1462.77	858.55	1386.65	854.07	4.3050	4.5457
841135365197	1462.12	862.50	1386.08	854.09	4.2973	4.5499
841135373530	1462.40	860.76	1386.37	852.69	4.3172	4.5472
841135381863	1465.97	855.86	1386.78	853.65	4.3104	4.5622
841135390196	1467.52	855.93	1388.10	849.74	4.3005	4.5458
841135398530	1467.45	858.25	1392.53	846.42	4.3216	4.5481
841135406863	1468.67	868.31	1385.71	851.44	4.3264	4.5463
841135415197	1471.59	857.27	1382.80	844.24	4.3175	4.5565
841135423530	1468.75	852.45	1383.05	851.85	4.3106	4.5610
841135431863	1466.94	860.92	1387.44	850.20	4.3325	4.5521
841135440196	1470.94	857.56	1381.38	851.38	4.3295	4.5674
841135448529	1460.59	864.77	1387.76	853.96	4.3349	4.5625
841135456863	1460.21	868.14	1390.18	849.74	4.3324	4.5441
841135465195	1459.09	867.67	1386.43	855.93	4.3242	4.5662
841135473529	1457.96	871.47	1389.55	849.71	4.3296	4.5692
841135481869	1456.39	857.01	1390.93	849.95	4.2959	4.5626
841135490203	1464.57	858.98	1387.73	845.92	4.3110	4.5590
841135498535	1469.65	858.09	1391.02	846.86	4.3244	4.5664
841135506869	1475.48	858.40	1385.68	840.72	4.3186	4.5550
841135515202	1472.22	855.30	1386.20	846.52	4.3090	4.5545
841135523535	1473.06	856.60	1387.82	847.89	4.3104	4.5735
841135531869	1475.11	859.02	1388.06	841.29	4.3140	4.5578
841135540201	1479.26	861.51	1381.16	846.31	4.3116	4.5684
841135548534	1473.82	866.95	1387.71	837.34	4.3260	4.5449
841135556868	1474.57	868.12	1387.60	841.65	4.3130	4.5454
841135565201	1472.90	862.99	1379.47	844.80	4.2944	4.5583
841135573535	1470.76	870.98	1383.66	845.34	4.3129	4.5632
841135581868	1474.55	859.14	1385.95	846.06	4.2908	4.5581
841135590201	1473.11	867.58	1380.57	844.99	4.2966	4.5379
841135598535	1472.61	864.88	1385.86	850.75	4.2752	4.5480
841135606868	1478.36	858.72	1380.88	854.40	4.2831	4.5402
841135615206	1474.88	866.56	1385.86	851.62	4.2796	4.5421
841135623538	1476.79	861.97	1380.76	858.04	4.2696	4.5501
841135631872	1481.38	871.74	1381.87	852.92	4.2736	4.5254
841135640205	1484.19	863.44	1377.07	855.15	4.2657	4.5446
841135648538	1483.49	848.65	1386.72	857.55	4.2305	4.5312
841135656871	1526.63	850.95	1441.52	833.16	4.2760	4.5403
841135665205	1583.86	803.32	1512.02	778.12	4.2836	4.5300
841135673538	1629.60	746.63	1569.84	750.21	4.2637	4.5220
841135681872	1690.80	694.31	1623.12	726.13	4.2431	4.4887
841135690205	1700.63	684.86	1614.49	716.50	4.2128	4.4939
841135698539	1695.16	717.90	1594.07	731.82	4.2715	4.5111
841135706871	1695.58	691.06	1603.43	725.75	4.2441	4.4947
841135715204	1687.85	710.54	1604.92	724.60	4.2824	4.5056
841135723538	1688.41	709.55	1604.93	727.64	4.2652	4.4930
841135731871	1692.67	705.57	1601.88	725.64	4.2688	4.4906
841135740209	1696.81	693.84	1608.70	721.23	4.2335	4.4869
841135748542	1694.40	688.80	1600.70	727.48	4.2159	4.4936
841135756876	1691.61	698.78	1608.36	727.86	4.2328	4.4748
841135765209	1695.34	704.87	1601.26	732.08	4.2403	4.4877
841135773542	1695.43	699.89	1607.01	728.99	4.2217	4.4888
841135781875	1700.51	696.21	1603.33	723.39	4.2216	4.4675
841135790208	1698.56	710.12	1601.64	724.79	4.2293	4.4799
841135798542	1694.58	714.71	1608.29	725.43	4.2457	4.4614
841135806875	1706.45	699.79	1602.34	726.51	4.2054	4.4630
841135815208	1703.64	698.06	1606.26	718.47	4.2010	4.4614
841135823542	1701.39	695.91	1605.36	724.87	4.1946	4.4636
841135831874	1699.93	709.30	1604.10	728.87	4.2124	4.4775
841135840208	1700.00	717.47	1607.43	726.07	4.2357	4.4632
841135848541	1702.99	718.43	1606.11	724.12	4.2345	4.4690
841135856875	1703.77	706.97	1611.80	717.36	4.1849	4.4506
841135865207	1709.03	695.91	1608.39	721.24	4.1592	4.4452
841135873540	1707.12	695.73	1602.19	729.48	4.1854	4.4394
841135881874	1702.93	703.65	1607.85	720.98	4.1917	4.4385
841135890207	1703.94	696.40	1605.29	724.33	4.1848	4.4341
841135898541	1694.96	702.38	1608.80	721.43	4.1760	4.4272
841135906873	1697.19	699.28	1604.21	721.22	4.1860	4.4305
841135915207	1698.01	708.41	1614.38	719.33	4.1937	4.4174
841135923540	1700.77	693.59	1611.00	723.47	4.1636	4.4164
841135931873	1695.91	690.64	1606.19	723.37	4.1517	4.4216
841135940207	1700.55	696.32	1604.56	721.39	4.1818	4.3997
841135948539	1693.00	687.51	1614.13	722.05	4.1472	4.3918
841135956872	1696.21	703.16	1617.64	715.78	4.1807	4.3838
841135965206	1697.75	689.73	1623.55	717.20	4.1470	4.3867
841135973539	1696.26	693.45	1617.36	722.53	4.1549	4.3973
841135981873	1696.79	707.25	1617.05	718.75	4.1773	4.3647
841135990206	1695.79	696.53	1630.24	707.19	4.1653	4.3976
841135998539	1692.55	699.84	1634.22	702.86	4.1639	4.3748
841136006881	1700.35	704.30	1637.92	701.52	4.1784	4.3709
841136015215	1691.87	703.91	1638.86	698.10	4.1887	4.3695
841136023548	1689.06	698.39	1635.31	693.50	4.1803	4.3710
841136031880	1690.69	701.04	1633.03	698.77	4.1716	4.3704
841136040214	1696.13	696.58	1631.00	697.55	4.1700	4.3695
841136048547	1685.72	702.66	1625.04	713.16	4.1811	4.3471
841136056881	1676.56	717.90	1605.47	708.40	4.2354	4.3345
841136065214	1556.87	705.76	1518.89	679.28	4.2671	4.3484
841136073547	1419.06	696.89	1415.47	647.41	4.3139	4.3616
841136081880	1331.66	613.10	1307.16	657.70	4.1620	4.4472
841136090214	1225.69	595.24	1208.52	642.04	4.1496	4.4853
841136098547	1175.28	593.87	1143.96	575.41	4.1502	4.3702
841136106879	1183.73	589.97	1133.82	603.97	4.1713	4.4636
841136115213	1182.36	590.77	1141.06	595.55	4.1892	4.4326
841136123546	1172.12	579.60	1130.39	612.70	4.1487	4.4564
841136131884	1176.98	586.33	1132.10	602.39	4.1695	4.4561
841136140218	1179.88	584.09	1132.16	604.23	4.1542	4.4474
841136148551	1183.05	595.64	1134.93	599.12	4.1925	4.4334
841136156885	1185.35	592.35	1127.11	616.02	4.1854	4.4850
841136165218	1183.51	587.47	1130.95	588.25	4.1853	4.4300
841136173551	1185.52	583.60	1133.18	601.21	4.1763	4.4709
841136181884	1185.62	588.50	1128.43	582.00	4.1932	4.4219
841136190217	1182.49	589.83	1133.88	603.00	4.1828	4.4649
841136198550	1187.31	587.44	1137.61	585.87	4.1869	4.4218
841136206883	1180.33	594.53	1134.11	577.06	4.2045	4.4297
841136215216	1181.50	590.99	1137.08	591.42	4.2038	4.4595
841136223550	1178.45	588.11	1141.08	581.22	4.1873	4.4518
841136231883	1183.19	594.11	1132.28	609.29	4.2060	4.5204
841136240217	1180.69	594.31	1134.09	580.20	4.2220	4.4577
841136248550	1182.27	599.73	1136.04	589.49	4.2445	4.4984
841136256883	1183.61	594.20	1136.70	589.82	4.2274	4.4961
841136265218	1182.42	598.32	1133.97	603.73	4.2395	4.5369
841136273551	1180.19	596.70	1131.10	611.13	4.2341	4.5551
841136281885	1180.45	593.13	1130.86	594.12	4.2347	4.5299
841136290218	1184.91	597.99	1124.27	602.47	4.2483	4.5433
841136298551	1183.65	591.96	1126.51	599.65	4.2664	4.5537
841136306885	1179.09	595.93	1128.77	612.58	4.2558	4.5781
841136315218	1175.76	588.98	1129.89	599.62	4.2575	4.5480
841136323551	1179.17	594.13	1126.99	610.98	4.2676	4.5808
841136331885	1175.36	596.98	1127.14	595.24	4.2811	4.5578
841136340218	1175.11	591.31	1122.11	604.24	4.2788	4.5977
841136348550	1173.12	599.92	1122.54	590.02	4.3093	4.5564
841136356884	1174.44	598.07	1120.90	594.04	4.2976	4.5766
841136365216	1175.21	591.45	1125.95	571.21	4.3031	4.5249
841136373550	1181.38	598.19	1122.91	604.96	4.3086	4.6060
841136381883	1178.37	594.95	1127.19	600.47	4.2808	4.5945
841136390217	1176.16	585.37	1125.10	590.73	4.2782	4.5958
841136398557	1181.93	607.59	1124.15	600.27	4.3428	4.6020
841136406891	1173.94	589.03	1130.65	605.44	4.2871	4.6194
841136415223	1180.80	604.48	1128.41	596.36	4.3241	4.6005
841136423557	1182.56	597.27	1127.88	590.88	4.3305	4.5822
841136431889	1166.69	587.74	1086.73	608.01	4.2979	4.6339
841136440222	1137.28	569.26	1069.58	605.05	4.2775	4.6475
841136448556	1149.90	569.73	1080.24	601.45	4.2801	4.6321
841136456889	1150.14	576.96	1082.99	614.45	4.2971	4.6540
841136465223	1153.96	571.74	1081.49	616.09	4.2825	4.6621
841136473556	1151.48	576.75	1083.65	606.44	4.2947	4.6373
841136481889	1149.28	572.63	1082.78	611.59	4.2832	4.6406
841136490223	1146.63	568.20	1085.24	607.00	4.2951	4.6361
841136498556	1146.57	579.04	1082.20	602.16	4.3063	4.6420
841136506890	1151.45	576.93	1081.85	610.95	4.3085	4.6540
841136515222	1148.25	580.41	1084.23	606.22	4.3142	4.6523
841136523555	1145.09	577.85	1079.20	604.89	4.3056	4.6520
841136531893	1150.87	573.40	1084.62	600.77	4.3064	4.6320
841136540227	1154.39	576.19	1084.95	608.32	4.3195	4.6440
841136548560	1145.77	580.94	1082.83	616.31	4.3145	4.6632
841136556893	1149.44	581.20	1084.79	608.42	4.3273	4.6611
841136565226	1154.21	579.68	1084.73	602.15	4.3192	4.6485
841136573560	1154.62	582.39	1087.50	617.84	4.3450	4.6773
841136581893	1154.16	587.66	1086.85	606.73	4.3592	4.6651
841136590227	1158.10	572.55	1086.39	612.74	4.3469	4.6711
841136598559	1155.46	581.63	1094.24	608.16	4.3530	4.6699
841136606892	1156.04	586.57	1091.91	595.09	4.3876	4.6264
841136615226	1153.50	591.24	1090.98	610.21	4.3921	4.6638
841136623559	1161.57	576.10	1094.64	613.81	4.3692	4.6821
841136631892	1157.90	592.35	1096.76	619.97	4.3895	4.6861
841136640226	1161.70	617.42	1097.36	604.91	4.4053	4.6626
841136648559	1160.56	613.39	1099.51	607.54	4.4299	4.6498
841136656896	1161.24	599.60	1098.01	602.03	4.4174	4.6349
841136665230	1161.76	604.63	1092.61	611.39	4.3497	4.6516
841136673562	1176.19	647.56	1084.12	624.84	4.4418	4.6283
841136681895	1173.96	601.69	1082.79	625.00	4.3985	4.6596
841136690229	1169.30	722.60	1088.38	711.38	4.3814	4.5061
841136698562	1169.73	932.09	1096.21	853.54	4.3060	4.2426
841136706895	1179.20	1196.81	NaN	NaN	4.2159	NaN
841136715229	NaN	NaN	1205.53	1337.93	NaN	1.6497
841136723562	NaN	NaN	NaN	NaN	NaN	NaN
841136731895	NaN	NaN	NaN	NaN	NaN	NaN
841136740229	NaN	NaN	NaN	NaN	NaN	NaN
841136748562	NaN	NaN	NaN	NaN	NaN	NaN
841136756894	NaN	NaN	NaN	NaN	NaN	NaN
841136765227	NaN	NaN	NaN	NaN	NaN	NaN
841136773561	NaN	NaN	NaN	NaN	NaN	NaN
841136781894	NaN	NaN	NaN	NaN	NaN	NaN
841136790233	1126.80	1274.47	1000.51	1263.79	2.3389	2.6197
841136798566	NaN	NaN	757.28	1160.07	NaN	3.1646
841136806899	NaN	NaN	968.62	1048.71	NaN	3.9168
