t	gaze_point_LX	gaze_point_LY	gaze_point_RX	gaze_point_RY	pupil_diameter_L	pupil_diameter_R
833822492086	1241.17	672.53	1253.38	711.43	4.0343	4.4393
833822500420	1244.49	674.81	1248.08	711.18	4.0227	4.4417
833822508753	1245.86	685.04	1248.16	724.39	4.0409	4.4522
833822517086	1247.39	687.71	1248.94	710.74	4.0390	4.4387
833822525420	1248.17	686.14	1248.11	722.48	4.0450	4.4547
833822533753	1250.57	694.58	1248.15	728.11	4.0418	4.4496
833822542086	1244.99	679.02	1247.51	734.10	4.0472	4.4619
833822550429	1246.47	680.37	1248.64	729.06	4.0423	4.4632
833822558762	1239.23	675.13	1252.72	727.55	4.0479	4.4644
833822567095	1243.46	674.97	1253.00	731.60	4.0562	4.4693
833822575428	1241.21	673.98	1255.17	721.84	4.0558	4.4553
833822583761	1243.70	679.66	1255.25	724.86	4.0612	4.4662
833822592094	1239.77	672.25	1257.91	727.64	4.0625	4.4686
833822600428	1243.21	671.48	1249.53	725.69	4.0704	4.4723
833822608761	1244.13	686.79	1259.30	727.51	4.0724	4.4681
833822617094	1243.93	690.71	1257.96	731.87	4.0754	4.4779
833822625428	1243.84	698.26	1258.58	732.37	4.0763	4.4875
833822633761	1245.54	704.81	1263.61	724.00	4.0746	4.4795
833822642094	1235.72	712.80	1266.01	726.13	4.0878	4.5012
833822650427	1239.48	718.15	1269.09	721.09	4.0930	4.4996
833822658760	1237.74	720.02	1271.92	720.95	4.1071	4.5082
833822667093	1233.57	722.83	1273.30	714.19	4.0990	4.5122
833822675426	1238.11	727.71	1279.30	717.39	4.1122	4.5125
833822683763	1237.06	707.80	1272.69	711.18	4.1089	4.5063
833822692096	1232.07	696.71	1266.61	721.50	4.1223	4.5239
833822700429	1224.38	689.16	1269.15	725.15	4.1296	4.5305
833822708763	1251.47	672.63	1283.03	713.71	4.1348	4.5261
833822717096	1264.07	665.67	1290.58	704.58	4.1389	4.5347
833822725429	1249.55	672.78	1273.43	702.36	4.1372	4.5408
833822733763	1246.73	673.85	1275.62	704.26	4.1417	4.5476
833822742095	1246.00	676.89	1276.32	706.90	4.1573	4.5612
833822750428	1242.07	682.44	1276.73	708.73	4.1652	4.5558
833822758762	1240.53	673.80	1272.11	713.18	4.1755	4.5627
833822767095	1234.35	673.14	1275.70	721.10	4.1687	4.5681
833822775429	1230.61	682.82	1275.82	722.60	4.1810	4.5633
833822783762	1229.83	676.22	1278.57	727.88	4.1860	4.5742
833822792095	1226.96	677.93	1278.44	721.90	4.1921	4.5801
833822800428	1225.42	672.42	1277.73	702.44	4.1984	4.5810
833822808765	1219.00	680.94	1276.90	694.61	4.2066	4.5851
833822817098	1214.04	679.65	1281.78	680.71	4.2085	4.5877
833822825430	1220.82	679.04	1277.57	678.84	4.2063	4.6076
833822833764	1213.56	683.21	1281.48	683.98	4.2174	4.6142
833822842097	1217.08	684.65	1279.00	681.39	4.2246	4.6137
833822850431	1221.78	678.76	1277.31	686.80	4.2305	4.6208
833822858764	1220.22	680.45	1279.10	683.54	4.2384	4.6236
833822867097	1218.54	674.30	1278.38	686.57	4.2398	4.6207
833822875431	1218.97	672.05	1278.21	697.64	4.2430	4.6296
833822883764	1226.08	665.39	1283.48	701.80	4.2469	4.6246
833822892097	1225.83	666.85	1279.76	701.85	4.2557	4.6278
833822900430	1223.84	673.39	1278.39	715.93	4.2538	4.6347
833822908763	1229.57	674.16	1277.04	723.83	4.2545	4.6449
833822917096	1236.06	685.41	1286.59	729.89	4.2619	4.6360
833822925429	1229.54	689.18	1280.27	727.26	4.2701	4.6373
833822933763	1229.21	692.18	1277.98	729.82	4.2718	4.6400
833822942102	1227.33	693.99	1273.91	729.09	4.2727	4.6540
833822950435	1221.92	688.09	1270.24	721.97	4.2707	4.6510
833822958769	1228.76	689.96	1267.94	721.01	4.2794	4.6556
833822967102	1232.96	685.24	1268.92	724.81	4.2847	4.6663
833822975435	1233.23	681.37	1269.17	724.53	4.2722	4.6641
833822983769	1236.20	693.48	1274.28	717.39	4.2856	4.6597
833822992101	1234.32	695.51	1272.94	716.75	4.2863	4.6684
833823000434	1235.92	700.42	1275.05	715.75	4.2853	4.6700
833823008768	1235.17	707.86	1281.03	713.72	4.2805	4.6709
833823017101	1207.53	713.50	1260.85	698.42	4.2879	4.6763
833823025434	1161.93	652.25	1186.76	663.54	4.2880	4.6775
833823033768	1143.35	621.11	1176.63	660.68	4.2563	4.6586
833823042101	1150.54	619.14	1178.83	680.18	4.2531	4.6590
833823050434	1161.68	630.90	1181.95	683.42	4.2662	4.6558
833823058768	1154.61	625.51	1181.22	689.68	4.2447	4.6543
833823067101	1153.16	626.99	1175.71	679.27	4.2399	4.6357
833823075438	1151.00	625.69	1171.35	676.75	4.2252	4.6263
833823083772	1147.01	637.46	1176.18	678.96	4.2317	4.6153
833823092105	1147.40	636.83	1177.56	670.27	4.2125	4.6039
833823100438	1149.68	643.01	1176.04	668.38	4.2084	4.5930
833823108772	1142.71	644.18	1175.62	662.49	4.1915	4.5784
833823117105	1144.84	649.17	1179.99	661.62	4.1756	4.5656
833823125438	1149.10	657.92	1176.49	657.39	4.1644	4.5452
833823133771	1148.08	656.62	1181.31	655.16	4.1476	4.5329
833823142105	1145.32	654.76	1182.36	657.49	4.1418	4.5166
833823150438	1143.96	655.41	1175.34	654.18	4.1246	4.4979
833823158771	1145.43	660.09	1180.09	657.10	4.1162	4.4831
833823167104	1145.38	652.87	1177.87	660.83	4.1018	4.4714
833823175437	1146.80	657.67	1177.22	659.87	4.0913	4.4649
833823183770	1145.25	660.05	1179.59	654.39	4.0857	4.4463
833823192104	1151.59	660.68	1177.66	652.29	4.0736	4.4346
833823200437	1147.30	663.31	1179.30	650.68	4.0680	4.4246
833823208775	1147.23	667.23	1179.83	647.37	4.0481	4.4036
833823217109	1149.39	667.77	1184.03	641.19	4.0441	4.3862
833823225442	1148.79	668.87	1181.30	640.29	4.0236	4.3897
833823233775	1169.60	669.59	1218.13	677.44	4.0080	4.3679
833823242109	1267.67	705.48	1315.25	719.94	4.0192	4.3774
833823250441	1355.70	753.01	1398.37	766.24	4.0261	4.3344
833823258775	1393.59	775.74	1445.04	785.89	4.0065	4.3089
833823267108	1405.27	791.85	1451.74	769.72	4.0070	4.3011
833823275441	1406.04	817.43	1437.20	787.07	4.0006	4.2942
833823283775	1411.31	794.06	1453.73	771.23	3.9843	4.2732
833823292108	1415.03	810.87	1449.33	802.28	3.9828	4.2696
833823300441	1414.32	798.46	1445.78	813.58	3.9717	4.2657
833823308775	1418.72	804.79	1442.81	820.19	3.9686	4.2624
833823317108	1423.79	802.63	1443.72	816.86	3.9597	4.2557
833823325441	1420.34	804.57	1442.46	814.23	3.9556	4.2444
833823333774	1423.87	799.16	1442.61	814.95	3.9370	4.2362
833823342108	1426.08	811.21	1440.78	813.31	3.9473	4.2394
833823350441	1427.55	811.20	1439.48	809.10	3.9422	4.2257
833823358774	1421.33	811.78	1440.32	811.83	3.9402	4.2212
833823367108	1423.91	813.61	1436.55	807.43	3.9329	4.2089
833823375441	1427.60	813.90	1437.42	805.19	3.9259	4.2010
833823383775	1418.39	818.45	1434.84	814.03	3.9175	4.2050
833823392108	1425.67	819.56	1436.26	810.05	3.9152	4.2038
833823400441	1422.46	819.88	1432.28	813.49	3.9098	4.1997
833823408775	1425.98	814.78	1434.68	810.79	3.9039	4.1890
833823417107	1426.83	820.53	1439.16	811.85	3.9152	4.1873
833823425440	1429.14	812.18	1439.29	807.04	3.9140	4.1776
833823433773	1434.76	807.10	1439.93	806.48	3.9003	4.1799
833823442107	1440.35	798.47	1432.65	807.44	3.9070	4.1799
833823450440	1438.64	797.26	1438.55	802.23	3.9048	4.1787
833823458773	1435.96	793.53	1436.49	803.29	3.9105	4.1764
833823467116	1431.81	788.66	1427.94	805.88	3.8981	4.1792
833823475449	1437.69	791.59	1428.89	806.40	3.9040	4.1699
833823483782	1432.84	793.22	1430.76	808.52	3.8880	4.1679
833823492116	1437.04	792.86	1432.74	808.32	3.8874	4.1599
833823500448	1433.78	800.69	1433.81	812.59	3.9022	4.1623
833823508781	1434.11	810.95	1434.50	816.70	3.8809	4.1618
833823517115	1428.20	814.98	1436.54	821.97	3.8792	4.1663
833823525448	1420.33	817.35	1439.50	810.38	3.8844	4.1432
833823533781	1415.02	819.69	1436.95	817.67	3.8659	4.1501
833823542115	1411.30	828.34	1436.23	818.54	3.8727	4.1485
833823550448	1408.76	822.56	1442.44	815.11	3.8692	4.1421
833823558781	1408.00	824.33	1441.49	823.22	3.8676	4.1385
833823567115	1398.84	824.34	1444.12	821.91	3.8620	4.1360
833823575448	1398.83	819.20	1443.62	826.24	3.8500	4.1382
833823583780	1403.62	818.17	1446.85	821.58	3.8463	4.1196
833823592114	1403.23	820.44	1443.17	824.28	3.8427	4.1241
833823600451	1401.42	820.03	1438.77	825.06	3.8313	4.1224
833823608784	1405.38	824.14	1432.24	822.08	3.8315	4.1239
833823617118	1412.42	833.55	1439.24	824.32	3.8434	4.1199
833823625451	1410.69	828.33	1430.80	819.88	3.8224	4.1186
833823633784	1410.40	827.75	1434.51	812.44	3.8096	4.1214
833823642118	1416.10	834.26	1435.14	811.22	3.8169	4.1287
833823650451	1414.28	845.45	1433.21	799.64	3.8185	4.1149
833823658784	1414.42	835.15	1435.27	804.38	3.8217	4.1221
833823667117	1416.25	831.82	1432.49	789.58	3.8098	4.1124
833823675450	1421.31	829.77	1433.22	796.57	3.8160	4.1152
833823683783	1417.86	832.95	1434.33	801.69	3.8107	4.1108
833823692117	1417.94	836.58	1434.70	805.29	3.8139	4.1148
833823700450	1418.22	837.80	1434.52	805.37	3.8200	4.1242
833823708783	1415.37	842.28	1437.17	808.84	3.8231	4.1143
833823717117	1417.24	846.44	1432.39	815.77	3.8136	4.1158
833823725450	1414.66	843.67	1437.42	816.50	3.8078	4.1170
833823733788	1411.61	849.20	1430.91	816.51	3.8155	4.1144
833823742121	1409.89	835.49	1439.64	821.32	3.8110	4.1162
833823750454	1413.14	837.07	1435.22	822.92	3.8160	4.1218
833823758787	1417.41	831.29	1437.87	816.41	3.8125	4.1140
833823767121	1414.30	834.46	1439.75	816.40	3.8227	4.1151
833823775454	1418.99	836.43	1437.76	817.13	3.8231	4.1228
833823783787	1420.05	831.19	1435.93	814.88	3.8282	4.1243
833823792120	1418.85	823.62	1440.13	813.81	3.8202	4.1330
833823800454	1421.34	827.37	1435.41	819.81	3.8234	4.1310
833823808787	1424.15	818.26	1432.73	822.81	3.8291	4.1366
833823817120	1425.83	820.35	1429.71	826.46	3.8324	4.1395
833823825454	1429.85	819.96	1433.49	816.95	3.8251	4.1351
833823833786	1424.99	820.73	1429.08	815.52	3.8292	4.1366
833823842119	1430.17	822.53	1433.47	821.06	3.8349	4.1399
833823850453	1427.04	819.81	1434.69	816.65	3.8324	4.1300
833823858790	1428.35	829.40	1436.44	820.50	3.8449	4.1486
833823867123	1422.15	826.88	1439.14	820.90	3.8443	4.1470
833823875457	1421.13	824.38	1439.96	808.74	3.8365	4.1405
833823883790	1418.91	824.46	1440.00	812.63	3.8397	4.1530
833823892123	1422.36	830.43	1442.23	806.98	3.8480	4.1560
833823900457	1418.49	823.50	1439.55	815.88	3.8381	4.1614
833823908790	1420.15	830.66	1436.57	803.95	3.8477	4.1476
833823917123	1418.90	826.79	1441.01	812.12	3.8508	4.1616
833823925456	1421.20	827.36	1442.59	805.67	3.8383	4.1591
833823933789	1417.29	828.77	1438.30	810.76	3.8425	4.1706
833823942122	1418.28	828.85	1437.31	815.29	3.8410	4.1630
833823950456	1417.03	821.79	1437.54	817.26	3.8290	4.1753
833823958789	1417.27	828.67	1431.84	815.49	3.8475	4.1815
833823967122	1412.36	828.62	1433.77	812.21	3.8497	4.1825
833823975456	1412.29	832.94	1433.93	814.19	3.8349	4.1741
833823983789	1407.69	825.78	1432.54	804.68	3.8446	4.1857
833823992128	1409.50	833.63	1433.50	798.59	3.8476	4.1786
833824000461	1407.02	829.83	1431.09	798.22	3.8451	4.1906
833824008794	1412.50	829.87	1436.26	790.28	3.8534	4.1895
833824017127	1413.35	815.66	1439.42	788.62	3.8438	4.1940
833824025461	1413.75	809.44	1442.12	787.36	3.8377	4.1881
833824033794	1417.41	816.44	1443.01	787.52	3.8526	4.1967
833824042127	1415.95	820.00	1437.39	785.76	3.8512	4.1992
833824050461	1415.72	812.68	1435.62	787.87	3.8687	4.1972
833824058794	1414.05	814.54	1437.92	796.95	3.8607	4.2123
833824067127	1411.63	822.14	1436.74	781.57	3.8599	4.1968
833824075461	1415.71	821.73	1431.22	795.33	3.8577	4.2209
833824083794	1413.16	832.86	1439.25	789.96	3.8771	4.2182
833824092126	1411.29	830.04	1432.53	799.71	3.8657	4.2264
833824100460	1412.61	830.12	1433.95	799.70	3.8762	4.2254
833824108793	1407.05	829.04	1434.97	801.24	3.8675	4.2327
833824117126	1413.60	827.62	1438.11	802.18	3.8704	4.2384
833824125464	1411.84	832.37	1435.24	798.42	3.8909	4.2380
833824133796	1408.37	826.24	1434.85	796.71	3.8767	4.2399
833824142129	1407.81	832.97	1434.38	799.07	3.8972	4.2488
833824150463	1408.21	827.00	1430.76	798.32	3.8913	4.2453
833824158796	1410.66	826.05	1435.07	796.63	3.8981	4.2466
833824167129	1414.06	824.61	1432.01	795.19	3.9034	4.2546
833824175463	1414.62	816.87	1435.03	793.21	3.9025	4.2526
833824183796	1418.73	819.76	1435.26	793.62	3.9103	4.2586
833824192129	1416.97	815.88	1430.38	802.85	3.9087	4.2651
833824200463	1410.15	817.84	1436.91	799.07	3.9060	4.2705
833824208795	1412.53	828.70	1431.64	809.46	3.9306	4.2788
833824217128	1417.18	819.27	1435.30	807.57	3.9263	4.2825
833824225462	1416.36	828.04	1437.04	811.77	3.9472	4.2824
833824233795	1406.53	827.37	1433.97	819.95	3.9380	4.2861
833824242128	1405.07	833.42	1434.98	818.71	3.9484	4.2874
833824250466	1404.04	832.54	1433.38	824.71	3.9537	4.2960
833824258799	1412.32	834.95	1429.44	822.90	3.9659	4.2961
833824267132	1411.38	829.08	1434.09	831.97	3.9624	4.3000
833824275466	1394.55	799.31	1410.27	831.31	3.9948	4.3190
833824283799	1376.32	737.83	1391.97	770.79	3.9861	4.3264
833824292131	1366.12	729.48	1399.95	730.03	4.0005	4.3346
833824300465	1364.24	724.79	1391.66	712.41	4.0095	4.3461
833824308798	1361.32	719.96	1380.73	721.99	4.0041	4.3593
833824317131	1374.47	738.30	1384.03	728.21	4.0250	4.3620
833824325464	1370.50	734.70	1384.41	725.04	4.0417	4.3751
833824333798	1368.55	728.10	1381.74	720.82	4.0336	4.3850
833824342131	1363.37	725.91	1380.62	710.84	4.0432	4.3837
833824350465	1368.43	726.72	1379.95	717.19	4.0479	4.4019
833824358798	1367.48	721.51	1378.23	713.26	4.0693	4.3991
833824367131	1365.11	719.92	1377.11	716.98	4.0663	4.4170
833824375463	1362.28	719.45	1377.68	710.85	4.0777	4.4115
833824383802	1367.98	718.75	1377.03	714.40	4.0761	4.4265
833824392135	1369.63	715.92	1376.36	703.33	4.0869	4.4201
833824400468	1369.95	704.60	1375.23	712.59	4.0854	4.4406
833824408802	1366.95	711.53	1373.55	718.91	4.0961	4.4500
833824417135	1368.26	714.00	1373.83	720.64	4.1027	4.4525
833824425468	1364.86	716.43	1376.66	717.44	4.0985	4.4628
833824433802	1363.71	717.57	1379.15	717.48	4.1143	4.4658
833824442135	1365.61	707.19	1377.09	718.62	4.1123	4.4712
833824450469	1365.45	714.21	1373.72	717.93	4.1119	4.4768
833824458801	1365.43	715.44	1376.91	718.03	4.1290	4.4852
833824467134	1364.70	712.43	1375.07	718.01	4.1374	4.4876
833824475468	1365.57	708.89	1380.07	718.58	4.1271	4.4905
833824483801	1365.34	711.85	1379.19	717.75	4.1509	4.4990
833824492134	1369.26	703.23	1385.70	723.37	4.1474	4.5054
833824500467	1363.14	703.00	1385.04	721.17	4.1481	4.5034
833824508801	1367.25	707.43	1377.11	726.30	4.1591	4.5120
833824517139	1365.56	704.44	1381.92	724.29	4.1698	4.5119
833824525472	1363.62	699.37	1380.41	726.79	4.1786	4.5122
833824533806	1363.15	702.25	1377.05	726.22	4.1664	4.5188
833824542138	1366.09	707.26	1377.17	729.78	4.1744	4.5300
833824550471	1357.80	713.02	1368.80	722.01	4.1865	4.5244
833824558805	1277.14	706.75	1293.85	735.74	4.2066	4.5523
833824567138	1188.09	714.12	1204.59	752.82	4.1893	4.5574
833824575471	1154.84	731.69	1175.09	739.97	4.1763	4.5373
833824583805	1089.52	723.30	1122.54	725.51	4.1816	4.5555
833824592138	1072.65	734.85	1076.41	745.54	4.1939	4.5602
833824600471	1074.25	713.22	1061.90	733.37	4.1910	4.5689
833824608805	1090.23	715.95	1076.59	728.11	4.1993	4.5713
833824617138	1078.53	722.31	1064.29	725.03	4.1982	4.5663
833824625470	1080.62	729.20	1060.63	729.55	4.1929	4.5643
833824633804	1078.76	729.48	1058.81	733.29	4.1912	4.5745
833824642137	1079.89	719.23	1060.41	729.81	4.1846	4.5845
833824650475	1083.35	720.30	1059.36	735.75	4.1913	4.5826
833824658809	1083.10	716.44	1063.99	738.46	4.1999	4.5921
833824667142	1093.75	717.95	1065.99	741.07	4.2099	4.5884
833824675475	1089.33	718.54	1057.53	742.71	4.2113	4.5910
833824683809	1088.56	719.54	1059.01	743.03	4.2065	4.5965
833824692142	1084.47	717.21	1062.98	744.91	4.2063	4.6026
833824700475	1081.57	715.27	1064.48	741.10	4.2038	4.5921
833824708808	1086.95	716.18	1060.72	741.30	4.2106	4.6020
833824717141	1082.55	719.60	1059.56	740.21	4.2148	4.6060
833824725474	1084.05	719.94	1058.34	740.67	4.2197	4.6044
833824733808	1076.21	712.47	1060.91	736.31	4.2112	4.6079
833824742141	1076.26	717.00	1065.80	734.87	4.2184	4.6127
833824750474	1068.74	718.03	1063.52	734.07	4.2205	4.6078
833824758807	1069.00	709.37	1067.55	733.38	4.2152	4.6151
833824767141	1072.17	716.85	1069.90	727.01	4.2325	4.5984
833824775478	1068.06	710.09	1067.51	731.42	4.2274	4.5999
833824783811	1068.31	709.11	1071.01	733.48	4.2200	4.5950
833824792144	1069.15	706.00	1070.84	737.10	4.2286	4.6012
833824800477	1073.60	707.09	1072.60	731.72	4.2164	4.5894
833824808810	1075.05	705.28	1072.07	738.18	4.2185	4.5951
833824817144	1075.71	703.50	1068.30	739.09	4.2181	4.5880
833824825477	1074.31	705.61	1065.69	743.75	4.2150	4.5876
833824833810	1071.83	707.22	1069.01	743.70	4.2030	4.5860
833824842144	1039.65	715.47	1059.17	747.12	4.2188	4.5719
833824850477	991.99	741.62	950.28	755.39	4.2193	4.5899
833824858811	935.46	750.01	967.46	768.21	4.1940	4.5689
833824867144	977.28	754.66	989.38	773.74	4.1945	4.5745
833824875476	977.00	754.63	983.58	775.64	4.1988	4.5654
833824883809	969.45	749.56	983.37	771.60	4.1960	4.5630
833824892143	977.69	757.27	975.60	771.94	4.1882	4.5566
833824900476	974.91	755.48	977.89	774.00	4.1809	4.5567
833824908816	974.87	754.53	977.93	770.91	4.1781	4.5559
833824917150	978.15	758.60	978.78	776.72	4.1854	4.5488
833824925483	985.77	760.20	977.82	769.68	4.1806	4.5387
833824933816	973.96	758.36	979.24	775.35	4.1802	4.5389
833824942150	977.55	757.21	981.16	775.69	4.1730	4.5499
833824950483	975.40	751.81	979.14	771.71	4.1690	4.5287
833824958816	982.04	756.67	982.02	776.55	4.1626	4.5329
833824967149	977.96	765.46	977.69	771.57	4.1773	4.5393
833824975482	985.24	765.90	981.63	775.65	4.1830	4.5355
833824983816	984.76	765.57	979.38	771.87	4.1731	4.5208
833824992149	983.93	763.98	978.59	772.66	4.1705	4.5240
833825000482	988.41	771.37	981.09	773.74	4.1815	4.5276
833825008815	989.92	772.15	984.98	775.53	4.1733	4.5264
833825017148	982.70	765.07	981.25	772.58	4.1669	4.5252
833825025481	983.21	768.20	980.97	764.99	4.1664	4.5102
833825033814	986.44	762.05	988.75	771.97	4.1653	4.5207
833825042152	989.55	765.39	982.60	768.03	4.1614	4.5091
833825050485	984.57	765.79	985.55	771.72	4.1622	4.5237
833825058818	995.32	765.76	986.91	769.77	4.1708	4.5181
833825067152	988.03	762.90	981.72	760.75	4.1539	4.5127
833825075485	994.06	762.98	985.41	770.31	4.1617	4.5160
833825083818	990.16	760.75	985.66	769.91	4.1541	4.5219
833825092152	988.80	761.23	983.88	769.44	4.1584	4.5178
833825100484	990.48	759.74	988.62	770.03	4.1466	4.5127
833825108817	984.97	762.07	987.38	772.62	4.1490	4.5164
833825117151	989.59	767.59	988.63	774.91	4.1444	4.5109
833825125484	987.59	775.26	986.07	774.50	4.1495	4.5195
833825133817	983.16	770.45	981.16	771.55	4.1315	4.5070
833825142151	981.90	781.07	980.80	782.64	4.1409	4.5131
833825150484	982.17	778.18	983.21	787.00	4.1428	4.5147
833825158817	986.41	782.03	980.94	784.66	4.1422	4.5166
833825167151	957.91	782.38	949.22	768.68	4.1313	4.5078
833825175489	888.42	783.66	888.26	775.81	4.1310	4.4752
833825183821	896.04	776.00	904.67	766.32	4.1331	4.4909
833825192155	909.50	770.67	912.55	766.00	4.1361	4.4911
833825200488	905.03	775.32	906.68	757.42	4.1348	4.4781
833825208821	903.17	777.19	911.37	768.52	4.1263	4.4939
833825217155	898.98	776.96	904.03	761.73	4.1239	4.4805
833825225488	901.97	775.67	903.76	762.28	4.1189	4.4747
833825233821	906.85	779.21	908.05	770.56	4.1228	4.4864
833825242155	909.15	782.26	911.73	775.16	4.1182	4.4879
833825250488	913.78	783.38	909.38	779.35	4.1130	4.4885
833825258821	915.39	782.19	903.06	767.29	4.1227	4.4763
833825267154	921.37	787.63	907.06	771.63	4.1223	4.4732
833825275487	919.19	781.11	913.42	786.85	4.1184	4.4998
833825283820	922.11	780.16	913.58	784.29	4.1058	4.4859
833825292154	920.77	778.14	915.12	789.36	4.1095	4.4956
833825300490	914.94	774.31	914.11	786.64	4.0922	4.4952
833825308823	924.89	783.10	911.50	780.33	4.1050	4.4858
833825317157	923.80	789.77	909.76	788.18	4.1144	4.4919
833825325490	922.54	780.35	913.00	782.07	4.0970	4.4849
833825333823	919.23	784.70	911.24	788.00	4.1070	4.4922
833825342156	923.26	788.54	917.05	788.79	4.1108	4.4894
833825350489	921.02	791.59	916.41	787.50	4.1142	4.4893
833825358822	916.01	782.87	915.28	786.81	4.0998	4.4930
833825367156	919.80	791.47	912.98	787.07	4.1089	4.4904
833825375489	915.54	790.28	916.92	787.35	4.1035	4.4905
833825383822	911.41	783.60	910.01	784.77	4.0892	4.4767
833825392156	908.68	789.78	914.95	791.08	4.1028	4.4892
833825400489	916.28	796.37	914.13	783.01	4.1149	4.4800
833825408822	918.13	798.23	916.64	786.98	4.1092	4.4893
833825417156	912.05	792.12	913.83	795.14	4.1052	4.4867
833825425489	915.00	798.44	913.12	785.14	4.1120	4.4881
833825433827	917.95	792.08	912.32	785.01	4.1081	4.4883
833825442160	911.33	790.47	915.48	793.37	4.1092	4.4856
833825450494	911.96	790.48	913.95	784.15	4.0984	4.4751
833825458827	912.22	795.99	916.14	793.83	4.1108	4.4868
833825467160	913.17	790.04	914.76	792.51	4.1053	4.4825
833825475494	913.92	781.54	908.79	779.82	4.0976	4.4785
833825483827	913.65	781.33	912.23	787.01	4.1063	4.4855
833825492160	919.22	785.61	912.19	787.21	4.1066	4.4774
833825500494	914.51	782.92	908.87	785.25	4.1116	4.4739
833825508827	920.27	794.18	908.13	786.91	4.1167	4.4706
833825517160	911.22	791.15	910.81	787.90	4.1122	4.4850
833825525493	988.20	784.84	986.52	782.80	4.1145	4.4819
833825533824	1029.41	789.15	1061.36	750.59	4.1301	4.4602
833825542159	1069.12	754.46	1094.34	758.69	4.1199	4.4647
833825550493	1078.21	709.22	1095.38	726.63	4.1108	4.4720
833825558826	1081.27	706.20	1100.90	720.19	4.1066	4.4688
833825567164	1074.45	705.00	1085.80	724.27	4.1110	4.4547
833825575498	1079.49	713.45	1091.01	733.57	4.1293	4.4696
833825583831	1076.86	713.45	1091.32	731.03	4.1310	4.4714
833825592164	1084.99	710.84	1097.62	737.73	4.1251	4.4786
833825600497	1085.10	715.67	1092.64	737.43	4.1237	4.4778
833825608830	1084.49	716.54	1092.16	733.57	4.1285	4.4700
833825617163	1080.02	716.16	1097.36	741.38	4.1254	4.4695
833825625497	1080.78	717.70	1092.99	739.99	4.1341	4.4694
833825633830	1085.36	719.22	1097.51	748.25	4.1319	4.4763
833825642163	1078.55	721.04	1099.84	737.92	4.1184	4.4680
833825650497	1082.63	724.50	1100.61	746.54	4.1259	4.4799
833825658830	1081.67	728.47	1102.55	748.81	4.1293	4.4775
833825667163	1086.59	728.73	1106.02	751.57	4.1344	4.4778
833825675497	1082.92	729.14	1101.18	750.73	4.1350	4.4749
833825683830	1085.20	726.79	1102.24	751.87	4.1405	4.4752
833825692164	1085.69	724.97	1102.48	752.57	4.1222	4.4777
833825700498	1086.96	726.02	1103.60	754.08	4.1332	4.4784
833825708831	1085.71	723.60	1105.44	756.76	4.1332	4.4787
833825717164	1085.12	721.62	1106.52	750.62	4.1233	4.4679
833825725498	1087.87	721.16	1102.44	757.48	4.1273	4.4803
833825733831	1090.69	716.44	1109.44	759.08	4.1273	4.4816
833825742164	1092.16	724.77	1109.16	757.25	4.1283	4.4809
