t	gaze_point_LX	gaze_point_LY	gaze_point_RX	gaze_point_RY	pupil_diameter_L	pupil_diameter_R
88313024867	1253.59	870.22	1249.81	899.24	4.3465	4.1856
88313033201	1253.31	869.83	1246.11	901.38	4.3471	4.1804
88313041533	1251.58	871.01	1250.72	900.46	4.3266	4.2033
88313049867	1257.93	870.87	1245.87	903.26	4.3441	4.1878
88313058201	1258.10	873.44	1254.11	901.53	4.3375	4.1861
88313066533	1253.99	873.28	1249.20	905.76	4.3425	4.1935
88313074865	1254.09	874.49	1253.86	902.27	4.3508	4.1908
88313083198	1251.93	874.09	1251.09	907.27	4.3558	4.2080
88313091532	1257.86	872.01	1245.37	907.96	4.3778	4.2064
88313099865	1250.78	875.77	1256.08	906.74	4.3635	4.2130
88313108198	1253.51	868.94	1261.92	903.21	4.3728	4.2215
88313116532	1297.05	850.25	1289.34	884.32	4.3849	4.2334
88313124865	1308.89	835.28	1322.66	850.62	4.3728	4.2212
88313133199	1306.85	780.36	1320.05	812.72	4.3880	4.2102
88313141532	1303.83	754.65	1317.52	764.06	4.3750	4.1672
88313149869	1308.96	751.71	1311.62	770.10	4.3727	4.2166
88313158204	1309.42	763.06	1309.38	783.26	4.4050	4.2262
88313166534	1314.97	757.85	1305.57	785.32	4.3886	4.2287
88313174868	1311.90	764.07	1314.50	783.40	4.3906	4.2281
88313183202	1312.54	751.91	1309.54	784.33	4.3759	4.2309
88313191534	1311.65	759.57	1307.06	778.38	4.3972	4.2239
88313199868	1312.09	757.70	1305.87	780.21	4.3989	4.2222
88313208201	1308.99	754.64	1306.60	779.44	4.3960	4.2371
88313216535	1307.88	757.09	1307.47	775.84	4.4186	4.2231
88313224868	1307.37	755.20	1307.42	775.34	4.4051	4.2218
88313233201	1304.88	753.48	1308.43	785.70	4.4082	4.2446
88313241535	1308.25	759.62	1304.06	782.96	4.4213	4.2378
88313249867	1309.28	761.21	1306.10	785.89	4.4216	4.2529
88313258200	1306.48	759.10	1303.75	781.88	4.4176	4.2606
88313266534	1307.68	757.68	1305.54	782.33	4.4354	4.2499
88313274870	1307.41	754.01	1307.72	785.05	4.4304	4.2693
88313283203	1305.17	754.03	1313.34	778.57	4.4224	4.2555
88313291536	1309.86	759.91	1311.20	778.61	4.4310	4.2690
88313299870	1310.96	757.61	1307.28	780.47	4.4396	4.2685
88313308203	1303.27	758.65	1308.41	786.96	4.4428	4.2824
88313316536	1304.50	755.57	1314.61	774.02	4.4473	4.2735
88313324870	1305.04	755.78	1309.08	778.24	4.4531	4.2812
88313333203	1305.78	757.26	1309.58	774.10	4.4544	4.2844
88313341536	1309.67	759.38	1305.34	774.56	4.4613	4.3020
88313349869	1301.00	762.09	1295.73	777.79	4.4794	4.2981
88313358202	1275.25	748.00	1282.77	760.24	4.4701	4.3174
88313366536	1259.33	726.63	1281.45	743.53	4.4642	4.3111
88313374868	1274.08	720.31	1287.37	734.90	4.4841	4.3241
88313383202	1266.43	717.26	1281.81	733.02	4.4648	4.3203
88313391536	1267.85	720.29	1285.34	735.07	4.5025	4.3121
88313399871	1272.05	729.82	1283.88	742.35	4.5026	4.3219
88313408211	1276.18	728.19	1282.17	739.61	4.4998	4.3341
88313416542	1271.49	726.84	1282.61	741.81	4.4967	4.3561
88313424875	1274.97	728.22	1280.14	733.00	4.5071	4.3377
88313433208	1274.38	724.70	1282.69	744.22	4.5149	4.3498
88313441541	1275.78	725.28	1284.83	735.93	4.5248	4.3368
88313449875	1275.92	723.14	1279.82	736.17	4.5217	4.3573
88313458208	1275.75	728.71	1278.61	733.34	4.5246	4.3690
88313466542	1273.23	723.87	1283.14	737.39	4.5305	4.3711
88313474875	1279.08	722.16	1284.88	731.46	4.5290	4.3710
88313483208	1273.88	727.34	1286.94	739.66	4.5421	4.3817
88313491542	1276.65	726.61	1278.55	739.49	4.5484	4.3961
88313499874	1277.09	724.75	1281.13	732.35	4.5481	4.3810
88313508208	1274.84	728.51	1286.46	738.42	4.5680	4.3951
88313516541	1274.34	723.02	1282.06	741.57	4.5729	4.3929
88313524873	1270.96	724.84	1287.43	740.49	4.5691	4.4153
88313533207	1277.32	725.49	1280.68	736.22	4.5831	4.3926
88313541545	1273.61	724.01	1278.24	734.98	4.5779	4.4199
88313549879	1273.43	729.00	1282.37	738.66	4.6026	4.4128
88313558212	1272.11	725.32	1279.48	747.22	4.5887	4.4402
88313566545	1266.50	721.12	1277.28	745.89	4.5905	4.4423
88313574879	1268.82	724.40	1284.05	746.55	4.6120	4.4551
88313583212	1272.73	719.56	1279.56	746.00	4.6190	4.4507
88313591545	1272.50	719.45	1281.39	746.36	4.6088	4.4533
88313599878	1270.35	718.71	1280.53	746.53	4.6395	4.4697
88313608211	1265.53	716.43	1276.56	746.31	4.6303	4.4683
88313616544	1267.11	721.28	1276.43	747.95	4.6429	4.4729
88313624877	1268.19	719.70	1270.41	750.80	4.6336	4.4675
88313633211	1274.62	717.44	1274.31	750.14	4.6442	4.4882
88313641545	1275.99	726.86	1273.80	747.46	4.6595	4.4661
88313649877	1269.49	722.97	1278.50	747.65	4.6438	4.4794
88313658211	1271.88	724.61	1276.68	742.06	4.6564	4.4824
88313666547	1274.89	722.03	1278.98	740.26	4.6682	4.4755
88313674881	1270.12	721.04	1283.30	752.46	4.6594	4.5031
88313683214	1274.32	725.51	1278.99	745.49	4.6797	4.4986
88313691546	1273.56	723.56	1280.64	745.63	4.6565	4.5064
88313699880	1272.09	724.06	1281.51	747.74	4.6812	4.5139
88313708213	1271.87	723.33	1280.55	752.99	4.6913	4.5157
88313716547	1271.03	721.52	1280.19	746.90	4.6908	4.5127
88313724880	1275.29	721.05	1283.75	757.16	4.6983	4.5208
88313733213	1276.95	724.41	1281.92	749.23	4.7173	4.5112
88313741546	1270.29	721.20	1282.32	749.84	4.6985	4.5293
88313749879	1274.49	716.60	1280.23	749.02	4.7064	4.5327
88313758213	1277.66	720.44	1273.79	748.99	4.7076	4.5351
88313766546	1279.47	724.38	1272.01	750.77	4.7224	4.5525
88313774879	1278.03	726.08	1276.44	753.29	4.7311	4.5459
88313783212	1275.64	724.46	1267.02	750.08	4.7194	4.5433
88313791545	1279.89	730.11	1269.75	750.82	4.7410	4.5528
88313799885	1278.33	722.58	1271.50	761.03	4.7565	4.5589
88313808218	1275.39	731.25	1268.60	756.87	4.7301	4.5595
88313816551	1271.43	725.33	1280.29	744.98	4.7423	4.5378
88313824885	1273.91	722.28	1274.32	757.58	4.7484	4.5624
88313833218	1269.62	723.31	1281.03	756.63	4.7475	4.5726
88313841551	1270.98	724.22	1278.08	757.02	4.7670	4.5782
88313849885	1274.74	725.71	1283.52	750.78	4.7657	4.5612
88313858218	1276.56	724.67	1275.46	748.53	4.7713	4.5500
88313866550	1276.81	726.27	1275.16	750.05	4.7763	4.5589
88313874883	1278.31	723.89	1276.05	753.10	4.7795	4.5655
88313883217	1281.78	726.14	1270.42	756.87	4.7771	4.5680
88313891550	1266.39	739.76	1255.92	767.66	4.7714	4.5672
88313899883	1213.96	785.56	1213.91	793.27	4.7712	4.5582
88313908217	1192.63	811.35	1182.94	812.32	4.7671	4.5587
88313916550	1202.10	830.20	1180.89	838.36	4.7654	4.5516
88313924886	1206.62	830.29	1186.10	842.82	4.7402	4.5515
88313933223	1204.12	826.89	1184.53	836.50	4.7303	4.5252
88313941556	1198.72	822.25	1183.13	834.16	4.7228	4.5001
88313949890	1206.01	829.43	1186.71	834.71	4.7056	4.4704
88313958222	1205.17	828.32	1186.52	836.08	4.6883	4.4391
88313966555	1206.06	822.98	1186.91	825.14	4.6779	4.4095
88313974889	1202.03	830.30	1182.27	833.02	4.6568	4.4111
88313983222	1200.82	821.81	1189.27	830.20	4.6375	4.3814
88313991555	1197.74	823.60	1177.60	821.50	4.6077	4.3463
88313999888	1200.55	825.84	1188.99	818.38	4.5971	4.3063
88314008222	1201.53	829.03	1183.04	817.01	4.5703	4.2963
88314016555	1206.73	824.32	1178.68	822.78	4.5772	4.2731
88314024888	1209.14	832.67	1180.17	817.22	4.5651	4.2551
88314033222	1206.76	829.30	1172.65	821.89	4.5355	4.2487
88314041554	1201.34	824.48	1182.68	815.95	4.5112	4.1948
88314049888	1208.95	826.81	1179.60	821.86	4.5129	4.2005
88314058221	1202.86	828.82	1175.28	822.39	4.4998	4.1826
88314066558	1205.05	823.84	1170.74	816.53	4.4722	4.1523
88314074891	1203.67	822.47	1170.06	808.92	4.4505	4.1408
88314083223	1197.58	817.91	1173.60	818.32	4.4303	4.1237
88314091557	1204.66	823.24	1175.82	818.90	4.4229	4.1137
88314099891	1206.18	824.65	1174.23	812.56	4.4156	4.1016
88314108223	1203.91	823.43	1170.96	816.55	4.4039	4.0849
88314116557	1195.87	821.21	1174.44	812.30	4.3880	4.0865
88314124890	1202.88	819.86	1174.32	813.31	4.3791	4.0529
88314133224	1202.61	818.92	1175.09	812.96	4.3636	4.0416
88314141557	1201.29	821.63	1172.19	819.88	4.3410	4.0501
88314149889	1205.84	823.90	1173.56	820.41	4.3350	4.0441
88314158223	1202.47	820.60	1174.49	820.16	4.3351	4.0503
88314166556	1201.89	822.36	1176.82	821.65	4.3290	4.0322
88314174890	1200.57	817.94	1178.01	813.05	4.3113	4.0123
88314183223	1199.63	820.85	1177.72	809.19	4.3283	3.9928
88314191559	1199.54	820.81	1169.81	807.64	4.3021	3.9922
88314199893	1204.44	818.27	1173.15	808.25	4.2967	3.9827
88314208225	1206.56	823.14	1172.64	811.02	4.2797	3.9796
88314216559	1209.04	820.83	1169.56	805.97	4.2912	3.9724
88314224893	1201.70	819.68	1174.63	799.55	4.2852	3.9521
88314233224	1200.59	820.56	1175.93	809.17	4.2698	3.9666
88314241558	1202.92	821.64	1170.76	804.13	4.2571	3.9463
88314249891	1197.96	820.99	1172.50	812.01	4.2435	3.9601
88314258225	1200.73	818.67	1169.47	809.47	4.2580	3.9286
88314266558	1202.08	823.60	1175.27	811.71	4.2333	3.9172
88314274891	1201.66	819.23	1170.30	814.67	4.2204	3.9281
88314283225	1198.26	824.93	1171.65	814.40	4.2300	3.9311
88314291558	1203.28	820.48	1170.64	816.57	4.2267	3.9252
88314299892	1215.06	831.43	1185.11	817.40	4.2106	3.9036
88314308225	1265.04	841.32	1236.82	831.19	4.2206	3.9038
88314316558	1285.65	845.65	1263.98	830.92	4.2114	3.8604
88314324895	1292.37	845.05	1273.32	834.56	4.2038	3.8726
88314333228	1290.45	846.14	1264.11	840.28	4.1923	3.8759
88314341562	1297.70	845.28	1269.14	843.47	4.1871	3.8697
88314349896	1295.21	847.15	1261.10	841.00	4.1870	3.8621
88314358228	1293.74	852.83	1270.07	841.26	4.1839	3.8615
88314366562	1296.14	845.68	1260.51	837.94	4.1757	3.8419
88314374895	1290.26	848.58	1261.77	844.72	4.1702	3.8520
88314383229	1289.84	852.19	1257.86	841.35	4.1706	3.8382
88314391562	1289.67	852.19	1260.53	852.13	4.1552	3.8629
88314399894	1291.88	849.07	1264.84	840.75	4.1356	3.8414
88314408228	1288.22	847.06	1263.88	845.46	4.1326	3.8297
88314416561	1291.99	848.08	1267.13	846.89	4.1229	3.8478
88314424894	1291.39	852.54	1258.43	847.09	4.1266	3.8373
88314433228	1296.25	850.18	1266.87	841.28	4.1223	3.8276
88314441561	1292.60	852.17	1265.87	838.29	4.1178	3.8183
88314449894	1294.02	845.44	1262.31	845.92	4.1141	3.8152
88314458233	1290.01	849.73	1261.93	845.51	4.1127	3.8002
88314466567	1291.86	855.75	1261.30	846.91	4.1090	3.8275
88314474900	1293.94	850.37	1263.34	841.35	4.0876	3.8046
88314483232	1292.47	849.23	1259.16	846.79	4.0973	3.8189
88314491566	1291.57	843.85	1259.90	842.98	4.0681	3.7859
88314499899	1349.23	865.11	1324.02	850.35	4.0713	3.8036
88314508233	1429.72	886.88	1403.20	886.26	4.0786	3.8312
88314516566	1481.13	898.77	1456.67	901.77	4.0760	3.8255
88314524899	1507.37	909.03	1478.79	915.40	4.0861	3.8056
88314533235	1507.23	905.46	1474.12	919.18	4.0849	3.7976
88314541568	1506.98	903.43	1479.05	911.14	4.0743	3.7960
88314549901	1506.11	910.69	1475.54	914.33	4.0765	3.7831
88314558235	1506.62	910.05	1473.53	912.60	4.0717	3.7989
88314566567	1508.49	909.41	1478.37	905.66	4.0501	3.7776
88314574900	1508.66	905.08	1467.67	913.44	4.0383	3.7859
88314583233	1509.32	908.05	1471.64	907.73	4.0347	3.7916
88314591572	1509.36	909.77	1464.47	916.65	4.0654	3.8063
88314599905	1506.68	910.54	1469.05	912.59	4.0416	3.7881
88314608238	1509.01	906.98	1469.42	913.47	4.0250	3.7749
88314616572	1507.19	907.11	1468.24	910.86	4.0369	3.7842
88314624905	1507.91	909.82	1470.07	910.17	4.0242	3.7758
88314633239	1508.68	899.68	1472.99	908.39	4.0211	3.7740
88314641572	1509.68	907.26	1467.59	913.14	4.0146	3.7859
88314649905	1507.80	901.82	1463.42	911.11	4.0116	3.7754
88314658239	1505.92	899.15	1468.28	914.25	4.0138	3.7897
88314666570	1505.71	904.12	1472.97	915.58	3.9967	3.7900
88314674904	1502.24	902.48	1470.18	914.01	4.0039	3.7897
88314683238	1505.79	903.37	1468.96	910.25	4.0087	3.7819
88314691570	1506.67	898.24	1467.89	914.42	3.9875	3.7873
88314699904	1505.35	903.90	1467.86	911.37	4.0087	3.7770
88314708237	1505.64	902.35	1472.09	908.96	3.9959	3.7768
88314716575	1503.86	900.57	1474.84	908.14	3.9831	3.7664
88314724908	1503.50	894.72	1468.08	911.33	3.9669	3.7843
88314733241	1505.34	893.57	1464.86	907.97	3.9720	3.7516
88314741575	1503.47	900.47	1466.97	903.54	3.9765	3.7661
88314749907	1504.04	902.28	1466.69	906.05	3.9704	3.7719
88314758241	1500.67	897.14	1461.72	906.11	3.9588	3.7685
88314766574	1498.97	899.09	1465.11	908.41	3.9714	3.7827
88314774907	1506.22	894.82	1466.30	908.91	3.9731	3.7721
88314783240	1502.32	897.21	1469.60	905.31	3.9455	3.7772
88314791573	1501.62	896.56	1470.49	906.72	3.9573	3.7641
88314799907	1506.87	891.49	1476.10	900.74	3.9429	3.7564
88314808241	1500.38	894.56	1472.40	904.34	3.9483	3.7454
88314816573	1505.17	891.81	1472.54	901.05	3.9604	3.7596
88314824907	1491.11	891.27	1463.48	905.53	3.9592	3.7697
88314833240	1419.27	857.46	1407.10	870.59	3.9389	3.7608
88314841573	1313.41	827.19	1303.46	826.80	3.9461	3.7621
88314849910	1211.15	744.86	1198.38	756.23	3.8921	3.7525
88314858243	1111.40	672.63	1122.21	626.55	3.8939	3.6800
88314866575	1048.41	597.78	1051.69	596.37	3.8627	3.7439
88314874908	958.46	534.42	971.15	558.79	3.8610	3.8011
88314883241	930.64	499.14	943.90	522.84	3.8216	3.7715
88314891575	943.14	497.71	943.06	526.40	3.8653	3.7935
88314899908	941.77	490.44	938.73	516.72	3.8623	3.7983
88314908241	938.08	483.94	943.48	512.15	3.8316	3.7983
88314916574	941.18	487.74	944.01	518.43	3.8565	3.7895
88314924908	942.09	484.01	944.60	520.36	3.8462	3.7826
88314933240	940.63	487.99	948.17	530.62	3.8644	3.7999
88314941573	936.41	496.66	943.59	522.98	3.8670	3.7906
88314949907	929.17	482.94	943.80	517.19	3.8390	3.7822
88314958240	936.55	490.10	947.04	527.40	3.8502	3.8062
88314966574	933.73	491.66	944.06	520.23	3.8551	3.7806
88314974907	941.13	493.95	949.44	530.12	3.8720	3.7978
88314983246	936.99	489.98	945.53	521.65	3.8649	3.7879
88314991580	938.72	490.16	948.03	524.26	3.8721	3.7940
88314999913	935.90	493.13	945.51	527.97	3.8629	3.8082
88315008246	934.29	487.55	943.99	528.71	3.8612	3.8138
88315016579	937.11	491.43	945.22	520.25	3.8624	3.8024
88315024912	933.13	485.04	945.96	519.27	3.8731	3.8117
88315033245	933.55	494.07	941.26	524.03	3.8892	3.8020
88315041578	938.22	491.83	946.07	522.64	3.8794	3.8092
88315049912	933.94	496.07	950.74	523.85	3.8715	3.8013
88315058245	932.33	490.90	943.66	520.64	3.8720	3.8103
88315066578	934.19	495.45	943.18	513.28	3.8969	3.7854
88315074911	936.17	489.53	946.47	517.19	3.8799	3.8069
88315083244	941.02	486.67	934.84	515.03	3.8746	3.8130
88315091578	933.45	487.05	937.17	514.96	3.8721	3.7964
88315099911	940.03	495.69	940.91	514.96	3.8985	3.8061
88315108244	942.45	483.58	935.77	516.97	3.8783	3.8180
88315116580	932.97	489.02	933.14	523.30	3.8656	3.8226
88315124912	937.78	494.58	936.96	522.69	3.9007	3.8124
88315133246	938.85	499.17	941.74	526.74	3.8992	3.8206
88315141580	933.27	495.10	942.66	522.42	3.8988	3.7926
88315149912	942.65	496.02	936.44	517.76	3.9039	3.8089
88315158246	939.16	491.19	937.28	523.61	3.8980	3.8116
88315166579	938.26	493.87	938.93	527.62	3.9034	3.8167
88315174913	941.42	504.04	940.25	526.36	3.9209	3.8112
88315183246	944.17	505.92	938.99	524.92	3.9282	3.7953
88315191579	936.73	490.94	934.54	518.47	3.9026	3.8024
88315199913	932.55	498.20	939.29	523.49	3.9104	3.8196
88315208245	940.91	501.09	941.58	529.51	3.9048	3.8160
88315216579	936.68	485.89	937.94	529.61	3.8963	3.8041
88315224912	946.73	503.25	939.13	523.86	3.9138	3.7978
88315233245	936.31	527.85	941.05	550.79	3.9034	3.8187
88315241584	937.63	605.68	939.83	623.18	3.9184	3.8138
88315249916	949.94	748.31	942.32	737.45	3.9952	3.8244
88315258250	931.57	817.29	912.01	807.19	3.9760	3.7921
88315266583	948.69	900.18	932.67	872.07	3.9765	3.7889
88315274916	972.21	924.49	942.06	904.80	3.9814	3.7865
88315283250	974.94	929.98	941.18	912.43	3.9777	3.7721
88315291582	970.04	936.82	943.60	911.97	3.9736	3.7882
88315299916	968.79	933.78	947.16	915.12	3.9685	3.7707
88315308249	984.15	936.44	949.80	912.79	3.9428	3.7749
88315316582	973.26	945.06	949.03	916.75	3.9476	3.7833
88315324916	975.35	961.14	953.60	927.44	3.9290	3.7536
88315333249	979.58	964.88	970.02	939.80	3.9347	3.7695
88315341583	983.53	964.03	966.88	949.24	3.9377	3.7774
88315349916	973.96	955.60	959.12	949.35	3.9511	3.8008
88315358249	967.81	940.51	952.97	937.02	3.9589	3.7887
88315366582	964.52	928.53	946.77	919.69	3.9646	3.7811
88315374922	961.53	923.76	945.69	921.69	3.9662	3.8180
88315383255	966.90	929.96	944.20	922.40	3.9676	3.8032
88315391588	965.24	931.30	953.33	926.16	3.9825	3.8218
88315399921	966.58	927.43	949.51	926.67	3.9756	3.8367
88315408255	970.28	930.37	947.86	929.01	3.9863	3.8496
88315416588	966.05	928.65	950.62	923.25	3.9971	3.8465
88315424922	968.36	928.81	956.31	921.52	4.0100	3.8448
88315433255	965.91	928.19	952.26	925.70	4.0123	3.8480
88315441588	967.78	931.02	945.82	925.45	4.0288	3.8711
88315449922	967.62	927.48	947.56	922.53	4.0444	3.8656
88315458255	968.67	932.37	948.47	917.72	4.0396	3.8783
88315466587	968.33	928.55	942.12	926.95	4.0452	3.8899
88315474921	966.54	927.32	946.72	921.42	4.0633	3.8919
88315483254	965.20	932.61	952.78	928.74	4.0678	3.9034
88315491587	962.89	931.23	953.47	929.53	4.0643	3.9189
88315499920	972.57	935.14	946.13	931.52	4.0871	3.9271
88315508258	964.70	932.23	946.86	934.14	4.0867	3.9268
88315516591	963.22	929.88	948.52	931.89	4.0851	3.9315
88315524924	968.26	932.00	950.03	928.43	4.1015	3.9399
88315533258	967.74	931.52	953.58	928.95	4.1060	3.9540
88315541591	965.31	933.33	947.84	923.11	4.1237	3.9475
88315549925	969.75	935.08	953.87	925.42	4.1237	3.9648
88315558257	963.71	935.52	950.52	923.56	4.1260	3.9621
88315566590	963.50	934.23	954.83	920.39	4.1321	3.9598
88315574924	966.52	937.42	946.43	929.14	4.1482	3.9853
88315583257	963.97	940.50	955.92	933.11	4.1438	3.9874
88315591590	964.53	942.34	956.34	921.65	4.1581	3.9789
88315599924	966.35	941.23	954.46	923.88	4.1544	3.9829
88315608257	960.55	938.93	954.61	928.02	4.1508	4.0033
88315616590	999.39	931.81	992.01	931.11	4.1669	4.0105
88315624923	1093.19	919.15	1102.15	922.83	4.1909	4.0444
88315633260	1174.44	883.25	1194.24	877.47	4.1862	4.0332
88315641593	1257.18	847.66	1269.39	826.07	4.1781	3.9926
88315649928	1331.19	809.19	1353.05	797.85	4.1797	3.9855
88315658260	1419.35	790.87	1429.44	785.21	4.1457	3.9749
88315666593	1506.29	763.51	1507.90	793.03	4.1537	4.0026
88315674929	1578.50	741.44	1589.07	778.03	4.1417	3.9824
88315683260	1616.15	740.06	1639.62	774.66	4.1138	3.9027
88315691593	1681.10	693.96	1628.38	797.05	3.8945	3.8825
88315699929	NaN	NaN	1650.92	803.77	NaN	3.7966
88315708261	1809.18	723.09	1643.44	805.22	3.4585	3.8215
88315716595	NaN	NaN	1648.26	849.41	NaN	3.9207
88315724928	1682.73	699.86	1670.29	756.71	3.9931	3.8802
88315733260	1658.37	651.47	1666.52	750.45	4.1284	3.8892
88315741594	1645.06	627.03	1634.51	699.08	4.0452	3.9614
88315749927	1577.79	662.36	1632.77	624.99	4.1694	3.9182
88315758261	1574.69	653.24	1614.07	644.00	4.2065	3.9752
88315766600	1565.96	637.08	1611.45	655.59	4.2111	3.9897
88315774933	1568.82	631.88	1610.52	626.96	4.2302	4.0042
88315783267	1572.81	629.49	1605.22	628.13	4.2294	4.0418
88315791600	1574.45	636.22	1601.08	626.00	4.2411	4.0404
88315799934	1570.55	638.66	1602.93	613.70	4.2379	4.0227
88315808267	1572.28	638.92	1597.95	623.22	4.2448	4.0718
88315816599	1573.01	623.20	1599.03	613.60	4.2619	4.0200
88315824933	1567.09	617.27	1588.05	632.94	4.2507	4.0958
88315833265	1573.43	621.15	1594.07	611.01	4.2792	4.0550
88315841599	1572.96	630.05	1598.82	608.25	4.2757	4.0569
88315849933	1576.34	618.88	1591.55	616.58	4.2869	4.0697
88315858265	1572.43	606.43	1587.30	616.01	4.2672	4.0567
88315866599	1570.12	604.68	1578.22	643.88	4.2987	4.1147
88315874932	1573.79	612.15	1588.51	625.86	4.3088	4.0826
88315883266	1576.43	614.60	1587.25	615.98	4.3092	4.0505
88315891599	1577.06	593.25	1588.58	623.40	4.2986	4.0651
88315899934	1578.58	606.55	1589.81	616.71	4.3096	4.0548
88315908268	1578.37	604.24	1588.44	609.77	4.3265	4.0427
88315916601	1577.33	592.38	1585.33	618.22	4.3046	4.0668
88315924935	1577.43	603.26	1580.17	631.19	4.3139	4.0810
88315933268	1583.34	598.34	1586.15	628.71	4.3057	4.0755
88315941601	1576.94	592.51	1587.12	609.64	4.2980	4.0332
88315949934	1575.21	594.97	1582.32	618.58	4.3123	4.0377
88315958267	1578.97	594.37	1586.55	624.88	4.2987	4.0453
88315966601	1573.13	602.48	1589.10	612.15	4.3157	4.0116
88315974934	1575.46	595.54	1586.51	617.65	4.2887	4.0202
88315983267	1578.73	590.27	1584.70	619.40	4.2907	4.0182
88315991600	1575.17	597.24	1591.60	617.87	4.2716	3.9979
88315999933	1577.60	594.22	1587.78	623.63	4.2807	4.0089
88316008267	1571.92	603.34	1582.36	624.34	4.2778	3.9980
88316016600	1574.09	599.58	1592.03	601.16	4.2589	3.9431
88316024933	1570.82	597.22	1576.99	632.82	4.2761	4.0148
88316033273	1574.19	592.35	1585.55	610.66	4.2555	3.9693
88316041606	1574.42	593.64	1583.44	616.15	4.2498	3.9669
88316049939	1580.71	586.98	1583.78	602.50	4.2384	3.9354
88316058273	1577.17	591.76	1587.86	606.07	4.2476	3.9440
88316066606	1582.02	590.21	1587.57	591.34	4.2242	3.9403
88316074938	1580.76	593.62	1588.45	601.18	4.2290	3.9473
88316083271	1577.81	596.61	1590.48	606.17	4.2303	3.9443
88316091604	1578.52	590.27	1582.66	607.71	4.2177	3.9577
88316099937	1579.91	591.92	1589.68	599.71	4.2099	3.9454
88316108270	1580.06	577.44	1589.85	595.49	4.1777	3.9469
88316116604	1583.48	589.56	1586.82	600.15	4.2023	3.9371
88316124937	1585.67	590.77	1588.91	590.94	4.2090	3.9351
88316133271	1580.95	591.41	1579.58	610.93	4.2157	3.9648
88316141604	1582.87	594.45	1583.59	607.73	4.2199	3.9508
88316149937	1583.74	594.68	1588.33	600.21	4.2209	3.9409
88316158273	1579.77	598.37	1581.35	605.03	4.2133	3.9453
88316166606	1582.54	588.13	1584.29	593.09	4.2089	3.9242
88316174938	1575.41	591.38	1586.71	597.20	4.2195	3.9645
88316183272	1585.63	586.43	1590.94	593.31	4.1939	3.9485
88316191604	1578.85	587.58	1585.96	602.54	4.2007	3.9790
88316199938	1574.97	595.62	1588.36	594.38	4.2317	3.9531
88316208271	1577.85	593.05	1585.38	603.90	4.2329	3.9908
88316216605	1586.43	588.33	1587.29	594.20	4.2185	3.9602
88316224938	1583.52	591.28	1585.65	597.21	4.2221	3.9875
88316233271	1589.60	584.16	1584.25	591.11	4.2178	3.9876
88316241605	1583.20	600.03	1586.87	597.56	4.2310	3.9892
88316249938	1582.70	576.94	1585.73	602.13	4.2077	4.0159
88316258272	1581.94	592.42	1591.12	600.42	4.2206	3.9991
88316266604	1582.43	581.93	1583.54	603.60	4.2288	4.0185
88316274937	1582.66	586.37	1587.32	598.78	4.2273	3.9919
88316283271	1585.09	596.08	1580.20	598.72	4.2397	4.0061
88316291611	1585.78	586.31	1584.50	599.71	4.2470	4.0342
88316299945	1580.92	583.77	1583.16	594.45	4.2325	4.0202
88316308279	1583.04	580.08	1574.93	606.34	4.2357	4.0627
88316316611	1586.22	584.68	1580.13	602.68	4.2337	4.0356
88316324945	1584.14	584.88	1580.02	593.56	4.2390	4.0365
88316333278	1582.84	593.18	1580.95	600.38	4.2526	4.0517
88316341612	1605.76	573.13	1613.69	600.70	4.2245	4.0540
88316349944	1617.56	571.41	1627.47	583.02	4.2555	4.0460
88316358277	1605.54	571.52	1621.97	573.24	4.2757	4.0497
88316366611	1610.74	574.23	1617.02	590.39	4.2823	4.0594
88316374944	1609.65	569.59	1618.61	582.93	4.2711	4.0351
88316383278	1607.03	580.33	1623.07	575.69	4.2734	4.0292
88316391611	1608.53	564.11	1622.41	577.58	4.2633	4.0419
88316399944	1610.29	565.51	1622.07	578.68	4.2802	4.0559
88316408277	1608.32	578.20	1611.56	587.91	4.2914	4.0704
88316416610	1604.75	572.02	1621.24	570.57	4.2643	4.0263
88316424948	1604.44	571.27	1617.95	574.21	4.2821	4.0213
88316433282	1611.24	570.83	1622.05	584.13	4.2888	4.0537
88316441613	1614.07	568.32	1616.86	577.51	4.2801	4.0510
88316449947	1610.88	560.92	1613.67	585.83	4.2632	4.0821
88316458280	1608.14	581.77	1613.12	587.68	4.2852	4.0733
88316466614	1582.68	619.09	1592.04	639.76	4.2850	4.0701
88316474947	1515.32	706.17	1511.80	727.72	4.2947	4.1048
88316483280	1436.74	786.59	1431.12	807.17	4.2898	4.1253
88316491614	1391.49	853.53	1377.07	869.76	4.3275	4.1296
88316499947	1357.90	880.17	1355.64	918.38	4.3072	4.1413
88316508280	1369.34	889.86	1363.64	915.02	4.3384	4.1476
88316516614	1366.39	879.60	1360.26	909.70	4.2968	4.1311
88316524947	1356.84	882.57	1359.11	911.99	4.2992	4.1256
88316533277	1363.37	884.96	1355.34	915.96	4.3153	4.1130
88316541610	1361.93	884.15	1355.15	919.34	4.3125	4.1101
88316549949	1368.29	890.63	1355.38	912.32	4.3221	4.1222
88316558282	1363.27	883.21	1360.98	917.72	4.3124	4.1124
88316566615	1359.80	892.45	1360.00	911.06	4.2941	4.1256
88316574949	1364.59	892.98	1354.55	912.68	4.3229	4.1204
88316583282	1362.73	893.72	1358.62	909.68	4.3065	4.1275
88316591616	1359.95	889.17	1358.05	913.11	4.3138	4.1355
88316599949	1364.55	887.65	1360.94	910.82	4.3167	4.1379
88316608282	1361.49	890.36	1358.02	906.19	4.3161	4.1325
