t	gaze_point_LX	gaze_point_LY	gaze_point_RX	gaze_point_RY	pupil_diameter_L	pupil_diameter_R
88495312567	1256.25	709.73	1227.46	743.40	5.0820	4.8603
88495320909	1256.79	709.09	1229.82	746.80	5.0848	4.8620
88495329242	1261.34	707.70	1229.23	748.37	5.0817	4.8632
88495337578	1263.03	713.18	1230.81	748.65	5.0779	4.8522
88495345911	1260.83	705.72	1228.71	745.53	5.0711	4.8492
88495354236	1259.86	707.90	1226.88	746.45	5.0714	4.8447
88495362578	1264.39	705.98	1231.44	748.38	5.0734	4.8519
88495370910	1266.94	708.62	1221.76	743.94	5.0826	4.8440
88495379244	1263.20	707.19	1233.94	742.85	5.0690	4.8317
88495387577	1265.82	705.39	1234.18	741.54	5.0733	4.8320
88495395911	1268.17	709.75	1223.44	742.61	5.0655	4.8408
88495404244	1268.76	707.62	1228.02	746.48	5.0631	4.8447
88495412577	1266.17	702.75	1227.61	744.31	5.0611	4.8477
88495420910	1263.93	700.11	1222.77	742.02	5.0533	4.8431
88495429235	1263.65	702.90	1228.30	742.41	5.0555	4.8398
88495437569	1264.75	705.23	1229.14	743.40	5.0567	4.8296
88495445910	1270.65	702.65	1231.44	742.33	5.0643	4.8270
88495454243	1269.94	704.88	1225.49	739.75	5.0534	4.8348
88495462568	1268.01	703.66	1222.80	743.93	5.0504	4.8417
88495470910	1263.12	701.49	1224.75	742.77	5.0516	4.8407
88495479252	1273.89	706.30	1224.61	742.36	5.0596	4.8316
88495487577	1268.24	700.79	1230.36	743.98	5.0583	4.8415
88495495918	1291.48	703.02	1259.72	750.26	5.0454	4.8390
88495504243	1311.92	719.33	1276.58	757.82	5.0574	4.8349
88495512585	1303.94	719.31	1265.86	750.86	5.0666	4.8359
88495520910	1302.52	716.48	1255.06	748.70	5.0617	4.8538
88495529243	1297.68	709.23	1252.86	749.99	5.0431	4.8459
88495537576	1300.93	715.99	1255.37	747.77	5.0589	4.8375
88495545909	1299.72	711.55	1258.16	744.95	5.0506	4.8381
88495554242	1302.36	715.35	1257.08	747.52	5.0601	4.8489
88495562576	1299.92	717.60	1255.56	750.30	5.0652	4.8454
88495570909	1302.82	717.06	1257.94	750.91	5.0617	4.8511
88495579242	1295.17	716.86	1254.69	752.90	5.0456	4.8479
88495587576	1301.57	715.49	1256.41	753.90	5.0705	4.8572
88495595909	1301.53	714.10	1258.63	744.45	5.0846	4.8399
88495604246	1294.65	709.80	1256.09	754.68	5.0621	4.8575
88495612578	1302.84	708.81	1256.98	749.62	5.0670	4.8533
88495620911	1296.72	711.58	1258.03	750.09	5.0723	4.8675
88495629244	1302.24	716.28	1256.81	754.56	5.0813	4.8663
88495637577	1302.17	716.30	1258.29	753.96	5.0835	4.8583
88495645911	1298.77	708.73	1248.48	759.81	5.0649	4.8846
88495654245	1298.17	718.84	1253.46	756.48	5.0764	4.8818
88495662577	1298.02	719.16	1253.40	754.40	5.0888	4.8786
88495670911	1302.19	723.63	1256.61	753.05	5.0932	4.8720
88495679244	1305.82	715.40	1251.17	757.72	5.0997	4.8882
88495687578	1303.63	720.58	1253.81	752.50	5.0869	4.8832
88495695911	1311.45	713.90	1255.81	754.00	5.1058	4.8986
88495704243	1304.42	721.76	1255.87	756.13	5.0988	4.9056
88495712576	1302.90	714.43	1253.63	754.03	5.1037	4.9136
88495720910	1306.45	718.95	1258.08	754.60	5.0947	4.9048
88495729244	1304.86	717.23	1256.73	746.00	5.1123	4.9052
88495737582	1303.88	721.41	1261.79	755.19	5.1209	4.9090
88495745915	1305.23	723.92	1263.04	751.94	5.1238	4.9165
88495754248	1306.31	720.29	1257.22	746.05	5.1199	4.9177
88495762581	1299.96	720.81	1265.56	749.75	5.1202	4.9108
88495770915	1297.74	721.12	1265.58	745.05	5.1154	4.9102
88495779249	1300.39	718.13	1259.02	756.71	5.1234	4.9295
88495787580	1292.60	716.53	1265.27	750.44	5.1124	4.9234
88495795914	1299.10	723.48	1262.29	754.14	5.1337	4.9257
88495804247	1297.23	725.34	1262.91	748.78	5.1325	4.9221
88495812581	1302.66	727.35	1262.55	758.93	5.1437	4.9358
88495820914	1301.20	730.43	1261.00	754.18	5.1505	4.9423
88495829247	1297.28	731.98	1263.92	751.89	5.1476	4.9482
88495837580	1301.33	728.43	1260.93	754.00	5.1468	4.9465
88495845914	1294.78	730.57	1263.24	755.77	5.1553	4.9636
88495854248	1303.45	733.94	1261.03	760.89	5.1699	4.9676
88495862584	1296.38	721.99	1255.33	756.96	5.1483	4.9709
88495870917	1299.03	729.97	1258.36	755.54	5.1611	4.9622
88495879250	1296.91	725.52	1260.29	755.24	5.1554	4.9687
88495887583	1299.59	727.70	1254.61	760.48	5.1729	4.9820
88495895917	1300.17	724.80	1256.87	760.10	5.1666	4.9721
88495904251	1303.10	729.77	1256.21	759.38	5.1775	4.9726
88495912583	1295.32	719.36	1249.69	760.21	5.1623	4.9902
88495920917	1298.58	727.90	1250.91	759.54	5.1888	4.9847
88495929250	1294.27	725.92	1251.39	758.66	5.1715	4.9790
88495937584	1291.43	736.03	1260.82	765.30	5.1828	4.9783
88495945916	1291.13	728.09	1255.38	767.39	5.1756	4.9940
88495954249	1300.70	735.17	1255.84	767.76	5.1891	4.9995
88495962582	1300.92	735.11	1257.40	760.44	5.1889	4.9940
88495970916	1296.36	737.29	1253.91	762.96	5.1896	4.9913
88495979249	1297.60	732.48	1251.85	759.29	5.1831	5.0117
88495987583	1293.64	729.87	1263.01	754.80	5.1918	4.9861
88495995921	1291.47	735.38	1261.04	762.21	5.2068	4.9919
88496004254	1228.65	761.14	1193.08	775.94	5.1946	5.0038
88496012587	1119.22	782.23	1071.04	808.09	5.1940	5.0333
88496020921	1046.24	788.94	1003.95	836.03	5.1771	5.0153
88496029253	981.74	788.93	943.72	828.37	5.1512	4.9964
88496037595	956.35	807.11	923.80	838.55	5.1393	4.9767
88496045928	974.23	806.85	956.64	844.34	5.1376	4.9695
88496054261	967.69	806.81	944.41	834.42	5.1285	4.9298
88496062595	972.25	804.60	940.40	837.14	5.1350	4.9226
88496070929	969.84	809.38	939.24	833.26	5.1334	4.9014
88496079261	967.71	807.44	926.07	826.52	5.0961	4.8679
88496087595	971.79	802.87	927.28	824.45	5.1003	4.8681
88496095928	968.21	804.15	927.69	824.37	5.0761	4.8349
88496104262	962.91	804.35	927.61	819.41	5.0725	4.8259
88496112594	965.86	803.06	931.18	819.97	5.0697	4.8170
88496120927	958.70	805.40	932.00	829.15	5.0293	4.7930
88496129266	964.84	807.12	923.07	818.25	5.0206	4.7564
88496137600	964.68	808.46	922.21	820.30	5.0260	4.7469
88496145933	962.03	810.21	922.65	820.88	4.9833	4.7213
88496154267	958.59	809.31	924.69	824.37	4.9829	4.7190
88496162600	957.50	803.42	925.39	817.20	4.9771	4.6946
88496170933	962.79	805.92	928.76	826.28	4.9612	4.6893
88496179266	963.17	802.77	924.88	814.73	4.9404	4.6744
88496187600	958.35	803.88	920.09	818.32	4.9284	4.6628
88496195933	961.24	802.14	925.78	821.49	4.9246	4.6540
88496204266	959.59	800.07	923.75	814.72	4.8972	4.6359
88496212599	962.25	800.52	926.14	819.90	4.8937	4.6361
88496220932	963.74	803.70	925.86	817.78	4.8948	4.6082
88496229266	959.87	801.48	924.86	818.78	4.8651	4.6138
88496237599	962.86	803.04	924.37	817.59	4.8703	4.5894
88496245932	963.48	806.67	923.95	813.13	4.8569	4.5931
88496254268	958.14	799.47	922.65	814.05	4.8502	4.5847
88496262602	953.93	799.64	920.14	812.09	4.8390	4.5709
88496270935	955.04	804.67	924.00	810.86	4.8326	4.5526
88496279269	959.98	801.10	921.90	808.83	4.8302	4.5636
88496287601	958.97	806.99	920.65	814.49	4.8195	4.5550
88496295934	956.67	802.71	921.85	812.47	4.8176	4.5368
88496304267	958.88	800.55	923.24	808.21	4.7999	4.5222
88496312601	954.50	800.50	920.22	813.80	4.7895	4.5233
88496320934	957.72	800.67	915.13	812.07	4.7918	4.5084
88496329268	957.82	801.03	923.32	810.94	4.7843	4.5059
88496337601	955.53	799.89	919.73	811.76	4.7742	4.5023
88496345934	959.03	800.21	923.06	814.57	4.7675	4.4851
88496354268	977.49	804.12	944.84	818.14	4.7542	4.4926
88496362601	1075.91	824.39	1056.98	847.72	4.7516	4.5030
88496370934	1219.39	877.12	1174.47	907.36	4.7947	4.5177
88496379266	1324.81	905.09	1275.70	914.96	4.7888	4.4851
88496387597	1421.73	905.54	1376.83	916.52	4.7936	4.4683
88496395939	1485.10	917.17	1439.69	919.25	4.7750	4.4433
88496404273	1465.70	924.35	1442.65	941.31	4.7689	4.4426
88496412606	1458.57	927.76	1431.22	941.55	4.7565	4.4348
88496420939	1466.03	930.97	1435.80	934.99	4.7319	4.4103
88496429264	1464.99	922.97	1424.48	932.41	4.7148	4.4006
88496437598	1463.02	922.89	1428.51	934.71	4.6934	4.3866
88496445931	1470.16	932.34	1433.60	943.91	4.6819	4.3696
88496454273	1472.37	941.87	1441.68	949.14	4.6681	4.3507
88496462605	1479.63	939.80	1447.81	950.54	4.6598	4.3504
88496470938	1468.48	944.54	1438.47	964.51	4.6573	4.3258
88496479272	1459.46	941.25	1423.64	958.61	4.6599	4.3342
88496487596	1462.13	935.20	1423.33	951.04	4.6552	4.3375
88496495930	1458.98	929.68	1420.96	942.82	4.6482	4.3378
88496504263	1459.69	922.08	1420.68	947.26	4.6613	4.3404
88496512596	1464.29	923.90	1419.55	945.02	4.6488	4.3177
88496520936	1460.05	923.53	1415.90	943.93	4.6334	4.3102
88496529269	1457.99	926.47	1420.77	948.18	4.6436	4.3159
88496537602	1460.38	920.99	1416.12	945.91	4.6339	4.3251
88496545934	1463.90	925.73	1414.93	948.87	4.6412	4.3176
88496554268	1459.37	930.00	1415.65	945.30	4.6334	4.3253
88496562601	1459.29	928.77	1415.58	940.08	4.6290	4.2992
88496570935	1464.25	930.02	1414.26	944.17	4.6247	4.3185
88496579268	1466.26	931.41	1417.02	943.65	4.6248	4.3135
88496587601	1463.27	926.13	1411.73	936.58	4.6256	4.3161
88496595934	1464.62	927.69	1415.16	944.77	4.6138	4.3128
88496604268	1466.50	925.45	1412.98	941.24	4.6169	4.3078
88496612601	1462.34	923.98	1413.11	940.81	4.6091	4.3192
88496620935	1463.11	922.28	1414.08	945.26	4.6151	4.3081
88496629268	1460.98	924.55	1410.82	938.92	4.6258	4.3181
88496637600	1462.83	918.46	1413.87	941.21	4.6064	4.3196
88496645934	1461.61	918.78	1413.17	943.02	4.6066	4.3078
88496654270	1460.58	922.48	1417.44	942.96	4.6040	4.3126
88496662603	1462.44	920.92	1416.59	946.57	4.6056	4.3200
88496670936	1453.48	918.80	1414.25	943.47	4.5823	4.3123
88496679269	1456.25	920.38	1411.85	946.05	4.5992	4.3185
88496687603	1454.06	918.55	1414.32	939.58	4.5954	4.3112
88496695937	1456.59	916.81	1411.83	941.05	4.5876	4.2959
88496704270	1453.16	915.40	1413.22	950.87	4.5861	4.3319
88496712603	1456.74	915.29	1416.18	938.84	4.5878	4.3170
88496720936	1450.05	912.38	1418.18	947.81	4.5874	4.3168
88496729270	1453.38	917.71	1416.67	943.34	4.5879	4.3162
88496737602	1461.44	908.14	1418.90	940.63	4.5647	4.3025
88496745936	1451.16	916.34	1417.08	944.27	4.5871	4.3164
88496754268	1455.23	916.49	1418.58	944.28	4.5846	4.3156
88496762602	1452.17	905.40	1419.74	943.97	4.5804	4.3168
88496770936	1450.91	917.64	1413.98	941.35	4.5704	4.3286
88496779273	1452.66	916.90	1418.42	944.09	4.5731	4.3242
88496787606	1455.03	914.75	1414.16	942.98	4.5752	4.3203
88496795939	1456.52	914.46	1416.59	944.82	4.5607	4.3375
88496804272	1455.86	917.53	1414.86	946.92	4.5858	4.3453
88496812606	1457.80	922.48	1414.07	943.13	4.5832	4.3446
88496820939	1450.69	921.51	1417.67	944.69	4.5844	4.3468
88496829272	1452.96	914.93	1409.91	943.69	4.5875	4.3520
88496837605	1452.86	916.55	1417.70	946.05	4.5779	4.3437
88496845938	1456.46	913.47	1413.31	947.69	4.5833	4.3563
88496854272	1455.15	916.60	1415.02	944.75	4.5797	4.3546
88496862605	1452.99	916.23	1411.79	944.63	4.5888	4.3715
88496870939	1452.14	913.93	1414.49	939.55	4.5966	4.3696
88496879271	1451.43	912.08	1416.46	941.55	4.5864	4.3564
88496887605	1451.97	915.94	1419.41	940.62	4.5716	4.3760
88496895939	1451.40	914.66	1418.16	947.48	4.5826	4.3859
88496904272	1454.43	915.57	1421.37	941.81	4.5900	4.3827
88496912611	1454.56	915.24	1416.98	940.68	4.6071	4.4017
88496920944	1455.15	922.68	1420.84	942.99	4.5943	4.3922
88496929277	1453.85	913.99	1415.04	942.92	4.6266	4.3938
88496937611	1450.17	920.25	1415.60	944.49	4.6115	4.4023
88496945945	1450.19	916.50	1414.96	944.74	4.6181	4.4295
88496954278	1449.30	916.82	1420.29	940.84	4.6335	4.4050
88496962611	1451.41	917.21	1413.92	946.36	4.6320	4.4388
88496970944	1453.59	916.32	1420.45	949.80	4.6249	4.4264
88496979278	1452.04	920.89	1423.14	942.07	4.6451	4.4377
88496987611	1413.59	920.82	1394.16	941.27	4.6375	4.4452
88496995943	1322.28	913.31	1296.86	928.92	4.6461	4.4786
88497004276	1238.54	876.11	1224.32	918.10	4.6325	4.4715
88497012609	1158.73	854.76	1148.46	887.85	4.6324	4.4850
88497020942	1084.14	807.70	1069.45	844.13	4.6325	4.4845
88497029276	1034.19	784.65	1033.70	817.45	4.6323	4.4729
88497037609	998.65	766.17	985.77	779.76	4.6265	4.4921
88497045956	1000.31	756.95	998.98	761.47	4.6209	4.4787
88497054290	1004.49	762.63	996.34	775.73	4.6458	4.4971
88497062615	1006.25	754.36	993.99	769.06	4.6679	4.4966
88497070948	1005.66	756.82	987.07	778.57	4.6837	4.5264
88497079281	1004.35	756.58	985.51	772.94	4.6794	4.5251
88497087614	1002.94	750.35	988.47	770.11	4.6996	4.5258
88497095947	1000.90	745.35	991.35	764.90	4.6774	4.5151
88497104281	1002.96	749.24	986.29	775.86	4.6971	4.5335
88497112614	997.14	743.49	985.66	766.48	4.7132	4.5379
88497120947	1001.09	748.09	984.15	764.32	4.6972	4.5344
88497129280	1005.98	747.29	983.11	772.46	4.7243	4.5631
88497137614	1004.19	745.64	984.61	779.13	4.7348	4.5917
88497145947	1001.07	745.42	986.76	775.09	4.7321	4.5619
88497154281	1002.89	742.37	985.98	767.05	4.7345	4.5738
88497162614	1006.96	748.51	987.52	776.66	4.7461	4.5928
88497170946	1005.58	744.76	982.83	771.10	4.7536	4.5876
88497179283	1002.64	743.50	986.38	775.34	4.7429	4.5832
88497187617	1000.16	749.08	982.65	780.14	4.7660	4.5968
88497195950	1008.96	744.54	982.62	775.51	4.7569	4.6078
88497204284	1001.33	745.08	983.13	777.76	4.7694	4.6120
88497212617	1008.22	744.15	982.27	775.46	4.7685	4.6052
88497220950	1005.63	745.10	981.15	776.06	4.7775	4.6218
88497229284	1005.12	739.21	980.35	774.65	4.7773	4.6069
88497237626	1007.48	747.21	982.47	776.12	4.7952	4.6259
88497245959	1002.81	746.43	984.62	779.64	4.7852	4.6213
88497254282	1005.37	742.08	981.16	780.96	4.7975	4.6220
88497262624	1007.81	741.53	982.69	772.35	4.8011	4.6254
88497270957	1008.93	745.72	983.52	778.00	4.8051	4.6426
88497279283	1007.61	740.19	973.91	762.74	4.8189	4.6223
88497287616	982.57	719.63	966.07	736.91	4.7969	4.6164
88497295949	980.65	701.07	967.74	731.41	4.8049	4.6258
88497304286	974.45	702.28	961.97	723.63	4.7990	4.5954
88497312628	974.53	709.22	958.21	734.84	4.7912	4.6152
88497320962	979.53	708.77	954.36	732.69	4.8112	4.6034
88497329295	979.26	709.09	961.44	732.63	4.8048	4.6015
88497337627	976.41	709.07	963.34	729.61	4.8094	4.6019
88497345960	977.34	705.20	960.11	732.90	4.7915	4.6035
88497354294	976.96	709.12	955.73	729.79	4.8071	4.5995
88497362627	973.98	707.66	955.42	735.74	4.7983	4.6121
88497370961	973.89	703.88	958.08	728.21	4.7999	4.5877
88497379294	970.46	705.03	956.21	731.23	4.8103	4.5972
88497387627	972.99	707.67	958.16	735.07	4.7976	4.5980
88497395960	972.60	704.52	957.91	729.25	4.7928	4.5779
88497404294	974.08	706.48	955.56	730.79	4.7959	4.5775
88497412627	973.20	708.13	952.60	727.95	4.8028	4.5741
88497420960	970.54	708.32	953.95	728.61	4.7911	4.5657
88497429293	979.78	705.01	950.95	735.85	4.7980	4.5732
88497437631	973.13	707.39	954.58	718.98	4.7890	4.5464
88497445965	968.44	700.89	954.93	730.81	4.7685	4.5709
88497454298	976.22	703.77	948.02	732.56	4.7829	4.5714
88497462631	969.11	704.50	947.18	721.10	4.7727	4.5484
88497470964	973.11	704.71	948.80	726.16	4.7639	4.5481
88497479297	974.59	708.54	946.64	727.49	4.7674	4.5714
88497487631	971.99	706.01	947.28	721.38	4.7668	4.5412
88497495965	973.02	708.85	948.89	723.43	4.7591	4.5437
88497504297	967.08	711.25	948.43	720.63	4.7725	4.5174
88497512630	968.64	708.37	946.09	726.47	4.7501	4.5473
88497520963	969.22	713.31	945.21	725.59	4.7561	4.5393
88497529298	958.35	709.68	942.99	731.93	4.7463	4.5406
88497537631	949.36	701.25	923.30	710.94	4.7333	4.5247
88497545964	956.06	699.72	922.37	711.28	4.7415	4.5233
88497554297	957.38	694.43	923.14	710.93	4.7361	4.5209
88497562631	954.71	694.69	923.24	712.58	4.7287	4.5133
88497570969	956.25	696.34	924.68	719.05	4.7438	4.5328
88497579302	951.68	686.46	923.82	709.49	4.7266	4.5159
88497587634	957.05	684.09	924.20	709.14	4.7349	4.5010
88497595967	956.27	681.54	921.02	711.33	4.7317	4.4994
88497604300	958.67	684.18	921.76	712.44	4.7196	4.5065
88497612634	954.85	681.52	918.31	705.37	4.7236	4.4888
88497620968	957.68	681.63	922.25	709.76	4.7220	4.4978
88497629300	952.21	681.27	921.27	706.03	4.7117	4.4824
88497637634	949.37	680.43	916.47	708.15	4.7140	4.4874
88497645967	954.60	683.62	924.14	705.77	4.7219	4.4717
88497654301	955.71	681.05	922.01	705.51	4.7076	4.4679
88497662634	951.20	676.26	915.48	706.22	4.7009	4.4574
88497670967	951.29	680.70	920.93	707.20	4.6998	4.4404
88497679299	956.35	684.37	910.73	709.82	4.7097	4.4538
88497687633	948.59	680.46	915.28	709.27	4.7019	4.4509
88497695967	950.98	679.49	917.79	702.43	4.6998	4.4331
88497704303	954.64	674.26	922.14	705.72	4.6887	4.4353
88497712636	951.38	673.11	913.36	708.19	4.6817	4.4436
88497720969	955.18	674.69	922.11	711.19	4.6820	4.4400
88497729302	950.04	681.87	916.68	709.60	4.6854	4.4277
88497737636	950.88	672.80	917.70	702.89	4.6696	4.4038
88497745970	950.84	677.87	916.51	703.78	4.6492	4.4089
88497754302	949.88	675.68	913.25	702.31	4.6465	4.3961
88497762635	952.66	678.44	913.28	710.54	4.6561	4.4137
88497770968	948.42	675.88	916.20	711.06	4.6415	4.4087
88497779302	952.23	674.46	917.28	703.83	4.6295	4.3910
88497787635	948.38	674.59	918.02	706.42	4.6251	4.3804
88497795968	943.25	674.57	913.42	703.88	4.6270	4.3741
88497804301	951.05	676.44	916.37	702.97	4.6144	4.3711
88497812635	945.06	675.37	919.85	703.76	4.6191	4.3755
88497820968	943.28	672.75	919.89	700.83	4.6179	4.3590
88497829309	948.39	680.65	913.45	696.55	4.6002	4.3472
88497837642	945.67	671.43	921.56	704.38	4.6067	4.3462
88497845975	947.83	673.66	918.79	704.50	4.5893	4.3486
88497854307	947.44	673.31	920.01	698.98	4.5901	4.3409
88497862641	944.60	674.06	920.57	700.61	4.5815	4.3465
88497870974	941.91	672.06	922.38	704.06	4.5940	4.3468
88497879307	942.24	667.14	916.64	690.19	4.5661	4.3069
88497887641	940.36	667.79	919.80	699.16	4.5703	4.3181
88497895974	935.55	674.90	914.80	706.35	4.5653	4.3127
88497904308	931.21	669.63	918.04	703.52	4.5559	4.3189
88497912641	935.71	665.20	918.73	702.11	4.5602	4.3019
88497920974	936.98	676.06	916.88	701.94	4.5829	4.3162
88497929307	933.55	672.68	920.34	701.51	4.5494	4.3065
88497937640	933.21	670.17	916.49	705.16	4.5463	4.2975
88497945973	930.59	672.01	918.07	705.73	4.5486	4.3108
88497954307	933.97	673.66	917.53	704.79	4.5528	4.2893
88497962646	930.57	673.46	916.31	713.37	4.5374	4.3165
88497970979	935.30	673.22	921.35	696.38	4.5307	4.2769
88497979312	933.79	673.87	922.36	703.72	4.5202	4.2944
88497987638	933.65	678.47	913.66	709.32	4.5233	4.2891
88497995979	932.68	678.37	913.28	712.91	4.5070	4.2963
88498004304	930.36	676.88	917.06	706.63	4.5009	4.2875
88498012637	938.01	676.43	916.33	708.10	4.5019	4.2873
88498020969	934.67	681.62	914.04	704.30	4.5048	4.2702
88498029303	934.99	681.15	911.38	715.45	4.5129	4.2927
88498037637	934.64	685.53	918.81	715.80	4.5092	4.2952
88498045969	928.53	678.53	916.67	716.23	4.5154	4.2940
88498054303	926.89	688.58	915.52	702.69	4.5042	4.2678
88498062636	951.27	681.42	944.77	705.53	4.5169	4.2833
88498070970	999.65	658.48	991.03	694.02	4.5184	4.3126
88498079303	1029.02	634.29	1040.89	663.68	4.5102	4.2828
88498087636	1063.55	629.42	1064.61	665.68	4.5002	4.2979
88498095981	1070.80	625.01	1066.60	652.93	4.4956	4.2879
88498104314	1063.65	627.47	1056.97	649.66	4.5047	4.2782
88498112647	1070.26	627.78	1061.11	653.93	4.5121	4.2881
88498120980	1065.61	624.08	1057.34	649.56	4.4983	4.2785
88498129313	1066.03	624.50	1057.36	653.91	4.4918	4.2805
88498137646	1065.91	627.10	1058.20	654.25	4.4946	4.2848
88498145980	1065.74	629.73	1053.18	650.31	4.5077	4.2944
88498154314	1063.63	620.67	1059.70	662.70	4.4991	4.3000
88498162647	1066.83	625.71	1056.99	660.66	4.4953	4.3178
88498170980	1072.00	627.84	1062.10	647.77	4.5061	4.2906
88498179313	1064.77	625.63	1065.49	655.61	4.4964	4.3026
88498187646	1065.57	627.31	1062.71	657.36	4.5064	4.2976
88498195979	1067.81	624.49	1061.43	657.86	4.4959	4.3118
88498204312	1071.36	630.63	1056.95	654.36	4.5228	4.3006
88498212645	1066.95	630.09	1063.91	659.81	4.5074	4.2945
88498220983	1067.55	623.47	1056.62	655.21	4.5001	4.2953
88498229316	1069.98	630.66	1057.48	657.50	4.5255	4.3066
88498237650	1063.87	622.91	1059.06	656.16	4.5125	4.3036
88498245983	1068.15	626.09	1057.76	654.99	4.5070	4.3048
88498254316	1067.60	632.51	1060.03	651.62	4.5296	4.2858
88498262649	1063.08	626.52	1058.42	650.44	4.5076	4.3039
88498270983	1067.27	635.35	1058.69	653.88	4.5349	4.3094
88498279316	1070.16	636.10	1064.07	662.19	4.5418	4.3171
88498287649	1066.42	635.33	1062.89	650.70	4.5287	4.3094
88498295982	1064.22	627.02	1063.42	648.36	4.5281	4.2962
88498304315	1132.08	629.73	1124.94	666.38	4.5238	4.3241
88498312648	1244.46	624.75	1233.15	674.87	4.5471	4.3392
88498320982	1338.29	604.99	1321.88	683.60	4.5640	4.3917
88498329315	1419.67	583.95	1420.68	629.67	4.5388	4.3252
88498337648	1520.48	591.88	1501.11	616.44	4.5675	4.3033
88498345973	1519.73	588.82	1512.88	620.41	4.5443	4.3125
88498354312	1505.91	589.97	1513.11	602.10	4.5708	4.2866
88498362646	1513.14	583.74	1511.77	607.52	4.5625	4.3037
88498370979	1515.45	589.80	1509.18	605.23	4.5711	4.2992
88498379311	1523.86	586.39	1511.13	605.15	4.5512	4.2759
88498387645	1519.75	587.88	1505.02	621.57	4.5715	4.3222
88498395978	1519.95	583.81	1509.97	583.56	4.5559	4.2564
88498404312	1518.66	580.71	1507.32	611.23	4.5700	4.2901
88498412645	1518.36	586.69	1498.15	628.01	4.5637	4.3272
88498420978	1515.12	583.66	1501.07	624.86	4.5528	4.3310
88498429311	1509.82	586.80	1504.66	622.35	4.5649	4.3129
88498437645	1512.25	588.43	1505.43	614.80	4.5708	4.3055
88498445979	1511.41	583.00	1503.14	619.30	4.5659	4.3166
88498454312	1512.06	581.34	1496.00	641.95	4.5671	4.3678
88498462644	1513.17	582.69	1503.24	611.25	4.5706	4.2900
88498470977	1511.90	583.24	1501.74	615.31	4.5696	4.3200
88498479310	1510.89	577.34	1503.21	613.13	4.5617	4.2826
88498487653	1516.91	581.34	1503.44	607.05	4.5724	4.2978
88498495987	1516.54	583.19	1503.59	614.22	4.5769	4.2960
88498504319	1512.65	587.47	1496.81	625.77	4.5624	4.3449
88498512653	1507.93	586.67	1501.58	615.70	4.5733	4.3123
88498520986	1513.46	582.38	1504.13	617.08	4.5681	4.3050
88498529320	1513.44	589.32	1502.25	620.17	4.5638	4.3214
88498537653	1510.23	583.16	1494.90	619.62	4.5577	4.3095
88498545985	1512.04	585.30	1498.41	614.37	4.5720	4.3104
88498554318	1509.80	590.51	1502.62	623.17	4.5758	4.3377
88498562652	1506.93	577.87	1503.30	614.11	4.5580	4.3147
88498570986	1515.05	579.00	1499.76	615.80	4.5771	4.3123
88498579319	1508.28	585.80	1503.16	613.55	4.5773	4.3343
88498587652	1510.55	590.56	1499.36	621.07	4.5887	4.3497
88498595985	1512.02	578.56	1499.40	617.15	4.5787	4.3274
88498604318	1513.93	583.50	1509.01	615.59	4.5722	4.3316
88498612652	1517.23	586.32	1498.56	604.67	4.5915	4.3283
88498620987	1517.96	592.21	1517.03	586.14	4.5917	4.2731
88498629319	1519.38	594.42	1500.53	625.89	4.5961	4.3584
88498637653	1514.28	589.23	1512.72	584.34	4.5911	4.2862
88498645986	1516.10	584.84	1504.36	598.83	4.5913	4.3131
88498654320	1521.45	591.18	1501.94	613.32	4.6083	4.3486
88498662653	1516.43	597.22	1493.86	623.00	4.6055	4.3829
88498670986	1524.52	589.09	1507.61	596.25	4.6005	4.3106
88498679319	1513.05	590.44	1500.42	606.56	4.5995	4.3492
88498687653	1510.69	594.37	1495.82	605.72	4.6114	4.3535
88498695986	1508.76	590.65	1500.21	615.75	4.5971	4.3678
88498704320	1515.96	594.33	1502.97	612.83	4.6205	4.3666
88498712653	1513.52	588.68	1498.83	610.00	4.6104	4.3611
88498720985	1512.26	589.09	1493.43	625.20	4.6136	4.3881
