t	gaze_point_LX	gaze_point_LY	gaze_point_RX	gaze_point_RY	pupil_diameter_L	pupil_diameter_R
846883152196	1055.81	902.78	1030.25	911.61	4.9468	5.0897
846883160530	1109.87	863.62	1119.17	875.87	4.9356	5.0853
846883168864	1206.52	844.95	1212.69	830.65	4.9768	5.0889
846883177196	1262.49	791.43	1261.51	795.63	4.9856	5.0477
846883185530	1308.20	766.63	1301.40	764.22	4.9806	5.0220
846883193863	1304.11	741.48	1310.04	741.78	4.9475	5.0024
846883202196	1294.41	751.63	1288.80	751.12	4.9462	5.0217
846883210529	1303.25	764.55	1284.60	760.10	4.9706	5.0511
846883218862	1295.91	752.93	1282.87	752.53	4.9575	5.0398
846883227195	1300.59	753.86	1284.68	756.40	4.9509	5.0399
846883235529	1297.79	753.72	1290.53	753.93	4.9477	5.0261
846883243867	1307.69	758.13	1291.40	745.23	4.9675	5.0258
846883252201	1301.23	753.72	1289.81	752.72	4.9499	5.0377
846883260534	1305.77	762.78	1277.78	758.70	4.9628	5.0567
846883268867	1309.17	755.54	1289.51	754.77	4.9685	5.0355
846883277200	1306.83	751.66	1287.29	755.20	4.9699	5.0336
846883285533	1306.94	753.10	1292.68	755.92	4.9490	5.0297
846883293866	1308.07	749.77	1283.09	759.47	4.9628	5.0521
846883302199	1307.32	744.76	1284.03	760.60	4.9516	5.0589
846883310533	1309.76	749.11	1279.36	766.28	4.9561	5.0627
846883318866	1313.48	751.82	1282.33	757.77	4.9621	5.0552
846883327199	1312.61	748.49	1290.55	749.24	4.9745	5.0262
846883335533	1313.92	752.92	1292.52	751.90	4.9691	5.0370
846883343866	1308.42	734.90	1289.24	756.24	4.9606	5.0473
846883352199	1309.56	747.28	1284.63	755.78	4.9734	5.0471
846883360532	1313.46	746.66	1288.54	749.02	4.9723	5.0395
846883368865	1302.77	741.69	1295.64	748.59	4.9398	5.0277
846883377204	1309.63	749.15	1295.20	756.22	4.9647	5.0388
846883385537	1309.96	753.36	1291.31	751.87	4.9684	5.0357
846883393870	1308.61	746.23	1285.95	754.11	4.9775	5.0601
846883402203	1304.52	747.33	1290.25	753.97	4.9688	5.0565
846883410537	1310.80	749.85	1298.63	748.27	4.9774	5.0434
846883418870	1310.53	748.82	1289.10	756.39	4.9915	5.0551
846883427203	1296.09	746.05	1269.71	756.40	4.9882	5.0630
846883435537	1285.61	742.62	1271.86	755.64	4.9691	5.0605
846883443869	1298.31	745.23	1278.93	757.62	4.9822	5.0682
846883452202	1297.26	745.92	1274.47	758.75	4.9835	5.0876
846883460536	1300.40	744.34	1279.92	761.92	5.0036	5.0698
846883468869	1297.12	748.72	1273.00	767.17	4.9873	5.0969
846883477202	1298.48	745.85	1271.02	755.65	4.9865	5.0768
846883485536	1301.20	752.86	1276.99	756.17	5.0105	5.0860
846883493869	1301.98	748.96	1272.99	759.78	4.9987	5.0943
846883502207	1298.47	745.23	1275.47	755.81	5.0027	5.0981
846883510539	1297.29	756.60	1275.87	763.17	5.0120	5.1004
846883518872	1292.31	746.56	1268.70	762.69	4.9932	5.1076
846883527205	1296.67	751.01	1279.69	759.45	5.0030	5.1037
846883535539	1303.50	759.08	1272.99	762.56	5.0177	5.1082
846883543872	1301.86	755.52	1275.15	761.02	5.0306	5.1225
846883552205	1293.12	747.66	1271.04	758.62	5.0160	5.1117
846883560538	1303.61	756.27	1269.06	762.66	5.0356	5.1334
846883568872	1289.62	751.35	1274.39	755.31	5.0236	5.1194
846883577205	1303.14	751.86	1272.72	760.03	5.0387	5.1262
846883585539	1290.94	755.13	1277.34	757.58	5.0329	5.1374
846883593872	1294.78	750.68	1278.27	756.40	5.0255	5.1209
846883602204	1299.43	760.61	1279.26	759.52	5.0365	5.1254
846883610537	1293.11	753.68	1270.26	762.76	5.0616	5.1599
846883618871	1300.23	749.13	1276.81	765.00	5.0490	5.1429
846883627205	1304.71	755.76	1273.89	759.95	5.0593	5.1507
846883635544	1294.20	756.36	1275.20	764.77	5.0594	5.1536
846883643878	1297.68	751.94	1272.28	762.90	5.0747	5.1523
846883652211	1296.49	752.90	1278.60	759.95	5.0505	5.1520
846883660543	1287.73	748.75	1270.48	760.16	5.0586	5.1631
846883668877	1300.38	754.48	1274.16	760.25	5.0820	5.1572
846883677210	1295.35	751.56	1271.88	757.12	5.0768	5.1709
846883685542	1294.33	747.50	1274.85	756.48	5.0865	5.1794
846883693876	1290.30	743.37	1275.02	758.31	5.0689	5.1821
846883702209	1299.72	754.56	1273.19	764.72	5.0823	5.2037
846883710543	1288.85	752.67	1283.30	760.97	5.0749	5.1753
846883718876	1289.73	750.60	1275.61	758.64	5.0798	5.1776
846883727209	1291.81	754.78	1273.19	764.14	5.0775	5.1906
846883735542	1286.23	752.94	1275.84	767.20	5.0857	5.1793
846883743876	1296.00	750.94	1272.83	762.13	5.0975	5.2003
846883752210	1294.77	754.29	1277.85	757.48	5.0961	5.1783
846883760541	1291.75	752.01	1277.76	755.67	5.0930	5.1885
846883768878	1295.10	748.54	1270.87	767.58	5.1050	5.2026
846883777211	1287.86	754.00	1270.46	760.63	5.0879	5.2121
846883785544	1294.73	747.35	1273.06	761.29	5.1138	5.2159
846883793878	1300.79	746.11	1271.69	762.36	5.1292	5.2324
846883802211	1298.38	760.21	1271.34	759.72	5.0979	5.2183
846883810544	1295.15	749.10	1271.53	769.37	5.1302	5.2254
846883818878	1300.76	753.65	1271.54	756.96	5.1243	5.2168
846883827211	1301.64	754.87	1270.45	763.27	5.1206	5.2213
846883835545	1298.00	749.09	1272.25	765.25	5.1503	5.2382
846883843877	1298.95	759.56	1272.67	757.64	5.1218	5.2186
846883852210	1295.28	757.78	1277.65	762.00	5.1341	5.2290
846883860543	1293.72	760.24	1283.31	762.14	5.1300	5.2287
846883868877	1295.67	749.62	1275.71	757.41	5.1526	5.2267
846883877210	1293.33	759.02	1274.56	765.69	5.1405	5.2328
846883885543	1293.48	755.72	1271.95	766.37	5.1364	5.2523
846883893877	1289.90	752.95	1286.31	767.88	5.1138	5.2309
846883902214	1300.55	757.06	1277.78	765.41	5.1542	5.2272
846883910547	1296.98	753.80	1281.27	770.19	5.1429	5.2476
846883918880	1291.99	759.44	1286.80	761.56	5.1427	5.2153
846883927213	1296.11	755.24	1282.53	762.86	5.1444	5.2289
846883935546	1295.62	752.48	1280.24	757.65	5.1294	5.2372
846883943880	1297.68	754.13	1283.60	758.73	5.1549	5.2220
846883952213	1292.29	755.68	1278.83	765.19	5.1385	5.2377
846883960547	1294.00	751.25	1286.04	760.37	5.1349	5.2263
846883968880	1295.66	752.69	1281.56	760.62	5.1465	5.2344
846883977213	1291.35	751.26	1280.75	760.86	5.1404	5.2413
846883985546	1297.80	754.57	1281.60	762.19	5.1380	5.2371
846883993880	1293.93	748.31	1282.30	768.08	5.1431	5.2323
846884002212	1293.49	748.16	1282.65	765.54	5.1244	5.2220
846884010545	1295.12	750.06	1278.20	765.72	5.1375	5.2303
846884018878	1298.49	753.77	1281.80	760.70	5.1436	5.2231
846884027217	1294.36	751.79	1284.75	758.93	5.1433	5.2263
846884035550	1294.96	752.32	1285.45	764.37	5.1426	5.2321
846884043884	1294.98	755.51	1281.65	763.28	5.1335	5.2453
846884052217	1298.97	758.28	1287.46	755.77	5.1287	5.2229
846884060550	1286.29	754.42	1284.63	758.87	5.1237	5.2300
846884068883	1291.66	758.17	1285.59	764.62	5.1280	5.2333
846884077216	1301.07	753.85	1285.96	758.34	5.1322	5.2409
846884085550	1299.97	749.50	1284.66	766.18	5.1443	5.2191
846884093882	1299.53	755.87	1277.05	764.46	5.1339	5.2317
846884102216	1291.13	746.72	1284.70	763.91	5.1250	5.2160
846884110549	1298.07	750.50	1284.47	764.02	5.1518	5.2143
846884118882	1291.98	748.31	1288.07	764.04	5.1328	5.2159
846884127216	1293.95	755.86	1285.02	763.26	5.1168	5.2248
846884135549	1292.60	747.72	1280.64	761.48	5.1257	5.2086
846884143882	1291.82	755.94	1279.39	765.80	5.1347	5.2262
846884152216	1296.77	753.30	1286.05	763.28	5.1327	5.2163
846884160553	1292.47	753.49	1282.04	762.94	5.1115	5.2187
846884168887	1291.49	753.11	1287.13	752.67	5.1139	5.2095
846884177220	1291.74	749.65	1280.95	758.52	5.1221	5.2206
846884185553	1296.39	754.13	1291.27	753.64	5.1221	5.2036
846884193886	1296.24	752.32	1281.82	758.32	5.1176	5.2066
846884202220	1292.50	751.24	1284.59	755.39	5.1108	5.2008
846884210553	1295.40	759.33	1279.74	757.17	5.1236	5.2100
846884218885	1295.63	756.82	1282.29	760.88	5.1076	5.2085
846884227219	1292.76	753.12	1276.85	759.96	5.1199	5.2057
846884235551	1293.07	748.84	1277.90	760.75	5.1135	5.2075
846884243884	1287.34	748.52	1282.62	765.56	5.1052	5.1908
846884252218	1289.18	744.28	1279.72	762.98	5.1159	5.2083
846884260551	1289.54	744.00	1287.11	763.18	5.1006	5.1906
846884268884	1292.22	746.53	1281.01	761.19	5.1244	5.2091
846884277218	1294.98	752.84	1286.09	761.15	5.1043	5.1971
846884285551	1291.88	747.96	1285.24	758.58	5.1114	5.2005
846884293890	1291.69	754.92	1276.33	765.77	5.1171	5.2062
846884302223	1295.30	751.00	1279.98	755.25	5.1028	5.2016
846884310556	1295.36	755.90	1278.65	760.81	5.0943	5.2123
846884318888	1296.67	742.33	1274.85	756.01	5.1187	5.2160
846884327222	1297.93	742.00	1283.17	750.93	5.1075	5.2088
846884335556	1296.62	746.37	1286.16	749.31	5.0923	5.1911
846884343888	1294.06	753.47	1279.14	752.73	5.0995	5.2051
846884352222	1290.85	743.21	1280.02	753.10	5.0953	5.2087
846884360555	1298.61	747.76	1279.78	759.68	5.1057	5.1991
846884368888	1296.30	743.29	1279.68	755.78	5.0976	5.2068
846884377222	1296.97	749.41	1285.07	755.02	5.0991	5.1970
846884385555	1302.22	745.92	1278.98	758.34	5.1064	5.2114
846884393888	1290.83	745.63	1288.50	755.47	5.0836	5.1862
846884402221	1293.22	741.02	1272.40	756.05	5.0986	5.2128
846884410554	1299.51	745.71	1284.37	753.69	5.0921	5.1946
846884418892	1298.33	743.49	1285.00	749.06	5.1173	5.1956
846884427225	1288.36	739.34	1279.54	753.71	5.0911	5.2003
846884435558	1296.25	743.57	1275.01	755.21	5.0970	5.2095
846884443891	1302.84	746.32	1285.09	745.66	5.1200	5.2055
846884452225	1297.61	748.00	1281.78	752.16	5.1084	5.1933
846884460558	1291.99	745.91	1283.91	748.14	5.0934	5.2006
846884468891	1293.32	744.54	1287.71	747.74	5.1056	5.1880
846884477224	1293.21	751.54	1279.90	754.99	5.0982	5.1959
846884485557	1292.48	748.73	1271.83	748.83	5.0822	5.2034
846884493890	1283.48	747.31	1280.51	754.42	5.0867	5.1817
846884502224	1292.53	739.66	1284.70	747.44	5.1006	5.1968
846884510557	1292.18	742.48	1281.46	751.06	5.0972	5.1954
846884518890	1294.62	745.02	1284.47	746.21	5.0989	5.1854
846884527224	1294.23	744.23	1278.75	752.35	5.0948	5.1944
846884535557	1293.01	744.20	1283.52	749.10	5.0892	5.1886
846884543891	1294.98	743.94	1282.81	747.61	5.0936	5.1945
846884552228	1293.12	745.37	1284.00	749.36	5.0835	5.1847
846884560562	1299.28	749.46	1286.30	747.35	5.1107	5.1749
846884568895	1290.55	745.24	1280.63	746.20	5.0876	5.1860
846884577229	1289.70	746.06	1285.87	743.07	5.0832	5.1960
846884585562	1294.18	741.99	1279.47	743.93	5.0872	5.1929
846884593895	1289.85	747.89	1288.24	737.65	5.0711	5.1754
846884602229	1289.95	745.76	1285.92	740.79	5.0719	5.1797
846884610562	1285.81	743.78	1287.09	745.10	5.0585	5.1815
846884618895	1295.23	741.29	1281.93	746.20	5.0849	5.1960
846884627229	1288.78	752.11	1280.33	742.95	5.0708	5.1841
846884635561	1293.94	745.41	1284.12	752.16	5.0703	5.1695
846884643894	1286.23	738.52	1292.99	740.84	5.0629	5.1567
846884652227	1293.73	742.53	1285.09	743.14	5.0696	5.1716
846884660561	1287.44	745.98	1293.49	747.15	5.0511	5.1628
846884668895	1290.01	742.57	1285.48	743.83	5.0698	5.1549
846884677227	1287.96	749.22	1287.12	747.37	5.0524	5.1727
846884685565	1290.02	745.84	1287.98	738.05	5.0619	5.1496
846884693898	1280.78	744.28	1292.88	735.88	5.0396	5.1502
846884702231	1290.53	739.02	1288.20	745.38	5.0436	5.1564
846884710564	1293.36	750.23	1297.57	741.08	5.0604	5.1375
846884718897	1295.28	749.67	1291.49	736.29	5.0641	5.1418
846884727230	1290.77	739.33	1290.98	738.05	5.0561	5.1510
846884735564	1289.91	745.80	1290.51	738.23	5.0556	5.1357
846884743897	1291.94	745.44	1287.67	746.42	5.0569	5.1306
846884752231	1287.70	740.28	1292.70	744.72	5.0346	5.1561
846884760564	1287.24	736.68	1291.08	737.25	5.0281	5.1303
846884768896	1284.90	744.20	1278.74	749.76	5.0259	5.1523
846884777229	1287.45	740.35	1284.61	743.38	5.0527	5.1423
846884785563	1286.25	737.74	1287.57	746.28	5.0347	5.1480
846884793896	1285.78	742.63	1287.13	743.60	5.0374	5.1400
846884802228	1288.86	747.00	1286.52	749.94	5.0511	5.1347
846884810562	1279.98	742.65	1282.75	744.91	5.0345	5.1332
846884818900	1287.77	744.52	1280.35	744.82	5.0490	5.1395
846884827233	1285.77	744.14	1289.97	737.33	5.0339	5.1286
846884835567	1289.94	739.63	1288.83	742.55	5.0408	5.1171
846884843900	1286.21	736.12	1286.21	749.87	5.0233	5.1195
846884852233	1286.52	736.26	1284.49	745.29	5.0337	5.1268
846884860567	1288.26	730.25	1286.51	746.17	5.0251	5.1067
846884868900	1286.79	740.83	1285.04	747.94	5.0151	5.1019
846884877233	1281.76	731.83	1282.93	745.67	4.9929	5.0926
846884885566	1275.61	734.85	1288.79	743.25	4.9492	5.0713
846884893899	1286.33	736.55	1294.41	737.56	4.9593	5.0479
846884902232	1268.00	747.68	1273.67	757.28	4.9262	5.0412
846884910566	1268.60	762.62	1278.76	767.21	4.8982	4.9979
846884918899	1261.67	756.52	1280.46	762.70	4.8714	4.9686
846884927232	1272.85	761.75	1277.72	755.13	4.8490	4.9398
846884935566	1264.32	759.67	1278.20	755.43	4.8091	4.9333
846884943901	1270.85	756.00	1282.17	750.32	4.7901	4.8816
846884952234	1264.39	757.87	1285.62	746.35	4.7249	4.8499
846884960567	1265.31	748.51	1283.30	751.50	4.6999	4.8272
846884968900	1264.38	752.67	1280.90	750.84	4.6600	4.7964
846884977233	1266.57	757.01	1289.08	750.33	4.6361	4.7531
846884985567	1265.66	758.48	1289.42	751.26	4.6044	4.7330
846884993900	1266.29	754.85	1283.04	753.31	4.5698	4.6979
846885002234	1261.60	750.28	1290.05	748.95	4.5418	4.6641
846885010567	1258.63	741.75	1282.98	748.17	4.5219	4.6392
846885018900	1264.82	743.68	1295.72	753.64	4.4861	4.6030
846885027232	1257.65	743.63	1285.43	747.75	4.4664	4.5893
846885035566	1262.16	742.88	1292.29	741.05	4.4277	4.5535
846885043899	1264.09	737.53	1285.58	745.97	4.4142	4.5310
846885052232	1259.24	739.92	1288.46	737.33	4.3688	4.5057
846885060565	1259.20	747.91	1286.33	742.80	4.3721	4.4784
846885068899	1262.71	742.07	1289.60	739.88	4.3235	4.4495
846885077241	1256.26	739.62	1281.29	736.84	4.3153	4.4475
846885085575	1258.95	744.56	1291.27	733.07	4.2919	4.4080
846885093908	1265.57	737.83	1294.23	735.16	4.2712	4.3770
846885102241	1234.65	749.91	1277.39	742.61	4.2504	4.3899
846885110574	1158.92	771.10	1197.83	746.30	4.2409	4.3635
846885118907	1092.98	764.37	1145.06	763.88	4.2308	4.3650
846885127241	1066.49	757.02	1099.40	755.93	4.1904	4.3669
846885135573	1050.02	757.65	1087.89	763.03	4.1789	4.3701
846885143907	1060.91	752.64	1102.92	759.17	4.1526	4.3457
846885152240	1063.95	756.79	1101.26	753.15	4.1714	4.3229
846885160574	1066.62	748.78	1090.24	759.26	4.1612	4.3336
846885168907	1057.87	760.90	1099.98	764.43	4.1482	4.3160
846885177240	1057.70	758.18	1100.52	742.04	4.1313	4.2843
846885185573	1062.72	759.18	1096.29	753.46	4.1410	4.2938
846885193906	1060.86	761.53	1086.98	752.68	4.1134	4.2804
846885202239	1069.12	754.12	1096.54	750.77	4.1087	4.2728
846885210576	1057.57	758.05	1096.22	745.75	4.0871	4.2463
846885218909	1063.08	759.16	1094.06	754.70	4.0976	4.2681
846885227242	1062.37	751.53	1093.66	751.62	4.0817	4.2552
846885235576	1063.49	750.11	1094.00	749.77	4.0851	4.2521
846885243909	1057.61	750.77	1088.74	746.97	4.0698	4.2271
846885252243	1063.12	757.64	1091.20	752.27	4.0827	4.2308
846885260575	1061.65	757.94	1086.86	758.00	4.0759	4.2439
846885268908	1057.90	753.52	1089.63	759.09	4.0682	4.2533
846885277241	1058.98	746.49	1092.86	749.08	4.0501	4.2228
846885285574	1058.50	752.70	1089.71	763.70	4.0697	4.2538
846885293908	1062.88	753.12	1092.02	750.29	4.0690	4.2195
846885302241	1065.48	755.92	1087.67	748.66	4.0637	4.2108
846885310574	1058.75	758.67	1090.93	752.10	4.0486	4.2379
846885318908	1061.73	744.88	1091.54	757.14	4.0356	4.2239
846885327240	1061.89	757.68	1090.38	761.16	4.0411	4.2272
846885335574	1065.92	755.96	1088.11	755.06	4.0641	4.2348
846885343911	1056.54	747.12	1089.80	750.54	4.0285	4.2067
846885352243	1031.86	746.83	1074.58	741.11	4.0377	4.2085
846885360576	1002.47	727.26	1026.54	728.88	4.0333	4.2222
846885368910	998.70	724.27	1017.13	724.01	4.0253	4.2200
846885377244	1010.60	720.58	1034.41	711.51	4.0194	4.2033
846885385576	1010.99	727.34	1026.50	725.50	4.0408	4.2323
846885393910	1001.13	719.17	1030.81	719.43	4.0231	4.2137
846885402243	1014.53	725.12	1034.13	724.95	4.0535	4.2223
846885410576	1008.14	721.46	1032.38	715.12	4.0196	4.1988
846885418910	1014.44	721.60	1033.37	717.84	4.0235	4.2122
846885427243	1008.11	722.68	1030.60	720.55	4.0098	4.2030
846885435575	1010.45	717.94	1027.88	728.16	4.0397	4.2250
846885443909	1009.11	717.27	1039.84	721.71	4.0204	4.2055
846885452242	1010.02	713.18	1032.02	720.24	4.0187	4.1980
846885460576	1010.62	719.46	1028.12	714.54	4.0230	4.2060
846885468912	1007.88	719.13	1033.65	714.39	4.0316	4.1878
846885477245	1006.66	719.11	1032.42	716.09	4.0285	4.2005
846885485578	1017.05	718.72	1033.26	720.00	4.0353	4.2106
846885493912	1006.53	728.82	1037.36	722.10	4.0248	4.1955
846885502244	1004.61	718.94	1031.72	716.77	4.0434	4.1947
846885510577	1004.77	714.30	1032.93	718.56	4.0218	4.1936
846885518911	1005.12	710.01	1030.01	722.81	4.0276	4.2109
846885527244	1003.86	717.06	1030.62	728.12	4.0320	4.2028
846885535577	1005.51	717.14	1029.37	721.32	4.0494	4.2046
846885543911	1020.63	710.20	1051.15	696.59	4.0578	4.1943
846885552244	1064.00	689.94	1113.74	674.60	4.0552	4.2068
846885560577	1100.16	676.66	1131.59	665.87	4.0739	4.2128
846885568911	1103.15	668.16	1139.91	652.69	4.0843	4.2118
846885577244	1110.10	667.87	1134.06	645.29	4.0860	4.1893
846885585577	1106.12	678.57	1130.88	658.91	4.0835	4.2055
846885593909	1101.48	656.73	1132.44	647.01	4.0634	4.2051
846885602250	1112.14	654.88	1134.53	655.27	4.0802	4.2009
846885610583	1111.51	670.95	1134.28	657.98	4.1122	4.2155
846885618916	1118.69	656.24	1135.24	655.31	4.1061	4.2138
846885627250	1111.35	654.45	1133.27	660.45	4.1174	4.2303
846885635583	1103.68	660.06	1134.78	656.92	4.1152	4.2189
846885643916	1111.64	660.28	1135.85	650.50	4.1334	4.2234
846885652250	1108.68	651.60	1133.80	660.13	4.1236	4.2375
846885660582	1111.82	660.76	1135.07	655.95	4.1448	4.2401
846885668916	1113.61	665.34	1135.58	655.16	4.1725	4.2545
846885677249	1119.17	649.77	1134.28	654.49	4.1274	4.2524
846885685582	1118.95	648.83	1134.60	659.11	4.1049	4.2844
846885693915	1113.92	657.59	1138.12	655.72	4.1615	4.2887
846885702249	1114.77	653.08	1136.20	653.77	4.1483	4.2773
846885710583	1114.83	656.44	1140.01	654.60	4.1476	4.2859
846885718915	1124.88	645.08	1139.33	651.52	4.1512	4.2943
846885727249	1117.01	660.46	1139.70	664.62	4.2170	4.3139
846885735586	1118.01	659.63	1135.59	660.13	4.2101	4.3267
846885743918	1113.23	653.43	1134.66	658.78	4.2130	4.3217
846885752252	1113.39	650.35	1129.81	667.50	4.2182	4.3612
846885760585	1112.34	658.94	1134.59	665.22	4.2454	4.3527
846885768918	1135.85	654.36	1171.42	659.71	4.2523	4.3602
846885777252	1195.79	655.51	1231.83	644.99	4.2836	4.3604
846885785585	1234.39	651.45	1264.07	657.03	4.2924	4.3770
846885793919	1237.52	647.96	1275.90	649.41	4.2861	4.3689
846885802252	1238.55	644.29	1268.78	654.86	4.3077	4.3812
846885810585	1237.02	640.12	1262.81	648.70	4.3051	4.3905
846885818917	1232.02	646.72	1268.15	646.88	4.3108	4.3831
846885827251	1238.09	650.85	1268.59	644.67	4.3166	4.3806
846885835585	1237.05	643.25	1271.29	647.46	4.3243	4.3978
846885843917	1234.92	659.00	1267.90	648.12	4.3387	4.4128
846885852251	1236.26	648.82	1271.72	645.05	4.3293	4.3992
846885860585	1239.84	653.89	1269.27	656.32	4.3595	4.4279
846885868918	1244.07	660.41	1271.62	649.72	4.3828	4.4154
846885877251	1240.27	657.06	1268.17	654.11	4.3849	4.4398
846885885584	1237.30	652.87	1264.68	647.85	4.3712	4.4397
846885893917	1237.80	647.85	1265.64	656.46	4.3899	4.4704
846885902251	1237.04	657.23	1269.86	653.64	4.3927	4.4633
846885910583	1239.71	652.14	1271.31	653.61	4.4140	4.4430
846885918917	1232.90	651.55	1267.22	655.04	4.4138	4.4631
846885927250	1238.23	645.40	1270.89	651.02	4.3936	4.4553
846885935583	1239.71	664.50	1271.09	654.58	4.4174	4.4558
846885943916	1236.74	650.19	1266.01	656.20	4.4065	4.4894
846885952250	1238.74	660.30	1268.77	660.06	4.4434	4.4825
846885960584	1238.49	651.16	1271.16	650.03	4.4297	4.4720
846885968916	1235.30	660.13	1266.44	650.16	4.4438	4.4748
846885977250	1234.07	660.86	1275.09	649.26	4.4297	4.4958
846885985583	1239.22	660.80	1268.56	650.03	4.4487	4.4923
846885993926	1244.27	655.67	1273.30	644.05	4.4636	4.4859
846886002259	1239.17	648.05	1266.94	654.86	4.4400	4.5228
846886010592	1240.96	653.43	1273.44	647.08	4.4633	4.4984
846886018925	1238.68	650.89	1267.91	648.62	4.4440	4.5105
846886027259	1239.42	652.98	1273.07	648.83	4.4606	4.5276
846886035593	1234.90	651.18	1268.24	658.12	4.4486	4.5254
846886043926	1235.32	654.02	1276.46	657.19	4.4581	4.5181
846886052259	1239.31	651.39	1263.87	657.84	4.4494	4.5334
846886060591	1239.40	648.89	1270.44	658.76	4.4541	4.5209
846886068924	1243.17	662.85	1271.68	658.04	4.4759	4.5244
846886077258	1238.25	655.23	1270.54	657.09	4.4542	4.5383
846886085591	1257.57	671.99	1297.91	662.53	4.4624	4.5392
846886093924	1315.75	682.08	1360.71	684.57	4.4850	4.5514
846886102258	1360.96	693.95	1403.01	679.81	4.4864	4.5550
846886110591	1371.10	703.56	1408.41	704.08	4.4956	4.5562
846886118925	1371.18	703.24	1403.06	699.50	4.4787	4.5454
846886127261	1358.65	698.05	1396.26	704.93	4.4935	4.5583
846886135593	1375.68	702.91	1394.40	709.32	4.5033	4.5779
846886143926	1371.47	699.37	1397.57	707.78	4.4923	4.5727
846886152259	1368.27	702.92	1394.32	694.70	4.5041	4.5689
846886160593	1371.31	701.36	1398.29	693.32	4.5022	4.5658
846886168927	1365.30	705.05	1394.14	703.71	4.5190	4.5881
846886177259	1372.03	692.69	1398.99	697.28	4.4854	4.5899
846886185593	1372.19	694.57	1394.22	699.89	4.5003	4.5891
846886193927	1360.94	696.46	1390.09	699.33	4.4944	4.6010
846886202260	1373.03	695.60	1392.53	700.88	4.5206	4.5935
846886210593	1365.61	689.04	1396.25	696.31	4.4890	4.5846
846886218925	1365.13	703.04	1396.21	701.75	4.5209	4.6026
846886227259	1369.37	695.43	1396.69	704.80	4.5091	4.5972
846886235592	1368.39	701.01	1395.03	704.78	4.5155	4.5955
846886243926	1372.59	697.72	1398.13	707.69	4.5315	4.5947
846886252259	1370.90	704.25	1394.50	707.69	4.5298	4.6055
846886260595	1367.60	702.40	1397.26	710.11	4.5187	4.6100
846886268928	1367.30	707.44	1402.52	706.75	4.5188	4.6125
846886277262	1363.58	699.44	1403.22	707.01	4.5313	4.6180
846886285595	1368.24	712.23	1396.68	708.88	4.5499	4.6169
846886293928	1397.59	714.19	1437.24	731.88	4.5484	4.6445
846886302261	1471.30	751.74	1503.90	752.42	4.5891	4.6491
846886310594	1518.97	763.01	1538.26	771.80	4.5952	4.6476
846886318928	1553.40	775.06	1574.53	782.37	4.6012	4.6349
846886327261	1538.24	771.45	1573.57	781.96	4.6194	4.6221
846886335594	1529.81	766.51	1553.21	782.49	4.5831	4.6312
846886343927	1546.33	764.20	1564.70	781.86	4.6060	4.6199
846886352260	1543.29	767.88	1560.65	787.24	4.5991	4.6353
846886360594	1537.88	769.52	1558.56	779.88	4.6156	4.6328
846886368928	1534.56	769.52	1563.47	771.60	4.6077	4.6379
846886377260	1541.86	765.14	1559.44	777.50	4.6192	4.6273
846886385599	1540.15	764.43	1564.92	778.75	4.6146	4.6246
846886393932	1533.52	764.26	1560.81	774.17	4.6044	4.6237
846886402266	1542.54	761.54	1559.41	783.37	4.6077	4.6384
846886410599	1542.44	767.10	1563.70	779.26	4.6001	4.6362
846886418933	1546.80	760.58	1555.00	774.64	4.6041	4.6359
846886427265	1537.48	769.57	1557.48	779.39	4.6372	4.6308
846886435598	1540.22	778.14	1566.21	781.90	4.6228	4.6325
846886443932	1547.00	761.90	1558.85	782.77	4.6019	4.6224
846886452265	1541.31	766.10	1562.79	781.59	4.6262	4.6264
846886460598	1546.92	767.51	1556.40	787.31	4.6126	4.6352
846886468930	1548.33	761.82	1562.66	775.85	4.6149	4.6215
846886477263	1543.12	767.75	1559.64	780.21	4.6236	4.6272
846886485597	1538.30	765.37	1561.11	787.40	4.6138	4.6367
846886493931	1542.88	768.96	1555.47	781.28	4.6248	4.6322
846886502264	1544.82	760.75	1563.11	780.56	4.6217	4.6211
846886510597	1578.61	781.58	1619.41	803.22	4.6249	4.6497
846886518936	1649.15	802.41	1667.78	822.87	4.6512	4.6497
846886527270	1648.70	789.67	1666.70	823.09	4.6346	4.6240
846886535602	1639.12	785.07	1659.92	820.72	4.6428	4.6251
846886543935	1637.67	783.14	1657.68	819.46	4.6396	4.6141
846886552268	1639.93	786.68	1653.99	819.16	4.6491	4.6185
846886560602	1638.33	790.88	1655.29	816.17	4.6406	4.6201
846886568935	1640.29	789.81	1659.80	819.10	4.6332	4.6168
846886577269	1639.32	788.89	1647.90	822.28	4.6249	4.6299
846886585602	1640.94	789.84	1661.17	818.93	4.6417	4.6164
846886593935	1643.89	793.53	1661.88	820.08	4.6237	4.6092
846886602269	1640.17	797.21	1655.66	820.31	4.6284	4.6100
846886610601	1637.78	799.34	1653.55	819.89	4.6245	4.6010
846886618934	1643.41	788.69	1662.68	820.24	4.6265	4.6122
846886627268	1636.81	786.65	1657.04	820.73	4.6094	4.6021
846886635601	1640.66	789.91	1658.51	821.77	4.6224	4.6003
846886643934	1639.81	784.24	1657.29	819.26	4.6246	4.5982
846886652272	1638.91	780.86	1659.43	820.26	4.5991	4.6061
846886660605	1632.35	787.04	1652.17	823.30	4.6232	4.6155
846886668938	1633.39	784.43	1657.86	817.43	4.6232	4.6069
846886677271	1639.01	780.72	1655.83	817.55	4.6116	4.5829
846886685605	1644.43	780.89	1655.58	820.20	4.6117	4.5943
846886693937	1640.56	791.94	1660.43	820.25	4.6197	4.5864
846886702271	1640.15	782.88	1657.91	820.35	4.6138	4.5819
846886710604	1636.27	798.16	1658.21	820.19	4.5999	4.5891
846886718937	1640.12	788.03	1658.25	825.62	4.6047	4.5881
846886727271	1633.87	786.37	1658.45	821.63	4.5977	4.5881
846886735604	1641.01	795.18	1653.96	825.16	4.6018	4.5868
846886743937	1634.35	787.13	1656.27	824.23	4.5993	4.5831
846886752271	1634.92	785.07	1659.46	822.38	4.5997	4.5903
846886760604	1640.55	782.13	1660.11	824.48	4.5782	4.5953
846886768936	1636.78	782.92	1656.16	821.04	4.5935	4.5932
846886777270	1632.81	786.97	1661.52	819.10	4.6024	4.5895
846886785608	1634.67	777.58	1658.94	819.21	4.5956	4.5831
846886793941	1639.58	780.28	1660.37	815.34	4.6059	4.5790
846886802274	1632.39	780.07	1655.50	820.00	4.5879	4.6005
846886810608	1635.83	784.27	1659.01	821.92	4.5937	4.5991
846886818941	1635.43	783.13	1651.67	819.48	4.5959	4.5975
846886827275	1642.25	783.76	1659.69	819.91	4.6125	4.5967
846886835608	1635.50	782.62	1662.96	811.21	4.6070	4.5911
846886843941	1639.51	789.48	1659.33	822.19	4.5976	4.5970
846886852274	1629.44	785.45	1660.42	820.93	4.5874	4.6003
846886860607	1635.34	790.47	1664.75	820.13	4.6113	4.6003
846886868940	1636.74	785.08	1661.68	823.54	4.6051	4.5910
846886877274	1636.22	786.63	1652.10	820.22	4.6033	4.6042
846886885606	1635.72	789.72	1653.66	824.98	4.5948	4.6069
846886893940	1637.38	791.85	1663.33	819.23	4.6174	4.6057
846886902274	1627.84	790.30	1662.07	817.45	4.6067	4.5847
846886910611	1557.94	793.82	1594.42	825.75	4.6262	4.6196
846886918944	1456.08	795.62	1507.09	827.74	4.6399	4.6248
846886927276	1376.56	822.98	1431.72	847.08	4.6363	4.6541
846886935610	1303.51	813.25	1367.15	835.00	4.6041	4.6449
846886943943	1262.45	815.70	1310.62	833.78	4.5756	4.6398
846886952276	1258.48	807.91	1290.20	838.38	4.5586	4.6573
846886960610	1280.24	807.15	1306.58	842.33	4.5735	4.6754
846886968943	1283.52	821.57	1315.84	834.79	4.6164	4.6402
846886977277	1270.94	807.84	1311.29	838.12	4.5983	4.6366
846886985610	1274.37	804.35	1309.09	830.69	4.5707	4.6393
846886993943	1265.09	807.15	1309.86	832.10	4.5671	4.6439
846887002277	1265.11	803.39	1315.97	831.71	4.5658	4.6264
846887010608	1268.77	800.86	1313.32	834.63	4.5712	4.6188
846887018942	1271.60	807.73	1308.04	830.97	4.5911	4.6366
846887027276	1270.59	808.98	1299.21	843.69	4.5878	4.6611
846887035609	1264.17	809.47	1314.25	827.59	4.5781	4.6145
846887043947	1267.26	805.42	1308.69	831.57	4.5786	4.6214
846887052280	1270.79	800.64	1307.34	835.23	4.5828	4.6379
846887060614	1268.45	800.39	1307.55	825.60	4.5673	4.6146
846887068947	1268.92	806.41	1310.67	822.16	4.5791	4.6125
846887077280	1263.89	803.08	1299.37	830.93	4.5719	4.6507
846887085613	1260.41	809.85	1298.67	836.10	4.5777	4.6415
846887093946	1263.66	813.46	1302.29	831.55	4.5703	4.6229
846887102279	1266.68	804.26	1299.52	832.79	4.5643	4.6330
846887110613	1262.53	807.10	1300.67	832.62	4.5596	4.6204
846887118946	1272.49	811.97	1303.68	832.70	4.5874	4.6286
846887127279	1265.63	807.39	1305.83	827.77	4.5624	4.6171
846887135612	1264.24	803.39	1297.84	830.98	4.5731	4.6224
846887143946	1264.48	809.04	1299.02	830.37	4.5684	4.6279
846887152279	1260.05	809.58	1299.01	832.82	4.5521	4.6299
846887160613	1262.97	814.68	1297.22	828.03	4.5670	4.6156
846887168945	1264.22	813.48	1289.74	835.34	4.5542	4.6511
846887177283	1263.03	808.75	1297.94	823.11	4.5473	4.6132
846887185617	1259.43	808.69	1301.69	830.16	4.5476	4.6112
846887193950	1262.93	812.74	1298.84	824.73	4.5513	4.6066
846887202283	1266.89	809.76	1295.93	830.47	4.5591	4.6095
846887210617	1267.46	813.07	1298.98	832.63	4.5635	4.6040
846887218950	1263.58	814.66	1299.84	833.07	4.5396	4.6020
846887227283	1263.92	808.80	1294.19	831.51	4.5379	4.6131
846887235617	1260.83	812.46	1296.40	831.49	4.5392	4.5930
846887243949	1263.80	812.94	1297.12	826.58	4.5478	4.5960
846887252282	1265.17	818.03	1295.60	827.64	4.5543	4.6079
846887260615	1270.47	811.84	1297.06	831.14	4.5487	4.5990
846887268949	1256.59	812.31	1296.36	828.98	4.5390	4.5990
846887277282	1260.71	814.30	1285.52	835.04	4.5477	4.5924
846887285616	1231.40	843.24	1271.75	850.20	4.5364	4.5906
846887293949	1207.66	863.81	1240.43	879.03	4.5386	4.6008
846887302286	1225.51	863.95	1251.10	890.16	4.5443	4.6232
846887310620	1223.80	857.64	1248.67	895.17	4.5357	4.6280
846887318953	1225.40	859.12	1255.32	881.45	4.5444	4.6058
846887327285	1226.51	857.35	1260.14	879.56	4.5574	4.5994
846887335619	1228.64	854.87	1257.04	881.20	4.5412	4.5940
846887343952	1230.39	864.67	1252.15	881.09	4.5563	4.5926
846887352285	1227.06	863.26	1257.22	883.66	4.5389	4.6030
846887360619	1223.13	860.71	1248.84	880.57	4.5350	4.6031
846887368952	1228.70	863.74	1242.82	879.53	4.5357	4.6100
846887377285	1221.73	860.17	1251.80	876.60	4.5211	4.5993
846887385618	1227.52	863.72	1247.83	878.80	4.5524	4.5978
846887393952	1223.33	862.61	1245.71	872.27	4.5310	4.6165
846887402284	1222.47	864.16	1248.58	876.92	4.5420	4.6080
846887410618	1225.15	865.86	1243.11	880.41	4.5436	4.6196
846887418951	1229.53	868.70	1247.25	873.63	4.5444	4.6198
846887427284	1222.82	863.12	1252.60	874.09	4.5391	4.6021
846887435623	1225.57	858.57	1242.55	881.28	4.5520	4.6402
846887443956	1225.91	862.21	1249.17	869.55	4.5472	4.6104
846887452289	1228.42	861.88	1250.14	873.30	4.5398	4.6129
846887460623	1237.09	864.22	1251.62	872.05	4.5579	4.6062
846887468955	1218.53	866.73	1237.63	884.43	4.5651	4.6352
846887477289	1143.42	890.56	1161.03	901.56	4.5541	4.6302
846887485622	1096.92	897.53	1112.90	916.12	4.5411	4.6665
846887493955	1102.88	908.38	1098.65	917.68	4.5701	4.6544
846887502288	1108.24	905.40	1106.00	919.34	4.5511	4.6384
846887510621	1111.76	900.74	1112.40	914.89	4.5326	4.6464
846887518955	1112.31	904.92	1111.46	917.60	4.5609	4.6529
846887527288	1113.37	901.15	1112.81	918.75	4.5501	4.6541
846887535621	1108.39	896.31	1110.63	913.48	4.5491	4.6499
846887543955	1117.96	905.96	1113.22	912.67	4.5531	4.6503
846887552288	1103.80	897.58	1105.79	915.57	4.5404	4.6688
846887560620	1115.74	895.77	1112.00	916.61	4.5527	4.6625
846887568959	1116.20	906.14	1112.49	913.19	4.5763	4.6635
846887577292	1107.34	898.94	1108.99	917.14	4.5432	4.6471
846887585625	1116.48	898.39	1105.03	921.07	4.5694	4.6739
846887593958	1114.84	907.03	1112.06	918.25	4.5718	4.6572
846887602292	1102.71	903.88	1103.10	920.23	4.5644	4.6567
846887610625	1064.26	921.31	1072.91	922.20	4.5745	4.6733
846887618959	985.38	932.27	985.33	931.45	4.6015	4.6808
