t	gaze_point_LX	gaze_point_LY	gaze_point_RX	gaze_point_RY	pupil_diameter_L	pupil_diameter_R
846850626462	1224.93	633.50	1224.99	653.39	4.4985	4.6377
846850634795	1225.98	631.60	1225.84	650.38	4.5266	4.6356
846850643129	1225.28	641.67	1226.04	664.06	4.5270	4.6665
846850651462	1223.82	635.50	1231.46	658.34	4.5322	4.6581
846850659795	1219.43	640.23	1229.22	662.34	4.5506	4.6549
846850668128	1222.90	635.44	1229.35	662.12	4.5432	4.6711
846850676462	1224.71	639.97	1230.37	654.80	4.5365	4.6658
846850684795	1222.49	633.78	1228.45	659.49	4.5402	4.6814
846850693127	1225.39	638.83	1222.33	652.94	4.5455	4.6726
846850701461	1225.64	635.71	1224.54	657.79	4.5715	4.6842
846850709794	1223.58	642.91	1227.98	652.44	4.5817	4.6846
846850718127	1225.69	630.43	1229.65	654.43	4.5877	4.6964
846850726461	1218.65	636.33	1234.27	650.29	4.5945	4.6915
846850734800	1219.11	632.89	1230.99	665.36	4.5694	4.7287
846850743133	1220.68	638.34	1228.26	652.93	4.5957	4.7166
846850751467	1225.62	634.77	1224.62	655.55	4.5782	4.7269
846850759799	1226.72	638.30	1226.49	662.10	4.5970	4.7390
846850768133	1225.07	649.00	1233.64	660.59	4.6028	4.7211
846850776466	1257.75	670.16	1261.98	689.88	4.6160	4.7542
846850784799	1291.66	687.48	1303.11	710.44	4.6211	4.7568
846850793132	1304.03	706.92	1311.41	726.83	4.6396	4.7815
846850801466	1301.32	710.00	1306.31	729.76	4.6596	4.7817
846850809797	1296.27	701.37	1301.00	720.19	4.6654	4.7723
846850818132	1294.46	701.74	1297.81	717.72	4.6601	4.7813
846850826466	1293.70	704.36	1298.23	719.55	4.6630	4.7987
846850834799	1297.18	709.94	1293.24	724.77	4.6740	4.8030
846850843131	1295.40	706.60	1304.43	721.15	4.6792	4.7878
846850851465	1297.19	701.71	1300.97	725.81	4.6552	4.8012
846850859798	1299.31	702.71	1300.50	728.47	4.6695	4.8037
846850868134	1300.14	703.70	1301.19	729.99	4.6752	4.8165
846850876468	1293.92	710.50	1300.99	726.08	4.6608	4.8027
846850884801	1299.85	709.21	1295.01	738.28	4.6651	4.8046
846850893135	1299.11	709.73	1296.23	744.59	4.6574	4.7832
846850901468	1288.79	674.55	1285.67	707.44	4.7165	4.8685
846850909801	1312.86	750.31	1303.89	846.11	4.5820	4.5651
846850918133	NaN	NaN	NaN	NaN	NaN	NaN
846850926466	NaN	NaN	NaN	NaN	NaN	NaN
846850934800	NaN	NaN	NaN	NaN	NaN	NaN
846850943133	NaN	NaN	NaN	NaN	NaN	NaN
846850951467	NaN	NaN	NaN	NaN	NaN	NaN
846850959800	NaN	NaN	NaN	NaN	NaN	NaN
846850968134	NaN	NaN	NaN	NaN	NaN	NaN
846850976466	NaN	NaN	NaN	NaN	NaN	NaN
846850984800	NaN	NaN	NaN	NaN	NaN	NaN
846850993133	NaN	NaN	NaN	NaN	NaN	NaN
846851001470	NaN	NaN	NaN	NaN	NaN	NaN
846851009804	NaN	NaN	NaN	NaN	NaN	NaN
846851018137	NaN	NaN	NaN	NaN	NaN	NaN
846851026471	NaN	NaN	NaN	NaN	NaN	NaN
846851034804	NaN	NaN	NaN	NaN	NaN	NaN
846851043138	NaN	NaN	NaN	NaN	NaN	NaN
846851051471	NaN	NaN	NaN	NaN	NaN	NaN
846851059804	NaN	NaN	1456.53	925.55	NaN	4.1191
846851068138	NaN	NaN	1374.31	823.02	NaN	4.5130
846851076470	NaN	NaN	1326.38	735.09	NaN	4.8455
846851084803	1319.10	609.59	1304.80	763.72	5.0556	4.8218
846851093137	1319.70	673.28	1303.58	732.96	4.9070	4.9035
846851101468	1308.13	682.00	1300.38	721.80	4.8490	4.9205
846851109803	1300.37	703.77	1293.00	715.25	4.7816	4.9323
846851118134	1313.71	717.03	1295.70	720.54	4.7959	4.9428
846851126472	1313.65	719.71	1300.05	747.69	4.8012	4.8895
846851134805	1308.07	715.52	1301.28	734.88	4.7677	4.8855
846851143139	1299.35	726.35	1298.86	745.54	4.7741	4.8923
846851151472	1306.20	728.94	1296.41	757.29	4.7765	4.8683
846851159806	1302.24	732.52	1297.70	761.04	4.7753	4.8713
846851168140	1305.10	726.60	1295.51	750.00	4.7852	4.8892
846851176472	1305.11	725.24	1296.77	751.47	4.7671	4.8901
846851184806	1296.25	731.54	1294.85	745.56	4.7920	4.8904
846851193140	1305.00	725.74	1302.40	752.28	4.7972	4.8840
846851201473	1301.61	735.51	1298.02	746.54	4.7964	4.9025
846851209806	1301.25	733.81	1297.86	746.66	4.8057	4.8997
846851218140	1305.39	734.74	1298.10	743.78	4.8003	4.8987
846851226473	1301.66	728.53	1297.48	747.96	4.7928	4.9093
846851234805	1296.55	727.04	1299.14	740.96	4.8124	4.8978
846851243139	1296.77	733.19	1296.26	737.38	4.8004	4.9078
846851251471	1295.80	737.35	1293.84	747.03	4.8182	4.9178
846851259809	1293.64	733.96	1290.20	744.56	4.8064	4.9304
846851268142	1299.54	736.55	1299.40	738.92	4.8232	4.9160
846851276476	1302.10	738.88	1294.97	746.65	4.8143	4.9225
846851284809	1307.21	741.89	1291.24	737.73	4.8415	4.9268
846851293143	1296.59	732.88	1292.17	738.85	4.8540	4.9220
846851301475	1299.39	734.38	1292.50	737.82	4.8357	4.9300
846851309808	1297.33	728.94	1292.33	735.78	4.8281	4.9272
846851318141	1294.07	730.00	1285.02	741.19	4.8366	4.9335
846851326475	1295.39	727.28	1286.06	737.54	4.8344	4.9367
846851334808	1292.88	734.01	1293.41	733.89	4.8232	4.9151
846851343141	1300.75	733.16	1282.84	748.90	4.8461	4.9538
846851351475	1302.52	737.08	1285.60	744.31	4.8606	4.9382
846851359808	1300.83	733.16	1286.90	745.84	4.8517	4.9221
846851368141	1303.41	735.67	1287.61	745.58	4.8759	4.9374
846851376475	1292.17	737.81	1281.33	749.15	4.8602	4.9479
846851384808	1294.49	731.27	1287.20	739.53	4.8593	4.9274
846851393147	1306.20	742.73	1281.77	739.37	4.8882	4.9534
846851401480	1293.14	729.93	1287.07	751.35	4.8618	4.9527
846851409814	1299.21	738.57	1285.84	746.45	4.8917	4.9574
846851418147	1290.21	735.37	1292.18	737.59	4.8668	4.9424
846851426481	1299.30	735.89	1284.24	733.10	4.8759	4.9564
846851434814	1295.55	731.12	1283.79	738.62	4.8898	4.9579
846851443147	1289.50	730.77	1286.78	731.43	4.9093	4.9339
846851451480	1292.11	720.79	1284.21	725.44	4.8888	4.9546
846851459814	1288.41	719.89	1285.30	720.30	4.9009	4.9534
846851468146	1289.53	727.62	1278.93	731.55	4.8819	4.9730
846851476479	1289.56	731.69	1282.10	726.34	4.9162	4.9512
846851484812	1297.91	741.10	1287.08	725.59	4.9246	4.9500
846851493146	1298.18	724.59	1284.39	731.60	4.9265	4.9642
846851501479	1294.35	720.82	1290.25	723.43	4.9188	4.9474
846851509813	1291.92	715.95	1288.95	722.58	4.9126	4.9540
846851518146	1288.11	716.43	1293.35	724.77	4.9155	4.9606
846851526483	1289.31	721.29	1298.38	719.89	4.9286	4.9604
846851534815	1291.08	721.32	1285.71	723.73	4.9255	4.9722
846851543149	1298.11	730.63	1279.74	735.58	4.9185	4.9812
846851551481	1294.70	732.76	1292.23	726.15	4.9239	4.9578
846851559814	1290.44	729.11	1286.52	726.15	4.9207	4.9495
846851568148	1289.33	726.63	1288.32	721.69	4.9064	4.9430
846851576482	1289.82	734.21	1288.31	723.27	4.9211	4.9532
846851584814	1291.12	728.76	1283.52	723.71	4.9203	4.9592
846851593148	1292.03	722.68	1284.36	719.01	4.8931	4.9400
846851601482	1291.20	720.00	1275.49	730.40	4.9169	4.9617
846851609815	1297.00	724.93	1291.13	721.24	4.9217	4.9359
846851618148	1290.89	725.88	1285.69	724.16	4.9042	4.9430
846851626481	1292.16	721.32	1288.21	722.27	4.8864	4.9236
846851634814	1290.53	721.31	1292.28	722.35	4.9041	4.9379
846851643147	1300.00	724.14	1293.60	718.82	4.9135	4.8988
846851651484	1289.14	718.95	1289.22	720.17	4.8828	4.8969
846851659818	1293.59	721.75	1280.16	722.57	4.9039	4.9171
846851668151	1297.42	710.91	1281.91	725.83	4.8834	4.9238
846851676485	1294.84	720.39	1291.35	716.80	4.8841	4.9185
846851684818	1293.92	718.08	1293.47	717.21	4.8989	4.9062
846851693151	1293.03	722.28	1280.95	728.47	4.8877	4.9288
846851701483	1291.90	724.51	1288.52	717.86	4.8819	4.9026
846851709817	1294.25	723.53	1289.57	716.15	4.8806	4.8937
846851718150	1295.48	718.92	1295.46	717.25	4.8833	4.8954
846851726483	1293.67	721.05	1291.61	717.64	4.8726	4.9003
846851734816	1294.86	714.19	1296.88	720.48	4.8750	4.8961
846851743150	1291.33	715.16	1292.45	719.08	4.8749	4.8881
846851751483	1290.20	718.33	1292.03	720.52	4.8606	4.8886
846851759817	1290.55	714.90	1294.60	716.80	4.8627	4.8866
846851768150	1290.56	716.54	1281.66	717.99	4.8371	4.8836
846851776484	1290.35	723.82	1292.79	722.05	4.8532	4.8754
846851784821	1297.86	718.88	1282.45	726.82	4.8699	4.8900
846851793155	1294.71	723.10	1288.60	723.00	4.8559	4.8802
846851801489	1294.41	722.17	1294.33	722.21	4.8512	4.8543
846851809821	1297.61	721.91	1291.01	725.10	4.8556	4.8631
846851818155	1295.83	722.76	1302.03	715.56	4.8557	4.8441
846851826489	1293.52	717.29	1298.16	723.34	4.8459	4.8672
846851834821	1297.27	725.49	1294.19	722.49	4.8596	4.8664
846851843155	1290.70	716.78	1299.32	721.59	4.8419	4.8569
846851851488	1291.35	720.23	1295.85	720.32	4.8206	4.8429
846851859820	1295.08	719.16	1293.91	721.35	4.8198	4.8616
846851868154	1293.55	716.37	1298.06	718.74	4.8215	4.8569
846851876488	1300.84	726.04	1293.48	725.76	4.8427	4.8549
846851884820	1287.88	720.43	1295.83	724.13	4.8073	4.8528
846851893154	1294.95	717.60	1293.09	727.32	4.8135	4.8545
846851901487	1291.80	724.33	1294.62	726.65	4.8070	4.8495
846851909821	1288.80	717.68	1299.11	721.59	4.8007	4.8459
846851918158	1294.10	722.76	1296.77	729.54	4.8303	4.8446
846851926491	1290.84	716.64	1300.10	723.94	4.8160	4.8453
846851934824	1289.28	713.11	1304.35	719.04	4.8019	4.8503
846851943157	1293.88	716.81	1299.69	723.41	4.7981	4.8459
846851951490	1293.37	723.78	1304.01	728.91	4.7948	4.8463
846851959824	1290.40	722.27	1302.68	730.80	4.8012	4.8450
846851968157	1294.91	724.38	1304.57	728.81	4.8197	4.8600
846851976490	1296.67	721.16	1304.86	726.02	4.7944	4.8484
846851984824	1293.23	721.52	1303.37	719.81	4.7834	4.8388
846851993157	1293.49	715.49	1304.96	723.39	4.8269	4.8394
846852001490	1291.19	723.28	1303.93	725.46	4.8101	4.8366
846852009823	1297.23	718.69	1300.55	725.70	4.8006	4.8550
846852018156	1297.02	723.53	1306.90	721.66	4.8120	4.8535
846852026489	1294.79	720.06	1300.41	726.65	4.7946	4.8535
846852034823	1294.35	717.25	1294.19	730.42	4.7969	4.8775
846852043161	1296.46	722.64	1297.65	729.56	4.7850	4.8735
846852051494	1296.39	725.71	1298.54	718.54	4.7926	4.8546
846852059828	1285.31	714.04	1298.06	723.52	4.7995	4.8442
846852068161	1289.31	715.79	1303.41	722.08	4.7941	4.8466
846852076494	1300.01	722.23	1303.25	727.51	4.8105	4.8674
846852084827	1289.62	723.76	1299.88	731.07	4.8001	4.8775
846852093161	1292.44	713.88	1301.97	729.16	4.8120	4.8708
846852101493	1300.41	722.54	1303.33	726.99	4.8139	4.8750
846852109827	1296.56	721.54	1296.95	727.99	4.8116	4.8883
846852118160	1287.85	723.55	1309.60	716.60	4.8010	4.8583
846852126493	1289.76	719.27	1302.65	721.94	4.8020	4.8629
846852134827	1291.98	714.23	1294.85	728.54	4.8071	4.8875
846852143160	1296.19	719.94	1299.54	727.94	4.8099	4.8808
846852151493	1300.53	722.74	1296.68	727.99	4.8163	4.8750
846852159827	1294.66	718.12	1298.57	726.78	4.7979	4.8750
846852168159	1295.10	718.89	1299.34	735.34	4.8156	4.8685
846852176497	1295.12	724.58	1291.25	732.70	4.7950	4.8736
846852184831	1296.03	718.06	1294.57	731.40	4.8226	4.8871
846852193164	1295.21	719.01	1293.03	719.26	4.8170	4.8811
846852201497	1304.05	716.15	1292.96	727.27	4.8315	4.8983
846852209831	1296.35	719.61	1301.42	723.80	4.8286	4.8845
846852218164	1301.06	716.82	1289.53	726.59	4.8318	4.8939
846852226497	1291.50	719.58	1293.74	727.37	4.8123	4.8867
846852234831	1300.27	724.99	1298.00	727.16	4.8286	4.8896
846852243163	1293.10	718.26	1295.00	724.70	4.8286	4.9112
846852251496	1299.56	718.14	1304.21	716.03	4.8310	4.8970
846852259830	1300.61	717.39	1300.99	722.27	4.8323	4.9001
846852268163	1298.03	717.16	1294.47	726.49	4.8304	4.9048
846852276496	1301.42	714.44	1295.98	723.91	4.8338	4.9201
846852284829	1296.26	715.16	1299.87	727.72	4.8294	4.9199
846852293163	1300.94	721.78	1299.26	723.54	4.8471	4.9164
846852301496	1291.80	720.39	1302.31	723.02	4.8181	4.9142
846852309834	1304.22	730.03	1288.97	732.95	4.8416	4.9369
846852318168	1300.88	723.85	1295.81	727.61	4.8382	4.9081
846852326501	1295.31	712.67	1294.79	732.57	4.8299	4.9121
846852334833	1297.23	709.81	1293.91	726.78	4.8407	4.9133
846852343167	1290.92	712.61	1300.01	718.91	4.8219	4.8986
846852351500	1290.82	705.11	1288.93	719.65	4.8444	4.9080
846852359834	1292.35	715.08	1292.63	728.33	4.8389	4.9222
846852368166	1289.60	720.81	1290.34	732.35	4.8279	4.9077
846852376500	1293.62	726.49	1292.78	731.45	4.8400	4.9068
846852384834	1289.48	717.76	1292.04	739.08	4.8341	4.9108
846852393166	1291.86	711.57	1284.51	732.54	4.8414	4.9254
846852401500	1289.55	720.88	1295.43	724.90	4.8482	4.9244
846852409832	1294.56	716.95	1295.70	717.83	4.8530	4.9225
846852418165	1289.85	711.49	1292.88	725.62	4.8529	4.9399
846852426499	1285.84	714.90	1300.33	729.09	4.8439	4.9278
846852434832	1290.18	713.84	1295.51	728.19	4.8373	4.9238
846852443174	1291.38	718.24	1304.64	725.96	4.8456	4.9103
846852451507	1291.22	723.89	1298.87	728.54	4.8514	4.9238
846852459840	1292.20	721.09	1303.30	731.77	4.8434	4.9150
846852468173	1289.84	721.85	1300.09	722.09	4.8427	4.9028
846852476507	1286.71	722.83	1302.48	729.95	4.8502	4.9087
846852484840	1293.97	719.17	1299.95	732.98	4.8247	4.9126
846852493172	1292.82	725.52	1302.93	726.31	4.8195	4.8762
846852501506	1290.18	728.61	1306.24	727.53	4.7782	4.8475
846852509839	1284.55	719.22	1297.33	730.09	4.7426	4.8513
846852518173	1287.61	714.78	1296.84	725.59	4.7330	4.8055
846852526506	1290.41	711.59	1304.24	720.43	4.7249	4.7650
846852534839	1282.83	703.82	1300.96	712.93	4.6713	4.7376
846852543173	1282.17	701.96	1306.68	708.12	4.6418	4.7020
846852551506	1281.35	713.41	1301.61	707.17	4.6158	4.6659
846852559839	1286.72	716.50	1313.64	711.91	4.5791	4.6554
846852568171	1328.64	732.21	1371.52	747.20	4.5495	4.6264
846852576506	1370.25	753.68	1384.38	760.80	4.5419	4.5831
846852584839	1366.51	743.42	1382.78	760.77	4.4968	4.5492
846852593172	1348.82	733.18	1372.57	753.84	4.4371	4.5166
846852601506	1350.50	735.55	1367.09	750.98	4.4135	4.4835
846852609839	1353.28	736.59	1372.05	746.50	4.3732	4.4447
846852618172	1347.46	737.95	1372.86	744.57	4.3609	4.4247
846852626506	1353.94	739.40	1376.44	742.08	4.3353	4.3865
846852634839	1352.66	733.98	1369.98	739.42	4.2988	4.3528
846852643173	1350.06	732.13	1370.79	739.14	4.2669	4.3256
846852651505	1353.17	733.14	1371.83	740.21	4.2419	4.3102
846852659838	1351.45	728.90	1370.44	737.54	4.2024	4.2831
846852668172	1354.27	734.02	1373.44	734.83	4.2087	4.2522
846852676505	1352.29	729.36	1371.20	729.97	4.1875	4.2232
846852684838	1356.11	736.70	1365.64	737.00	4.1522	4.2202
846852693172	1351.72	726.94	1366.88	737.61	4.1271	4.1911
846852701510	1356.18	733.02	1364.93	738.99	4.1307	4.1659
846852709844	1353.34	730.97	1370.05	737.47	4.1062	4.1569
846852718178	1351.87	734.25	1366.75	735.92	4.0859	4.1402
846852726510	1356.12	729.46	1366.74	738.41	4.0674	4.1321
846852734843	1348.61	737.83	1367.08	739.99	4.0659	4.1245
846852743176	1351.94	725.11	1368.14	731.25	4.0217	4.0981
846852751509	1349.22	735.46	1366.15	731.18	4.0207	4.0854
846852759843	1355.19	724.14	1375.59	729.08	4.0123	4.0668
846852768176	1396.51	733.79	1423.93	733.44	4.0027	4.0473
846852776510	1439.39	738.97	1459.57	736.44	3.9780	4.0603
846852784843	1451.26	739.84	1461.74	749.69	3.9745	4.0338
846852793176	1456.31	732.40	1467.85	742.25	3.9789	4.0048
846852801510	1451.25	740.46	1461.08	738.91	3.9757	4.0090
846852809842	1451.06	734.93	1466.66	736.26	3.9530	3.9932
846852818175	1455.55	736.84	1465.20	733.97	3.9378	3.9940
846852826508	1453.81	736.33	1466.09	733.65	3.9341	3.9770
846852834845	1453.42	732.45	1459.53	739.84	3.9279	4.0101
846852843178	1455.66	737.62	1456.25	743.14	3.9259	3.9940
846852851512	1456.97	731.05	1460.81	734.46	3.9141	3.9669
846852859845	1450.67	735.94	1462.22	733.35	3.9137	3.9637
846852868178	1454.32	738.35	1467.33	739.95	3.9051	3.9577
846852876511	1458.08	738.91	1469.36	739.27	3.9162	3.9530
846852884844	1460.05	737.19	1473.55	737.68	3.9201	3.9447
846852893177	1460.56	736.50	1470.63	742.00	3.9046	3.9576
846852901511	1455.84	730.78	1467.88	734.07	3.9140	3.9482
846852909844	1451.23	732.09	1471.53	731.47	3.8773	3.9312
846852918177	1461.21	745.59	1463.00	735.56	3.9013	3.9493
846852926511	1460.21	735.44	1465.98	739.98	3.8910	3.9438
846852934844	1452.48	734.58	1468.03	735.04	3.8732	3.9282
846852943177	1454.87	731.10	1463.01	736.73	3.8775	3.9425
846852951510	1450.20	723.14	1462.78	739.15	3.8805	3.9293
846852959843	1459.46	721.73	1463.26	736.58	3.8781	3.9189
846852968181	1450.88	727.31	1463.56	733.49	3.8828	3.9123
846852976515	1452.13	732.29	1461.85	734.58	3.8941	3.9203
846852984848	1452.36	728.41	1458.70	734.03	3.8627	3.9138
846852993181	1450.35	742.76	1460.28	742.69	3.8893	3.9234
846853001514	1451.29	735.31	1455.97	734.78	3.8652	3.9265
846853009848	1452.65	736.27	1463.39	737.16	3.8500	3.9109
846853018181	1449.31	735.19	1456.18	741.19	3.8449	3.9283
846853026515	1459.59	746.15	1453.22	741.04	3.8735	3.9106
846853034848	1448.50	732.52	1457.89	738.91	3.8504	3.9162
846853043180	1451.97	737.68	1467.20	739.81	3.8687	3.9032
846853051514	1459.04	734.00	1454.15	739.89	3.8484	3.9178
846853059847	1453.31	728.31	1456.48	741.20	3.8472	3.9187
846853068180	1444.76	728.13	1457.81	730.06	3.8693	3.9107
846853076513	1449.85	726.55	1458.32	727.82	3.8630	3.8989
846853084846	1451.97	720.88	1460.12	733.04	3.8593	3.9121
846853093184	1453.45	719.91	1456.36	726.90	3.8517	3.9041
846853101518	1452.39	718.59	1457.17	733.66	3.8525	3.9209
846853109851	1446.18	723.76	1460.45	732.87	3.8490	3.9103
846853118183	1449.20	717.21	1454.35	733.87	3.8431	3.9159
846853126516	1452.82	724.22	1463.21	731.97	3.8365	3.9142
846853134850	1453.37	741.94	1461.10	738.38	3.8528	3.9142
846853143183	1456.31	736.95	1460.16	735.94	3.8616	3.9102
846853151517	1453.15	728.93	1460.81	742.31	3.8414	3.9398
846853159849	1454.54	726.93	1459.55	734.28	3.8639	3.9247
846853168183	1452.72	722.70	1454.13	741.01	3.8484	3.9401
846853176517	1451.32	731.80	1457.89	733.34	3.8846	3.9355
846853184850	1452.92	735.67	1458.52	732.21	3.8824	3.9353
846853193183	1450.99	725.41	1454.30	740.34	3.8567	3.9492
846853201515	1449.55	736.10	1463.18	739.99	3.8788	3.9395
846853209848	1448.15	733.42	1462.13	732.86	3.8786	3.9195
846853218182	1446.19	721.82	1462.61	731.80	3.8704	3.9319
846853226521	1449.72	723.65	1459.70	730.53	3.8675	3.9373
846853234854	1456.12	722.07	1464.00	734.45	3.8731	3.9343
846853243187	1445.21	722.62	1460.41	727.48	3.8851	3.9299
846853251520	1451.51	718.74	1465.04	730.28	3.8748	3.9156
846853259854	1453.05	726.86	1461.52	729.49	3.8999	3.9438
846853268187	1446.64	725.84	1459.24	727.07	3.8950	3.9222
846853276520	1457.68	728.45	1463.95	728.07	3.9102	3.9247
846853284852	1453.03	726.00	1466.83	733.41	3.9146	3.9445
846853293186	1456.87	727.52	1466.28	732.66	3.9054	3.9404
846853301520	1454.03	736.28	1462.87	733.96	3.9217	3.9569
846853309853	1448.19	729.75	1464.82	738.35	3.9083	3.9637
846853318186	1457.17	739.44	1461.73	730.63	3.9297	3.9443
846853326519	1453.31	727.88	1464.27	733.55	3.9094	3.9673
846853334853	1456.94	727.99	1463.49	727.35	3.9172	3.9599
846853343186	1453.62	728.35	1463.41	729.28	3.9166	3.9495
846853351519	1455.48	720.47	1460.29	725.50	3.9054	3.9489
846853359857	1451.28	725.16	1459.09	727.07	3.9168	3.9487
846853368190	1453.39	717.91	1451.95	746.98	3.9277	3.9920
846853376523	1450.67	720.26	1461.53	735.36	3.9265	3.9728
846853384857	1450.07	726.68	1460.54	729.37	3.9439	3.9614
846853393190	1455.62	715.25	1460.95	738.10	3.9358	3.9838
846853401524	1457.67	724.37	1461.59	738.02	3.9509	3.9814
846853409856	1448.40	724.62	1460.61	739.14	3.9213	3.9865
846853418190	1449.70	719.66	1458.52	730.67	3.9341	3.9651
846853426523	1458.44	723.19	1457.64	734.01	3.9437	3.9864
846853434856	1451.05	727.64	1452.26	736.27	3.9464	3.9943
846853443189	1453.76	723.70	1456.18	727.77	3.9415	3.9756
846853451522	1453.23	723.20	1458.91	734.21	3.9344	3.9741
846853459856	1450.53	733.78	1459.67	732.20	3.9615	3.9718
846853468189	1447.71	716.15	1458.82	735.59	3.9275	3.9790
846853476523	1450.29	728.44	1459.07	731.94	3.9441	3.9695
846853484858	1459.29	730.32	1466.22	736.68	3.9701	3.9910
846853493191	1446.76	718.79	1464.18	730.56	3.9509	3.9743
846853501524	1455.82	725.15	1465.46	728.40	3.9461	3.9682
846853509858	1453.12	731.96	1463.18	730.01	3.9662	3.9665
846853518191	1424.35	748.01	1445.05	760.37	3.9466	3.9914
846853526524	1369.93	774.47	1380.25	777.42	3.9551	3.9996
846853534857	1338.83	798.27	1359.40	814.25	3.9416	4.0200
846853543190	1317.33	809.50	1337.67	821.57	3.9581	4.0279
846853551523	1320.58	811.49	1333.70	821.00	3.9649	4.0257
846853559855	1327.40	796.85	1344.22	812.22	3.9438	4.0237
846853568190	1334.41	803.83	1335.56	820.81	3.9612	4.0285
846853576523	1329.41	804.02	1341.65	821.41	3.9549	4.0342
846853584857	1323.44	804.81	1336.19	818.50	3.9670	4.0443
846853593190	1327.94	804.76	1342.20	816.46	3.9436	4.0317
846853601523	1326.79	803.65	1340.33	818.90	3.9667	4.0200
846853609857	1323.98	796.22	1342.69	823.14	3.9618	4.0295
846853618197	1325.04	804.94	1342.71	815.72	3.9634	4.0235
846853626530	1326.29	803.47	1339.99	816.25	3.9730	4.0324
846853634864	1323.04	798.32	1334.37	816.59	3.9641	4.0270
846853643197	1326.57	802.36	1339.09	821.39	3.9652	4.0412
846853651530	1326.59	802.89	1332.21	819.49	3.9684	4.0400
846853659863	1328.87	805.58	1336.33	823.43	3.9862	4.0493
846853668197	1327.88	793.84	1340.32	822.47	3.9665	4.0335
846853676530	1317.15	801.40	1330.05	817.79	3.9555	4.0296
846853684864	1328.43	804.93	1335.56	813.41	3.9852	4.0339
846853693197	1327.82	802.04	1341.22	817.32	3.9675	4.0521
846853701529	1331.36	802.78	1344.09	817.82	3.9822	4.0349
846853709863	1331.78	799.72	1346.05	818.01	3.9971	4.0676
846853718196	1332.52	807.63	1344.69	809.99	3.9923	4.0589
846853726529	1305.14	820.59	1319.00	830.00	4.0010	4.0750
846853734863	1232.62	851.16	1257.42	850.98	3.9914	4.0886
846853743196	1212.05	855.61	1221.97	851.47	3.9977	4.0843
846853751533	1219.40	847.76	1224.75	851.11	4.0135	4.0997
846853759867	1229.03	839.02	1234.07	842.18	4.0050	4.0976
846853768200	1219.07	848.06	1237.15	848.08	4.0066	4.1124
846853776532	1222.19	852.65	1231.47	846.84	4.0337	4.0999
846853784865	1223.23	850.77	1229.04	855.35	4.0301	4.1185
846853793199	1220.09	838.92	1235.95	850.72	4.0192	4.1092
846853801532	1217.99	846.84	1230.45	850.65	4.0228	4.1194
846853809866	1224.15	845.53	1231.60	855.43	4.0375	4.1254
846853818199	1219.04	856.99	1233.04	849.53	4.0378	4.1119
846853826532	1221.16	851.41	1239.23	851.04	4.0483	4.1077
846853834866	1221.93	860.43	1235.51	852.01	4.0518	4.1171
846853843199	1227.29	855.93	1236.32	857.22	4.0459	4.1195
846853851532	1223.41	861.59	1238.80	851.65	4.0683	4.1217
846853859865	1219.86	856.78	1231.41	852.49	4.0566	4.1367
846853868197	1224.07	856.66	1240.44	854.42	4.0705	4.1260
846853876531	1224.49	856.23	1233.56	856.06	4.0658	4.1477
846853884870	1221.88	846.55	1239.86	856.20	4.0764	4.1609
846853893203	1222.79	852.14	1231.35	855.88	4.0735	4.1555
846853901536	1221.99	849.63	1227.27	854.16	4.0916	4.1711
846853909869	1223.59	854.72	1234.73	856.27	4.0958	4.1645
846853918203	1221.08	849.78	1232.93	856.28	4.0983	4.1652
846853926536	1223.83	845.94	1238.50	845.56	4.1110	4.1641
846853934869	1225.39	855.39	1236.15	852.77	4.1072	4.1627
846853943202	1219.95	848.08	1234.86	854.71	4.1130	4.1695
846853951535	1221.92	846.09	1230.59	855.63	4.0913	4.1952
846853959869	1231.69	855.90	1233.54	854.70	4.1331	4.1934
846853968202	1223.60	854.52	1236.85	852.15	4.1427	4.1968
846853976535	1170.48	858.78	1188.56	863.10	4.1613	4.2192
846853984869	1117.54	857.16	1125.74	860.54	4.1574	4.2579
846853993201	1090.94	836.54	1097.40	852.98	4.1541	4.2493
846854001535	1100.25	832.99	1099.31	836.58	4.1661	4.2431
846854009873	1108.99	837.12	1110.19	837.37	4.1533	4.2359
846854018205	1109.35	841.75	1100.21	843.96	4.1606	4.2542
846854026538	1108.05	833.79	1107.59	837.20	4.1857	4.2506
846854034871	1109.13	836.44	1109.19	836.53	4.1924	4.2470
846854043205	1109.21	834.26	1111.66	846.36	4.1828	4.2602
846854051538	1108.01	838.81	1107.75	838.88	4.1886	4.2751
846854059871	1106.45	833.54	1107.15	840.96	4.1767	4.2751
846854068205	1113.15	833.76	1109.02	849.15	4.1867	4.2923
846854076538	1106.47	834.39	1109.23	840.29	4.2183	4.2750
846854084871	1108.14	834.50	1108.27	833.42	4.2138	4.2683
846854093204	1106.14	834.16	1109.64	831.92	4.2029	4.2689
846854101537	1109.71	838.70	1107.48	849.03	4.2349	4.3121
846854109870	1109.32	836.42	1107.21	839.76	4.2413	4.2916
846854118203	1116.89	839.27	1112.07	844.68	4.2492	4.2973
846854126537	1102.37	837.74	1102.71	842.27	4.2514	4.3011
846854134870	1112.49	836.89	1113.02	839.40	4.2540	4.2987
846854143209	1104.32	828.90	1105.07	849.45	4.2654	4.3210
846854151542	1113.18	832.65	1106.50	835.76	4.2722	4.2905
846854159875	1110.81	833.90	1110.52	836.45	4.2616	4.3065
846854168209	1107.29	840.91	1099.37	841.97	4.2823	4.3167
846854176541	1114.62	837.35	1111.32	835.01	4.2745	4.3045
846854184874	1112.44	833.06	1103.96	833.32	4.2771	4.3092
846854193208	1105.81	835.65	1109.13	840.65	4.2927	4.3290
846854201541	1069.94	813.98	1086.58	821.05	4.3008	4.3419
846854209874	1036.85	795.79	1038.59	817.78	4.2898	4.3539
846854218208	1023.49	783.98	1020.51	804.16	4.3070	4.3376
846854226539	1023.83	772.40	1023.31	793.23	4.2906	4.3464
846854234872	1039.31	776.39	1032.80	798.00	4.2955	4.3524
846854243205	1041.04	779.85	1034.06	793.55	4.3113	4.3454
846854251540	1037.27	781.19	1025.77	807.49	4.3149	4.3647
846854259871	1041.05	787.63	1025.52	800.40	4.3038	4.3687
846854268204	1040.29	778.47	1030.98	797.62	4.3121	4.3752
846854276543	1041.01	780.54	1031.72	790.82	4.3221	4.3494
846854284876	1038.30	777.83	1026.74	798.95	4.3407	4.3709
846854293210	1038.11	778.07	1023.80	801.66	4.3434	4.3799
846854301543	1044.59	781.87	1030.43	806.83	4.3454	4.3942
846854309876	1041.85	780.10	1034.72	795.09	4.3307	4.3632
846854318209	1035.33	781.71	1026.93	796.84	4.3324	4.3751
846854326542	1044.22	785.48	1028.54	801.41	4.3562	4.3856
846854334876	1040.68	774.64	1025.37	802.55	4.3507	4.3934
846854343210	1043.49	779.38	1020.38	804.21	4.3581	4.4128
846854351543	1039.89	784.55	1023.64	800.70	4.3355	4.4030
846854359876	1038.68	783.78	1026.20	802.76	4.3473	4.4178
846854368210	1039.22	782.66	1029.32	798.63	4.3554	4.4012
846854376542	1039.66	782.04	1028.00	794.07	4.3622	4.4043
846854384875	1041.84	781.05	1025.96	791.85	4.3645	4.4030
846854393209	1038.66	778.47	1026.89	803.59	4.3620	4.4232
846854401541	1039.46	780.02	1027.70	797.69	4.3776	4.4348
846854409880	1043.57	779.69	1021.69	803.37	4.3754	4.4472
846854418213	1046.13	780.91	1027.04	800.09	4.3880	4.4375
846854426546	1039.51	786.38	1029.20	793.87	4.3689	4.4236
846854434880	1043.01	783.86	1024.73	807.57	4.3751	4.4583
846854443214	1036.27	777.13	1017.09	792.84	4.3808	4.4562
846854451546	984.95	756.40	990.79	766.57	4.3806	4.4619
846854459879	958.91	746.60	955.92	766.86	4.3866	4.4681
846854468212	965.65	749.83	959.97	769.69	4.3827	4.4785
846854476547	968.86	747.36	969.09	758.60	4.3970	4.4736
846854484881	972.75	747.50	970.22	769.83	4.3866	4.4828
846854493214	974.97	746.24	967.24	766.57	4.4095	4.4992
846854501548	975.40	745.28	967.25	768.46	4.4109	4.4928
846854509881	972.00	742.36	967.16	776.63	4.4103	4.5122
846854518214	974.74	749.49	965.99	770.94	4.4271	4.5159
846854526548	972.80	747.47	963.45	773.89	4.4087	4.5300
846854534881	974.66	742.29	963.92	765.49	4.4197	4.5155
846854543214	975.27	750.29	967.92	771.64	4.4247	4.5274
846854551547	976.48	741.55	965.94	767.07	4.4361	4.5253
846854559881	969.34	748.76	961.02	773.39	4.4121	4.5441
846854568214	971.87	744.30	965.99	770.02	4.4414	4.5392
846854576548	975.87	748.52	966.88	771.57	4.4624	4.5455
846854584881	972.77	741.98	965.34	769.57	4.4546	4.5510
846854593214	973.50	737.59	962.46	767.34	4.4451	4.5610
846854601548	978.30	752.14	967.85	767.86	4.4506	4.5477
846854609881	973.57	751.70	963.70	766.50	4.4490	4.5715
846854618213	977.52	752.97	968.55	773.41	4.4512	4.5705
846854626547	969.84	746.41	959.31	766.89	4.4517	4.5879
846854634880	975.19	742.43	964.52	766.82	4.4642	4.5853
846854643213	971.25	748.05	962.14	773.38	4.4569	4.5981
846854651547	967.66	746.95	967.80	769.86	4.4503	4.5888
846854659879	976.11	752.38	965.01	766.93	4.4707	4.5802
846854668220	977.40	751.26	967.66	771.14	4.4891	4.5975
846854676553	971.88	743.82	967.07	766.69	4.4705	4.5787
846854684887	981.42	708.61	988.60	741.51	4.4706	4.5929
846854693219	1004.38	671.83	1005.67	677.29	4.4508	4.5683
846854701552	1008.55	679.53	994.00	678.14	4.4536	4.5957
846854709886	994.76	665.82	990.40	671.67	4.4490	4.5776
846854718217	1002.00	673.90	992.24	691.91	4.4606	4.5885
846854726551	996.42	679.40	987.04	677.49	4.4722	4.5853
846854734884	1000.99	669.46	994.41	680.02	4.4774	4.5963
846854743217	1001.20	673.58	993.18	677.99	4.4889	4.5920
846854751550	998.89	672.20	988.66	687.58	4.4812	4.6057
846854759884	996.22	676.06	990.98	680.01	4.4727	4.6019
846854768216	992.37	676.27	994.44	684.29	4.4601	4.5753
846854776550	1000.24	670.43	987.87	686.63	4.4517	4.5877
846854784883	1003.44	679.84	994.27	685.37	4.4944	4.5957
846854793216	996.67	669.47	990.05	694.75	4.4743	4.6120
846854801555	987.91	670.03	991.49	683.18	4.4469	4.5875
846854809888	996.48	674.84	992.30	692.01	4.4555	4.6166
846854818221	997.92	673.51	995.14	680.67	4.4576	4.5842
846854826554	1000.61	677.34	995.55	686.03	4.4738	4.5952
846854834890	1002.24	666.89	999.17	684.20	4.4282	4.5882
846854843221	992.97	678.53	996.63	681.86	4.4485	4.5820
846854851555	1001.93	676.07	990.88	683.98	4.4734	4.5933
846854859889	1000.90	677.05	988.61	692.61	4.4725	4.6054
846854868222	993.43	682.59	993.23	682.64	4.4675	4.5876
846854876556	998.74	676.99	993.13	692.58	4.4627	4.5984
846854884889	1001.87	666.64	983.89	684.87	4.4547	4.6058
846854893220	987.88	670.62	989.49	682.02	4.4587	4.5923
846854901553	996.52	667.56	994.38	692.96	4.4649	4.6195
846854909887	1003.59	666.60	991.56	686.07	4.4713	4.5856
846854918220	994.99	670.91	988.30	687.88	4.4433	4.6056
846854926553	994.85	674.89	987.01	687.88	4.4696	4.5911
846854934892	994.21	671.80	993.01	679.05	4.4635	4.5688
846854943225	999.16	676.32	987.38	687.08	4.4588	4.6000
846854951559	1001.76	673.75	988.41	688.23	4.4640	4.5982
846854959892	993.90	679.77	992.61	687.27	4.4638	4.5912
846854968225	996.77	667.16	989.46	684.02	4.4584	4.5820
846854976559	994.94	671.12	992.99	681.49	4.4562	4.5744
846854984892	1001.60	669.01	988.04	683.51	4.4677	4.5886
846854993225	998.99	673.43	986.23	680.69	4.4467	4.5877
846855001561	992.76	670.72	987.53	691.18	4.4592	4.5922
846855009893	1000.92	673.45	990.15	689.36	4.4656	4.5931
846855018224	1002.75	675.36	988.84	679.87	4.4675	4.5724
846855026560	991.12	670.08	997.32	686.78	4.4472	4.5775
846855034891	993.18	675.67	988.32	686.97	4.4474	4.5925
846855043224	996.58	667.81	991.38	686.75	4.4607	4.6081
846855051558	995.10	672.24	992.54	682.56	4.4820	4.5749
846855059897	997.45	672.20	989.92	690.91	4.4697	4.5975
846855068230	989.01	666.12	990.17	689.35	4.4698	4.5960
846855076564	997.92	672.75	990.21	687.13	4.4851	4.5914
846855084896	992.22	669.09	988.97	683.79	4.4617	4.5943
846855093229	994.66	667.64	996.70	680.13	4.4624	4.5882
846855101562	993.92	679.24	992.81	685.24	4.4737	4.5925
846855109896	991.20	670.41	996.53	683.75	4.4532	4.5915
846855118229	1003.02	670.93	998.62	683.17	4.4840	4.5895
846855126562	990.44	673.41	988.79	687.26	4.4747	4.5951
846855134896	999.40	664.11	994.62	680.97	4.4509	4.5945
846855143229	992.32	674.96	992.08	690.57	4.4874	4.6260
846855151562	991.23	668.82	993.80	680.19	4.4725	4.5937
846855159896	991.76	668.57	989.27	684.96	4.4795	4.6296
846855168231	992.08	672.09	994.96	682.63	4.4817	4.5954
846855176562	994.63	671.79	989.69	687.00	4.4670	4.6186
846855184896	995.74	671.29	995.00	681.56	4.4769	4.6119
846855193231	993.71	678.76	996.70	684.91	4.4928	4.6044
846855201563	995.06	673.50	990.21	690.94	4.4836	4.6269
846855209897	999.08	672.39	995.20	687.33	4.4870	4.6217
846855218230	998.39	669.82	993.77	689.27	4.4635	4.6244
846855226565	1000.73	671.98	989.03	683.69	4.4901	4.6192
