t	gaze_point_LX	gaze_point_LY	gaze_point_RX	gaze_point_RY	pupil_diameter_L	pupil_diameter_R
853624703930	1513.19	765.23	1474.51	796.50	4.8005	4.7075
853624712264	1505.12	771.18	1469.94	800.35	4.8041	4.7116
853624720597	1428.22	749.27	1399.17	773.23	4.8040	4.7392
853624728931	1350.26	715.40	1332.94	744.91	4.7946	4.7210
853624737264	1334.59	699.46	1283.63	732.01	4.7747	4.7406
853624745597	1328.84	698.53	1285.78	734.16	4.7702	4.7334
853624753922	1343.19	709.58	1294.56	741.59	4.7831	4.7500
853624762256	1331.48	699.37	1285.90	733.28	4.7813	4.7408
853624770588	1325.35	710.04	1273.73	731.35	4.7897	4.7502
853624778921	1330.55	708.21	1276.25	731.46	4.7762	4.7471
853624787254	1328.29	703.86	1279.24	724.90	4.7823	4.7334
853624795588	1324.24	698.43	1274.44	729.99	4.7853	4.7469
853624803921	1328.97	705.00	1280.96	727.71	4.7982	4.7595
853624812255	1338.72	706.00	1282.25	730.69	4.7884	4.7481
853624820592	1327.97	700.82	1280.15	731.31	4.8016	4.7543
853624828925	1324.75	703.66	1281.58	732.62	4.7912	4.7639
853624837258	1330.63	701.38	1278.56	734.73	4.8028	4.7598
853624845591	1326.22	701.29	1280.70	732.72	4.8128	4.7650
853624853924	1329.51	704.83	1284.81	730.31	4.8024	4.7628
853624862258	1327.38	707.16	1283.46	729.02	4.8042	4.7663
853624870590	1327.88	698.62	1286.81	726.82	4.7950	4.7621
853624878924	1325.98	700.88	1281.75	726.46	4.8169	4.7590
853624887258	1327.27	704.25	1284.12	733.08	4.8060	4.7619
853624895591	1325.86	702.79	1281.77	724.55	4.8220	4.7605
853624903924	1320.36	703.46	1279.03	723.83	4.8221	4.7589
853624912257	1333.98	698.96	1280.89	720.88	4.8175	4.7619
853624920589	1327.29	706.43	1274.26	724.26	4.8253	4.7785
853624928923	1326.36	699.23	1278.75	725.42	4.8212	4.7710
853624937256	1328.45	699.98	1280.53	728.35	4.8235	4.7788
853624945595	1326.52	698.03	1283.31	726.50	4.8312	4.7816
853624953928	1330.58	705.24	1278.23	728.22	4.8431	4.7742
853624962261	1327.16	697.22	1279.59	730.98	4.8402	4.7860
853624970595	1326.47	701.90	1279.04	734.26	4.8533	4.7785
853624978937	1327.84	699.03	1285.05	729.69	4.8522	4.7901
853624987262	1328.02	698.32	1278.22	727.92	4.8518	4.7849
853624995602	1328.05	702.69	1280.53	733.12	4.8579	4.7877
853625003935	1332.16	704.81	1284.13	731.23	4.8580	4.7785
853625012269	1331.61	704.02	1283.82	729.33	4.8614	4.7858
853625020602	1328.43	701.09	1284.23	732.47	4.8740	4.8000
853625028936	1328.82	703.60	1282.84	734.56	4.8742	4.7952
853625037269	1330.53	698.31	1286.42	736.96	4.8529	4.7995
853625045602	1330.66	700.71	1284.65	731.52	4.8685	4.7937
853625053936	1333.18	696.34	1278.91	731.13	4.8672	4.7947
853625062269	1330.28	705.96	1283.56	729.53	4.8820	4.7972
853625070602	1334.14	696.86	1282.36	735.24	4.8764	4.8124
853625078939	1327.82	698.47	1284.13	733.07	4.8722	4.8059
853625087273	1331.82	696.44	1288.44	735.69	4.8674	4.8183
853625095606	1328.54	703.69	1286.45	729.42	4.8885	4.8192
853625103940	1330.34	705.44	1284.09	734.31	4.8904	4.8090
853625112273	1333.97	699.47	1289.62	731.17	4.8871	4.8127
853625120606	1331.44	706.00	1283.68	734.04	4.8957	4.8127
853625128939	1333.25	699.39	1287.89	730.74	4.8830	4.8128
853625137273	1335.53	698.85	1284.29	733.84	4.8828	4.8248
853625145606	1335.54	700.85	1287.65	727.90	4.8770	4.8064
853625153939	1335.66	703.03	1287.94	732.79	4.8879	4.8100
853625162272	1332.35	698.57	1288.90	733.56	4.8770	4.8169
853625170605	1331.71	704.24	1294.38	728.15	4.8861	4.8031
853625178939	1334.63	705.50	1284.70	732.64	4.8642	4.8122
853625187272	1332.13	704.46	1287.84	731.40	4.8756	4.8102
853625195605	1336.21	698.24	1290.32	732.28	4.8434	4.8010
853625203938	1332.42	700.36	1289.14	729.68	4.8344	4.7852
853625212275	1333.33	694.97	1290.61	728.80	4.8249	4.7854
853625220609	1332.18	692.87	1291.43	734.52	4.7890	4.7780
853625228942	1331.95	699.12	1289.87	734.70	4.7914	4.7661
853625237275	1333.16	702.51	1290.01	735.92	4.7760	4.7484
853625245608	1333.08	702.00	1290.22	737.55	4.7680	4.7518
853625253941	1329.12	695.49	1296.35	732.94	4.7496	4.7269
853625262275	1331.42	701.13	1298.39	739.76	4.7332	4.7259
853625270608	1328.46	704.04	1294.29	737.62	4.7118	4.7159
853625278941	1330.73	695.47	1293.11	733.66	4.6998	4.7157
853625287274	1332.95	701.46	1292.97	727.40	4.6938	4.6892
853625295608	1327.49	696.96	1298.28	739.65	4.6457	4.6902
853625303941	1324.71	693.25	1297.74	732.61	4.6530	4.6671
853625312274	1331.02	695.48	1303.43	726.07	4.6146	4.6536
853625320607	1337.73	695.89	1303.58	726.53	4.6295	4.6327
853625328940	1319.73	906.68	1294.14	725.65	4.1982	4.6478
853625337278	1512.62	1322.77	1299.05	800.69	2.7972	4.4958
853625345612	1229.31	1478.47	1300.32	963.20	1.8905	4.0791
853625353945	NaN	NaN	1336.63	1132.20	NaN	3.2163
853625362279	NaN	NaN	1099.22	1272.99	NaN	2.5673
853625370612	NaN	NaN	NaN	NaN	NaN	NaN
853625378943	NaN	NaN	NaN	NaN	NaN	NaN
853625387278	NaN	NaN	NaN	NaN	NaN	NaN
853625395611	NaN	NaN	NaN	NaN	NaN	NaN
853625403944	NaN	NaN	NaN	NaN	NaN	NaN
853625412278	NaN	NaN	NaN	NaN	NaN	NaN
853625420611	NaN	NaN	NaN	NaN	NaN	NaN
853625428944	NaN	NaN	NaN	NaN	NaN	NaN
853625437276	NaN	NaN	1239.10	1313.36	NaN	2.2731
853625445609	NaN	NaN	1099.24	1238.05	NaN	2.7214
853625453942	NaN	NaN	NaN	NaN	NaN	NaN
853625462277	NaN	NaN	1226.91	988.57	NaN	3.8633
853625470613	NaN	NaN	1244.75	887.12	NaN	4.1023
853625478946	1502.58	1200.13	1223.77	792.16	2.6943	4.2877
853625487279	NaN	NaN	1228.14	739.18	NaN	4.4064
853625495613	1353.61	988.86	1225.38	687.49	3.5931	4.4935
853625503946	1226.85	882.81	1225.44	666.43	4.0426	4.5234
853625512280	1239.87	782.09	1216.82	669.71	4.2039	4.5409
853625520613	1248.44	734.03	1220.49	674.78	4.3372	4.5128
853625528946	1244.62	686.34	1221.28	677.94	4.3993	4.5128
853625537279	1244.29	641.81	1216.81	671.44	4.4556	4.5101
853625545612	1243.53	623.06	1222.23	670.05	4.5122	4.5074
853625553936	1251.08	599.35	1221.82	670.26	4.5314	4.5252
853625562270	1246.95	613.88	1215.13	668.79	4.5219	4.5234
853625570603	1242.54	636.67	1217.11	671.92	4.4677	4.5082
853625578937	1248.72	644.02	1215.84	668.47	4.4508	4.5265
853625587270	1242.58	639.65	1220.46	670.53	4.4579	4.5173
853625595603	1246.15	651.34	1218.30	672.49	4.4624	4.5323
853625603943	1241.66	649.66	1215.21	668.52	4.4529	4.5215
853625612276	1242.47	653.74	1220.69	667.00	4.4566	4.5228
853625620608	1245.37	643.83	1223.75	667.04	4.4468	4.5118
853625628942	1242.83	652.45	1214.20	663.30	4.4563	4.5061
853625637275	1248.23	651.21	1212.86	662.52	4.4515	4.5046
853625645608	1242.33	644.95	1213.73	667.57	4.4489	4.5210
853625653941	1246.14	650.25	1218.14	662.28	4.4531	4.4983
853625662275	1240.35	645.22	1215.53	658.45	4.4465	4.4937
853625670608	1239.36	640.64	1216.86	662.50	4.4457	4.5044
853625678942	1239.94	648.04	1224.01	666.81	4.4655	4.5025
853625687275	1241.32	645.18	1222.14	662.52	4.4662	4.5031
853625695607	1238.02	642.33	1214.96	659.71	4.4654	4.4933
853625703940	1238.10	640.04	1220.38	657.69	4.4745	4.4905
853625712273	1196.99	625.76	1178.76	637.00	4.4820	4.4904
853625720607	1094.67	574.98	1115.37	581.92	4.4821	4.4943
853625728940	1077.02	542.14	1066.50	570.29	4.4333	4.4756
853625737287	1036.79	527.05	1031.23	543.30	4.4065	4.4975
853625745620	1044.69	521.90	1030.56	544.23	4.4243	4.4936
853625753954	1038.28	522.18	1015.77	540.68	4.4311	4.5010
853625762287	1033.81	515.02	1018.91	542.02	4.4349	4.5064
853625770620	1044.47	522.87	1010.66	542.75	4.4454	4.5095
853625778953	1035.94	524.27	1014.70	534.27	4.4433	4.4978
853625787286	1039.18	522.98	1013.34	535.64	4.4513	4.5042
853625795620	1039.25	529.09	1015.53	540.72	4.4576	4.5108
853625803953	1038.80	525.98	1012.25	537.94	4.4682	4.5230
853625812286	1034.65	527.03	1000.47	533.21	4.4724	4.5198
853625820619	1032.78	524.91	1005.39	534.25	4.4690	4.5134
853625828953	1030.59	532.35	1010.55	530.76	4.4836	4.5186
853625837286	1037.52	533.51	1006.15	530.76	4.4955	4.5068
853625845619	1031.77	529.05	997.42	532.54	4.4915	4.5250
853625853952	1035.39	521.44	1007.32	531.23	4.4880	4.5136
853625862290	1034.18	533.23	999.96	528.24	4.5276	4.5345
853625870624	1033.31	531.89	1006.04	538.43	4.5251	4.5512
853625878957	1037.04	531.76	1007.26	538.56	4.5560	4.5536
853625887290	1030.96	513.56	1001.85	530.33	4.5204	4.5472
853625895623	1006.88	496.76	988.08	498.37	4.5319	4.5569
853625903957	969.87	427.84	967.02	446.52	4.4738	4.5202
853625912290	994.22	472.66	957.73	507.27	4.4994	4.5507
853625920615	992.27	458.67	966.27	496.04	4.5081	4.5733
853625928956	991.64	452.23	960.32	499.05	4.4949	4.5678
853625937289	991.96	460.75	967.64	490.99	4.5200	4.5676
853625945623	986.80	454.81	960.10	487.88	4.5273	4.5678
853625953956	985.67	445.85	963.23	501.03	4.5074	4.6083
853625962289	988.42	442.54	963.72	493.85	4.5235	4.5823
853625970622	982.18	433.43	956.98	492.99	4.4874	4.5827
853625978956	985.23	447.64	965.71	497.54	4.5361	4.6037
853625987289	987.39	450.94	957.59	490.79	4.5356	4.5796
853625995629	986.62	437.98	964.35	490.67	4.5177	4.6001
853626003962	984.77	450.21	962.55	495.34	4.5427	4.5786
853626012295	980.64	443.47	963.50	484.93	4.5416	4.5788
853626020629	990.86	454.39	960.37	501.53	4.5442	4.5972
853626028962	989.62	452.90	964.40	489.51	4.5635	4.5859
853626037295	996.45	468.93	964.73	490.66	4.5795	4.5704
853626045629	990.71	464.33	956.09	493.84	4.5813	4.6068
853626053961	991.15	464.84	958.98	493.70	4.5724	4.5981
853626062295	991.80	455.93	962.55	495.29	4.5691	4.6034
853626070628	993.36	467.21	965.56	502.55	4.5935	4.6091
853626078961	993.89	452.88	970.05	494.55	4.5816	4.5980
853626087294	987.27	443.74	964.37	501.42	4.5647	4.6169
853626095628	992.13	459.22	961.27	502.05	4.6030	4.6312
853626103961	988.34	433.73	964.80	487.16	4.5576	4.5920
853626112294	989.89	461.36	966.58	497.31	4.6092	4.6091
853626120628	982.18	436.04	961.97	489.97	4.5387	4.6027
853626128963	984.44	448.11	958.60	502.62	4.5655	4.6186
853626137296	985.81	444.98	966.50	497.70	4.5831	4.6062
853626145630	989.28	434.52	959.18	492.21	4.5496	4.5963
853626153963	978.80	436.55	965.55	494.14	4.5441	4.6043
853626162295	985.53	452.46	964.70	495.41	4.5966	4.6021
853626170629	983.47	438.43	961.97	511.01	4.5645	4.6248
853626178962	986.25	438.12	963.32	500.96	4.5551	4.5998
853626187295	985.68	442.29	956.90	499.03	4.5756	4.5954
853626195628	988.70	436.99	960.29	496.62	4.5500	4.5832
853626203962	987.87	448.64	959.91	500.19	4.5778	4.5997
853626212295	989.07	449.39	960.79	493.98	4.5624	4.5707
853626220628	988.01	440.51	962.57	489.88	4.5546	4.5635
853626228961	982.67	444.98	959.94	504.31	4.5731	4.5990
853626237294	989.76	435.91	967.62	501.85	4.5497	4.5867
853626245628	989.63	445.00	962.83	509.06	4.5614	4.5983
853626253961	985.46	439.26	960.28	499.76	4.5492	4.5925
853626262299	985.68	447.47	964.88	509.34	4.5652	4.6008
853626270633	988.58	442.81	961.33	509.27	4.5578	4.6002
853626278965	986.09	437.26	964.28	501.46	4.5498	4.5874
853626287299	985.66	445.04	958.90	503.59	4.5715	4.6028
853626295632	993.09	445.96	961.97	492.80	4.5618	4.5667
853626303965	982.80	437.52	965.25	496.61	4.5648	4.5712
853626312298	984.36	439.39	959.86	497.10	4.5612	4.5813
853626320632	989.59	442.96	961.24	498.32	4.5769	4.5966
853626328965	984.89	427.56	961.09	499.39	4.5408	4.5849
853626337298	988.36	439.62	961.47	502.56	4.5587	4.6201
853626345631	984.58	434.91	965.73	492.87	4.5611	4.5766
853626353965	992.30	441.78	963.14	500.71	4.5711	4.5945
853626362298	986.14	446.30	962.56	503.93	4.5506	4.5961
853626370631	989.15	434.89	966.27	502.35	4.5633	4.6018
853626378964	989.46	452.06	961.94	504.92	4.5901	4.5924
853626387301	986.42	441.75	965.38	496.18	4.5664	4.5812
853626395635	995.04	455.88	960.82	496.69	4.6016	4.5824
853626403967	984.07	428.48	962.05	500.30	4.5648	4.5812
853626412301	986.27	447.16	964.39	496.12	4.5853	4.5882
853626420634	996.44	447.00	965.53	502.52	4.5832	4.6047
853626428968	992.25	442.04	961.42	496.48	4.5800	4.5919
853626437301	986.62	445.06	965.89	500.25	4.5876	4.5876
853626445634	989.87	445.87	959.41	505.55	4.5851	4.5878
853626453968	990.41	453.47	960.91	503.75	4.6092	4.6039
853626462301	986.45	437.50	959.75	504.78	4.5750	4.6048
853626470633	987.36	434.89	953.65	506.49	4.5536	4.6081
853626478967	988.44	441.25	955.05	497.03	4.5807	4.5937
853626487300	984.66	427.76	955.03	498.90	4.5659	4.5943
853626495633	989.72	447.69	960.21	493.50	4.5883	4.5911
853626503966	1015.34	505.59	982.36	529.84	4.6038	4.5842
853626512300	1043.18	578.75	1014.05	609.45	4.6469	4.5965
853626520630	1041.02	602.27	1002.26	630.42	4.6552	4.6137
853626528971	1034.72	579.12	997.82	609.11	4.6514	4.6144
853626537305	1037.09	577.71	1006.60	601.94	4.6591	4.6129
853626545637	1036.42	583.83	1004.43	621.45	4.6403	4.6013
853626553970	1036.40	588.70	1000.95	619.29	4.6416	4.6146
853626562304	1041.28	583.74	1006.85	620.99	4.6566	4.6161
853626570637	1036.05	584.35	1004.94	623.82	4.6614	4.6179
853626578971	1035.77	595.12	998.48	627.30	4.6750	4.6208
853626587304	1036.90	586.74	1002.83	622.08	4.6577	4.6248
853626595637	1033.90	583.69	1001.07	621.78	4.6549	4.6242
853626603971	1038.95	585.94	1005.26	618.24	4.6561	4.6243
853626612304	1039.43	589.98	998.92	623.65	4.6659	4.6148
853626620636	1036.20	580.42	994.30	621.34	4.6656	4.6309
853626628969	1036.69	588.07	1000.83	622.64	4.6754	4.6161
853626637302	1037.67	582.98	999.37	622.44	4.6548	4.6347
853626645636	1040.22	588.38	991.78	617.85	4.6704	4.6310
853626653973	1035.62	593.42	995.46	620.81	4.6883	4.6342
853626662307	1037.77	587.08	997.83	623.71	4.6850	4.6341
853626670640	1042.47	589.78	997.85	626.44	4.6797	4.6520
853626678973	1042.42	586.07	990.60	622.05	4.6781	4.6436
853626687307	1040.10	588.50	990.48	621.92	4.6894	4.6453
853626695630	1031.71	586.26	1002.51	625.20	4.6944	4.6451
853626703973	1039.88	594.97	996.94	622.80	4.7094	4.6491
853626712305	1035.82	587.47	997.39	625.03	4.6986	4.6467
853626720639	1036.69	596.12	999.99	624.83	4.7103	4.6641
853626728973	1037.23	589.19	997.71	626.43	4.6983	4.6579
853626737305	1034.96	589.55	996.80	620.84	4.7120	4.6573
853626745639	1035.25	585.47	992.08	621.78	4.6968	4.6656
853626753972	1040.19	587.97	993.98	622.58	4.7061	4.6889
853626762306	1035.79	589.27	993.96	621.94	4.7206	4.6604
853626770639	1035.83	588.59	1000.30	626.76	4.7092	4.6749
853626778976	1035.60	595.03	994.30	626.90	4.7295	4.6780
853626787310	1039.29	587.39	1001.10	621.72	4.7240	4.6870
853626795643	1037.75	588.38	990.85	622.66	4.7247	4.6973
853626803976	1035.44	594.80	992.87	621.71	4.7288	4.6745
853626812310	1040.97	595.56	992.52	622.53	4.7377	4.6906
853626820643	1041.69	589.90	994.54	618.85	4.7302	4.6943
853626828977	1037.64	587.23	994.51	622.38	4.7335	4.7046
853626837309	1038.50	596.48	1003.78	625.24	4.7459	4.7119
853626845643	1060.54	648.13	1031.29	683.24	4.7457	4.7092
853626853976	1083.46	728.72	1041.61	776.47	4.7723	4.7290
853626862300	1086.05	727.20	1043.04	754.92	4.7762	4.7227
853626870642	1074.98	708.04	1036.86	745.57	4.7944	4.7310
853626878967	1074.60	704.65	1043.60	746.03	4.7698	4.7477
853626887300	1082.12	718.84	1046.47	756.74	4.7875	4.7285
853626895634	1083.90	719.44	1044.49	753.00	4.7719	4.7395
853626903966	1084.88	722.45	1042.33	751.24	4.7956	4.7194
853626912304	1078.29	721.19	1039.38	748.63	4.7928	4.7307
853626920637	1083.60	729.33	1041.69	755.59	4.8039	4.7500
853626928969	1085.42	724.04	1046.26	757.27	4.7916	4.7559
853626937303	1087.21	721.09	1042.18	752.85	4.8072	4.7498
853626945636	1085.82	723.24	1047.11	757.25	4.8020	4.7663
853626953970	1082.49	723.66	1047.15	752.25	4.8098	4.7621
853626962303	1082.71	719.49	1035.85	747.77	4.7891	4.7522
853626970636	1087.09	723.77	1046.20	750.80	4.8055	4.7696
853626978970	1085.32	725.43	1051.17	759.40	4.8054	4.7874
853626987303	1090.30	724.12	1040.49	752.60	4.8007	4.7661
853626995637	1083.80	722.50	1043.29	750.26	4.7986	4.7655
853627003969	1091.86	726.23	1048.36	754.69	4.8184	4.7849
853627012302	1086.78	723.07	1051.02	760.67	4.8097	4.7946
853627020636	1084.38	723.78	1049.07	754.71	4.8060	4.8011
853627028968	1086.96	727.51	1052.47	757.71	4.8235	4.8055
853627037302	1085.13	730.12	1044.59	757.40	4.8146	4.7978
853627045640	1090.33	729.77	1050.02	756.60	4.8229	4.7936
853627053974	1088.87	727.31	1045.86	756.46	4.8114	4.8004
853627062307	1084.68	728.76	1046.98	758.76	4.8056	4.8061
853627070640	1087.73	725.75	1047.23	753.10	4.8237	4.8184
853627078974	1087.27	725.38	1047.22	756.13	4.8019	4.8219
853627087306	1083.97	724.46	1045.48	752.71	4.7977	4.8042
853627095640	1087.99	723.99	1050.91	760.98	4.8077	4.8096
853627103973	1090.05	727.60	1045.67	758.63	4.8219	4.8196
853627112306	1082.42	729.40	1049.13	761.14	4.8155	4.8225
853627120639	1089.40	726.61	1048.80	762.57	4.8152	4.8400
853627128972	1091.09	731.90	1048.40	758.22	4.8224	4.8252
853627137306	1090.51	731.08	1050.14	754.78	4.8222	4.8171
853627145640	1088.91	731.56	1048.29	761.09	4.8167	4.8362
853627153972	1091.57	728.52	1046.79	752.80	4.8287	4.8227
853627162305	1085.68	734.54	1049.42	759.43	4.8196	4.8331
853627170638	1090.16	728.73	1038.06	755.14	4.8267	4.8135
853627178977	1089.93	731.98	1043.93	752.15	4.8391	4.8277
853627187310	1089.83	734.42	1045.10	756.79	4.8445	4.8268
853627195643	1090.98	731.93	1046.98	758.70	4.8401	4.8258
853627203977	1090.48	733.79	1046.34	751.17	4.8402	4.8313
853627212310	1092.28	734.74	1048.48	753.70	4.8525	4.8338
853627220643	1084.13	726.55	1052.57	764.01	4.8345	4.8443
853627228977	1090.83	735.81	1048.13	761.41	4.8620	4.8437
853627237309	1090.13	730.17	1054.40	761.72	4.8483	4.8592
853627245642	1090.08	730.80	1047.82	756.49	4.8552	4.8355
853627253975	1095.14	733.03	1049.95	763.81	4.8504	4.8537
853627262309	1088.68	732.02	1049.69	760.78	4.8465	4.8486
853627270642	1094.95	733.15	1048.87	757.05	4.8674	4.8530
853627278975	1093.00	736.56	1048.01	771.52	4.8669	4.8535
853627287309	1141.22	772.20	1085.72	810.87	4.8768	4.8511
853627295642	1138.07	781.89	1081.63	807.73	4.8854	4.8688
853627303978	1124.86	772.32	1072.06	796.83	4.8718	4.8636
853627312320	1128.81	765.75	1080.32	802.44	4.8808	4.8559
853627320651	1128.45	772.02	1077.61	801.41	4.8757	4.8621
853627328985	1131.63	771.73	1075.56	806.84	4.8777	4.8562
853627337318	1127.39	774.92	1087.08	811.62	4.8781	4.8731
853627345652	1125.95	776.13	1083.04	806.17	4.8775	4.8707
853627353985	1129.27	774.35	1080.50	805.60	4.8821	4.8642
853627362318	1135.62	772.57	1082.03	806.78	4.8847	4.8757
853627370652	1135.65	774.90	1080.52	803.39	4.8985	4.8778
853627378985	1133.63	775.13	1084.31	804.38	4.8778	4.8791
853627387318	1135.15	766.73	1083.93	807.41	4.8891	4.8804
853627395651	1133.21	769.39	1081.85	802.62	4.8820	4.8684
853627403984	1132.19	765.94	1087.18	805.32	4.8873	4.8878
853627412317	1136.14	772.60	1084.23	808.80	4.9057	4.8670
853627420650	1133.49	763.49	1084.30	805.05	4.8885	4.8865
853627428984	1130.90	769.01	1085.09	804.41	4.8994	4.8802
853627437324	1134.82	763.56	1083.18	805.85	4.9043	4.8920
853627445657	1129.31	763.31	1083.61	810.16	4.8799	4.8848
853627453991	1140.30	773.68	1080.73	804.70	4.9154	4.8925
853627462324	1130.26	768.09	1081.60	807.85	4.8951	4.8938
853627470657	1131.56	767.24	1081.43	803.08	4.8976	4.8843
853627478990	1133.27	768.94	1078.04	803.78	4.8916	4.8766
853627487323	1141.73	773.38	1097.36	804.95	4.8945	4.8823
853627495657	1208.69	797.44	1172.77	845.87	4.9072	4.8956
853627503990	1273.58	808.53	1213.93	846.18	4.9317	4.8976
853627512324	1261.38	802.59	1207.27	839.85	4.9261	4.8961
853627520657	1243.45	801.19	1198.20	840.21	4.9264	4.8907
853627528990	1252.26	799.63	1206.52	837.30	4.9191	4.8807
853627537323	1264.23	803.82	1212.88	844.74	4.9155	4.8988
853627545656	1262.00	803.45	1212.92	843.59	4.9159	4.8953
853627553989	1259.41	806.01	1216.00	844.51	4.9144	4.8855
853627562322	1261.11	807.05	1208.69	843.48	4.9134	4.8823
853627570660	1262.48	804.63	1214.74	839.74	4.9317	4.8940
853627578994	1263.70	808.52	1211.43	840.09	4.9164	4.8827
853627587327	1260.75	804.55	1211.56	842.82	4.9187	4.8873
853627595661	1263.54	804.79	1210.94	844.56	4.9149	4.8933
853627603994	1266.09	807.11	1211.55	843.76	4.9218	4.8825
853627612327	1263.34	806.35	1214.90	840.34	4.9043	4.8882
853627620661	1265.67	812.17	1207.35	841.94	4.9200	4.8846
853627628992	1261.31	803.26	1213.37	841.74	4.9047	4.8853
853627637318	1261.40	806.68	1208.86	841.02	4.9251	4.8916
853627645651	1263.56	807.69	1214.34	845.90	4.9185	4.8896
853627653984	1264.78	805.76	1211.61	840.44	4.9165	4.8748
853627662326	1263.31	808.15	1212.36	840.71	4.9160	4.8865
853627670659	1267.12	802.46	1215.84	840.39	4.9115	4.8909
853627678993	1264.13	807.83	1213.05	841.90	4.9186	4.8729
853627687326	1266.09	805.11	1211.20	839.49	4.9229	4.8758
853627695659	1265.60	800.95	1213.51	840.19	4.9329	4.8847
853627703997	1264.63	804.41	1212.25	845.43	4.9207	4.8706
853627712330	1270.45	803.04	1218.77	839.20	4.9349	4.8800
853627720664	1325.69	801.35	1277.55	846.71	4.9243	4.8762
853627728997	1385.75	794.53	1333.56	839.46	4.9188	4.8675
853627737330	1388.31	783.87	1345.26	832.35	4.9087	4.8573
853627745655	1378.28	794.27	1331.46	835.56	4.9285	4.8664
853627753996	1381.66	788.57	1327.26	832.68	4.9224	4.8679
853627762330	1385.11	791.93	1342.33	837.04	4.9299	4.8492
853627770664	1388.85	789.95	1339.60	837.59	4.9278	4.8595
853627778995	1386.67	791.55	1335.22	836.07	4.9267	4.8565
853627787329	1384.26	791.74	1335.38	835.61	4.9251	4.8559
853627795662	1385.37	787.88	1330.77	836.57	4.9337	4.8500
853627803996	1390.50	782.45	1337.66	834.37	4.9304	4.8640
853627812329	1386.26	789.88	1335.37	839.56	4.9306	4.8611
853627820662	1387.67	784.51	1337.70	838.12	4.9444	4.8522
853627829000	1382.84	788.58	1332.94	836.05	4.9305	4.8531
853627837333	1388.02	794.55	1330.62	837.38	4.9343	4.8610
853627845667	1386.04	789.06	1335.16	839.61	4.9461	4.8585
853627854000	1385.49	787.14	1335.32	836.39	4.9256	4.8538
853627862332	1386.25	787.21	1335.68	837.18	4.9322	4.8535
853627870665	1388.36	788.87	1329.38	837.72	4.9438	4.8687
853627878998	1384.65	790.98	1330.50	836.30	4.9473	4.8620
853627887332	1384.43	791.10	1335.45	839.39	4.9402	4.8633
853627895665	1383.73	792.54	1333.94	833.44	4.9451	4.8607
