t	gaze_point_LX	gaze_point_LY	gaze_point_RX	gaze_point_RY	pupil_diameter_L	pupil_diameter_R
1389498868733	1161.73	663.80	1152.80	618.42	2.9003	3.1109
1389498877067	1150.50	646.96	1152.76	606.20	2.8870	3.1294
1389498885400	1149.19	648.32	1153.23	610.05	2.8996	3.1328
1389498893733	1154.65	653.81	1156.23	629.17	2.9019	3.1441
1389498902068	1161.95	659.68	1157.77	624.71	2.9036	3.1301
1389498910402	1165.17	667.66	1158.91	629.90	2.9028	3.1424
1389498918734	1158.06	667.51	1155.28	631.31	2.9059	3.1396
1389498927068	1163.84	669.57	1161.92	629.19	2.9238	3.1348
1389498935401	1167.34	673.40	1159.88	630.14	2.9181	3.1424
1389498943734	1166.26	676.21	1155.55	634.08	2.9196	3.1564
1389498952067	1170.83	665.30	1156.19	626.36	2.9410	3.1460
1389498960401	1172.47	665.73	1160.06	634.80	2.9109	3.1370
1389498968734	1179.19	701.60	1160.65	627.09	2.8527	3.1504
1389498977067	NaN	NaN	NaN	NaN	NaN	NaN
1389498985400	NaN	NaN	NaN	NaN	NaN	NaN
1389498993733	NaN	NaN	NaN	NaN	NaN	NaN
1389499002066	NaN	NaN	NaN	NaN	NaN	NaN
1389499010399	NaN	NaN	NaN	NaN	NaN	NaN
1389499018733	NaN	NaN	NaN	NaN	NaN	NaN
1389499027067	NaN	NaN	NaN	NaN	NaN	NaN
1389499035408	NaN	NaN	NaN	NaN	NaN	NaN
1389499043741	NaN	NaN	NaN	NaN	NaN	NaN
1389499052075	NaN	NaN	NaN	NaN	NaN	NaN
1389499060408	NaN	NaN	NaN	NaN	NaN	NaN
1389499068741	NaN	NaN	NaN	NaN	NaN	NaN
1389499077073	NaN	NaN	NaN	NaN	NaN	NaN
1389499085406	NaN	NaN	NaN	NaN	NaN	NaN
1389499093740	NaN	NaN	NaN	NaN	NaN	NaN
1389499102073	NaN	NaN	NaN	NaN	NaN	NaN
1389499110407	NaN	NaN	NaN	NaN	NaN	NaN
1389499118740	NaN	NaN	NaN	NaN	NaN	NaN
1389499127073	NaN	NaN	1263.91	967.36	NaN	3.2143
1389499135407	NaN	NaN	1269.65	864.21	NaN	3.1294
1389499143740	1295.80	975.54	1268.13	791.39	2.8508	3.1449
1389499152072	1273.18	929.57	1277.44	713.78	2.9685	3.0930
1389499160405	1279.40	828.60	1278.51	690.61	2.8588	3.1274
1389499168741	1269.81	794.46	1276.88	664.52	2.8993	3.1530
1389499177074	1270.16	776.76	1269.59	645.13	2.9811	3.1750
1389499185408	1277.73	741.78	1262.40	655.54	2.9804	3.2147
1389499193743	1276.34	727.67	1261.29	649.44	3.0252	3.2357
1389499202076	1273.75	702.75	1263.97	652.24	3.0168	3.2091
1389499210410	1269.21	693.34	1267.91	666.13	3.0134	3.1898
1389499218743	1274.89	690.51	1263.19	695.17	3.0440	3.2194
1389499227075	1277.27	689.29	1264.36	700.99	3.1041	3.1926
1389499235408	1268.49	704.70	1249.49	706.95	3.0955	3.2041
1389499243741	1267.84	692.20	1251.52	719.05	3.0821	3.2426
1389499252075	1272.53	710.29	1252.32	731.98	3.0464	3.2741
1389499260408	1279.04	709.82	1251.35	695.49	3.0480	3.2315
1389499268741	1275.63	723.01	1256.19	710.87	3.0525	3.2488
1389499277075	1273.39	723.04	1260.29	716.12	3.0435	3.2745
1389499285408	1268.90	724.92	1253.36	706.19	3.0395	3.2572
1389499293742	1271.55	736.68	1254.39	690.56	3.0568	3.2367
1389499302077	1271.25	736.12	1252.42	685.25	3.0573	3.2377
1389499310410	1270.01	731.55	1252.55	689.68	3.0462	3.2262
1389499318743	1271.28	746.97	1259.91	685.43	3.0662	3.2483
1389499327077	1270.98	724.53	1258.58	738.99	3.0870	3.3105
1389499335411	1270.80	727.16	1253.89	687.77	3.0794	3.2206
1389499343744	NaN	NaN	1405.26	986.11	NaN	2.3132
1389499352077	NaN	NaN	NaN	NaN	NaN	NaN
1389499360411	NaN	NaN	NaN	NaN	NaN	NaN
1389499368744	NaN	NaN	NaN	NaN	NaN	NaN
1389499377077	NaN	NaN	NaN	NaN	NaN	NaN
1389499385410	NaN	NaN	NaN	NaN	NaN	NaN
1389499393743	NaN	NaN	NaN	NaN	NaN	NaN
1389499402076	NaN	NaN	NaN	NaN	NaN	NaN
1389499410410	NaN	NaN	NaN	NaN	NaN	NaN
1389499418742	NaN	NaN	NaN	NaN	NaN	NaN
1389499427081	NaN	NaN	NaN	NaN	NaN	NaN
1389499435415	NaN	NaN	NaN	NaN	NaN	NaN
1389499443747	NaN	NaN	NaN	NaN	NaN	NaN
1389499452081	NaN	NaN	NaN	NaN	NaN	NaN
1389499460414	NaN	NaN	NaN	NaN	NaN	NaN
1389499468747	NaN	NaN	NaN	NaN	NaN	NaN
1389499477080	NaN	NaN	NaN	NaN	NaN	NaN
1389499485414	NaN	NaN	NaN	NaN	NaN	NaN
1389499493746	NaN	NaN	NaN	NaN	NaN	NaN
1389499502080	NaN	NaN	NaN	NaN	NaN	NaN
1389499510413	NaN	NaN	NaN	NaN	NaN	NaN
1389499518747	1300.09	1030.36	1278.56	854.07	3.0136	3.2125
1389499527080	1283.99	940.29	1280.09	817.52	3.0509	3.3350
1389499535413	1293.20	901.89	1282.01	739.22	3.1002	3.3159
1389499543744	1287.81	836.92	1279.67	720.37	3.0824	3.3158
1389499552079	1285.92	813.11	1285.83	671.95	3.0973	3.2803
1389499560418	1284.25	761.35	1275.07	644.55	3.0949	3.2781
1389499568752	1288.32	726.48	1277.62	645.88	3.0362	3.2847
1389499577083	1285.11	714.66	1279.15	712.68	3.0564	3.2979
1389499585416	1276.37	707.23	1272.02	761.54	3.0479	3.3487
1389499593751	1277.81	722.19	1271.46	787.48	3.0600	3.3905
1389499602085	1284.05	734.89	1265.83	769.36	3.0241	3.3617
1389499610418	1289.40	782.93	1269.54	745.50	3.1062	3.3070
1389499618751	1287.62	780.89	1264.41	755.41	3.0726	3.3274
1389499627084	1290.22	783.23	1269.94	780.80	3.0865	3.3958
1389499635417	1278.12	767.38	1280.55	740.78	3.0641	3.3054
1389499643750	1289.22	752.16	1267.08	742.73	3.0399	3.3348
1389499652084	1287.47	757.53	1274.80	748.19	3.0530	3.3206
1389499660417	1282.20	744.29	1271.42	748.15	3.0138	3.3103
1389499668751	1282.49	744.68	1275.24	766.28	3.0196	3.3568
1389499677084	1285.29	763.78	1272.34	750.99	3.0321	3.3257
1389499685417	1277.30	776.03	1275.18	750.35	3.0623	3.3223
1389499693756	1270.82	766.58	1279.73	769.06	3.0220	3.3608
1389499702090	1273.51	768.51	1279.19	773.78	3.0400	3.3790
1389499710423	1274.70	763.54	1278.33	755.16	3.0647	3.3519
1389499718757	1285.32	774.21	1283.16	759.03	3.0692	3.3506
1389499727090	1287.67	793.52	1287.19	753.26	3.1039	3.3582
1389499735423	1292.44	792.24	1279.50	780.41	3.1053	3.4070
1389499743757	1286.21	759.59	1278.09	763.39	3.0409	3.3674
1389499752090	1288.30	773.36	1282.18	776.47	3.0738	3.4061
1389499760423	1277.53	773.95	1276.51	757.25	3.0654	3.3748
1389499768756	1279.94	789.63	1287.78	750.73	3.1125	3.3612
1389499777088	1281.59	767.59	1281.09	750.79	3.0598	3.3406
1389499785422	1278.66	740.60	1273.64	759.32	3.0095	3.3632
1389499793755	1278.62	756.91	1281.04	768.45	3.0490	3.3966
1389499802089	1280.08	761.83	1276.04	756.49	3.0601	3.3937
1389499810422	1265.38	721.70	1283.56	678.12	3.0406	3.2751
1389499818759	1265.72	728.48	1273.60	676.99	3.0486	3.2565
1389499827092	1271.39	730.69	1275.18	683.93	3.0546	3.2689
1389499835425	1269.81	722.82	1282.02	692.34	3.0257	3.2937
1389499843757	1275.49	724.46	1279.62	681.83	3.0285	3.2602
1389499852091	1274.87	734.62	1275.53	683.66	3.0427	3.2729
1389499860424	1269.76	738.06	1276.63	682.41	3.0596	3.2445
1389499868757	1277.82	725.47	1277.22	732.46	3.0437	3.3657
1389499877090	1276.04	720.72	1272.00	700.70	3.0253	3.2736
1389499885424	1276.79	733.07	1277.53	716.15	3.0435	3.3124
1389499893757	1270.94	728.02	1275.70	693.17	3.0383	3.2594
1389499902090	1268.33	742.02	1278.09	687.77	3.0593	3.2502
1389499910424	1271.33	733.54	1274.58	720.26	3.0194	3.3189
1389499918757	1271.46	726.86	1276.91	683.44	3.0170	3.2489
1389499927089	1271.70	740.66	1268.47	687.64	3.0234	3.2437
1389499935423	1276.32	732.64	1273.77	689.56	3.0245	3.2417
1389499943757	1271.43	731.23	1273.78	686.08	3.0034	3.2346
1389499952092	1270.28	730.27	1280.07	689.46	3.0084	3.2516
1389499960426	1273.55	741.10	1277.72	700.91	3.0412	3.2627
1389499968759	1271.55	731.94	1267.19	690.34	3.0114	3.2415
1389499977092	1269.99	734.81	1277.65	687.58	3.0129	3.2449
1389499985426	1274.07	738.80	1277.94	683.19	3.0316	3.2320
1389499993759	1275.64	734.34	1272.30	691.77	3.0036	3.2234
1389500002091	1274.04	740.19	1270.30	693.69	3.0136	3.2502
1389500010425	1271.53	739.10	1281.54	692.04	3.0036	3.2178
1389500018758	1273.46	737.97	1274.29	687.14	2.9952	3.2210
1389500027092	1268.11	733.16	1286.13	698.42	2.9863	3.2258
1389500035425	1272.54	742.74	1276.67	678.67	3.0233	3.2135
1389500043758	1273.88	744.01	1281.20	704.72	3.0123	3.2360
1389500052092	1275.98	743.65	1270.57	699.05	3.0066	3.2403
1389500060425	1274.72	736.61	1273.38	712.09	2.9957	3.2816
1389500068759	1274.08	738.28	1268.60	684.42	3.0038	3.2217
1389500077090	1275.11	739.90	1273.46	689.90	3.0287	3.2117
1389500085430	1272.70	738.43	1270.85	684.12	3.0172	3.2269
1389500093764	1271.60	740.46	1272.36	693.89	3.0150	3.2380
1389500102097	1270.14	732.83	1274.60	704.80	3.0187	3.2907
1389500110430	1265.39	733.09	1272.07	689.30	3.0032	3.2271
1389500118763	1275.01	733.84	1274.24	697.79	3.0189	3.2137
1389500127096	1272.94	726.40	1277.61	705.43	3.0112	3.2742
1389500135430	1281.33	735.02	1277.33	707.28	3.0066	3.2714
1389500143764	1270.46	729.04	1269.78	695.76	3.0229	3.2408
1389500152096	1272.68	725.23	1275.17	726.41	2.9952	3.3191
1389500160429	1277.50	727.17	1279.85	689.58	3.0086	3.2530
1389500168762	1275.95	727.68	1276.84	690.88	3.0219	3.2439
1389500177096	1274.00	728.30	1281.47	694.13	3.0065	3.2476
1389500185429	1268.12	736.48	1274.70	706.54	3.0345	3.2865
1389500193762	1276.24	737.88	1274.68	714.44	3.0169	3.3105
1389500202095	1268.86	743.15	1269.43	718.00	3.0207	3.3058
1389500210429	1277.66	734.27	1264.36	728.96	3.0458	3.3347
1389500218766	1274.64	735.21	1281.75	695.44	3.0414	3.2712
1389500227100	1271.90	729.41	1269.67	726.29	3.0384	3.3629
1389500235432	1272.77	727.35	1269.80	703.07	3.0260	3.3087
1389500243765	1268.37	733.20	1274.21	692.32	3.0283	3.2668
1389500252098	1265.36	732.20	1274.22	694.64	3.0456	3.2995
1389500260432	1272.94	739.25	1278.78	699.27	3.0183	3.2908
1389500268765	1273.86	738.83	1269.04	742.29	3.0287	3.3551
1389500277099	1271.19	723.26	1271.88	689.95	3.0070	3.2596
1389500285432	1268.86	730.68	1275.59	688.38	3.0316	3.2723
1389500293765	1205.14	750.36	1221.21	699.51	3.0512	3.2663
1389500302099	1108.85	807.78	1114.06	754.98	3.0856	3.3497
1389500310430	1011.99	794.62	1027.02	776.41	3.0279	3.3609
1389500318764	995.33	819.54	996.46	770.33	3.0347	3.2960
1389500327097	1033.59	780.86	1047.44	801.20	2.9984	3.3893
1389500335430	1026.13	783.37	1045.91	791.15	2.9729	3.3819
1389500343769	1017.20	780.23	1048.87	803.46	2.9619	3.3638
1389500352103	1018.59	787.29	1034.30	798.36	2.9721	3.3628
1389500360435	1016.36	791.17	1030.12	758.92	2.9432	3.2737
1389500368769	1017.36	786.40	1040.82	787.96	2.9298	3.3210
1389500377103	1021.16	811.40	1031.35	788.20	2.9624	3.3110
1389500385435	1015.05	801.25	1026.70	778.51	2.9225	3.2902
1389500393768	1018.52	795.53	1031.63	749.46	2.8915	3.2094
1389500402101	1024.02	803.92	1037.22	773.63	2.9047	3.2570
1389500410435	1018.53	793.88	1027.64	751.51	2.8706	3.1597
1389500418768	1017.97	796.02	1027.77	748.67	2.8765	3.1797
1389500427101	1013.48	790.74	1026.81	752.79	2.8542	3.1276
1389500435435	1020.08	790.58	1033.42	744.81	2.8418	3.1229
1389500443768	1016.82	784.73	1020.10	755.41	2.8229	3.1211
1389500452102	1019.57	788.44	1028.95	761.55	2.8231	3.1594
1389500460433	1019.53	788.96	1022.97	742.20	2.8250	3.1022
1389500468767	1024.87	782.67	1026.76	764.05	2.8099	3.1135
1389500477107	1014.67	784.09	1024.89	762.39	2.8000	3.1093
1389500485440	1012.47	784.13	1023.85	744.83	2.7763	3.0748
1389500493773	1015.16	784.53	1020.19	740.38	2.7767	3.0552
1389500502106	1023.00	783.95	1027.41	747.37	2.7744	3.0681
1389500510440	1020.41	792.34	1028.20	751.44	2.7778	3.0567
1389500518773	1022.81	793.25	1030.85	753.62	2.7730	3.0606
1389500527107	1027.35	799.00	1030.09	728.36	2.7526	3.0089
1389500535440	1019.90	804.19	1019.02	740.14	2.7602	3.0094
1389500543772	1029.56	798.80	1028.69	736.52	2.7500	3.0217
1389500552105	1027.54	797.70	1018.02	729.33	2.7492	2.9853
1389500560438	1029.36	791.73	1030.00	735.70	2.7295	3.0265
1389500568772	1062.36	829.73	1059.94	812.45	2.6967	3.0632
1389500577105	1097.17	874.92	1101.96	902.03	2.7117	3.0993
1389500585438	1101.05	897.45	1105.73	904.13	2.6814	3.0439
1389500593772	1113.96	907.50	1118.50	923.49	2.6800	3.0920
1389500602105	1099.80	879.61	1112.39	902.09	2.6429	3.0526
1389500610442	1111.99	901.69	1113.31	914.84	2.6880	3.0446
1389500618774	1104.60	913.61	1119.91	918.05	2.6821	3.0664
1389500627107	1105.07	887.52	1129.36	939.45	2.6505	3.1149
1389500635440	1105.18	907.06	1114.51	917.90	2.6964	3.0356
1389500643774	1101.84	884.16	1117.94	923.24	2.6491	3.0661
1389500652108	1109.78	887.40	1120.94	924.64	2.6612	3.0670
1389500660441	1109.33	907.59	1129.54	923.77	2.7134	3.0625
1389500668774	1111.39	909.95	1125.75	908.94	2.6809	3.0314
1389500677107	1113.80	895.56	1120.01	934.56	2.6761	3.0915
1389500685440	1110.42	869.65	1121.48	928.39	2.6120	3.1100
1389500693773	1105.89	885.87	1121.41	918.09	2.6537	3.0561
1389500702106	1101.36	904.88	1130.87	919.86	2.6996	3.0561
1389500710439	1108.97	877.76	1115.55	911.50	2.6532	3.0466
1389500718773	1113.39	882.45	1121.40	923.66	2.6345	3.0715
1389500727106	1116.33	901.36	1121.61	911.44	2.6846	3.0209
1389500735440	1115.63	910.34	1126.38	897.97	2.6914	3.0012
1389500743778	1118.87	915.23	1117.68	916.44	2.7105	3.0969
1389500752111	1115.20	908.94	1116.38	918.74	2.7062	3.0917
1389500760444	1115.76	887.61	1121.48	917.22	2.6579	3.0610
1389500768778	1114.12	892.32	1122.18	924.49	2.7004	3.0803
1389500777110	1104.20	891.78	1121.00	925.47	2.6817	3.0826
1389500785444	1109.92	888.09	1123.45	933.07	2.6900	3.1192
1389500793776	1116.62	899.96	1121.35	913.17	2.6955	3.0813
1389500802110	1105.78	905.44	1120.97	946.07	2.7254	3.1489
1389500810443	1110.37	892.19	1129.11	924.70	2.6987	3.1089
1389500818777	1111.00	901.14	1119.85	922.50	2.6942	3.1207
1389500827110	1111.93	876.39	1133.07	927.17	2.6675	3.1258
1389500835443	1112.90	920.43	1121.26	912.31	2.7611	3.0720
1389500843777	1109.94	895.04	1116.23	910.08	2.7171	3.0575
1389500852109	1114.67	914.02	1128.22	916.46	2.7492	3.0914
1389500860443	1122.22	915.31	1122.97	921.06	2.7446	3.1003
1389500868781	1113.68	920.02	1120.41	911.32	2.7390	3.1092
1389500877114	1117.28	924.70	1120.57	930.86	2.7706	3.1300
1389500885447	1128.89	962.29	1137.30	952.69	2.8070	3.1161
1389500893781	1166.86	1022.02	1158.27	997.07	2.8226	3.1409
1389500902114	1151.03	1000.54	1150.81	1006.86	2.7096	3.1256
1389500910448	1160.62	1019.39	1156.88	993.40	2.8087	3.1231
1389500918780	1149.45	1013.53	1148.05	988.06	2.8258	3.1140
1389500927113	1148.09	998.95	1150.60	983.68	2.7579	3.1165
1389500935446	1152.92	1013.06	1154.93	981.08	2.8012	3.1038
1389500943780	1164.91	1030.10	1153.92	999.51	2.8456	3.1497
1389500952113	1150.39	1021.46	1150.89	993.59	2.8461	3.1411
1389500960446	1163.82	1024.98	1161.92	993.13	2.8388	3.1477
1389500968779	1153.52	1018.05	1150.82	985.79	2.8519	3.1345
1389500977113	1164.61	1013.22	1153.73	999.59	2.8424	3.1468
1389500985447	1162.23	1029.99	1157.59	992.31	2.8510	3.1600
1389500993780	1167.45	1033.35	1146.71	1001.14	2.9082	3.1679
1389501002116	1158.29	1021.68	1163.77	987.92	2.8815	3.1656
1389501010449	1160.44	1038.55	1158.83	984.61	2.9375	3.1624
1389501018782	1159.54	1031.61	1160.97	1001.15	2.9101	3.1981
1389501027116	1159.87	1031.44	1160.30	991.87	2.9055	3.1953
1389501035450	1157.78	1027.60	1161.76	1007.14	2.8983	3.2169
1389501043782	1164.99	1037.15	1160.28	986.27	2.9480	3.1877
1389501052116	1159.81	1027.69	1161.64	995.63	2.9410	3.2038
1389501060449	1155.62	1028.00	1156.12	999.78	2.9355	3.2209
1389501068783	1165.42	1016.03	1154.04	1000.06	2.9242	3.2199
1389501077116	1167.15	1024.06	1151.65	1003.01	2.9449	3.2579
1389501085448	1165.21	1018.99	1152.02	995.79	2.9369	3.2546
1389501093781	1164.94	1011.76	1153.93	1000.95	2.9219	3.2471
1389501102115	1179.21	1017.48	1173.22	1006.54	2.9251	3.2627
1389501110448	1205.68	1028.10	1199.20	1019.29	2.9374	3.2584
1389501118782	1189.00	1033.09	1186.06	1024.32	2.9219	3.2717
1389501127115	1194.69	1055.91	1187.19	1010.41	2.9814	3.2682
1389501135453	1180.49	1039.55	1177.91	1016.96	2.9431	3.2895
1389501143786	1194.12	1039.45	1187.79	1005.21	2.9589	3.2661
1389501152120	1196.03	1037.99	1188.86	1018.98	2.9851	3.2821
1389501160453	1201.04	1046.34	1193.07	1023.68	2.9883	3.2872
1389501168785	1197.19	1038.37	1190.24	1027.31	3.0183	3.3040
1389501177119	1193.06	1041.35	1186.64	1023.07	2.9908	3.2960
1389501185452	1194.39	1044.73	1196.06	1025.39	3.0000	3.3394
1389501193786	1192.00	1035.51	1192.56	1014.79	2.9903	3.3042
1389501202119	1195.41	1051.01	1186.75	1012.23	3.0222	3.3041
1389501210452	1200.61	1066.48	1193.13	1011.59	3.0504	3.3177
1389501218785	1192.19	1046.44	1199.50	1029.38	3.0242	3.3609
1389501227119	1193.28	1056.95	1190.59	1014.86	3.0302	3.3420
1389501235451	1188.55	1057.92	1182.52	1019.17	3.0378	3.3401
1389501243785	1187.84	1057.70	1185.46	1008.27	3.0383	3.3013
1389501252118	1192.70	1057.75	1192.86	1027.31	3.0760	3.3447
1389501260456	1187.95	1046.73	1194.50	1007.66	3.0205	3.3328
1389501268789	1203.40	1059.12	1189.78	1019.58	3.0546	3.3308
1389501277123	1195.33	1048.52	1193.40	1017.41	3.0515	3.3366
1389501285456	1194.61	1040.26	1184.32	1021.99	3.0245	3.3553
1389501293789	1186.47	1061.35	1190.24	1026.83	3.0812	3.3445
1389501302123	1198.04	1046.80	1194.15	1029.31	3.0678	3.3677
1389501310455	1187.58	1034.62	1185.48	1028.89	3.0553	3.3606
1389501318789	1182.95	1042.26	1181.69	1049.21	3.0590	3.3770
1389501327122	1192.39	1056.50	1186.41	1038.99	3.0912	3.3777
1389501335455	1186.79	1050.20	1193.26	1025.57	3.1039	3.3579
1389501343788	1195.87	1053.36	1188.90	1032.58	3.1080	3.4046
1389501352122	1195.94	1051.52	1186.35	1012.09	3.0797	3.3381
1389501360455	1195.76	1058.18	1185.78	1020.03	3.1032	3.3940
1389501368789	1200.58	1064.28	1187.32	1026.92	3.1256	3.4082
1389501377121	1195.98	1052.68	1189.80	1016.35	3.0859	3.3980
1389501385455	1184.08	1051.42	1193.71	1017.25	3.0692	3.3884
1389501393796	1193.74	1063.81	1177.92	1012.87	3.0930	3.3787
1389501402130	1200.63	1049.30	1187.17	1019.24	3.0747	3.3672
1389501410463	1204.94	1039.66	1187.09	1015.00	3.0592	3.3840
1389501418796	1218.53	1049.20	1218.26	1022.56	3.1137	3.3935
1389501427130	1252.49	1047.01	1267.93	1021.32	3.1007	3.3792
1389501435463	1260.79	1042.79	1255.11	1021.71	3.1059	3.3839
1389501443797	1243.99	1054.26	1241.27	1010.07	3.1144	3.3761
1389501452130	1238.02	1040.14	1244.52	1018.29	3.0975	3.3710
1389501460463	1241.58	1042.65	1234.25	1015.10	3.1206	3.3779
1389501468795	1251.81	1051.86	1238.52	1004.49	3.1171	3.3689
1389501477128	1255.13	1046.87	1245.82	1014.34	3.1456	3.4131
1389501485462	1252.22	1047.57	1241.12	1019.02	3.1206	3.3836
1389501493796	1254.31	1047.39	1248.40	1009.49	3.0876	3.3648
1389501502129	1258.21	1037.56	1235.03	1013.79	3.1054	3.3813
1389501510462	1246.18	1035.12	1245.10	1018.50	3.0770	3.4105
1389501518795	1249.74	1034.62	1240.29	1019.17	3.0806	3.3878
1389501527130	1243.21	1031.75	1237.73	1012.76	3.0920	3.3571
1389501535463	1253.00	1040.43	1247.82	1008.78	3.1025	3.3481
1389501543795	1254.73	1051.30	1240.19	1011.65	3.1246	3.3660
1389501552128	1252.43	1042.57	1250.16	1016.85	3.1175	3.3806
1389501560462	1255.16	1045.84	1254.60	1012.60	3.0989	3.3710
1389501568796	1241.98	1038.72	1238.50	1020.95	3.1115	3.3739
1389501577129	1258.14	1049.72	1236.14	1021.29	3.1337	3.3816
1389501585462	1247.40	1042.05	1244.43	1011.85	3.0860	3.3640
1389501593795	1246.42	1043.61	1248.45	1007.14	3.1059	3.3829
1389501602128	1258.30	1048.54	1247.19	1009.13	3.1045	3.3525
1389501610462	1259.37	1046.23	1237.59	1012.19	3.0983	3.3830
1389501618795	1244.29	1050.19	1238.26	1016.56	3.1066	3.3674
1389501627127	1251.26	1046.75	1239.79	1010.88	3.0965	3.3625
1389501635461	1254.44	1050.02	1239.15	1011.01	3.1195	3.3591
1389501643794	1246.25	1041.54	1245.25	1016.26	3.0950	3.3652
1389501652131	1251.43	1048.69	1241.75	1004.71	3.0994	3.3403
1389501660464	1244.38	1034.23	1240.71	1007.94	3.0896	3.3785
1389501668797	1243.38	1044.72	1237.55	1010.11	3.1140	3.3601
1389501677130	1246.66	1022.57	1243.28	1013.23	3.0359	3.3676
1389501685464	1242.89	1026.22	1239.30	1021.78	3.0786	3.3745
1389501693797	1243.62	1034.58	1249.65	1018.16	3.0858	3.3536
1389501702130	1244.16	1027.27	1249.24	1018.87	3.0754	3.3652
1389501710463	1246.72	1032.69	1237.42	1020.32	3.0883	3.3480
1389501718796	1249.61	1041.08	1243.47	1013.73	3.1022	3.3411
1389501727129	1249.04	1036.56	1244.92	1010.16	3.1022	3.3410
1389501735463	1244.64	1040.88	1238.94	1019.24	3.1204	3.3568
1389501743796	1234.74	1028.50	1249.58	1016.87	3.0511	3.3330
1389501752129	1248.95	1050.05	1244.84	1015.22	3.1144	3.3297
1389501760463	1245.20	1044.15	1245.95	1018.61	3.0914	3.3524
1389501768796	1246.81	1042.40	1245.09	1010.28	3.0663	3.3171
1389501777129	1262.84	1047.30	1246.92	1015.24	3.1077	3.3528
1389501785467	1258.39	1040.02	1254.22	1005.75	3.0746	3.3514
1389501793800	1254.55	1042.58	1241.41	1012.87	3.0922	3.3364
1389501802133	1250.76	1044.50	1243.22	1006.96	3.0957	3.3561
1389501810467	1256.50	1032.92	1242.25	1009.64	3.0833	3.3437
1389501818800	1254.90	1034.69	1239.51	1010.55	3.0522	3.3580
1389501827134	1248.71	1034.19	1242.81	1008.19	3.0804	3.3343
1389501835467	1235.74	1032.24	1241.41	1009.38	3.0672	3.3370
1389501843800	1234.42	1015.61	1242.45	1021.15	3.0465	3.3482
1389501852132	1234.41	1043.54	1234.85	1013.28	3.0893	3.3441
1389501860466	1239.72	1033.81	1239.00	1013.99	3.0874	3.3306
1389501868800	1243.40	1053.66	1240.31	1017.97	3.1369	3.3701
1389501877133	1249.20	1023.19	1241.60	1021.96	3.0738	3.3523
1389501885466	1248.92	1034.73	1239.66	1016.78	3.1048	3.3581
1389501893800	1245.65	1033.66	1246.04	1018.63	3.0770	3.3643
1389501902133	1243.54	1043.23	1232.04	1018.76	3.1267	3.3540
1389501910466	1249.61	1051.94	1237.66	1025.71	3.1360	3.3936
1389501918805	1236.82	1041.38	1241.32	1014.78	3.1037	3.3764
1389501927138	1243.92	1046.45	1248.71	1018.35	3.1031	3.3889
1389501935471	1250.94	1040.07	1237.80	1003.84	3.0943	3.3668
1389501943805	1255.14	1043.70	1240.54	1012.35	3.0847	3.3768
1389501952139	1248.80	1046.52	1246.89	1005.18	3.1242	3.3647
1389501960472	1237.45	1049.76	1238.58	1003.21	3.1099	3.3568
1389501968805	1249.54	1046.93	1231.45	1007.93	3.1075	3.3906
1389501977138	1266.85	1037.66	1273.03	1010.19	3.1028	3.3819
1389501985471	1351.30	981.51	1388.08	969.34	3.1560	3.3656
1389501993804	1430.52	918.22	1508.05	897.46	3.1689	3.4228
1389502002137	1515.86	803.88	1610.37	817.07	3.0818	3.3492
1389502010471	1593.66	741.73	1659.04	752.57	3.1565	3.3456
1389502018804	1597.80	783.08	1639.94	719.99	3.1397	3.2917
1389502027138	1589.77	797.78	1628.01	733.60	3.1302	3.3156
1389502035471	1603.01	772.89	1630.87	726.53	3.1094	3.2958
1389502043804	1613.01	771.76	1628.35	722.74	3.1345	3.3245
1389502052144	1625.53	760.45	1628.82	723.61	3.1122	3.3113
1389502060475	1628.28	766.12	1628.97	731.48	3.1108	3.3379
1389502068809	1636.08	763.13	1629.47	726.52	3.1167	3.3274
1389502077142	1624.66	762.65	1627.43	715.74	3.1372	3.2990
1389502085476	1626.26	752.01	1625.89	721.71	3.1145	3.3203
1389502093809	1625.44	774.14	1631.96	724.47	3.1555	3.3231
1389502102143	1628.74	762.60	1637.96	726.22	3.1161	3.3234
1389502110476	1628.02	759.64	1631.41	720.95	3.1210	3.3036
1389502118809	1621.98	769.82	1627.96	725.58	3.1512	3.3119
1389502127142	1628.54	755.88	1628.50	728.54	3.0995	3.3373
1389502135475	1630.57	766.88	1628.56	724.69	3.1155	3.2977
1389502143808	1632.05	760.07	1626.28	718.71	3.1200	3.3034
1389502152141	1634.28	767.89	1626.09	722.81	3.1061	3.3133
1389502160474	1633.62	769.02	1625.16	724.18	3.1107	3.3071
1389502168808	1630.56	761.34	1630.31	719.76	3.1113	3.2803
1389502177141	1633.91	771.45	1621.11	722.51	3.1382	3.2931
1389502185477	1635.07	762.46	1624.23	718.20	3.1146	3.2994
1389502193811	1633.73	766.76	1617.96	711.42	3.1322	3.2765
1389502202144	1632.13	758.50	1624.86	723.19	3.1147	3.2870
1389502210477	1640.27	768.56	1628.66	722.15	3.1112	3.2916
1389502218810	1636.49	758.20	1633.30	716.13	3.0972	3.2881
1389502227143	1638.46	764.89	1619.15	713.77	3.0959	3.2542
1389502235476	1634.43	769.34	1626.30	711.60	3.1031	3.2442
1389502243810	1631.72	771.54	1633.07	725.87	3.1069	3.2649
1389502252143	1636.40	768.42	1632.56	723.35	3.1112	3.2424
1389502260476	1636.54	764.12	1628.64	723.68	3.0698	3.2388
1389502268810	1630.80	767.32	1631.64	721.30	3.0840	3.2399
1389502277143	1637.13	772.52	1618.63	723.27	3.1098	3.2546
1389502285476	1634.39	774.55	1638.52	721.13	3.0702	3.2100
1389502293809	1629.81	767.50	1630.90	721.79	3.0804	3.2199
1389502302142	1637.65	767.17	1629.41	725.96	3.0505	3.2133
1389502310482	1634.95	753.99	1623.88	722.44	3.0424	3.2274
1389502318815	1638.74	755.70	1630.51	723.75	3.0622	3.2065
1389502327148	1632.63	764.17	1627.36	723.37	3.0452	3.1975
1389502335482	1636.57	764.87	1635.35	730.40	3.0248	3.2218
1389502343815	1635.14	752.45	1626.46	723.87	3.0444	3.1874
1389502352148	1633.51	764.21	1632.91	716.05	3.0214	3.1850
1389502360481	1634.66	764.20	1628.05	720.56	3.0265	3.1863
1389502368814	1634.26	769.83	1631.97	725.40	3.0333	3.1910
1389502377147	1635.68	769.69	1631.01	730.42	3.0183	3.2030
1389502385481	1642.74	766.58	1623.53	731.86	2.9935	3.1625
1389502393814	1644.08	763.13	1623.10	729.06	3.0047	3.1954
1389502402147	1637.78	768.59	1617.10	733.21	3.0044	3.1820
1389502410480	1636.97	773.00	1626.36	729.23	3.0331	3.1621
1389502418814	1644.85	767.56	1627.26	728.78	3.0044	3.1626
1389502427147	1640.49	770.19	1624.70	732.57	3.0012	3.1672
1389502435481	1637.99	769.78	1619.89	733.20	2.9975	3.1827
1389502443818	1640.10	766.47	1620.06	728.18	2.9935	3.1713
1389502452151	1637.55	770.78	1626.49	728.58	2.9991	3.1791
1389502460485	1630.15	763.16	1628.41	721.07	2.9931	3.1561
1389502468817	1625.62	762.26	1631.19	725.30	2.9941	3.1815
1389502477151	1633.79	764.06	1632.05	725.15	2.9783	3.1631
1389502485485	1638.52	764.14	1635.07	727.86	2.9746	3.1581
1389502493817	1628.04	762.80	1639.04	727.72	2.9841	3.1781
1389502502151	1634.36	761.24	1634.15	720.26	2.9666	3.1688
1389502510485	1642.11	751.50	1640.18	722.81	2.9822	3.1671
1389502518817	1580.95	746.01	1598.25	714.75	2.9876	3.2010
1389502527150	1468.86	708.39	1513.02	642.86	3.0133	3.1877
1389502535484	1370.05	666.30	1438.70	601.88	3.0284	3.2036
1389502543817	1318.95	619.27	1360.95	566.80	2.9789	3.2104
1389502552150	1301.43	597.47	1331.85	560.49	2.9813	3.1897
1389502560483	1305.16	600.61	1317.68	566.44	2.9918	3.2309
1389502568817	1304.19	609.33	1316.92	574.45	3.0090	3.2016
1389502577153	1314.03	601.83	1319.88	569.98	3.0121	3.1737
1389502585487	1310.94	607.42	1319.07	574.56	2.9858	3.2287
1389502593820	1303.32	609.54	1313.12	567.59	2.9928	3.2132
1389502602152	1300.60	603.03	1310.09	564.27	2.9769	3.1940
1389502610486	1293.76	604.66	1317.56	571.72	2.9850	3.2028
1389502618819	1311.49	601.49	1307.10	566.41	2.9730	3.2023
1389502627152	1304.44	595.08	1307.46	562.01	2.9800	3.2178
1389502635485	1298.64	598.25	1307.85	567.71	2.9645	3.2029
1389502643818	1308.79	609.36	1304.38	573.76	2.9729	3.2124
1389502652152	1306.93	607.38	1304.40	561.36	2.9648	3.1871
1389502660485	1306.08	602.18	1301.62	563.97	2.9651	3.1809
1389502668819	1300.06	604.21	1306.32	562.14	2.9881	3.2073
1389502677151	1303.35	592.25	1307.12	562.86	2.9749	3.1944
1389502685484	1301.31	592.90	1302.77	563.41	2.9585	3.1946
1389502693818	1308.13	596.10	1308.76	561.43	2.9712	3.2046
1389502702155	1305.71	589.68	1304.99	554.92	2.9613	3.1899
1389502710489	1301.96	595.14	1303.60	559.27	2.9763	3.1917
1389502718822	1304.98	591.60	1304.28	560.60	2.9791	3.1960
1389502727155	1293.88	598.62	1291.97	550.55	2.9726	3.1893
1389502735488	1230.11	556.19	1264.16	506.11	2.9844	3.2125
1389502743822	1217.15	525.36	1236.27	476.86	2.9720	3.2038
1389502752155	1223.19	515.09	1233.30	473.24	2.9643	3.2238
1389502760488	1233.27	515.57	1223.95	473.44	2.9635	3.2124
1389502768821	1232.38	525.80	1231.78	478.15	2.9613	3.2080
1389502777155	1229.44	517.35	1227.21	469.82	2.9759	3.2206
1389502785487	1226.17	523.05	1225.62	473.79	2.9808	3.2239
1389502793821	1222.11	507.86	1228.20	471.39	2.9757	3.2099
1389502802154	1216.29	512.84	1223.79	462.43	2.9804	3.2198
1389502810487	1228.01	513.70	1219.87	467.15	2.9661	3.2202
1389502818821	1221.66	513.55	1224.10	464.21	2.9512	3.2211
1389502827154	1217.70	515.99	1225.87	466.75	2.9571	3.2139
1389502835493	1220.44	513.14	1226.28	464.39	2.9837	3.1972
1389502843827	1219.21	515.00	1229.07	458.70	2.9577	3.1838
1389502852160	1221.74	513.49	1218.70	465.34	2.9739	3.1838
1389502860493	1226.70	507.51	1225.20	461.92	2.9377	3.1725
1389502868826	1230.41	511.99	1218.48	471.37	2.9441	3.1786
1389502877159	1226.35	506.68	1222.72	467.47	2.9362	3.1773
1389502885492	1222.32	512.85	1215.46	467.08	2.9278	3.1674
1389502893825	1226.31	510.35	1219.51	476.88	2.9317	3.1640
1389502902159	1216.53	513.82	1216.00	469.45	2.9249	3.1377
1389502910492	1221.69	511.45	1223.94	471.96	2.8966	3.1405
1389502918826	1218.85	511.67	1227.31	476.08	2.9276	3.1154
1389502927159	1219.18	517.36	1213.72	472.44	2.9061	3.1382
1389502935491	1221.98	505.27	1218.04	467.91	2.9047	3.1311
1389502943825	1214.78	510.48	1220.47	479.11	2.8921	3.1124
1389502952158	1226.32	510.33	1222.03	475.34	2.8896	3.1295
1389502960491	1218.40	507.07	1220.95	471.32	2.8929	3.1327
1389502968830	1213.78	512.03	1220.14	472.96	2.8840	3.1115
1389502977162	1218.34	502.82	1223.15	470.02	2.8936	3.1097
1389502985496	1222.79	501.93	1214.23	472.83	2.8790	3.1035
1389502993830	1218.62	507.81	1221.76	474.48	2.8835	3.0742
1389503002163	1213.91	506.31	1224.46	472.84	2.8920	3.0862
1389503010495	1217.99	505.83	1215.08	470.14	2.8721	3.0934
1389503018828	1212.96	506.57	1215.17	469.73	2.8616	3.0731
1389503027162	1159.64	500.34	1176.33	480.76	2.8665	3.0683
1389503035495	1048.18	530.96	1056.83	506.84	2.8526	3.0895
1389503043829	953.16	554.21	986.57	517.23	2.8309	3.0912
1389503052162	922.63	560.40	929.76	533.32	2.8367	3.0904
1389503060495	911.59	573.30	917.60	543.06	2.8270	3.0924
