t	gaze_point_LX	gaze_point_LY	gaze_point_RX	gaze_point_RY	pupil_diameter_L	pupil_diameter_R
2598505660802	1260.63	777.39	1269.47	764.10	3.8466	3.5021
2598505669134	1240.46	748.52	1260.93	720.84	3.8310	3.4999
2598505677467	1252.10	724.49	1268.58	697.65	3.8235	3.4925
2598505685801	1255.76	723.12	1274.14	698.12	3.8254	3.4914
2598505694134	1254.32	724.92	1270.59	697.70	3.8322	3.4910
2598505702467	1254.89	724.17	1279.26	696.54	3.8138	3.4740
2598505710801	1250.17	719.91	1281.87	708.64	3.8127	3.4946
2598505719138	1244.47	730.81	1278.44	707.85	3.8193	3.4867
2598505727471	1257.66	714.91	1277.61	706.94	3.7831	3.4769
2598505735805	1255.31	724.91	1274.87	697.23	3.8104	3.4838
2598505744137	1252.58	722.21	1271.95	698.33	3.8060	3.4829
2598505752470	1247.62	716.33	1271.52	696.43	3.7964	3.4745
2598505760804	1246.60	724.20	1265.41	696.97	3.8045	3.4743
2598505769137	1246.23	721.94	1263.82	705.05	3.8066	3.4789
2598505777470	1244.19	725.84	1263.80	700.41	3.8050	3.4632
2598505785804	1247.49	726.55	1259.56	694.14	3.7970	3.4591
2598505794137	1250.71	726.87	1254.82	707.30	3.8066	3.4708
2598505802470	1252.66	728.35	1250.76	704.84	3.7886	3.4694
2598505810804	1245.43	729.60	1247.40	713.92	3.7876	3.4603
2598505819136	1241.48	731.66	1247.82	710.33	3.7878	3.4404
2598505827469	1249.79	733.60	1247.61	712.62	3.7908	3.4500
2598505835803	1247.92	738.06	1247.08	714.61	3.7913	3.4391
2598505844136	1252.77	731.96	1253.56	716.25	3.7913	3.4524
2598505852475	1268.60	727.09	1283.11	710.04	3.7948	3.4524
2598505860809	1261.61	716.58	1281.56	698.81	3.7888	3.4432
2598505869142	1256.20	716.20	1281.06	699.52	3.7958	3.4375
2598505877475	1255.61	714.18	1285.38	700.49	3.8042	3.4548
2598505885809	1253.51	710.96	1284.65	706.88	3.7954	3.4515
2598505894141	1261.79	712.19	1283.43	706.22	3.7948	3.4443
2598505902474	1257.26	700.39	1283.15	705.71	3.7937	3.4463
2598505910808	1259.51	709.47	1282.49	694.80	3.7993	3.4379
2598505919141	1255.08	698.37	1280.47	699.23	3.7848	3.4380
2598505927474	1255.85	704.84	1278.38	700.77	3.7910	3.4460
2598505935808	1254.48	712.62	1279.84	708.07	3.7999	3.4449
2598505944141	1252.48	713.10	1277.63	709.05	3.7849	3.4564
2598505952474	1257.06	719.07	1272.65	712.55	3.7940	3.4411
2598505960808	1246.99	727.73	1275.46	707.72	3.7981	3.4523
2598505969140	1249.19	724.09	1277.92	708.21	3.8116	3.4421
2598505977473	1247.84	728.05	1273.78	711.11	3.8059	3.4544
2598505985811	1249.22	717.74	1282.10	704.60	3.7981	3.4484
2598505994144	1250.12	720.38	1279.06	709.70	3.8096	3.4687
2598506002477	1247.61	712.47	1278.25	707.74	3.8027	3.4585
2598506010810	1257.20	707.44	1282.56	703.28	3.8050	3.4653
2598506019144	1258.05	711.48	1285.35	698.63	3.8241	3.4572
2598506027477	1258.40	714.32	1282.88	701.97	3.8257	3.4689
2598506035811	1261.87	706.63	1281.21	699.20	3.8359	3.4753
2598506044143	1266.79	710.94	1283.78	696.24	3.8298	3.4809
2598506052476	1266.54	713.46	1281.32	692.08	3.8461	3.4794
2598506060809	1267.85	704.73	1281.19	692.62	3.8518	3.4851
2598506069143	1270.87	708.59	1283.94	699.97	3.8490	3.4841
2598506077476	1264.43	711.59	1283.06	704.02	3.8674	3.5108
2598506085809	1266.41	703.44	1282.76	696.52	3.8589	3.4984
2598506094143	1264.69	711.01	1281.58	699.22	3.8822	3.5071
2598506102476	1263.94	722.40	1278.77	707.05	3.8893	3.5304
2598506110809	1266.55	712.89	1284.04	705.26	3.8928	3.5249
2598506119147	1263.94	718.82	1279.35	707.28	3.9095	3.5295
2598506127480	1263.46	724.01	1284.80	707.44	3.8970	3.5327
2598506135813	1264.46	720.89	1283.97	713.38	3.9139	3.5367
2598506144147	1261.69	719.06	1278.33	715.35	3.9234	3.5639
2598506152480	1262.33	710.14	1279.15	708.63	3.9131	3.5442
2598506160813	1266.53	701.43	1275.59	709.89	3.9120	3.5622
2598506169147	1267.87	709.16	1273.45	714.82	3.9370	3.5677
2598506177480	1267.63	704.01	1274.41	710.42	3.9277	3.5738
2598506185813	1264.43	699.79	1283.86	707.83	3.9337	3.5719
2598506194146	1266.01	705.73	1276.50	712.67	3.9565	3.5832
2598506202479	1268.91	710.77	1286.54	715.09	3.9640	3.5973
2598506210812	1273.54	708.82	1288.51	712.98	3.9509	3.5999
2598506219146	1273.95	715.12	1287.83	715.91	3.9533	3.5968
2598506227479	1272.41	719.06	1281.48	724.84	3.9728	3.6143
2598506235812	1276.69	719.55	1278.56	729.91	3.9715	3.6316
2598506244151	1273.54	726.99	1275.98	724.73	4.0054	3.6354
2598506252484	1278.37	715.47	1281.52	716.01	4.0057	3.6286
2598506260817	1276.06	711.90	1281.23	720.99	4.0020	3.6387
2598506269150	1277.07	711.79	1281.67	713.59	4.0210	3.6397
2598506277483	1277.23	704.70	1281.05	713.53	4.0152	3.6591
2598506285816	1278.15	697.12	1276.66	707.51	4.0186	3.6560
2598506294150	1280.34	692.94	1273.32	705.17	4.0248	3.6681
2598506302483	1274.14	695.44	1273.06	698.57	4.0462	3.6709
2598506310816	1274.66	694.99	1273.10	699.03	4.0377	3.6720
2598506319150	1277.96	695.61	1279.71	700.44	4.0529	3.6824
2598506327483	1281.52	699.45	1284.86	698.96	4.0524	3.6856
2598506335816	1278.45	708.46	1282.63	710.43	4.0580	3.7071
2598506344149	1281.41	711.84	1285.49	713.09	4.0687	3.6898
2598506352482	1275.61	713.71	1277.29	721.53	4.0774	3.7029
2598506360815	1281.48	703.02	1277.04	727.84	4.0813	3.7073
2598506369149	1280.30	706.80	1278.63	722.40	4.0878	3.7154
2598506377484	1286.28	705.97	1278.53	720.07	4.0856	3.7076
2598506385817	1278.08	710.00	1275.25	731.97	4.1049	3.7329
2598506394151	1281.71	705.34	1279.58	729.86	4.1044	3.7456
2598506402484	1273.95	708.02	1286.32	717.12	4.1153	3.7325
2598506410817	1274.40	710.97	1288.20	716.49	4.1145	3.7563
2598506419150	1270.34	703.88	1290.25	706.99	4.1281	3.7474
2598506427483	1268.38	700.76	1286.03	708.95	4.1349	3.7689
2598506435816	1269.01	691.54	1278.09	699.26	4.1217	3.7486
2598506444150	1275.33	695.35	1276.57	708.33	4.1515	3.7893
2598506452483	1272.90	699.18	1276.40	703.46	4.1603	3.7664
2598506460816	1272.00	706.33	1280.55	708.28	4.1647	3.7875
2598506469150	1269.00	710.64	1278.73	704.42	4.1776	3.8049
2598506477483	1279.14	710.82	1279.71	702.09	4.1695	3.7887
2598506485816	1281.02	712.51	1284.55	706.97	4.1777	3.8002
2598506494149	1280.29	717.23	1280.02	715.94	4.2036	3.8066
2598506502482	1285.04	712.84	1281.08	706.68	4.1812	3.7944
2598506510822	1282.44	707.81	1279.13	718.89	4.1874	3.8183
2598506519156	1284.00	706.67	1285.80	713.01	4.1980	3.8185
2598506527489	1280.66	714.19	1284.96	712.27	4.2064	3.8265
2598506535822	1275.86	711.20	1285.61	710.78	4.2021	3.8282
2598506544156	1278.98	711.46	1277.11	708.87	4.2064	3.8372
2598506552489	1275.83	710.60	1275.41	694.16	4.2140	3.8191
2598506560822	1277.32	707.24	1268.80	716.18	4.2198	3.8604
2598506569155	1276.04	703.21	1266.63	704.47	4.2272	3.8436
2598506577488	1278.55	703.36	1264.75	717.76	4.2334	3.8616
2598506585821	1276.49	706.58	1266.77	710.63	4.2436	3.8644
2598506594154	1277.81	708.82	1266.10	708.13	4.2444	3.8717
2598506602488	1274.77	717.40	1263.52	709.04	4.2487	3.8700
2598506610821	1283.05	707.82	1264.66	710.87	4.2428	3.8789
2598506619154	1281.48	714.44	1262.62	703.94	4.2587	3.8679
2598506627488	1285.19	706.89	1270.58	709.18	4.2521	3.8726
2598506635824	1281.48	709.60	1269.32	720.26	4.2627	3.8944
2598506644156	1282.12	705.48	1268.76	713.43	4.2639	3.8790
2598506652490	1279.05	705.89	1269.58	720.44	4.2805	3.8992
2598506660823	1282.35	703.91	1265.78	723.72	4.2782	3.9080
2598506669156	1280.26	712.97	1263.44	725.92	4.2804	3.9140
2598506677490	1283.79	716.19	1262.14	718.82	4.2887	3.9014
2598506685823	1282.24	713.58	1263.54	721.04	4.2925	3.9147
2598506694156	1285.55	712.52	1259.67	723.23	4.2946	3.9271
2598506702490	1281.04	712.74	1261.35	713.19	4.3000	3.9234
2598506710823	1283.21	709.52	1262.15	723.10	4.2980	3.9216
2598506719155	1285.02	712.94	1258.32	724.43	4.3017	3.9361
2598506727489	1285.08	715.90	1257.53	725.43	4.3029	3.9434
2598506735822	1283.13	714.85	1255.77	717.19	4.3065	3.9402
2598506744155	1281.35	709.70	1257.00	724.99	4.3203	3.9311
2598506752489	1286.20	701.94	1257.98	724.19	4.3155	3.9555
2598506760822	1288.64	697.60	1260.35	728.85	4.3205	3.9503
2598506769161	1291.58	689.92	1260.44	719.92	4.3224	3.9561
2598506777495	1291.99	690.13	1258.37	725.18	4.3271	3.9689
2598506785828	1291.72	690.28	1264.21	728.72	4.3250	3.9705
2598506794160	1295.27	689.01	1258.75	727.43	4.3275	3.9690
2598506802494	1297.92	688.83	1265.19	719.76	4.3277	3.9643
2598506810827	1296.79	683.02	1262.54	720.74	4.3129	3.9625
2598506819160	1299.24	686.05	1257.73	727.78	4.3240	3.9695
2598506827494	1290.91	697.06	1256.93	731.18	4.3305	3.9763
2598506835827	1293.77	700.52	1265.80	729.37	4.3368	3.9708
2598506844160	1290.64	710.11	1279.32	722.44	4.3330	3.9711
2598506852494	1292.49	711.88	1276.76	725.23	4.3291	3.9871
2598506860827	1291.54	705.86	1277.72	718.69	4.3187	3.9737
2598506869159	1289.21	712.16	1273.27	726.38	4.3362	3.9775
2598506877493	1294.14	698.80	1265.68	732.88	4.3261	3.9941
2598506885826	1292.39	689.75	1259.93	734.37	4.3451	3.9861
2598506894159	1296.95	680.22	1263.26	725.31	4.3327	3.9873
2598506902497	1291.71	694.84	1269.43	713.41	4.3371	3.9884
2598506910830	1293.02	687.57	1266.75	717.63	4.3254	3.9876
2598506919163	1290.46	691.28	1264.04	720.18	4.3400	3.9941
2598506927497	1296.78	685.31	1267.84	730.06	4.3422	4.0027
2598506935830	1294.27	690.83	1263.17	733.94	4.3426	4.0073
2598506944162	1295.01	698.01	1263.59	735.56	4.3551	4.0205
2598506952496	1294.49	703.73	1262.29	731.16	4.3457	4.0040
2598506960829	1293.61	709.05	1261.37	735.03	4.3481	4.0158
2598506969162	1293.82	716.08	1263.50	735.44	4.3666	4.0050
2598506977496	1294.63	712.10	1264.83	729.82	4.3623	4.0117
2598506985829	1297.41	708.85	1257.13	731.62	4.3369	4.0059
2598506994162	1298.16	702.61	1265.13	732.98	4.3556	4.0098
2598507002496	1299.46	701.87	1267.87	730.72	4.3557	4.0067
2598507010829	1292.82	697.41	1263.44	722.70	4.3434	4.0132
2598507019161	1291.72	690.15	1264.57	728.74	4.3430	4.0051
2598507027495	1291.09	685.96	1265.99	725.70	4.3255	3.9840
2598507035833	1292.99	689.55	1263.67	717.01	4.3295	3.9768
2598507044166	1295.74	688.18	1257.11	710.02	4.3180	3.9507
2598507052500	1293.32	683.87	1262.37	716.90	4.2915	3.9388
2598507060833	1287.89	689.76	1260.34	726.77	4.2771	3.9315
2598507069166	1289.16	695.74	1257.74	723.51	4.2704	3.9159
2598507077499	1298.57	699.30	1256.55	730.31	4.2392	3.8781
2598507085833	1295.14	709.78	1263.52	738.71	4.2286	3.8610
2598507094165	1290.26	720.41	1258.47	736.11	4.1995	3.8368
2598507102499	1289.39	720.49	1259.44	732.41	4.1628	3.8194
2598507110832	1290.53	723.04	1264.58	736.89	4.1472	3.7958
2598507119165	1293.86	718.43	1261.40	728.08	4.1231	3.7640
2598507127498	1296.74	704.79	1265.05	737.99	4.1222	3.7526
2598507135832	1295.04	691.42	1259.76	731.71	4.0886	3.7397
2598507144165	1282.57	697.01	1264.19	723.27	4.0658	3.7139
2598507152498	1290.96	706.94	1260.16	703.48	4.0493	3.6719
2598507160836	1230.30	724.56	1205.74	725.36	4.0253	3.6714
2598507169168	1164.04	716.92	1120.81	722.02	4.0141	3.6528
2598507177501	1130.21	710.99	1078.97	717.47	3.9894	3.6493
2598507185835	1101.14	705.90	1074.88	728.55	3.9616	3.6513
2598507194168	1093.24	713.91	1066.75	724.73	3.9648	3.6156
2598507202501	1093.86	709.58	1066.96	723.48	3.9265	3.6044
2598507210835	1095.91	707.12	1070.91	727.22	3.9341	3.5925
2598507219168	1086.92	709.65	1069.60	724.85	3.9114	3.5708
2598507227501	1092.71	703.57	1072.43	728.32	3.9016	3.5646
2598507235835	1094.39	705.30	1075.63	733.89	3.9039	3.5571
2598507244167	1091.33	697.19	1078.30	728.62	3.8706	3.5449
2598507252500	1096.82	701.13	1080.79	724.97	3.8756	3.5380
2598507260834	1092.71	703.16	1078.98	731.96	3.8698	3.5328
2598507269167	1086.94	709.26	1074.17	730.09	3.8613	3.5210
2598507277500	1085.21	712.81	1071.13	731.34	3.8559	3.5086
2598507285834	1080.83	705.67	1071.57	732.01	3.8342	3.5205
2598507294172	1082.32	709.42	1068.44	735.46	3.8440	3.5060
2598507302505	1079.97	702.06	1066.79	728.57	3.8273	3.5051
2598507310839	1080.84	708.39	1063.39	733.06	3.8342	3.5049
2598507319171	1085.11	706.80	1066.73	736.38	3.8167	3.4951
2598507327504	1087.02	715.94	1067.50	735.38	3.8405	3.4928
2598507335838	1089.25	712.29	1068.35	731.49	3.8206	3.5024
2598507344171	1093.70	705.48	1070.93	731.42	3.8101	3.4837
2598507352504	1090.84	705.92	1071.44	731.34	3.8215	3.4899
2598507360838	1091.24	701.23	1070.00	725.87	3.8079	3.4787
2598507369171	1081.54	710.54	1073.47	733.71	3.7994	3.4828
2598507377504	1091.05	712.74	1063.35	732.66	3.8092	3.4756
2598507385838	1086.60	715.37	1061.18	742.42	3.8163	3.4809
2598507394171	1084.73	717.96	1058.92	739.59	3.8293	3.4742
2598507402503	1082.40	706.53	1064.75	738.35	3.8129	3.4903
2598507410837	1081.69	707.20	1061.51	738.82	3.8116	3.4758
2598507419170	1082.22	705.35	1064.95	729.84	3.8256	3.4652
2598507427508	1082.43	703.48	1064.00	733.85	3.8172	3.4715
2598507435842	1081.11	709.39	1064.50	734.46	3.8186	3.4639
2598507444175	1082.60	710.89	1065.66	735.79	3.8227	3.4679
2598507452508	1088.74	713.29	1069.07	738.19	3.8292	3.4680
2598507460842	1096.71	711.26	1074.76	748.11	3.8241	3.4570
2598507469175	1132.58	687.52	1129.10	729.08	3.8311	3.4646
2598507477507	1208.02	640.89	1196.20	676.81	3.8425	3.4704
2598507485841	1282.10	650.18	1273.32	666.93	3.8321	3.4608
2598507494174	1343.02	642.33	1336.66	647.11	3.8348	3.4362
2598507502507	1355.04	640.78	1317.70	648.18	3.8342	3.4467
2598507510841	1359.01	643.66	1334.32	654.15	3.8303	3.4421
2598507519174	1358.74	627.38	1331.20	661.79	3.8292	3.4585
2598507527507	1356.99	606.71	1330.62	663.39	3.8237	3.4503
2598507535841	1357.92	607.39	1332.24	664.40	3.8407	3.4371
2598507544174	1354.24	613.41	1333.95	664.07	3.8470	3.4558
2598507552506	1360.03	631.74	1337.71	666.24	3.8544	3.4605
2598507560845	1358.07	638.76	1336.09	653.89	3.8651	3.4553
2598507569178	1361.77	635.41	1333.26	656.75	3.8697	3.4668
2598507577511	1363.83	629.70	1333.49	662.95	3.8775	3.4633
2598507585845	1360.96	615.16	1330.30	669.75	3.8775	3.4701
2598507594178	1358.38	612.95	1329.95	669.19	3.8777	3.4531
2598507602511	1362.09	603.16	1338.67	668.83	3.8609	3.4580
2598507610845	1361.57	615.50	1339.05	661.95	3.8714	3.4673
2598507619178	1362.01	625.64	1335.98	656.72	3.8857	3.4855
2598507627510	1359.80	628.18	1335.26	658.74	3.9029	3.4857
2598507635844	1360.89	641.59	1333.83	659.58	3.9220	3.4887
2598507644177	1360.93	633.87	1336.14	658.49	3.9241	3.4845
2598507652510	1360.20	631.94	1330.31	655.55	3.9239	3.4897
2598507660843	1367.01	637.41	1332.23	656.31	3.9402	3.4888
2598507669177	1366.05	633.82	1338.03	654.26	3.9298	3.4924
2598507677510	1365.79	627.57	1332.13	655.81	3.9318	3.4979
2598507685845	1372.00	615.78	1333.69	659.70	3.9178	3.5077
2598507694179	1368.70	608.80	1330.98	664.78	3.9237	3.5051
2598507702511	1363.84	604.15	1329.03	675.18	3.9214	3.5123
2598507710844	1362.03	603.03	1332.39	679.39	3.9164	3.5194
2598507719178	1365.56	608.17	1330.37	673.81	3.9371	3.5336
2598507727511	1367.01	598.72	1329.11	674.62	3.9206	3.5288
2598507735844	1362.18	606.86	1325.69	679.41	3.9134	3.5330
2598507744178	1360.15	622.17	1331.06	674.00	3.9287	3.5502
2598507752511	1358.28	632.34	1329.23	665.41	3.9408	3.5568
2598507760844	1356.28	640.02	1332.51	657.89	3.9520	3.5474
2598507769178	1353.04	641.25	1332.20	662.42	3.9509	3.5588
2598507777510	1351.55	638.67	1335.18	651.59	3.9462	3.5538
2598507785843	1356.70	643.60	1333.11	650.20	3.9537	3.5609
2598507794177	1357.99	638.83	1336.73	656.47	3.9421	3.5694
2598507802510	1355.68	638.01	1333.12	646.58	3.9527	3.5702
2598507810843	1356.82	637.14	1338.37	648.66	3.9491	3.5820
2598507819184	1356.83	626.24	1337.55	657.61	3.9447	3.5843
2598507827517	1354.37	632.26	1338.52	659.46	3.9536	3.5813
2598507835850	1341.52	663.03	1339.21	704.24	3.9505	3.5836
2598507844184	1312.33	749.35	1323.14	769.04	3.9742	3.6135
2598507852516	1315.45	795.45	1312.75	823.14	3.9711	3.6042
2598507860849	1318.16	791.10	1302.18	829.16	3.9754	3.6074
2598507869183	1314.27	783.04	1302.77	831.72	3.9580	3.6087
2598507877516	1317.54	793.86	1309.81	838.39	3.9800	3.6178
2598507885849	1318.65	800.52	1304.07	817.03	3.9726	3.6035
2598507894183	1313.48	799.27	1310.78	807.77	3.9770	3.6062
2598507902516	1313.70	798.97	1304.66	803.29	3.9589	3.6195
2598507910849	1312.68	805.82	1300.38	807.50	3.9702	3.6268
2598507919183	1306.90	806.45	1301.30	806.36	3.9594	3.6096
2598507927515	1307.55	807.64	1302.87	804.46	3.9757	3.6205
2598507935848	1310.93	811.29	1301.88	818.95	3.9770	3.6245
2598507944182	1316.25	796.38	1307.31	817.96	3.9701	3.6158
2598507952519	1316.99	798.98	1307.45	834.60	3.9870	3.6123
2598507960852	1308.21	790.18	1303.60	845.85	3.9902	3.6245
2598507969186	1313.64	788.09	1307.27	837.74	3.9659	3.6256
2598507977519	1306.90	792.56	1311.15	826.81	3.9915	3.6191
2598507985852	1308.46	795.49	1314.66	821.65	3.9832	3.6302
2598507994186	1301.81	794.89	1318.77	808.02	3.9684	3.6066
2598508002518	1308.80	805.21	1317.11	820.86	3.9733	3.6223
2598508010851	1307.63	805.34	1317.57	823.76	3.9806	3.6317
2598508019185	1305.80	797.63	1321.51	828.65	3.9845	3.6280
2598508027518	1310.44	795.97	1326.35	824.92	3.9855	3.6207
2598508035851	1310.20	792.09	1326.57	834.63	3.9935	3.6382
2598508044185	1308.38	786.33	1321.66	835.73	3.9734	3.6350
2598508052518	1309.66	791.14	1321.82	834.50	3.9829	3.6274
2598508060851	1315.35	786.95	1323.19	839.16	3.9876	3.6363
2598508069185	1306.52	793.57	1320.44	832.38	3.9907	3.6258
2598508077521	1311.31	790.74	1323.41	834.00	3.9836	3.6287
2598508085854	1309.53	788.85	1321.01	828.32	3.9810	3.6179
2598508094188	1312.22	799.81	1318.20	822.98	3.9953	3.6288
2598508102521	1312.30	794.88	1316.81	821.93	3.9728	3.6357
2598508110854	1314.41	810.39	1316.89	812.93	3.9901	3.6300
2598508119188	1277.74	817.10	1263.75	830.23	4.0048	3.6289
2598508127521	1198.07	814.73	1189.84	825.02	4.0166	3.6513
2598508135854	1147.88	797.30	1126.52	831.12	4.0026	3.6462
2598508144188	1135.62	791.37	1104.71	821.34	4.0056	3.6606
2598508152520	1128.72	795.62	1116.53	816.56	3.9986	3.6648
2598508160853	1132.05	800.35	1115.50	807.34	4.0107	3.6495
2598508169187	1132.70	799.39	1120.62	814.93	4.0096	3.6583
2598508177520	1134.03	795.26	1120.72	805.77	3.9969	3.6521
2598508185853	1131.90	788.10	1122.73	818.58	4.0076	3.6603
2598508194186	1131.75	795.94	1124.66	815.66	4.0150	3.6662
2598508202520	1136.33	798.45	1122.45	815.69	4.0094	3.6618
2598508210860	1130.36	794.99	1126.05	815.50	4.0101	3.6620
2598508219193	1132.49	795.64	1118.61	816.84	4.0216	3.6572
2598508227526	1131.58	791.70	1120.76	820.04	4.0047	3.6796
2598508235859	1132.49	790.96	1118.94	814.19	4.0214	3.6625
2598508244192	1131.23	788.87	1122.61	810.84	4.0049	3.6664
2598508252526	1130.59	786.21	1117.62	806.24	4.0065	3.6783
2598508260859	1135.30	788.40	1116.80	795.26	4.0278	3.6739
2598508269192	1129.20	784.80	1118.39	798.94	4.0281	3.6801
2598508277526	1130.97	775.88	1116.03	798.05	4.0186	3.6716
2598508285859	1136.58	773.73	1120.32	801.45	4.0319	3.6802
2598508294192	1137.98	771.71	1121.54	799.70	4.0332	3.6710
2598508302525	1140.48	764.98	1127.11	791.92	4.0245	3.6612
2598508310858	1140.73	765.68	1120.98	793.87	4.0378	3.6722
2598508319191	1136.00	770.79	1124.57	793.15	4.0337	3.6756
2598508327525	1135.81	768.84	1119.35	796.54	4.0252	3.6709
2598508335858	1136.07	773.90	1119.73	790.81	4.0387	3.6576
2598508344195	1133.36	773.22	1118.98	796.29	4.0339	3.6585
2598508352529	1136.44	777.90	1111.34	817.16	4.0201	3.6635
2598508360862	1135.23	779.70	1110.53	812.51	4.0300	3.6466
2598508369195	1134.95	783.95	1110.91	820.81	4.0150	3.6593
2598508377528	1133.07	784.67	1113.50	815.65	4.0160	3.6536
2598508385861	1130.32	786.10	1111.70	821.07	4.0152	3.6368
2598508394194	1127.49	786.78	1110.53	822.46	4.0092	3.6464
2598508402528	1124.81	793.27	1111.83	817.88	4.0075	3.6378
2598508410861	1130.74	786.62	1112.21	821.12	4.0035	3.6275
2598508419194	1135.33	788.17	1117.05	818.57	3.9968	3.6177
2598508427528	1136.53	786.51	1117.10	816.34	4.0048	3.6352
2598508435861	1138.42	785.49	1114.59	814.56	3.9979	3.6198
2598508444194	1132.55	780.14	1111.61	812.78	3.9929	3.6254
2598508452527	1138.90	782.62	1114.25	814.56	3.9879	3.6024
2598508460860	1134.09	789.54	1113.95	827.02	3.9967	3.6113
2598508469193	1137.30	789.42	1116.56	825.07	3.9865	3.6006
2598508477531	1131.28	792.24	1112.43	823.35	3.9872	3.5799
2598508485864	1125.70	794.58	1110.08	823.46	3.9945	3.5811
2598508494197	1122.75	800.10	1106.27	827.17	3.9954	3.5911
2598508502531	1120.76	794.65	1100.44	826.95	3.9860	3.5901
2598508510864	1115.81	790.29	1094.89	824.67	3.9890	3.5787
2598508519197	1102.87	766.63	1098.35	816.86	3.9488	3.5829
2598508527530	1120.53	787.73	1102.01	822.78	3.9926	3.5817
2598508535863	1115.12	784.66	1096.97	824.77	3.9888	3.5875
2598508544196	1105.94	765.91	1098.11	822.27	3.9325	3.5868
2598508552530	1110.45	781.21	1100.54	820.77	3.9554	3.5768
2598508560863	1107.11	776.13	1098.16	824.53	3.9412	3.5788
2598508569196	1122.44	795.72	1100.74	820.26	3.9869	3.5861
2598508577530	1128.59	796.03	1102.80	829.54	3.9904	3.5808
2598508585863	1113.00	783.96	1105.87	824.08	3.9459	3.5837
2598508594196	1113.36	785.20	1104.55	826.68	3.9495	3.5791
2598508602531	1126.88	803.63	1105.82	827.83	3.9883	3.5784
2598508610864	1113.96	782.56	1107.30	828.31	3.9459	3.5873
2598508619197	1115.68	784.09	1093.87	823.03	3.9854	3.5922
2598508627531	1061.38	807.21	1059.20	845.29	3.9788	3.5836
2598508635864	1052.96	808.83	1035.18	841.05	3.9899	3.5724
2598508644197	1064.71	808.38	1038.99	845.18	3.9963	3.5870
2598508652531	1067.62	801.74	1035.97	844.70	3.9952	3.5784
2598508660864	1072.35	803.14	1033.78	834.29	3.9901	3.5747
2598508669197	1068.36	804.67	1039.20	833.88	3.9908	3.5659
2598508677530	1066.75	804.79	1036.90	835.42	3.9945	3.5795
2598508685863	1071.69	803.93	1034.85	832.62	3.9934	3.5750
2598508694196	1071.51	811.22	1037.15	830.40	3.9967	3.5786
2598508702530	1070.97	803.06	1038.83	832.72	3.9904	3.5894
2598508710863	1068.90	809.54	1037.45	825.31	3.9823	3.5730
2598508719196	1073.74	809.21	1039.95	833.79	3.9934	3.5933
2598508727530	1076.99	803.81	1038.88	834.51	3.9864	3.5800
2598508735871	1071.41	810.72	1042.46	832.60	3.9764	3.5688
2598508744204	1073.20	815.14	1039.37	829.16	3.9787	3.5643
2598508752536	1077.59	816.99	1041.25	843.49	3.9826	3.5770
2598508760870	1074.06	812.18	1041.09	844.38	3.9726	3.5820
2598508769203	1077.37	820.39	1043.83	837.32	3.9677	3.5724
2598508777536	1073.33	811.86	1044.92	838.41	3.9694	3.5660
2598508785870	1067.98	807.22	1045.72	835.70	3.9713	3.5620
2598508794203	1070.54	810.55	1047.05	831.90	3.9651	3.5714
2598508802536	1070.33	810.15	1049.34	842.41	3.9696	3.5634
2598508810870	1069.88	813.34	1045.28	845.98	3.9625	3.5800
2598508819203	1070.29	816.23	1046.50	842.17	3.9653	3.5606
2598508827535	1067.27	824.24	1054.56	851.15	3.9449	3.5593
2598508835869	1083.12	802.19	1062.47	851.05	3.9579	3.5613
2598508844202	1070.60	784.45	1059.29	809.88	3.9551	3.5658
2598508852535	1057.18	770.40	1053.66	792.43	3.9546	3.5609
2598508860869	1065.69	780.40	1058.34	796.35	3.9605	3.5581
2598508869206	1070.19	775.14	1059.35	789.74	3.9544	3.5512
2598508877539	1069.24	778.84	1062.91	789.60	3.9559	3.5536
2598508885873	1072.81	765.12	1066.44	789.36	3.9349	3.5539
2598508894206	1078.68	773.54	1063.91	778.12	3.9449	3.5417
2598508902538	1073.36	770.88	1068.42	786.25	3.9427	3.5578
2598508910872	1076.97	779.43	1064.07	778.75	3.9586	3.5455
2598508919205	1076.70	766.99	1063.21	790.63	3.9487	3.5528
2598508927538	1082.10	768.94	1061.94	794.82	3.9499	3.5432
2598508935872	1085.91	772.88	1066.85	800.72	3.9568	3.5476
2598508944205	1090.09	781.36	1062.70	806.15	3.9430	3.5560
2598508952538	1085.76	776.50	1057.61	808.13	3.9305	3.5457
2598508960872	1086.38	779.01	1056.86	798.57	3.9277	3.5361
2598508969205	1089.60	783.42	1054.10	811.84	3.9368	3.5507
2598508977537	1079.67	791.05	1052.42	816.86	3.9411	3.5441
2598508985871	1084.24	785.76	1059.46	817.17	3.9333	3.5483
2598508994204	1082.09	792.77	1059.42	818.78	3.9424	3.5622
2598509002542	1080.14	785.67	1057.83	812.03	3.9273	3.5607
2598509010876	1084.57	780.82	1058.81	814.10	3.9346	3.5531
2598509019209	1083.83	776.75	1064.05	806.53	3.9319	3.5490
2598509027542	1083.17	772.93	1068.63	802.77	3.9348	3.5541
2598509035876	1078.55	772.39	1067.37	799.37	3.9362	3.5542
2598509044209	1081.67	769.60	1068.99	797.91	3.9445	3.5619
2598509052541	1081.27	767.03	1074.63	795.33	3.9430	3.5571
2598509060875	1082.67	761.83	1072.88	791.59	3.9281	3.5551
2598509069208	1083.27	765.87	1081.46	794.92	3.9427	3.5462
2598509077541	1161.46	761.61	1166.33	801.55	3.9715	3.5610
2598509085875	1272.10	740.24	1281.59	778.02	3.9785	3.5490
2598509094208	1407.17	737.33	1413.72	746.69	3.9720	3.5303
2598509102541	1513.72	742.04	1504.48	748.94	3.9589	3.5202
2598509110875	1528.77	730.49	1543.94	746.76	3.9446	3.5018
2598509119208	1531.38	716.19	1528.43	757.04	3.9571	3.5028
2598509127543	1533.03	707.53	1528.56	757.65	3.9342	3.5060
2598509135877	1534.11	710.98	1527.83	753.80	3.9447	3.4991
2598509144210	1534.75	716.16	1528.62	756.44	3.9453	3.4999
2598509152543	1540.50	715.86	1523.26	764.63	3.9433	3.5069
2598509160877	1546.74	721.05	1529.36	765.01	3.9409	3.4957
2598509169210	1540.78	717.89	1525.36	757.16	3.9467	3.4964
2598509177543	1531.77	729.68	1528.57	761.78	3.9418	3.5045
2598509185877	1540.28	718.77	1530.37	750.54	3.9387	3.5177
2598509194210	1530.18	721.80	1530.97	749.07	3.9372	3.5135
2598509202542	1529.51	722.31	1530.22	739.15	3.9364	3.4940
2598509210875	1524.25	730.04	1532.04	736.99	3.9650	3.4858
2598509219209	1527.09	722.65	1534.13	741.31	3.9515	3.4989
2598509227542	1525.49	726.01	1532.12	739.39	3.9651	3.4991
2598509235876	1522.40	721.08	1539.76	739.73	3.9470	3.4926
2598509244209	1523.27	732.89	1537.60	742.21	3.9689	3.4849
2598509252542	1519.01	730.18	1538.42	742.39	3.9584	3.4987
2598509260881	1523.66	725.12	1532.69	751.73	3.9458	3.4852
2598509269214	1520.05	736.60	1532.17	753.47	3.9632	3.5102
2598509277546	1520.28	724.84	1536.73	749.47	3.9420	3.4898
2598509285879	1517.84	732.94	1539.88	751.46	3.9498	3.4992
2598509294213	1524.75	725.78	1539.47	756.77	3.9314	3.4790
2598509302546	1523.21	730.64	1537.81	757.94	3.9500	3.5058
2598509310879	1527.48	728.20	1535.77	760.73	3.9530	3.4948
2598509319213	1524.71	730.41	1537.50	758.55	3.9380	3.4853
2598509327546	1528.03	725.68	1537.97	765.72	3.9377	3.5006
2598509335879	1523.66	727.37	1533.21	758.31	3.9391	3.4923
2598509344213	1521.39	729.45	1536.17	762.49	3.9377	3.4978
2598509352545	1520.19	723.26	1532.60	760.75	3.9377	3.5000
2598509360878	1516.62	733.90	1536.92	758.40	3.9536	3.5050
2598509369212	1513.12	731.37	1535.84	760.55	3.9468	3.4883
2598509377545	1516.80	726.10	1534.03	748.07	3.9289	3.4937
2598509385878	1518.75	727.10	1536.43	759.03	3.9409	3.4955
2598509394217	1517.74	721.33	1537.24	744.62	3.9381	3.4764
2598509402550	1520.35	719.11	1533.51	743.53	3.9321	3.4945
2598509410883	1524.79	715.11	1540.39	749.83	3.9252	3.4906
2598509419217	1518.10	726.14	1540.81	750.88	3.9424	3.4837
2598509427549	1523.30	721.24	1536.55	753.44	3.9196	3.4924
2598509435882	1519.21	722.06	1541.47	753.09	3.9211	3.4929
2598509444216	1525.85	731.27	1536.80	758.85	3.9234	3.4975
2598509452549	1523.51	731.39	1535.64	755.00	3.9236	3.4836
2598509460882	1516.25	739.31	1539.39	753.69	3.9338	3.4740
2598509469216	1517.57	735.88	1535.55	750.66	3.9217	3.4757
2598509477549	1511.97	735.52	1534.93	749.46	3.9211	3.4702
2598509485882	1511.35	731.49	1536.15	748.28	3.9189	3.4759
2598509494216	1508.60	740.52	1535.88	745.70	3.9219	3.4658
2598509502548	1516.76	729.15	1530.26	752.04	3.9039	3.4779
2598509510881	1512.91	738.94	1527.68	760.16	3.9213	3.4955
2598509519218	1516.94	734.51	1524.05	754.71	3.9109	3.4909
2598509527551	1515.14	737.97	1523.71	750.81	3.9209	3.4889
2598509535884	1520.95	726.88	1522.58	752.11	3.9106	3.4949
2598509544218	1522.10	717.36	1517.22	754.41	3.9056	3.5036
2598509552551	1523.92	726.05	1525.93	751.95	3.9248	3.4882
2598509560884	1521.95	725.37	1528.84	746.57	3.9311	3.4790
2598509569218	1527.03	714.17	1527.76	737.17	3.8985	3.4917
2598509577550	1514.44	725.94	1510.42	752.00	3.9105	3.5127
2598509585883	1455.00	789.87	1459.38	796.64	3.9279	3.4714
2598509594217	1428.86	799.00	1444.80	832.94	3.9404	3.4942
2598509602550	1445.16	812.11	1464.09	834.37	3.9239	3.4917
2598509610883	1457.93	799.34	1461.75	815.40	3.9243	3.4691
2598509619217	1456.52	796.69	1465.26	823.43	3.9192	3.4805
2598509627550	1457.72	806.87	1463.52	814.55	3.9305	3.4657
2598509635883	1456.22	801.61	1454.90	831.89	3.9228	3.5014
2598509644217	1450.21	805.31	1453.66	822.63	3.9357	3.4910
2598509652554	1445.69	803.42	1450.73	820.45	3.9176	3.4644
2598509660887	1444.18	805.98	1456.57	824.36	3.9155	3.4706
2598509669221	1429.41	810.20	1448.67	833.48	3.9245	3.4869
2598509677554	1438.19	811.33	1444.63	837.63	3.9182	3.5131
2598509685887	1431.69	815.64	1441.68	822.96	3.9292	3.4838
2598509694221	1441.70	810.34	1444.90	814.68	3.9279	3.4585
2598509702554	1447.16	808.08	1444.19	824.24	3.9189	3.4884
2598509710887	1442.51	812.41	1443.80	823.68	3.9265	3.4679
2598509719221	1446.50	812.19	1449.14	831.13	3.9284	3.4679
2598509727553	1446.99	807.86	1444.11	834.41	3.9251	3.4886
2598509735886	1418.68	800.03	1429.11	830.11	3.9197	3.4855
2598509744220	1361.58	764.64	1391.94	765.09	3.9125	3.4956
2598509752553	1321.17	662.66	1344.49	708.11	3.9210	3.5106
