t	gaze_point_LX	gaze_point_LY	gaze_point_RX	gaze_point_RY	pupil_diameter_L	pupil_diameter_R
436843071560	1265.41	777.27	1224.84	770.64	4.3212	4.3286
436843079893	1269.40	769.80	1225.16	770.86	4.3064	4.3352
436843088227	1266.73	770.52	1221.30	769.34	4.3060	4.3251
436843096560	1240.89	764.34	1217.92	775.43	4.2226	4.3206
436843104893	1240.95	767.29	1204.71	771.73	4.2258	4.3595
436843113226	1248.24	765.41	1217.10	771.30	4.2411	4.3312
436843121559	1266.98	769.50	1217.11	771.71	4.2982	4.3297
436843129892	1268.86	763.58	1218.17	771.65	4.2891	4.3257
436843138232	1238.43	768.51	1212.72	773.60	4.2239	4.3307
436843146565	1263.40	761.19	1214.50	776.35	4.2920	4.3217
436843154898	1262.53	752.26	1205.48	784.14	4.2976	4.3327
436843163232	1271.81	799.67	1207.85	797.26	4.2903	4.3242
436843171565	1250.59	846.57	1212.68	804.53	4.2097	4.3050
436843179898	1280.74	844.55	1198.89	782.18	4.2837	4.3619
436843188232	1243.27	766.38	1238.48	763.89	4.2507	4.3382
436843196565	1265.32	865.18	1213.98	795.68	4.2494	4.3655
436843204898	1303.39	826.51	1207.56	777.78	4.3008	4.3570
436843213231	1304.26	784.27	1267.05	773.98	4.2998	4.3681
436843221564	1306.38	749.64	1257.51	818.26	4.2925	4.3318
436843229897	1444.72	778.85	1300.51	910.77	3.8786	3.9353
436843238231	NaN	NaN	NaN	NaN	NaN	NaN
436843246564	NaN	NaN	NaN	NaN	NaN	NaN
436843254897	NaN	NaN	NaN	NaN	NaN	NaN
436843263233	NaN	NaN	NaN	NaN	NaN	NaN
436843271566	NaN	NaN	NaN	NaN	NaN	NaN
436843279899	NaN	NaN	NaN	NaN	NaN	NaN
436843288232	NaN	NaN	NaN	NaN	NaN	NaN
436843296566	NaN	NaN	NaN	NaN	NaN	NaN
436843304899	NaN	NaN	NaN	NaN	NaN	NaN
436843313231	NaN	NaN	NaN	NaN	NaN	NaN
436843321565	NaN	NaN	NaN	NaN	NaN	NaN
436843329898	NaN	NaN	NaN	NaN	NaN	NaN
436843338231	NaN	NaN	NaN	NaN	NaN	NaN
436843346565	NaN	NaN	NaN	NaN	NaN	NaN
436843354898	NaN	NaN	1379.77	783.97	NaN	3.9441
436843363231	1275.83	655.76	1456.12	834.60	4.3869	3.8004
436843371565	1269.85	911.66	1518.98	840.29	3.9303	3.5144
436843379898	1251.02	849.23	1368.59	806.67	4.0823	4.0840
436843388232	1269.07	762.23	1347.23	760.82	4.2191	4.2307
436843396572	1260.01	716.20	1338.33	715.95	4.2977	4.3582
436843404905	1257.51	697.36	1312.66	694.19	4.3368	4.4312
436843413238	1259.71	701.69	1292.63	694.24	4.3436	4.4222
436843421571	1268.82	694.96	1308.25	691.20	4.3475	4.3938
436843429904	1273.70	704.83	1303.58	684.85	4.3380	4.4283
436843438237	1255.25	710.43	1301.41	693.31	4.2908	4.4235
436843446571	1256.04	703.96	1290.19	696.54	4.2941	4.4018
436843454904	1259.63	714.26	1288.50	697.31	4.2864	4.4003
436843463238	1274.49	712.26	1300.41	691.61	4.3339	4.4227
436843471571	1252.26	712.65	1313.58	701.51	4.2874	4.3803
436843479904	1241.14	712.54	1297.40	702.32	4.2685	4.4126
436843488237	1252.41	713.74	1291.31	699.64	4.2852	4.4090
436843496571	1254.70	720.10	1291.61	700.84	4.2802	4.3928
436843504904	1242.88	719.53	1282.88	703.34	4.2549	4.4017
436843513236	1244.30	724.65	1283.31	705.01	4.2538	4.3938
436843521570	1258.87	731.19	1304.12	698.39	4.2781	4.3797
436843529908	1263.88	743.02	1293.13	696.29	4.2753	4.3949
436843538241	1283.90	736.85	1299.25	689.36	4.3189	4.3635
436843546575	1259.55	733.14	1294.72	678.73	4.2728	4.3917
436843554908	1261.85	722.60	1299.65	682.72	4.2715	4.4102
436843563241	1273.67	706.22	1311.27	695.61	4.3251	4.3766
436843571575	1277.72	697.47	1292.82	686.30	4.3311	4.3924
436843579908	1287.92	696.00	1291.99	686.26	4.3356	4.4183
436843588241	1292.45	700.76	1297.86	686.74	4.3295	4.4008
436843596575	1300.08	716.24	1282.73	704.33	4.3302	4.4033
436843604908	1323.41	750.42	1300.95	703.36	4.3184	4.3769
436843613240	1317.90	760.68	1294.41	699.43	4.3198	4.3829
436843621574	1264.91	691.09	1279.10	686.42	4.3561	4.4127
436843629907	1238.74	707.64	1291.08	680.67	4.2997	4.3698
436843638240	1278.11	685.41	1290.66	682.07	4.3607	4.4208
436843646574	1280.77	690.22	1287.05	681.78	4.3600	4.4258
436843654911	1287.94	687.00	1283.58	686.74	4.3553	4.4096
436843663244	1291.33	694.46	1280.43	700.98	4.3513	4.3990
436843671578	1285.34	686.26	1274.98	710.57	4.3545	4.3982
436843679911	1271.79	686.33	1256.60	711.60	4.3560	4.3990
436843688244	1264.72	684.65	1262.94	703.13	4.3636	4.4022
436843696578	1265.91	694.19	1309.36	702.02	4.3609	4.3693
436843704911	1270.08	699.60	1309.28	700.32	4.3580	4.3822
436843713243	1267.31	693.87	1313.29	705.63	4.3567	4.3626
436843721577	1267.29	695.28	1316.71	706.40	4.3564	4.3678
436843729910	1267.87	695.64	1317.15	695.72	4.3552	4.3628
436843738243	1268.56	697.85	1309.26	689.06	4.3629	4.3676
436843746577	1272.79	706.51	1288.03	693.80	4.3529	4.3864
436843754910	1267.00	702.23	1276.73	702.64	4.3528	4.3439
436843763243	1262.42	706.41	1254.28	689.61	4.3627	4.3675
436843771577	1241.35	703.42	1258.90	684.75	4.3049	4.3703
436843779910	1245.98	708.34	1276.03	688.88	4.2873	4.3362
436843788249	1249.64	713.72	1270.97	694.45	4.2976	4.3487
436843796583	1272.41	714.99	1260.76	714.18	4.3459	4.3362
436843804916	1273.23	714.13	1251.94	722.71	4.3367	4.3281
436843813248	1272.23	718.19	1256.99	722.88	4.3355	4.3177
436843821581	1275.87	716.20	1264.75	708.64	4.3303	4.3223
436843829915	1280.76	709.57	1257.47	705.83	4.3340	4.3177
436843838248	1281.93	717.17	1263.36	705.54	4.3158	4.3109
436843846581	1283.43	719.68	1250.32	712.22	4.3126	4.3041
436843854915	1285.49	709.22	1260.61	702.79	4.3067	4.3038
436843863248	1286.25	719.20	1286.55	694.61	4.3023	4.2693
436843871581	1284.49	724.55	1279.07	697.95	4.2994	4.2955
436843879915	1284.05	727.40	1283.50	707.09	4.2905	4.2614
436843888248	1278.25	727.85	1283.20	706.85	4.2901	4.2452
436843896581	1258.82	727.98	1271.40	704.70	4.2291	4.2754
436843904915	1277.26	728.10	1279.97	708.08	4.2709	4.2729
436843913247	1277.81	732.11	1292.73	705.20	4.2725	4.2492
436843921584	1283.03	742.79	1299.60	704.19	4.2651	4.2444
436843929918	1306.95	801.53	1290.18	708.86	4.2498	4.2359
436843938251	1312.06	808.68	1278.63	717.26	4.2426	4.2288
436843946584	1307.61	810.20	1269.13	710.30	4.2398	4.2457
436843954918	1311.85	812.44	1269.65	721.98	4.2421	4.2388
436843963251	1286.82	812.25	1265.93	721.01	4.2291	4.2400
436843971584	1274.66	768.18	1259.54	717.37	4.2451	4.2358
436843979918	1282.97	749.19	1259.53	725.13	4.2399	4.1930
436843988251	1284.96	738.35	1246.76	715.76	4.2371	4.2139
436843996584	1289.32	735.61	1275.61	715.13	4.2398	4.1935
436844004918	1285.26	740.97	1276.11	717.76	4.2378	4.1833
436844013250	1283.40	746.72	1275.12	713.38	4.2341	4.2027
436844021583	1277.90	749.48	1266.33	711.64	4.2363	4.2243
436844029917	1280.13	751.62	1268.15	707.13	4.2332	4.1890
436844038250	1294.54	751.13	1263.55	701.37	4.2367	4.1933
436844046583	1293.85	748.51	1248.34	698.48	4.2363	4.2192
436844054922	1292.65	740.03	1254.43	703.06	4.2375	4.2202
436844063255	1294.46	735.30	1256.45	712.65	4.2387	4.2134
436844071588	1298.06	733.76	1258.94	713.82	4.2329	4.2153
436844079922	1300.69	747.37	1263.95	710.91	4.2355	4.1890
436844088255	1301.10	755.76	1257.48	708.53	4.2265	4.1960
436844096588	1298.67	766.71	1254.24	717.20	4.2224	4.1830
436844104921	1306.22	780.80	1239.61	726.07	4.1952	4.2061
436844113254	1306.64	811.77	1239.97	724.03	4.2108	4.2072
436844121587	1312.10	823.18	1238.34	718.66	4.2125	4.2078
436844129921	1293.95	790.26	1243.97	713.29	4.2198	4.2077
436844138254	1280.77	761.60	1240.84	716.11	4.2198	4.2162
436844146587	1274.27	747.66	1239.06	720.52	4.2227	4.2131
436844154921	1273.14	729.14	1236.54	719.33	4.2285	4.2029
436844163254	1266.18	726.19	1214.45	724.61	4.2127	4.2197
436844171587	1279.21	730.12	1207.90	716.34	4.2350	4.2226
436844179925	1282.61	731.56	1218.98	710.81	4.2393	4.2210
436844188258	1276.05	730.20	1233.48	707.73	4.2166	4.2273
436844196591	1268.20	742.48	1254.32	705.64	4.1918	4.2131
436844204924	1284.44	755.85	1248.23	707.69	4.2393	4.2238
436844213257	1283.34	761.85	1235.73	708.37	4.2383	4.2196
436844221590	1285.01	757.44	1223.39	705.31	4.2373	4.2486
436844229924	1287.27	749.70	1228.18	699.80	4.2430	4.2528
436844238257	1290.11	744.43	1238.96	711.13	4.2522	4.2164
436844246590	1293.41	740.83	1222.17	716.43	4.2549	4.2218
436844254924	1289.73	743.67	1215.09	703.42	4.2598	4.2399
436844263257	1286.99	747.86	1206.29	696.87	4.2542	4.2591
436844271590	1289.20	755.60	1203.46	703.35	4.2548	4.2728
436844279924	1283.35	761.23	1208.16	708.40	4.2567	4.2818
436844288257	1268.35	766.49	1230.99	708.25	4.2022	4.2554
436844296590	1287.48	777.20	1239.53	708.39	4.2573	4.2975
436844304923	1286.20	770.48	1236.09	708.49	4.2646	4.2916
436844313261	1281.29	763.23	1233.11	712.54	4.2683	4.2946
436844321594	1263.25	753.97	1232.59	707.44	4.2244	4.3019
436844329928	1282.34	757.28	1245.54	702.85	4.2761	4.3029
436844338261	1277.33	751.06	1257.17	708.77	4.2835	4.3225
436844346594	1281.17	755.84	1277.45	703.62	4.2866	4.3333
436844354927	1274.30	757.76	1276.34	702.58	4.2916	4.3132
436844363261	1257.33	761.04	1260.95	706.41	4.2460	4.3339
436844371594	1273.08	753.16	1256.05	709.88	4.2982	4.3337
436844379927	1273.04	744.30	1256.81	713.27	4.2989	4.3456
436844388261	1272.05	745.19	1262.49	719.80	4.3136	4.3476
436844396594	1269.86	745.95	1266.53	721.13	4.3121	4.3566
436844404926	1263.65	743.01	1267.41	729.75	4.2973	4.3600
436844413260	1269.49	743.05	1270.66	739.61	4.3247	4.3285
436844421593	1254.43	741.38	1254.05	740.63	4.2809	4.3532
436844429926	1254.02	741.86	1249.56	741.76	4.2729	4.3651
436844438260	1271.32	749.70	1254.09	746.58	4.3246	4.3425
436844446598	1271.97	750.02	1253.68	744.99	4.3318	4.3442
436844454932	1273.13	747.87	1258.67	732.86	4.3374	4.3607
436844463265	1280.37	759.58	1262.08	719.77	4.3376	4.3813
436844471598	1278.48	766.06	1267.91	719.22	4.3164	4.3686
436844479931	1287.66	769.84	1260.94	730.87	4.3425	4.3682
436844488265	1286.30	768.58	1243.83	740.45	4.3444	4.3925
436844496598	1284.82	771.73	1237.07	750.42	4.3372	4.3679
436844504930	1223.17	770.66	1217.30	756.07	4.3304	4.4084
436844513264	1120.70	780.94	1130.26	756.19	4.3683	4.4359
436844521597	1056.09	832.70	1067.22	783.19	4.3474	4.3575
436844529930	993.75	815.05	999.68	811.45	4.3335	4.3490
436844538264	994.54	824.06	976.27	829.18	4.3181	4.3086
436844546597	1010.84	821.77	983.86	830.67	4.3202	4.3291
436844554931	1009.60	820.40	978.63	822.38	4.3061	4.2946
436844563264	1007.71	827.51	973.55	831.22	4.3028	4.2914
436844571597	1010.16	829.03	967.74	839.12	4.2898	4.3018
436844579935	1011.11	829.78	975.70	838.29	4.2767	4.2898
436844588269	1012.26	829.41	978.01	833.62	4.2651	4.2731
436844596602	995.45	819.98	978.35	833.57	4.2066	4.2604
436844604934	1014.67	826.54	993.17	832.36	4.2484	4.2337
436844613268	1016.23	828.59	986.92	830.27	4.2369	4.2416
436844621601	1016.11	829.02	988.52	822.68	4.2276	4.2275
436844629934	1018.93	824.04	991.09	825.80	4.2123	4.2185
436844638268	1015.37	820.22	989.18	821.15	4.1942	4.2068
436844646601	1016.23	819.95	987.26	820.31	4.1844	4.1959
436844654934	1016.02	818.97	987.38	820.40	4.1698	4.1793
436844663268	1015.59	819.73	989.44	818.93	4.1583	4.1703
436844671601	1014.34	820.78	988.57	813.39	4.1487	4.1548
436844679934	1013.06	826.48	984.38	814.98	4.1401	4.1457
436844688268	1013.25	829.07	982.84	815.28	4.1330	4.1352
436844696601	1017.74	828.61	980.45	814.68	4.1268	4.1254
436844704938	1015.63	827.01	978.69	818.57	4.1040	4.1189
436844713272	1019.75	832.90	977.20	819.22	4.1108	4.1047
436844721605	1019.29	834.15	978.95	819.26	4.0982	4.0945
436844729938	1018.35	829.86	980.72	820.85	4.0861	4.0956
436844738272	1016.52	830.99	979.82	824.61	4.0841	4.0884
436844746605	1012.92	828.81	986.46	828.40	4.0762	4.0799
436844754938	1013.68	831.28	987.27	828.86	4.0778	4.0658
436844763272	1011.73	828.64	987.97	829.95	4.0672	4.0632
436844771605	1012.72	828.44	987.29	829.83	4.0612	4.0564
436844779938	1011.20	829.25	987.36	828.30	4.0545	4.0481
436844788272	1015.87	831.08	987.36	833.82	4.0484	4.0466
436844796605	1016.41	834.74	990.06	829.17	4.0597	4.0455
436844804937	1014.40	832.70	990.58	830.07	4.0487	4.0427
436844813271	1016.21	840.60	993.07	827.74	4.0427	4.0261
436844821604	1013.41	840.97	992.88	829.50	4.0334	4.0317
436844829937	1009.61	839.52	992.35	829.48	4.0242	4.0307
436844838275	1006.51	839.28	993.02	827.92	4.0228	4.0264
436844846608	1007.08	837.76	997.68	828.90	4.0311	4.0185
436844854941	1005.95	836.27	996.57	827.59	4.0222	4.0132
436844863275	1007.65	834.44	995.19	829.53	4.0257	4.0190
436844871608	1003.67	832.13	992.88	827.41	4.0184	4.0049
436844879941	999.73	833.05	995.19	826.40	4.0087	4.0054
436844888275	998.92	831.61	995.44	826.43	3.9996	3.9949
436844896608	996.82	831.64	996.21	830.04	3.9993	3.9995
436844904940	993.42	834.31	993.39	826.71	3.9923	3.9922
436844913273	992.40	831.88	990.21	829.03	3.9885	3.9868
436844921607	993.04	834.83	993.30	828.14	3.9833	3.9731
436844929940	974.74	848.88	991.78	835.25	3.9325	3.9787
436844938273	1080.33	829.22	1074.63	836.88	3.9830	3.9773
436844946607	1165.43	829.25	1190.91	823.54	3.9821	3.9998
436844954940	1264.82	809.75	1274.80	833.08	3.9578	3.9503
436844963274	1324.33	812.37	1335.93	772.98	3.9586	3.9375
436844971613	1331.49	804.00	1318.46	781.92	3.9728	3.9334
436844979946	1336.89	806.65	1318.77	780.67	3.9691	3.9559
436844988280	1316.82	809.16	1322.58	784.73	3.9080	3.9523
436844996613	1340.62	810.23	1322.47	785.56	3.9540	3.9419
436845004945	1336.57	813.58	1319.74	784.27	3.9510	3.9433
436845013279	1338.58	815.48	1323.24	788.33	3.9457	3.9410
436845021612	1339.32	818.92	1322.03	788.29	3.9377	3.9319
436845029945	1341.67	814.76	1323.18	783.21	3.9362	3.9269
436845038278	1337.72	814.88	1323.20	786.06	3.9389	3.9274
436845046612	1336.98	816.37	1323.34	786.44	3.9309	3.9165
436845054945	1339.24	815.39	1321.66	783.46	3.9230	3.9220
436845063278	1336.69	812.73	1325.12	775.41	3.9290	3.9128
436845071612	1336.39	813.05	1325.16	775.31	3.9210	3.9149
436845079945	1335.92	811.30	1324.77	778.53	3.9231	3.9057
436845088278	1337.47	810.03	1324.55	775.96	3.9188	3.9055
436845096615	1339.28	802.42	1322.77	773.46	3.9056	3.9086
436845104947	1339.49	804.99	1325.76	773.59	3.9049	3.9065
436845113280	1340.61	803.23	1325.73	772.70	3.9073	3.9119
436845121614	1340.20	803.51	1325.51	774.06	3.9018	3.8977
436845129947	1340.91	806.06	1328.41	773.43	3.8964	3.8901
436845138280	1339.09	805.37	1327.67	776.07	3.8946	3.9008
436845146614	1341.88	803.29	1324.15	773.76	3.8892	3.9083
436845154947	1340.92	804.46	1322.16	779.97	3.8933	3.9037
436845163280	1340.48	803.77	1325.58	777.79	3.8894	3.8944
436845171614	1342.84	803.74	1328.16	778.45	3.8888	3.8887
436845179947	1336.95	799.25	1318.17	774.42	3.8846	3.8830
436845188280	1330.83	803.69	1322.63	781.08	3.8895	3.8899
436845196614	1381.07	790.50	1385.54	775.99	3.8978	3.9045
436845204946	1483.03	799.99	1513.75	788.16	3.9111	3.9169
436845213279	1593.48	768.74	1615.77	762.23	3.8684	3.8354
436845221613	1632.36	751.05	1637.77	743.36	3.8433	3.8022
436845229952	1617.01	773.72	1620.87	737.93	3.8412	3.8107
436845238285	1614.54	768.45	1637.67	725.61	3.8671	3.8340
436845246619	1625.05	770.11	1636.48	725.53	3.8665	3.8497
436845254952	1625.20	771.91	1639.06	713.74	3.8526	3.8433
436845263285	1626.48	768.12	1631.06	710.93	3.8454	3.8276
436845271619	1624.02	765.90	1631.91	713.67	3.8553	3.8308
436845279952	1620.68	762.78	1632.37	714.71	3.8468	3.8372
436845288285	1623.66	757.82	1637.10	717.00	3.8412	3.8299
436845296619	1619.07	758.09	1630.33	717.09	3.8397	3.8279
436845304951	1618.42	754.57	1632.32	722.03	3.8437	3.8352
436845313284	1616.99	753.87	NaN	NaN	3.8536	NaN
436845321618	1611.52	757.17	NaN	NaN	3.8445	NaN
436845329951	1614.33	755.46	NaN	NaN	3.8497	NaN
436845338284	1612.30	757.03	NaN	NaN	3.8432	NaN
436845346618	1614.58	763.57	1606.40	735.53	3.8449	3.8383
436845354951	1618.13	770.88	1612.85	730.09	3.8437	3.8380
436845363290	1621.99	772.49	1613.17	726.05	3.8478	3.8352
436845371624	1628.20	772.88	1614.89	716.75	3.8493	3.8454
436845379957	1625.96	766.67	1613.33	723.56	3.8473	3.8435
436845388290	1627.19	767.03	1610.61	726.63	3.8528	3.8487
436845396623	1621.63	769.91	1610.73	729.01	3.8486	3.8481
436845404956	1624.13	766.99	1612.56	725.50	3.8502	3.8647
436845413289	1621.68	764.72	1605.60	727.50	3.8494	3.8557
436845421623	1622.74	764.19	1605.04	735.27	3.8555	3.8566
436845429956	1619.96	758.79	1601.77	735.93	3.8494	3.8649
436845438288	1620.91	756.99	1601.69	736.94	3.8544	3.8717
436845446621	1627.15	755.57	1599.07	742.11	3.8598	3.8684
436845454955	1627.79	754.19	1594.88	741.10	3.8542	3.8749
436845463288	1622.56	754.43	1596.95	740.55	3.8572	3.8826
436845471622	1622.14	754.87	1600.77	736.68	3.8520	3.8781
436845479955	1615.23	753.09	1607.06	737.51	3.8538	3.8895
436845488288	1609.72	750.31	1599.63	740.62	3.8548	3.8938
436845496625	1612.56	749.62	1604.38	743.41	3.8567	3.8939
436845504959	1615.59	753.34	1609.23	746.22	3.8591	3.8936
436845513292	1618.65	759.66	1608.67	745.01	3.8587	3.9110
436845521625	1618.64	763.61	1602.28	746.40	3.8547	3.9013
436845529958	1622.14	761.54	1604.49	745.39	3.8587	3.9200
436845538290	1621.93	762.39	1605.06	746.83	3.8602	3.9320
436845546623	1622.65	761.79	1611.34	745.28	3.8644	3.9351
436845554957	1626.58	756.76	1607.03	745.01	3.8576	3.9268
436845563290	1627.54	751.70	1608.80	743.81	3.8652	3.9370
436845571623	1621.47	750.63	1609.93	748.97	3.8648	3.9408
436845579957	1623.93	757.18	1612.34	750.42	3.8709	3.9584
436845588290	1621.19	764.08	1614.90	743.14	3.8585	3.9466
436845596623	1621.39	764.97	1617.75	744.37	3.8699	3.9630
436845604958	1617.47	765.00	1615.81	744.73	3.8703	3.9694
436845613291	1619.49	763.56	1617.59	742.32	3.8741	3.9590
436845621628	1616.42	760.31	1618.28	742.18	3.8686	3.9649
436845629962	1619.88	762.49	1614.61	743.70	3.8711	3.9645
436845638294	1616.07	763.26	1611.25	748.61	3.8714	3.9834
436845646627	1613.09	763.52	1613.01	745.10	3.8721	3.9739
436845654961	1608.68	763.81	1613.54	748.20	3.8654	3.9767
436845663294	1615.16	763.34	1614.61	748.48	3.8749	3.9839
436845671627	1615.10	764.56	1614.32	747.63	3.8675	3.9908
436845679960	1614.91	761.32	1614.26	745.94	3.8782	4.0002
436845688294	1618.24	758.89	1614.61	749.87	3.8729	3.9866
436845696626	1620.58	758.06	1612.61	749.67	3.8692	3.9899
436845704960	1616.57	759.05	1611.01	747.79	3.8731	3.9905
436845713293	1617.22	758.72	1612.88	747.09	3.8774	3.9897
436845721626	1617.34	760.66	1613.36	751.31	3.8826	3.9839
436845729960	1617.12	763.80	1611.99	746.63	3.8791	3.9912
436845738292	1620.21	762.20	1612.57	745.00	3.8788	3.9848
436845746625	1620.32	767.38	1611.32	750.00	3.8786	3.9923
436845754965	1623.55	767.15	1609.16	744.65	3.8788	3.9935
436845763299	1622.56	767.79	1608.80	746.97	3.8825	3.9919
436845771631	1623.53	771.13	1606.94	745.18	3.8819	4.0005
436845779966	1622.70	767.23	1607.93	748.25	3.8839	3.9938
436845788299	1619.34	774.22	1601.43	745.60	3.8886	3.9876
436845796632	1609.46	775.80	1602.15	745.93	3.8974	3.9821
436845804966	1561.09	780.87	1596.88	755.47	3.8922	3.9889
436845813299	1439.70	795.31	1467.45	746.91	3.9336	4.0288
436845821632	1339.05	779.94	1322.13	771.34	3.9361	4.0390
436845829966	1267.90	796.69	1252.04	795.95	3.8963	4.0355
436845838298	1257.95	801.79	1209.03	799.91	3.9200	4.0525
436845846631	1264.73	806.92	1224.42	794.93	3.9213	4.0462
436845854965	1268.35	814.78	1215.83	795.36	3.9268	4.0338
436845863298	1269.94	814.45	1221.34	790.07	3.9105	4.0424
436845871631	1266.86	815.87	1218.76	789.04	3.9144	4.0302
436845879965	1268.15	814.51	1220.57	785.28	3.9171	4.0313
436845888302	1269.22	808.26	1219.05	782.78	3.9177	4.0320
436845896635	1262.52	814.65	1212.99	784.28	3.9179	4.0336
436845904969	1265.22	818.04	1216.11	781.82	3.9075	4.0442
436845913302	1264.40	823.04	1220.66	783.18	3.9161	4.0413
436845921635	1266.61	826.93	1215.13	783.86	3.9167	4.0440
436845929969	1264.66	828.07	1219.13	785.86	3.9170	4.0373
436845938301	1263.81	827.35	1219.26	790.55	3.9163	4.0515
436845946634	1260.00	837.89	1216.99	796.83	3.9110	4.0482
436845954967	1244.56	830.15	1219.96	794.40	3.8663	4.0512
436845963301	1266.35	838.00	1221.77	788.18	3.9279	4.0422
436845971634	1261.25	846.53	1220.77	787.64	3.9158	4.0561
436845979967	1260.82	845.82	1219.82	781.84	3.9193	4.0614
436845988301	1241.32	841.37	1222.92	779.50	3.8588	4.0575
436845996634	1261.42	845.16	1221.21	779.58	3.9215	4.0620
436846004967	1263.69	848.16	1221.77	779.23	3.9240	4.0683
436846013301	1263.30	871.23	1219.81	777.99	3.9231	4.0678
436846021639	1266.49	871.29	1220.24	780.75	3.9223	4.0707
436846029972	1271.02	876.17	1222.59	780.11	3.9255	4.0699
436846038305	1266.29	878.98	1225.83	779.20	3.9294	4.0728
436846046638	1271.27	874.05	1221.81	785.65	3.9140	4.0650
436846054971	1268.71	872.33	1226.19	789.28	3.9322	4.0698
436846063305	1265.69	868.91	1226.69	792.44	3.9319	4.0691
436846071638	1273.25	863.15	1227.02	796.04	3.9191	4.0731
436846079971	1266.81	865.19	1226.58	794.18	3.9379	4.0686
436846088305	1261.82	868.77	1227.79	795.61	3.9422	4.0698
436846096638	1267.54	872.37	1229.74	791.83	3.9409	4.0664
436846104971	1262.93	872.35	1230.96	791.36	3.9435	4.0679
436846113305	1269.77	877.83	1222.06	780.90	3.9428	4.0606
436846121638	1267.93	881.05	1222.74	780.59	3.9554	4.0757
436846129971	1272.69	890.84	1222.47	776.77	3.9460	4.0681
436846138304	1270.10	892.24	1222.30	774.64	3.9517	4.0671
436846146640	1274.38	895.07	1224.60	774.45	3.9460	4.0643
436846154973	1275.61	899.05	1221.84	775.54	3.9417	4.0634
436846163307	1271.05	887.77	1225.71	775.15	3.9465	4.0610
436846171640	1268.56	889.46	1225.19	774.46	3.9469	4.0601
436846179973	1264.55	890.26	1222.20	775.29	3.9507	4.0538
436846188307	1267.77	885.90	1222.99	776.89	3.9501	4.0520
436846196640	1258.60	879.18	1230.17	776.14	3.9546	4.0606
436846204973	1233.94	871.04	1231.40	784.24	3.8627	4.0523
436846213307	1267.63	871.08	1229.66	787.78	3.9494	4.0478
436846221640	1264.32	869.30	1229.59	785.56	3.9600	4.0515
436846229973	1257.42	863.61	1226.90	785.32	3.9484	4.0494
436846238306	1260.91	855.95	1225.13	785.08	3.9363	4.0335
436846246639	1260.73	855.14	1221.55	785.22	3.9399	4.0449
436846254972	1256.52	854.18	1219.76	784.91	3.9366	4.0376
436846263306	1256.62	858.39	1218.85	781.48	3.9512	4.0363
436846271639	1254.69	856.35	1217.58	786.70	3.9378	4.0395
436846279980	1248.36	857.52	1216.16	784.95	3.9438	4.0399
436846288314	1253.28	863.20	1213.96	783.15	3.9567	4.0385
436846296647	1254.71	860.04	1211.88	782.56	3.9610	4.0307
436846304980	1252.53	857.34	1211.98	782.55	3.9597	4.0385
436846313314	1251.63	861.86	1216.35	777.89	3.9536	4.0378
436846321647	1238.11	864.75	1216.16	777.44	3.9088	4.0336
436846329980	1248.75	873.99	1215.29	774.85	3.9526	4.0431
436846338313	1270.75	873.75	1218.74	770.87	3.9535	4.0398
436846346646	1273.45	875.03	1219.66	771.92	3.9554	4.0316
436846354979	1275.37	877.44	1219.61	774.08	3.9558	4.0313
436846363313	1269.22	861.89	1219.72	774.61	3.9560	4.0406
436846371646	1270.03	864.82	1221.10	773.80	3.9529	4.0336
436846379979	1269.91	873.33	1221.73	771.95	3.9600	4.0400
436846388313	1273.61	863.09	1219.00	773.09	3.9579	4.0379
436846396646	1273.20	867.88	1219.01	772.20	3.9652	4.0374
436846404979	1271.39	860.81	1219.16	770.36	3.9594	4.0315
436846413316	1267.22	853.49	1224.74	779.67	3.9483	4.0312
436846421649	1251.93	843.42	1224.09	776.20	3.9134	4.0301
436846429982	1261.30	844.49	1221.58	781.14	3.9487	4.0307
436846438315	1236.63	850.93	1222.89	783.42	3.8892	4.0277
436846446648	1266.19	849.59	1218.00	783.26	3.9757	4.0194
436846454981	1258.11	848.68	1217.87	783.62	3.9664	4.0286
436846463315	1265.24	847.40	1216.60	781.96	3.9710	4.0272
436846471648	1263.48	848.99	1214.71	781.42	3.9726	4.0228
436846479981	1262.52	848.40	1212.50	779.31	3.9768	4.0208
436846488314	1242.50	844.12	1212.40	778.84	3.9243	4.0265
436846496648	1258.79	853.91	1213.32	776.95	3.9774	4.0327
436846504981	1274.37	854.30	1209.20	776.09	3.9725	4.0217
436846513314	1275.08	848.86	1210.40	771.56	3.9839	4.0314
436846521648	1251.14	852.92	1213.51	769.14	3.9190	4.0285
436846529981	1270.43	849.89	1215.04	765.60	3.9805	4.0325
436846538316	1270.05	841.76	1214.66	766.55	3.9785	4.0246
436846546650	1272.95	845.19	1215.31	766.57	3.9878	4.0324
436846554983	1277.44	850.79	1216.52	771.04	3.9770	4.0245
436846563316	1277.83	853.62	1219.13	775.97	3.9846	4.0188
436846571650	1281.20	848.15	1217.97	778.14	3.9883	4.0228
436846579983	1281.39	859.23	1219.23	782.01	3.9834	4.0275
436846588316	1280.28	852.65	1221.88	782.87	3.9815	4.0269
436846596650	1276.94	858.83	1225.47	781.80	3.9883	4.0226
436846604983	1273.63	863.40	1227.51	775.27	3.9901	4.0195
436846613316	1277.01	851.93	1224.00	776.79	3.9760	4.0218
436846621650	1271.23	857.85	1221.04	771.59	3.9706	4.0248
436846629983	1275.69	858.56	1222.17	772.77	3.9759	4.0145
436846638315	1273.56	852.03	1219.48	774.69	3.9678	4.0204
436846646649	1278.75	856.24	1219.86	775.45	3.9894	4.0279
436846654982	1275.97	869.21	1228.76	771.35	3.9956	4.0182
436846663315	1270.97	870.12	1230.23	772.67	3.9900	4.0174
436846671657	1278.10	859.31	1228.32	770.78	3.9948	4.0275
436846679990	1243.93	848.67	1231.49	771.21	3.9125	4.0331
436846688323	1261.80	843.95	1235.18	770.35	4.0021	4.0240
436846696657	1266.83	846.88	1234.19	771.78	4.0035	4.0233
436846704990	1259.94	849.27	1236.77	772.67	3.9977	4.0174
436846713323	428.32	1582.80	1238.82	770.32	3.8484	4.0197
436846721657	1261.15	848.14	1238.42	773.66	4.0040	4.0203
436846729990	1253.39	845.13	1239.22	771.09	4.0106	4.0225
436846738322	1243.62	845.18	1240.29	771.61	3.9786	4.0295
436846746656	1257.89	846.55	1243.52	776.07	4.0146	4.0294
436846754989	NaN	NaN	1242.54	773.79	NaN	4.0290
436846763322	NaN	NaN	1246.25	777.56	NaN	4.0276
436846771656	424.38	1605.20	1246.28	781.75	3.8288	4.0256
436846779989	NaN	NaN	1249.12	784.52	NaN	4.0241
436846788322	432.76	1576.64	1248.73	781.16	3.8522	4.0214
436846796656	430.44	1605.59	1246.05	784.93	3.8312	4.0202
436846804993	1283.55	886.70	1250.09	779.02	4.0068	4.0299
436846813326	1279.14	888.42	1253.00	776.88	4.0016	4.0350
436846821660	1281.03	876.61	1253.04	780.94	4.0093	4.0269
436846829993	1276.02	879.33	1257.61	774.84	4.0140	4.0288
436846838325	1266.26	879.65	1263.16	770.77	4.0060	4.0333
436846846659	1274.37	876.62	1262.29	770.22	4.0156	4.0282
436846854992	1274.18	869.29	1261.64	770.40	4.0116	4.0353
436846863325	1270.52	859.52	1264.78	762.51	4.0086	4.0402
436846871659	1266.19	855.24	1265.15	761.58	4.0135	4.0475
436846879992	1254.30	834.33	1266.15	764.16	4.0183	4.0436
436846888325	1228.15	835.22	1269.94	765.43	3.9360	4.0438
436846896659	1261.14	844.25	1266.81	766.61	4.0227	4.0472
436846904992	1240.57	851.15	1269.64	769.07	3.9637	4.0465
436846913325	1263.92	852.84	1265.06	769.41	4.0057	4.0433
436846921659	1256.53	858.78	1264.44	766.78	4.0258	4.0504
436846929991	1260.44	858.40	1268.13	767.03	4.0202	4.0465
436846938329	1224.86	856.21	1265.24	769.45	3.9427	4.0518
436846946663	1261.09	856.25	1265.30	769.24	4.0248	4.0560
436846954996	1258.26	847.74	1268.82	769.91	4.0308	4.0590
436846963329	1258.39	846.89	1264.78	769.77	4.0289	4.0595
436846971663	1258.90	843.99	1267.49	766.47	4.0395	4.0669
436846979996	1259.21	864.32	1266.55	768.36	4.0348	4.0644
436846988329	1270.49	872.15	1265.62	767.95	4.0351	4.0697
436846996663	1263.30	860.70	1267.69	763.25	4.0369	4.0625
436847004996	1259.14	860.58	1265.40	764.14	4.0434	4.0765
436847013329	1252.35	846.76	1268.62	765.20	4.0355	4.0755
436847021663	1224.73	838.16	1265.60	766.09	3.9760	4.0760
436847029995	1249.44	841.03	1264.30	769.60	4.0496	4.0756
436847038328	1259.41	848.45	1263.35	769.71	4.0592	4.0734
436847046661	1255.22	853.18	1259.92	769.55	4.0536	4.0767
436847054995	1261.13	853.17	1258.37	769.36	4.0587	4.0788
436847063332	1259.97	851.91	1259.53	766.85	4.0533	4.0874
436847071665	1261.37	853.91	1259.97	764.38	4.0688	4.0820
436847079999	1262.62	851.47	1260.29	764.33	4.0653	4.0918
436847088332	1261.63	842.38	1257.93	767.50	4.0729	4.0811
436847096666	1265.10	845.42	1254.69	769.10	4.0710	4.0938
436847104999	1261.08	835.58	1254.67	767.70	4.0762	4.0925
436847113332	1261.12	835.17	1254.01	773.40	4.0759	4.0947
436847121665	1263.06	835.75	1254.32	774.99	4.0798	4.0899
436847129998	1254.90	843.28	1252.85	775.24	4.0766	4.0995
436847138331	1259.16	840.66	1254.42	776.02	4.0850	4.0990
436847146664	1262.98	836.82	1253.38	773.98	4.0881	4.1018
436847154998	1257.51	832.42	1248.08	778.35	4.0863	4.1073
436847163331	1255.38	828.18	1243.85	775.91	4.0901	4.1045
436847171665	1224.98	824.36	1245.94	770.96	4.0124	4.1065
436847179998	1259.66	824.84	1244.99	774.54	4.1013	4.1136
436847188331	1256.95	818.93	1246.58	770.60	4.1022	4.1124
436847196670	1252.55	815.65	1245.15	770.41	4.1078	4.1198
436847205004	1249.35	816.32	1244.49	772.43	4.1031	4.1148
436847213337	1248.33	807.21	1240.64	770.52	4.1087	4.1228
436847221670	1247.92	806.25	1239.04	768.33	4.1103	4.1253
