t	gaze_point_LX	gaze_point_LY	gaze_point_RX	gaze_point_RY	pupil_diameter_L	pupil_diameter_R
431751565922	1350.81	796.20	1347.65	835.64	3.4770	3.7502
431751574256	1335.97	768.30	1330.08	774.48	3.4851	3.7449
431751582589	1308.63	702.55	1307.92	746.59	3.4740	3.7520
431751590921	1310.29	711.61	1302.07	732.50	3.4669	3.7523
431751599255	1316.98	715.57	1303.79	723.97	3.4596	3.7362
431751607588	1316.97	720.28	1304.15	735.18	3.4541	3.7279
431751615921	1314.23	714.08	1303.48	735.90	3.4519	3.7306
431751624254	1313.02	710.32	1300.66	738.53	3.4451	3.7347
431751632588	1312.12	711.47	1307.19	734.01	3.4483	3.7220
431751640921	1310.90	709.62	1308.64	735.11	3.4482	3.7167
431751649254	1308.52	710.83	1311.18	741.58	3.4415	3.7198
431751657594	1312.81	713.55	1308.50	743.46	3.4430	3.7208
431751665927	1308.85	712.39	1314.02	739.77	3.4394	3.7066
431751674259	1314.00	708.75	1310.63	742.17	3.4258	3.7102
431751682593	1305.75	706.45	1312.69	733.81	3.4194	3.6900
431751690926	1304.62	713.13	1317.04	731.48	3.4238	3.6878
431751699259	1304.39	709.38	1313.74	733.69	3.4138	3.6839
431751707593	1310.41	707.04	1313.73	734.25	3.4084	3.6853
431751715926	1306.03	705.17	1318.24	730.65	3.4023	3.6721
431751724259	1306.96	707.15	1312.87	737.34	3.3848	3.6769
431751732593	1307.77	707.48	1315.37	734.47	3.3919	3.6610
431751740926	1310.56	707.23	1312.50	727.66	3.3896	3.6610
431751749258	1307.78	711.24	1312.25	731.16	3.3914	3.6511
431751757592	1308.85	707.91	1316.40	726.61	3.3829	3.6442
431751765925	1310.98	703.49	1314.85	727.17	3.3778	3.6348
431751774259	1307.91	706.92	1319.12	729.53	3.3707	3.6357
431751782592	1312.38	706.50	1311.65	729.11	3.3666	3.6312
431751790929	1303.95	685.21	1308.20	720.96	3.3659	3.6311
431751799262	1299.63	684.67	1302.63	715.50	3.3797	3.6142
431751807596	1302.03	686.36	1301.58	713.52	3.3700	3.6003
431751815929	1302.32	686.58	1305.39	715.51	3.3697	3.6025
431751824262	1305.72	689.52	1303.47	715.03	3.3581	3.6015
431751832595	1302.47	690.67	1305.88	716.70	3.3747	3.6117
431751840928	1299.71	690.19	1309.33	721.07	3.3647	3.6038
431751849261	1297.02	688.69	1307.35	715.08	3.3620	3.6056
431751857595	1300.26	682.73	1302.04	710.37	3.3624	3.5958
431751865928	1296.92	678.70	1306.12	710.56	3.3585	3.6044
431751874261	1298.16	682.30	1298.96	708.75	3.3546	3.5996
431751882595	1297.41	681.08	1300.35	705.91	3.3525	3.5968
431751890928	1298.62	680.74	1301.59	708.94	3.3461	3.5993
431751899261	1295.68	683.03	1303.68	708.83	3.3615	3.5937
431751907595	1298.60	685.79	1298.84	712.46	3.3573	3.6024
431751915931	1296.73	683.06	1295.47	711.26	3.3623	3.6075
431751924264	1298.02	681.35	1296.50	705.14	3.3638	3.5940
431751932598	1298.55	683.61	1292.94	709.76	3.3729	3.6048
431751940931	1295.96	684.01	1301.04	709.19	3.3716	3.6084
431751949264	1298.12	684.94	1295.68	708.71	3.3857	3.6016
431751957598	1293.46	685.56	1295.50	712.85	3.3760	3.6079
431751965931	1298.75	683.96	1302.15	704.46	3.3821	3.6104
431751974264	1300.21	686.63	1300.30	705.64	3.3894	3.6013
431751982598	1296.00	683.92	1299.79	707.56	3.3908	3.6124
431751990931	1295.09	682.94	1298.86	709.08	3.3917	3.6048
431751999263	1296.92	681.98	1295.52	705.45	3.4075	3.6101
431752007597	1299.39	681.69	1298.83	710.27	3.4025	3.6270
431752015930	1297.84	683.25	1294.55	710.41	3.4019	3.6251
431752024263	1295.36	682.40	1297.12	707.11	3.4089	3.6316
431752032597	1299.98	684.07	1299.95	703.26	3.4103	3.6206
431752040930	1296.23	684.98	1296.74	704.47	3.4174	3.6376
431752049269	1299.05	683.09	1295.82	702.05	3.4162	3.6339
431752057603	1299.82	681.53	1297.43	704.20	3.4200	3.6338
431752065936	1295.98	679.00	1301.28	703.59	3.4248	3.6418
431752074268	1299.78	683.72	1304.33	702.99	3.4323	3.6358
431752082602	1297.81	682.72	1300.72	705.76	3.4364	3.6539
431752090935	1301.70	681.64	1301.30	708.38	3.4491	3.6541
431752099268	1302.45	677.42	1302.77	704.73	3.4421	3.6499
431752107602	1303.36	680.32	1305.37	705.63	3.4508	3.6552
431752115935	1300.66	680.75	1304.94	707.71	3.4475	3.6577
431752124268	1297.75	685.30	1306.76	712.80	3.4590	3.6637
431752132602	1294.39	683.60	1301.70	710.80	3.4506	3.6689
431752140935	1286.75	688.73	1308.92	706.07	3.4497	3.6714
431752149268	1288.01	685.28	1309.91	718.20	3.4507	3.6694
431752157600	1296.80	760.69	1308.76	745.16	3.4113	3.6805
431752165934	1052.95	1011.10	1325.42	901.99	2.4805	3.4644
431752174267	NaN	NaN	1695.25	1015.80	NaN	2.3869
431752182605	NaN	NaN	1581.63	987.28	NaN	2.5287
431752190946	NaN	NaN	NaN	NaN	NaN	NaN
431752199280	NaN	NaN	NaN	NaN	NaN	NaN
431752207613	NaN	NaN	NaN	NaN	NaN	NaN
431752215946	NaN	NaN	NaN	NaN	NaN	NaN
431752224280	NaN	NaN	NaN	NaN	NaN	NaN
431752232613	NaN	NaN	NaN	NaN	NaN	NaN
431752240945	NaN	NaN	1651.50	1045.09	NaN	2.3807
431752249279	NaN	NaN	1558.95	887.73	NaN	2.8970
431752257612	NaN	NaN	1349.39	956.59	NaN	3.3733
431752265945	1457.05	940.80	1330.38	917.18	2.7805	3.4432
431752274279	1295.86	854.72	1315.15	839.92	3.3133	3.5647
431752282612	1295.65	771.98	1310.33	778.28	3.4100	3.6543
431752290937	1293.97	726.07	1305.05	739.84	3.4793	3.7082
431752299279	1298.04	703.88	1300.44	723.04	3.5167	3.7355
431752307612	1301.71	703.72	1295.68	728.73	3.5352	3.7386
431752315941	1298.80	697.87	1294.69	725.23	3.5283	3.7418
431752324273	1296.25	694.34	1292.55	725.98	3.5314	3.7537
431752332606	1294.92	698.96	1293.30	728.35	3.5287	3.7532
431752340940	1292.91	699.01	1294.04	722.07	3.5271	3.7671
431752349273	1292.67	701.12	1297.07	718.88	3.5446	3.7609
431752357606	1291.21	697.84	1295.06	711.73	3.5378	3.7704
431752365940	1293.55	691.92	1296.54	722.94	3.5304	3.7759
431752374273	1291.68	691.96	1297.31	714.80	3.5316	3.7734
431752382606	1292.85	693.65	1296.13	720.42	3.5372	3.7770
431752390940	1289.68	699.13	1295.19	720.79	3.5411	3.7904
431752399272	1292.82	704.61	1296.89	715.92	3.5309	3.7902
431752407605	1290.15	707.86	1298.04	719.86	3.5417	3.8001
431752415939	1293.47	707.56	1296.06	719.30	3.5334	3.7961
431752424272	1289.98	712.20	1295.29	723.14	3.5362	3.8016
431752432605	1294.00	712.47	1290.70	729.75	3.5420	3.8164
431752440945	1297.42	718.05	1292.09	726.60	3.5472	3.8121
431752449278	1297.91	715.30	1296.51	728.38	3.5393	3.8179
431752457611	1300.48	718.21	1301.31	719.91	3.5378	3.8156
431752465945	1297.77	714.84	1304.61	724.95	3.5311	3.8289
431752474278	1305.65	712.50	1308.84	710.83	3.5339	3.8231
431752482610	1307.97	705.27	1310.93	711.90	3.5248	3.8307
431752490944	1307.39	695.09	1314.16	713.21	3.5215	3.8342
431752499277	1303.16	694.89	1304.45	721.49	3.5186	3.8378
431752507610	1305.46	687.57	1304.85	729.74	3.5127	3.8319
431752515944	1302.10	691.60	1308.29	731.23	3.5033	3.8208
431752524277	1304.84	695.20	1312.11	739.88	3.4900	3.8219
431752532610	1303.19	699.67	1306.19	742.54	3.4850	3.8193
431752540944	1308.30	698.01	1306.94	740.87	3.4842	3.8132
431752549277	1309.39	691.49	1311.20	738.02	3.4607	3.7973
431752557610	1318.21	688.57	1307.62	729.84	3.4502	3.7776
431752565943	1312.00	691.82	1305.37	725.73	3.4452	3.7634
431752574280	1312.00	689.38	1304.58	725.72	3.4190	3.7489
431752582613	1307.79	696.12	1303.48	718.30	3.4025	3.7435
431752590947	1309.59	700.09	1297.25	724.05	3.3914	3.7420
431752599280	1306.01	711.70	1302.09	713.09	3.3853	3.7159
431752607613	1307.83	709.45	1298.11	711.10	3.3654	3.7008
431752615947	1310.75	710.99	1297.56	711.88	3.3510	3.6945
431752624280	1310.39	713.96	1297.25	713.35	3.3312	3.6768
431752632613	1307.29	710.55	1289.21	720.36	3.3210	3.6587
431752640947	1310.61	705.69	1294.99	722.48	3.3162	3.6418
431752649279	1309.70	708.78	1296.49	727.07	3.2992	3.6304
431752657612	1311.23	700.79	1289.38	729.03	3.2834	3.6211
431752665946	1307.21	699.58	1291.45	728.19	3.2794	3.6160
431752674279	1310.59	701.29	1291.76	728.30	3.2536	3.6001
431752682612	1315.28	697.78	1293.21	726.20	3.2503	3.5754
431752690946	1311.22	703.58	1296.28	725.89	3.2519	3.5659
431752699278	1313.64	700.05	1291.20	730.60	3.2444	3.5720
431752707616	1314.52	703.65	1289.77	731.80	3.2258	3.5630
431752715949	1308.84	698.93	1293.98	723.59	3.2181	3.5491
431752724282	1304.27	691.22	1285.67	725.97	3.2192	3.5139
431752732615	1266.73	685.89	1280.74	710.75	3.2305	3.5228
431752740948	1244.95	682.61	1260.00	700.64	3.2044	3.5229
431752749282	1251.66	679.78	1253.42	690.82	3.2022	3.4978
431752757615	1257.04	680.33	1255.97	691.03	3.1990	3.4821
431752765957	1254.37	683.33	1259.54	694.57	3.1934	3.4794
431752774290	1254.52	683.93	1252.72	695.50	3.1839	3.4783
431752782624	1256.54	680.80	1255.88	697.50	3.1712	3.4662
431752790957	1254.70	684.80	1255.37	698.24	3.1718	3.4573
431752799290	1253.39	685.40	1255.20	696.81	3.1718	3.4490
431752807623	1254.86	681.40	1254.57	696.89	3.1508	3.4447
431752815956	1254.28	690.13	1254.49	701.46	3.1654	3.4487
431752824289	1247.40	684.02	1256.00	701.52	3.1496	3.4356
431752832627	1253.21	690.67	1256.80	701.93	3.1456	3.4291
431752840960	1250.22	683.78	1261.11	700.20	3.1413	3.4252
431752849293	1250.16	687.66	1260.65	697.01	3.1367	3.4160
431752857627	1246.54	692.28	1259.49	696.17	3.1187	3.4084
431752865960	1247.88	687.99	1259.79	692.80	3.1229	3.3971
431752874293	1245.54	692.45	1259.81	693.89	3.1105	3.3921
431752882618	1245.09	697.94	1259.73	694.82	3.1025	3.3976
431752890959	1242.41	691.46	1259.57	695.30	3.1022	3.3696
431752899284	1243.01	690.71	1257.40	693.54	3.0998	3.3657
431752907617	1240.92	691.07	1259.44	693.37	3.0710	3.3613
431752915950	1245.05	694.58	1259.08	695.69	3.0849	3.3605
431752924284	1240.61	691.21	1258.30	694.58	3.0574	3.3480
431752932617	1241.55	692.71	1256.31	697.05	3.0719	3.3297
431752940950	1245.27	692.23	1258.27	698.05	3.0659	3.3303
431752949284	1246.81	693.18	1256.37	699.40	3.0461	3.3076
431752957617	1245.02	690.63	1258.00	697.95	3.0382	3.3079
431752965967	1241.70	693.07	1257.54	698.41	3.0296	3.2973
431752974300	1243.13	689.61	1256.46	702.46	3.0233	3.2824
431752982633	1238.65	691.02	1253.09	703.52	3.0230	3.2875
431752990967	1254.80	700.57	1231.41	717.15	3.0049	3.2625
431752999300	1215.37	737.74	1198.56	730.90	3.0138	3.2512
431753007633	1180.57	770.75	1169.70	786.71	2.9865	3.2420
431753015958	1174.67	845.01	1155.54	799.01	2.9729	3.2058
431753024292	1164.90	862.53	1139.57	835.92	2.9556	3.2074
431753032625	1164.92	852.30	1145.51	828.36	2.9503	3.2040
431753040958	1159.85	854.37	1150.96	826.35	2.9451	3.1893
431753049291	1162.36	861.92	1157.89	822.57	2.9363	3.1643
431753057624	1159.59	857.64	1157.14	825.36	2.9259	3.1685
431753065957	1156.88	853.26	1161.40	817.93	2.9220	3.1497
431753074291	1158.41	855.58	1164.56	821.52	2.9157	3.1504
431753082624	1161.44	858.90	1161.49	818.47	2.9247	3.1449
431753090957	1164.28	856.80	1162.10	826.50	2.9075	3.1435
431753099295	1156.48	856.10	1172.01	810.46	2.8981	3.1174
431753107628	1156.66	856.30	1168.06	825.38	2.9034	3.1371
431753115961	1158.61	854.20	1166.98	829.46	2.8913	3.1411
431753124295	1159.31	854.68	1164.34	829.51	2.8985	3.1279
431753132627	1158.44	855.32	1165.15	827.16	2.9012	3.1219
431753140960	1152.11	855.55	1168.54	829.90	2.8784	3.1125
431753149294	1153.03	863.74	1171.81	834.55	2.8895	3.1236
431753157627	1155.73	858.01	1168.02	825.79	2.8700	3.1047
431753165960	1156.74	853.66	1170.27	827.45	2.8787	3.1212
431753174294	1152.03	861.60	1168.33	825.23	2.8869	3.1040
431753182627	1156.71	862.32	1167.56	824.17	2.8871	3.1077
431753190960	1158.82	865.38	1159.92	824.85	2.8787	3.0929
431753199294	1153.28	862.26	1163.39	822.81	2.8828	3.1108
431753207627	1153.21	868.05	1166.61	822.20	2.8774	3.0940
431753215959	1154.46	865.09	1161.48	824.62	2.8778	3.1105
431753224293	1155.47	859.25	1159.34	820.72	2.8718	3.0892
431753232628	1156.07	865.33	1158.87	823.82	2.8808	3.0966
431753240961	1157.66	866.99	1161.70	828.04	2.8822	3.0967
431753249294	1158.03	866.62	1162.78	818.47	2.8670	3.0949
431753257628	1155.58	865.61	1164.19	821.47	2.8717	3.0848
431753265961	1156.59	867.26	1166.47	820.36	2.8767	3.0842
431753274294	1151.78	868.75	1161.26	826.35	2.8680	3.0888
431753282628	1151.72	870.80	1164.80	826.58	2.8807	3.0884
431753290960	1157.32	867.63	1165.34	824.67	2.8813	3.0794
431753299294	1155.63	869.44	1167.81	823.02	2.8712	3.0802
431753307627	1153.17	867.51	1164.26	828.28	2.8759	3.0948
431753315960	1156.53	872.29	1165.71	824.14	2.8828	3.0925
431753324293	1155.72	867.74	1167.88	815.51	2.8759	3.0800
431753332627	1153.24	867.01	1163.88	822.28	2.8821	3.0862
431753340960	1152.74	869.96	1167.88	819.51	2.8652	3.0798
431753349293	1155.12	872.92	1165.53	814.37	2.8739	3.0684
431753357631	1157.73	866.65	1165.36	817.56	2.8677	3.0786
431753365964	1157.73	868.49	1163.47	828.30	2.8834	3.0745
431753374297	1155.15	868.40	1163.13	816.31	2.8780	3.0778
431753382630	1159.99	865.24	1168.06	822.10	2.8736	3.0862
431753390963	1159.44	867.65	1165.40	817.01	2.8758	3.0785
431753399297	1157.22	867.64	1168.38	822.10	2.8739	3.0845
431753407630	1159.61	868.18	1165.91	817.62	2.8809	3.0799
431753415963	1158.28	868.25	1169.47	817.09	2.8804	3.0793
431753424296	1156.99	855.57	1168.51	828.93	2.8559	3.0748
431753432630	1155.98	859.55	1165.35	823.56	2.8649	3.0786
431753440963	1153.28	859.54	1165.36	825.24	2.8723	3.0744
431753449296	1152.61	858.79	1167.11	828.24	2.8704	3.0667
431753457629	1158.55	864.54	1160.41	820.49	2.8812	3.0675
431753465962	1156.13	861.77	1167.86	814.12	2.8737	3.0645
431753474295	1157.42	859.57	1161.04	819.63	2.8747	3.0704
431753482629	1155.32	858.31	1164.58	814.00	2.8629	3.0672
431753490968	1156.13	869.83	1168.95	813.02	2.8796	3.0580
431753499301	1160.57	868.46	1164.89	811.85	2.8826	3.0525
431753507635	1159.84	867.36	1166.94	816.08	2.8807	3.0777
431753515968	1158.89	863.28	1164.67	816.45	2.8828	3.0745
431753524301	1160.96	867.82	1166.61	807.53	2.8896	3.0652
431753532634	1159.03	872.83	1163.65	818.74	2.8829	3.0644
431753540967	1158.90	864.03	1164.74	812.07	2.8828	3.0598
431753549300	1161.80	864.44	1162.71	832.05	2.8849	3.0612
431753557634	1214.79	865.51	1209.48	822.10	2.8978	3.0491
431753565966	1266.42	875.68	1271.65	841.22	2.8947	3.0767
431753574299	1276.40	884.78	1276.11	849.27	2.8755	3.0731
431753582633	1284.92	891.20	1282.85	862.40	2.8893	3.0616
431753590966	1284.84	888.38	1280.46	856.72	2.8909	3.0505
431753599299	1281.49	882.34	1292.08	858.34	2.8741	3.0382
431753607633	1279.78	885.68	1283.17	860.97	2.8658	3.0466
431753615966	1274.82	883.56	1286.59	857.17	2.8738	3.0375
431753624303	1278.21	883.09	1279.12	863.33	2.8694	3.0555
431753632637	1278.13	885.20	1286.04	849.90	2.8644	3.0352
431753640969	1283.30	887.20	1287.43	851.64	2.8638	3.0136
431753649302	1284.12	881.52	1286.20	852.18	2.8486	3.0267
431753657636	1279.24	884.44	1284.51	848.75	2.8598	3.0077
431753665969	1278.50	881.84	1287.96	842.77	2.8571	2.9957
431753674302	1278.50	889.08	1280.42	854.68	2.8675	3.0136
431753682636	1278.66	893.53	1286.55	861.60	2.8572	2.9937
431753690969	1285.36	883.55	1286.11	867.88	2.8503	2.9993
431753699301	1282.79	884.65	1275.92	874.22	2.8477	3.0019
431753707635	1284.70	887.07	1280.90	865.29	2.8331	2.9980
431753715968	1281.48	889.25	1282.45	871.06	2.8462	3.0034
431753724301	1283.28	891.96	1291.06	858.91	2.8372	2.9997
431753732635	1284.71	885.91	1303.63	851.34	2.8344	2.9874
431753740968	1288.41	889.73	1302.26	850.72	2.8239	2.9882
431753749301	1292.59	884.94	1302.30	846.64	2.8317	2.9800
431753757648	1291.46	884.95	1299.66	851.52	2.8094	2.9726
431753765973	1286.05	887.85	1292.26	857.27	2.8213	2.9828
431753774315	1280.11	886.16	1289.98	859.42	2.8146	2.9668
431753782647	1280.82	885.79	1293.14	863.19	2.8173	2.9779
431753790980	1286.56	887.06	1298.48	871.18	2.8316	2.9792
431753799305	1280.50	887.39	1299.42	868.68	2.8293	2.9664
431753807647	1284.93	888.01	1306.10	869.80	2.8221	2.9629
431753815972	1289.45	883.60	1296.62	869.39	2.8431	2.9762
431753824305	1298.39	867.60	1311.90	859.23	2.8129	2.9511
431753832638	1294.46	867.54	1301.62	851.86	2.8235	2.9767
431753840972	1291.20	866.55	1301.29	852.15	2.8209	2.9582
431753849305	1294.55	865.09	1300.20	846.70	2.8145	2.9667
431753857637	1289.07	872.40	1300.48	849.61	2.8181	2.9697
431753865971	1295.94	868.06	1295.06	855.17	2.8157	2.9833
431753874304	1299.31	868.82	1299.83	853.78	2.8210	2.9690
431753882641	1293.49	873.87	1307.49	852.97	2.8289	2.9632
431753890975	1298.22	867.92	1299.34	848.75	2.8306	2.9611
431753899308	1297.68	871.33	1301.94	841.01	2.8310	2.9680
431753907641	1299.89	867.32	1301.97	847.94	2.8189	2.9664
431753915983	1299.55	872.42	1304.02	837.88	2.8272	2.9790
431753924317	1296.58	870.73	1304.63	842.22	2.8398	2.9677
431753932650	1305.78	863.44	1307.66	837.29	2.8436	2.9782
431753940982	1297.75	876.29	1310.97	831.45	2.8464	2.9565
431753949316	1298.31	866.57	1311.83	837.46	2.8514	2.9825
431753957649	1304.93	869.52	1305.83	834.25	2.8452	2.9708
431753965982	1301.12	873.28	1310.06	831.58	2.8592	2.9890
431753974316	1302.64	878.01	1311.41	835.30	2.8680	2.9824
431753982649	1301.15	867.10	1314.27	832.06	2.8549	2.9858
431753990982	1303.96	871.56	1311.74	833.94	2.8590	2.9780
431753999316	1308.02	874.27	1309.14	842.89	2.8721	2.9982
431754007649	1304.87	872.11	1308.36	840.82	2.8759	3.0009
431754015987	1304.58	884.10	1306.30	845.30	2.8988	3.0053
431754024311	1303.99	879.28	1303.98	844.49	2.8744	3.0081
431754032644	1301.57	875.86	1308.49	836.21	2.8705	3.0066
431754040978	1305.98	877.96	1302.84	837.17	2.8816	3.0158
431754049320	1300.23	872.02	1307.26	832.73	2.8720	3.0220
431754057653	1300.66	867.22	1302.32	830.00	2.8838	3.0076
431754065986	1299.65	870.64	1304.98	826.36	2.8777	3.0031
431754074319	1303.94	858.42	1313.47	829.02	2.8673	3.0081
431754082653	1311.50	863.78	1317.00	829.24	2.8907	3.0103
431754090986	1307.44	870.53	1320.26	831.23	2.9033	3.0089
431754099320	1307.60	861.49	1313.35	824.97	2.8869	3.0166
431754107652	1305.42	862.42	1314.73	824.04	2.8856	3.0137
431754115985	1309.71	859.90	1322.78	821.63	2.8789	3.0219
431754124319	1310.89	861.82	1319.34	825.25	2.8864	3.0130
431754132652	1314.45	861.66	1318.03	828.06	2.8750	3.0150
431754140985	1313.88	864.59	1322.46	826.58	2.8718	3.0256
431754149324	1313.91	870.38	1323.13	833.81	2.8801	3.0247
431754157657	1311.28	873.78	1326.62	840.21	2.8730	3.0148
431754165990	1315.15	871.93	1322.22	843.25	2.8927	3.0240
431754174324	1309.77	866.15	1334.18	841.46	2.8689	3.0128
431754182647	1317.48	869.56	1331.24	842.55	2.8683	3.0075
431754190981	1306.59	866.58	1320.33	836.80	2.8394	3.0179
431754199314	1310.26	867.45	1321.19	836.40	2.8629	3.0189
431754207647	1308.51	869.36	1324.36	832.05	2.8694	3.0223
431754215981	1309.09	869.19	1321.12	828.15	2.8624	3.0028
431754224314	1310.06	869.44	1314.33	831.11	2.8766	2.9981
431754232647	1308.30	860.27	1319.14	821.33	2.8629	2.9922
431754240981	1315.76	870.11	1321.29	829.74	2.8880	3.0068
431754249314	1360.74	861.47	1372.29	827.95	2.8607	3.0185
431754257647	1451.10	860.67	1463.42	812.46	2.8694	3.0378
431754265980	1524.86	832.72	1542.10	810.33	2.8790	3.0295
431754274317	1567.97	818.13	1573.15	809.91	2.8736	3.0210
431754282650	1587.91	823.30	1611.49	794.14	2.8795	3.0245
431754290992	1578.27	814.34	1605.97	796.90	2.8762	3.0381
431754299325	1592.56	811.75	1604.56	793.43	2.8916	3.0326
431754307659	1593.54	806.73	1605.31	798.32	2.8747	3.0350
431754315992	1591.32	814.78	1601.96	799.85	2.8784	3.0303
431754324325	1598.19	807.01	1600.14	796.38	2.8798	3.0373
431754332659	1603.71	813.13	1596.09	796.49	2.8761	3.0303
431754340992	1601.39	810.29	1597.33	796.74	2.8719	3.0271
431754349324	1601.49	814.19	1600.27	800.27	2.8645	3.0260
431754357658	1593.22	811.46	1602.18	802.93	2.8638	3.0258
431754365991	1597.31	816.03	1609.06	802.61	2.8526	3.0221
431754374323	1596.99	815.36	1606.60	802.92	2.8700	3.0189
431754382657	1594.20	813.96	1608.08	804.34	2.8695	3.0126
431754390990	1594.12	818.73	1604.61	803.55	2.8587	3.0188
431754399323	1594.92	822.48	1604.86	805.27	2.8585	3.0089
431754407664	1598.33	820.26	1601.35	798.17	2.8492	3.0109
431754415997	1600.52	823.64	1602.92	805.70	2.8532	3.0102
431754424330	1594.30	816.47	1602.99	807.16	2.8439	2.9991
431754432664	1604.77	802.89	1601.47	806.56	2.8430	2.9974
431754440997	1608.27	804.37	1597.01	806.57	2.8528	3.0037
431754449329	1602.50	810.69	1598.82	804.10	2.8428	2.9946
431754457663	1610.56	819.78	1595.54	807.81	2.8549	3.0021
431754465987	1610.55	805.61	1599.03	800.15	2.8516	3.0117
431754474321	1605.98	813.59	1604.96	799.50	2.8514	2.9901
431754482654	1607.28	817.24	1595.99	807.60	2.8482	2.9909
431754490988	1604.88	808.49	1603.40	806.82	2.8469	2.9799
431754499321	1606.14	807.95	1596.58	810.41	2.8429	2.9791
431754507654	1601.75	809.87	1596.23	810.51	2.8426	2.9805
431754515987	1598.21	805.09	1594.37	811.58	2.8289	2.9817
431754524329	1597.06	808.43	1601.47	809.15	2.8286	2.9825
431754532662	1592.09	819.32	1606.30	801.55	2.8337	2.9647
431754540998	1638.07	818.69	1630.06	800.04	2.8366	2.9642
431754549331	1657.47	806.23	1659.91	792.33	2.8236	2.9577
431754557664	1657.65	813.19	1662.20	788.86	2.8211	2.9559
431754565998	1654.36	801.72	1661.65	789.85	2.8216	2.9462
431754574331	1651.68	803.17	1665.14	794.83	2.8100	2.9523
431754582664	1649.07	804.93	1659.30	795.99	2.8222	2.9457
431754590998	1652.62	801.10	1665.17	793.64	2.8054	2.9544
431754599331	1648.17	809.11	1660.35	795.94	2.8109	2.9522
431754607665	1651.61	814.48	1662.53	796.58	2.8100	2.9485
431754615997	1655.81	809.85	1666.63	789.72	2.8084	2.9322
431754624322	1659.05	807.14	1663.63	797.32	2.8024	2.9326
431754632655	1657.24	802.93	1656.64	797.79	2.8080	2.9559
431754640988	1660.99	804.56	1662.57	798.65	2.8102	2.9317
431754649330	1658.95	811.42	1659.42	802.89	2.8114	2.9335
431754657655	1663.75	807.72	1655.78	790.47	2.7929	2.9293
431754665988	1660.81	809.65	1652.68	794.33	2.8045	2.9469
431754674327	1656.71	806.93	1658.20	799.37	2.8032	2.9355
431754682660	1655.94	804.98	1655.48	799.61	2.8046	2.9439
431754691001	1652.59	796.90	1659.28	797.96	2.8186	2.9421
431754699334	1651.37	797.04	1664.16	788.17	2.8027	2.9269
431754707668	1656.50	798.62	1668.06	795.23	2.7961	2.9303
431754716001	1648.88	800.20	1660.59	795.64	2.7972	2.9306
431754724334	1649.30	803.46	1663.09	793.73	2.7972	2.9158
431754732667	1660.74	802.71	1664.33	792.30	2.7962	2.9181
431754741001	1657.87	804.92	1653.45	797.48	2.7981	2.9145
431754749333	1649.78	810.92	1647.67	791.48	2.7928	2.9194
431754757666	1579.74	810.78	1598.90	790.41	2.8005	2.9199
431754766000	1475.08	793.73	1511.69	772.83	2.8067	2.9110
431754774333	1392.74	781.60	1415.21	765.14	2.7915	2.9292
431754782666	1301.32	780.98	1308.92	761.31	2.7913	2.9248
431754791000	1197.55	772.77	1229.43	753.50	2.7763	2.9126
431754799336	1137.64	760.44	1173.29	765.02	2.7826	2.9271
431754807669	1136.51	759.87	1138.46	758.75	2.7570	2.9161
431754816003	1153.66	759.15	1143.22	766.64	2.7657	2.9143
431754824336	1139.74	761.27	1139.29	764.81	2.7590	2.9070
431754832668	1143.44	765.41	1140.38	768.20	2.7670	2.9000
431754841002	1142.93	757.32	1144.94	766.59	2.7483	2.8962
431754849335	1149.85	756.37	1147.69	773.54	2.7861	2.8835
431754857668	1149.36	754.03	1147.55	769.80	2.7614	2.8890
431754866002	1152.45	749.72	1146.33	768.21	2.7805	2.8874
431754874335	1150.64	749.64	1149.38	768.42	2.7480	2.8955
431754882668	1142.78	749.04	1146.40	764.33	2.7651	2.8867
431754891002	1139.85	747.44	1146.51	765.82	2.7424	2.8769
431754899335	1143.71	753.10	1141.64	772.86	2.7773	2.8803
431754907668	1136.09	755.83	1140.70	766.52	2.7538	2.8794
431754916001	1138.00	755.64	1139.50	771.84	2.7342	2.8738
431754924334	1135.50	755.82	1135.09	772.70	2.7356	2.8743
431754932674	1142.82	761.82	1135.31	766.16	2.7559	2.8641
431754941008	1142.59	761.84	1133.33	766.71	2.7399	2.8661
431754949341	1144.50	772.54	1140.76	765.83	2.7468	2.8800
431754957674	1139.87	769.93	1135.68	764.72	2.7516	2.8754
431754966008	1139.80	771.87	1141.45	759.96	2.7472	2.8774
431754974341	1141.49	774.37	1136.98	755.83	2.7343	2.8820
431754982674	1145.52	776.76	1133.88	765.50	2.7489	2.8843
431754991008	1143.47	769.21	1136.31	760.79	2.7659	2.8781
431754999340	1137.76	775.43	1138.59	764.89	2.7697	2.8901
431755007673	1139.39	770.33	1142.46	757.53	2.7630	2.8931
431755016007	1133.71	770.87	1138.53	762.53	2.7800	2.8961
431755024340	1140.81	771.68	1135.98	768.93	2.7727	2.8925
431755032673	1149.44	760.54	1137.63	772.11	2.7770	2.9015
431755041007	1146.63	760.93	1142.00	770.42	2.7590	2.9088
431755049340	1153.14	759.38	1149.00	769.90	2.7736	2.9104
431755057673	1149.41	765.32	1146.52	773.23	2.7868	2.9089
431755066010	1143.30	763.09	1147.16	770.76	2.7826	2.9079
431755074343	1144.53	758.56	1144.35	770.23	2.7875	2.9197
431755082676	1154.25	762.33	1142.91	768.12	2.7984	2.9143
431755091010	1152.30	760.03	1147.38	769.68	2.7967	2.9285
431755099343	1148.60	763.76	1143.72	766.66	2.7964	2.9214
431755107676	1149.03	756.42	1144.39	770.87	2.7946	2.9187
431755116009	1148.42	762.23	1143.53	764.34	2.8038	2.9308
431755124343	1151.60	772.36	1135.31	769.83	2.8134	2.9411
431755132676	1152.96	768.66	1139.01	764.87	2.8227	2.9493
431755141009	1149.09	771.58	1134.62	759.75	2.8149	2.9485
431755149343	1153.23	765.97	1136.16	757.31	2.8241	2.9506
431755157675	1143.94	769.87	1135.25	760.27	2.8071	2.9642
431755166008	1140.67	768.91	1132.76	763.71	2.8228	2.9620
431755174342	1145.37	763.83	1135.19	758.86	2.8257	2.9676
