t	gaze_point_LX	gaze_point_LY	gaze_point_RX	gaze_point_RY	pupil_diameter_L	pupil_diameter_R
1389123327132	1648.68	717.04	1633.26	708.10	3.0757	3.2134
1389123335465	1638.61	718.18	1634.82	710.29	3.0750	3.2570
1389123343797	1639.93	721.40	1639.04	706.98	3.0842	3.2488
1389123352130	1634.30	729.04	1648.69	702.44	3.0964	3.2130
1389123360464	1637.49	720.01	1644.80	694.34	3.0646	3.2313
1389123368797	1630.97	728.03	1651.16	701.56	3.0732	3.2119
1389123377132	1648.46	740.78	1645.33	708.66	3.0721	3.2232
1389123385465	1648.61	743.69	1635.60	704.20	3.0819	3.2239
1389123393798	1644.64	731.88	1623.74	711.74	3.0744	3.1726
1389123402132	1588.77	1055.53	1603.85	779.79	2.9416	3.1806
1389123410465	NaN	NaN	NaN	NaN	NaN	NaN
1389123418797	NaN	NaN	NaN	NaN	NaN	NaN
1389123427130	NaN	NaN	NaN	NaN	NaN	NaN
1389123435464	NaN	NaN	NaN	NaN	NaN	NaN
1389123443797	NaN	NaN	NaN	NaN	NaN	NaN
1389123452130	NaN	NaN	NaN	NaN	NaN	NaN
1389123460464	NaN	NaN	NaN	NaN	NaN	NaN
1389123468798	NaN	NaN	NaN	NaN	NaN	NaN
1389123477131	NaN	NaN	NaN	NaN	NaN	NaN
1389123485464	NaN	NaN	NaN	NaN	NaN	NaN
1389123493797	NaN	NaN	NaN	NaN	NaN	NaN
1389123502130	NaN	NaN	NaN	NaN	NaN	NaN
1389123510468	NaN	NaN	NaN	NaN	NaN	NaN
1389123518802	NaN	NaN	NaN	NaN	NaN	NaN
1389123527135	NaN	NaN	NaN	NaN	NaN	NaN
1389123535469	NaN	NaN	NaN	NaN	NaN	NaN
1389123543802	NaN	NaN	NaN	NaN	NaN	NaN
1389123552135	NaN	NaN	1253.52	1121.91	NaN	3.3930
1389123560468	NaN	NaN	NaN	NaN	NaN	NaN
1389123568801	1316.21	929.23	1278.54	874.39	2.8845	3.3100
1389123577134	NaN	NaN	1268.74	792.52	NaN	3.3109
1389123585467	1275.57	828.83	1277.49	751.28	3.0691	3.3412
1389123593801	1275.00	762.04	1274.09	719.85	3.0647	3.4010
1389123602134	1270.04	724.72	1266.88	645.91	3.1234	3.3573
1389123610468	1265.74	720.05	1281.07	649.45	3.1820	3.3836
1389123618801	1266.13	701.76	1269.01	629.54	3.1804	3.3594
1389123627134	1274.13	694.28	1263.87	672.58	3.1876	3.4014
1389123635473	1274.09	708.57	1257.40	696.13	3.2166	3.4383
1389123643805	1272.11	702.89	1261.31	750.69	3.1446	3.4656
1389123652138	1276.42	715.26	1265.77	738.63	3.1405	3.4328
1389123660472	1277.49	737.83	1261.17	758.02	3.1803	3.4663
1389123668805	1273.53	724.61	1261.09	750.33	3.1353	3.4779
1389123677138	1274.91	725.21	1249.48	762.01	3.1487	3.5096
1389123685471	1271.91	749.26	1255.02	754.09	3.2238	3.4913
1389123693805	1282.10	748.90	1255.32	755.96	3.2113	3.5018
1389123702138	1280.61	722.90	1254.51	750.68	3.1675	3.5052
1389123710472	1278.31	722.46	1249.52	728.18	3.1686	3.4606
1389123718804	1272.64	718.73	1258.72	743.95	3.1528	3.4901
1389123727137	1277.88	720.00	1261.27	746.17	3.1581	3.5026
1389123735471	1276.14	741.11	1258.58	745.67	3.1930	3.5090
1389123743803	1280.46	746.40	1256.82	748.76	3.2235	3.4817
1389123752137	1279.62	737.61	1252.49	753.86	3.1824	3.5025
1389123760471	1279.39	749.57	1261.77	728.19	3.2319	3.4537
1389123768808	1269.08	749.24	1258.33	747.01	3.2230	3.5087
1389123777141	1284.07	756.49	1254.62	738.72	3.2417	3.4837
1389123785474	1269.97	740.77	1251.46	714.15	3.2075	3.4641
1389123793808	1277.06	737.94	1260.40	744.05	3.2053	3.5343
1389123802140	1273.90	736.99	1253.56	735.09	3.2119	3.4864
1389123810473	1273.62	733.78	1256.76	731.70	3.1954	3.5103
1389123818807	1271.90	736.98	1250.57	728.46	3.2209	3.4819
1389123827140	1273.91	772.99	1255.23	734.46	3.3020	3.4838
1389123835473	1269.80	731.11	1247.80	737.42	3.2182	3.5073
1389123843807	1276.30	738.88	1263.60	738.78	3.2306	3.5142
1389123852140	1286.36	775.09	1271.77	757.20	3.2810	3.5083
1389123860473	1275.70	794.63	1272.47	726.01	3.3050	3.4684
1389123868807	1271.76	751.59	1268.03	720.65	3.2366	3.4739
1389123877139	1276.94	781.93	1264.16	723.33	3.2997	3.4803
1389123885472	1273.88	754.30	1265.15	712.84	3.2218	3.4686
1389123893805	1278.05	774.78	1256.68	719.05	3.2859	3.4682
1389123902144	1274.68	782.64	1257.22	731.31	3.3120	3.5070
1389123910478	1273.98	772.34	1275.86	738.14	3.2679	3.5112
1389123918811	1274.87	743.06	1276.06	735.39	3.2180	3.5026
1389123927144	1274.48	774.43	1271.19	739.12	3.2684	3.5021
1389123935478	1274.36	773.90	1276.19	729.99	3.2903	3.4832
1389123943811	1271.42	766.95	1273.12	755.16	3.2749	3.5378
1389123952143	1279.33	769.50	1270.76	745.07	3.2723	3.5135
1389123960476	1280.14	743.33	1271.69	734.56	3.2256	3.4699
1389123968810	1274.23	744.09	1280.50	736.81	3.2071	3.4799
1389123977143	1271.83	733.29	1272.92	734.74	3.1879	3.4604
1389123985476	1272.13	729.95	1266.79	737.31	3.1651	3.4857
1389123993810	1273.11	739.68	1271.38	714.98	3.1701	3.4362
1389124002143	1277.14	749.91	1275.90	736.10	3.2053	3.4577
1389124010476	1273.49	741.25	1269.62	726.64	3.1848	3.4211
1389124018810	1282.05	762.92	1278.35	732.25	3.2279	3.4650
1389124027147	1277.42	747.28	1269.93	731.69	3.1761	3.4592
1389124035481	1281.88	764.58	1266.36	730.20	3.2181	3.4604
1389124043813	1288.48	763.59	1272.85	717.73	3.1704	3.4042
1389124052147	1278.56	745.23	1271.14	733.03	3.1454	3.4470
1389124060481	1277.81	759.17	1274.10	737.07	3.1710	3.4360
1389124068813	1286.45	763.67	1267.30	738.18	3.1938	3.4426
1389124077147	1278.96	757.88	1275.52	751.10	3.1498	3.4871
1389124085480	1283.33	745.55	1274.48	748.68	3.1449	3.4469
1389124093814	1276.53	746.20	1270.74	758.78	3.1473	3.4806
1389124102146	1279.83	753.90	1274.02	758.01	3.1747	3.4948
1389124110479	1276.52	736.82	1270.00	750.02	3.1526	3.4799
1389124118813	1274.08	757.86	1275.70	756.53	3.1823	3.5002
1389124127146	1272.86	729.73	1262.80	735.21	3.1419	3.4440
1389124135479	1279.22	733.11	1261.98	733.81	3.1294	3.4357
1389124143813	1274.36	748.56	1267.69	735.89	3.1593	3.4438
1389124152146	1273.57	731.72	1266.29	758.48	3.1227	3.4899
1389124160485	1273.45	739.57	1267.85	758.30	3.1306	3.4751
1389124168817	1273.56	737.35	1261.58	728.90	3.1289	3.4027
1389124177150	1268.58	765.51	1261.62	748.99	3.1749	3.4671
1389124185484	1280.52	745.14	1259.24	767.36	3.1071	3.4779
1389124193817	1274.05	739.88	1263.16	740.62	3.1166	3.4445
1389124202150	1280.88	759.42	1264.74	761.17	3.1269	3.4605
1389124210483	1275.36	746.86	1261.86	765.70	3.1167	3.4982
1389124218817	1281.40	756.40	1266.05	760.69	3.1115	3.4510
1389124227150	1278.73	740.80	1267.23	761.99	3.1114	3.4628
1389124235483	1270.70	715.99	1278.45	698.32	3.0899	3.3633
1389124243817	1270.56	715.42	1284.38	660.42	3.1195	3.3314
1389124252149	1278.09	713.53	1274.54	673.15	3.1114	3.3523
1389124260482	1271.20	712.69	1263.71	693.84	3.1134	3.3857
1389124268816	1277.99	709.29	1266.35	676.06	3.1066	3.3454
1389124277149	1287.17	707.46	1275.26	695.21	3.1056	3.3705
1389124285482	1276.14	711.26	1267.54	685.67	3.0928	3.3651
1389124293819	1278.53	710.80	1280.25	688.45	3.1119	3.3722
1389124302153	1283.01	707.11	1263.55	666.12	3.0993	3.3440
1389124310486	1279.05	711.89	1264.90	709.25	3.1125	3.4117
1389124318820	1271.30	710.64	1264.71	676.64	3.1160	3.3412
1389124327152	1274.30	715.34	1275.32	680.57	3.1266	3.3380
1389124335485	1277.46	726.20	1267.67	701.62	3.1463	3.3959
1389124343819	1274.68	710.13	1267.74	670.90	3.0932	3.3360
1389124352152	1274.77	707.41	1266.48	710.74	3.1022	3.3988
1389124360485	1273.70	713.08	1262.69	680.27	3.0876	3.3572
1389124368819	1282.35	714.59	1278.15	672.02	3.1109	3.3265
1389124377152	1280.57	716.19	1271.19	670.86	3.0999	3.3600
1389124385485	1275.01	717.47	1271.17	704.41	3.1040	3.3948
1389124393819	1281.82	718.05	1270.22	694.96	3.1121	3.3984
1389124402152	1280.88	711.33	1267.54	684.59	3.0987	3.3726
1389124410484	1280.06	707.51	1271.74	681.18	3.1006	3.3581
1389124418818	1281.53	708.82	1264.39	674.55	3.0975	3.3405
1389124427156	1283.31	703.92	1275.42	664.66	3.0704	3.3085
1389124435489	1282.53	698.09	1282.13	671.74	3.0825	3.3348
1389124443822	1276.09	712.36	1273.40	685.14	3.0936	3.3569
1389124452156	1276.97	704.69	1268.43	667.72	3.1158	3.3111
1389124460489	1279.38	696.52	1276.50	687.86	3.0870	3.3613
1389124468823	1279.96	700.25	1275.01	668.20	3.0859	3.3267
1389124477156	1282.39	706.12	1270.78	696.95	3.0961	3.3569
1389124485488	1283.03	707.42	1267.44	685.12	3.0961	3.3659
1389124493822	1282.38	707.92	1269.92	682.76	3.0894	3.3369
1389124502155	1279.35	711.86	1261.07	676.63	3.1180	3.3528
1389124510488	1275.35	715.20	1274.70	672.53	3.0830	3.3437
1389124518822	1276.81	709.85	1268.10	685.72	3.1031	3.3203
1389124527154	1283.02	716.68	1274.69	663.02	3.0934	3.2931
1389124535488	1277.51	710.55	1273.27	690.81	3.1019	3.3944
1389124543822	1284.54	710.77	1272.36	687.75	3.1034	3.3552
1389124552159	1280.30	705.89	1272.18	698.57	3.1092	3.3878
1389124560491	1280.94	707.58	1272.23	723.46	3.1194	3.4321
1389124568824	1281.48	707.55	1265.72	682.62	3.1400	3.3581
1389124577157	1283.06	707.12	1273.33	672.17	3.1251	3.3298
1389124585491	1279.40	710.51	1273.67	671.42	3.1263	3.3238
1389124593825	1285.23	710.24	1276.28	664.14	3.1334	3.3323
1389124602158	1282.73	705.26	1264.77	698.82	3.1142	3.4022
1389124610491	1281.67	715.16	1272.29	667.78	3.1334	3.3178
1389124618824	1282.68	714.21	1267.39	695.16	3.1259	3.3871
1389124627158	1283.79	716.69	1260.51	688.05	3.1423	3.3623
1389124635490	1278.92	709.24	1265.69	719.97	3.1200	3.4347
1389124643823	1277.60	708.38	1263.70	697.68	3.1228	3.4110
1389124652156	1283.58	715.71	1270.58	680.79	3.1574	3.3491
1389124660490	1280.69	708.23	1277.18	693.05	3.1329	3.4091
1389124668823	1283.28	710.23	1271.22	666.08	3.1309	3.3322
1389124677157	1278.64	708.47	1275.47	706.76	3.1366	3.4271
1389124685494	1287.06	700.12	1278.32	669.80	3.1407	3.3352
1389124693827	1284.28	705.53	1272.27	689.69	3.1313	3.3795
1389124702160	1283.22	698.98	1271.54	712.93	3.1363	3.4382
1389124710493	1285.85	712.14	1273.02	677.39	3.1650	3.3412
1389124718826	1289.71	716.33	1273.35	708.38	3.1585	3.4341
1389124727159	1289.86	711.46	1270.81	719.40	3.1448	3.4344
1389124735493	1282.49	709.74	1268.27	731.28	3.1355	3.4690
1389124743826	1285.26	727.01	1272.36	662.68	3.1700	3.3437
1389124752160	1288.20	733.88	1278.74	670.41	3.1743	3.3385
1389124760493	1285.53	716.04	1278.23	687.82	3.1575	3.3738
1389124768826	1286.27	723.21	1274.38	670.10	3.1838	3.3356
1389124777160	1282.84	717.44	1275.38	699.50	3.1731	3.4037
1389124785491	1292.75	708.12	1273.07	695.75	3.1743	3.3927
1389124793825	1282.41	710.04	1271.23	685.38	3.1689	3.3685
1389124802159	1286.89	708.63	1275.31	677.32	3.1801	3.3798
1389124810491	1288.40	706.27	1272.12	703.72	3.1494	3.4366
1389124818831	1282.08	704.70	1270.36	707.99	3.1609	3.4458
1389124827164	1278.67	703.92	1276.67	704.75	3.1491	3.4268
1389124835498	1290.55	716.20	1272.26	713.85	3.1719	3.4432
1389124843831	1285.24	707.46	1268.98	705.83	3.1515	3.4305
1389124852164	1280.97	702.96	1273.53	694.52	3.1691	3.4194
1389124860497	1287.69	704.42	1272.85	684.95	3.1889	3.4050
1389124868830	1262.13	711.00	1253.33	661.28	3.2000	3.3398
1389124877164	1177.94	731.32	1184.29	725.78	3.1849	3.4888
1389124885497	1125.04	731.18	1134.09	661.50	3.2028	3.3727
1389124893830	1160.68	713.98	1150.37	689.22	3.1673	3.4204
1389124902164	1174.05	717.83	1148.97	646.37	3.1326	3.3245
1389124910496	1177.61	715.67	1158.90	688.59	3.1485	3.4075
1389124918830	1157.83	701.69	1163.20	699.83	3.1338	3.4384
1389124927164	1160.00	709.24	1160.84	696.38	3.1746	3.4098
1389124935495	1159.68	706.58	1161.57	659.84	3.1505	3.3242
1389124943829	1154.09	691.99	1166.74	687.76	3.1169	3.4020
1389124952166	1163.99	695.36	1162.54	666.01	3.1189	3.3094
1389124960499	1158.65	703.54	1160.19	700.00	3.1017	3.4023
1389124968833	1153.86	691.88	1171.25	667.77	3.0989	3.3335
1389124977166	1157.71	703.73	1167.16	658.53	3.0790	3.2631
1389124985499	1163.99	699.60	1166.89	658.79	3.1012	3.2873
1389124993833	1161.46	695.38	1168.31	652.25	3.0435	3.2455
1389125002167	1163.17	713.09	1163.04	650.42	3.0766	3.2368
1389125010499	1161.28	710.84	1160.30	649.15	3.0481	3.2264
1389125018832	1162.47	716.98	1156.95	651.66	3.0443	3.2167
1389125027165	1163.95	703.19	1164.88	650.36	3.0236	3.2345
1389125035499	1164.57	708.64	1161.76	659.23	3.0088	3.2464
1389125043832	1159.78	715.28	1153.33	653.62	3.0334	3.1911
1389125052165	1163.42	719.08	1155.20	657.87	3.0196	3.2346
1389125060498	1163.76	710.42	1155.10	644.99	3.0141	3.1690
1389125068832	1164.08	706.19	1158.65	650.43	2.9786	3.1700
1389125077169	1167.74	703.02	1153.94	655.35	2.9835	3.1831
1389125085503	1154.47	708.77	1149.60	656.55	2.9778	3.1966
1389125093835	1163.40	707.07	1156.33	648.95	2.9787	3.1954
1389125102168	1156.40	699.72	1159.73	660.55	2.9810	3.1898
1389125110501	1130.89	680.17	1155.14	632.15	2.9796	3.1782
1389125118835	1110.55	637.24	1127.34	606.83	3.0081	3.1863
1389125127168	1118.85	622.81	1133.22	589.02	2.9768	3.2146
1389125135501	1136.43	630.01	1132.87	592.40	2.9987	3.2202
1389125143835	1129.60	626.39	1122.97	594.58	2.9645	3.1889
1389125152168	1132.80	633.47	1130.52	592.08	2.9879	3.1953
1389125160502	1124.13	619.85	1130.81	595.63	2.9765	3.2068
1389125168834	1123.92	621.48	1127.39	582.60	2.9749	3.1923
1389125177167	1129.44	619.72	1124.09	594.55	2.9652	3.2256
1389125185500	1127.57	618.80	1123.23	595.19	2.9688	3.2075
1389125193834	1127.19	617.22	1117.35	593.58	2.9846	3.2219
1389125202168	1129.66	622.47	1119.25	589.99	2.9994	3.2195
1389125210507	1126.53	617.20	1117.56	595.16	2.9952	3.2019
1389125218840	1130.39	623.57	1126.22	594.93	2.9995	3.2221
1389125227173	1130.27	623.38	1121.01	592.03	2.9984	3.2171
1389125235506	1130.84	615.41	1124.68	591.51	2.9764	3.2201
1389125243839	1133.24	623.82	1117.46	588.68	2.9895	3.2356
1389125252172	1130.05	620.14	1117.44	590.30	2.9848	3.2213
1389125260505	1133.31	622.71	1126.88	585.45	3.0171	3.2349
1389125268839	1129.85	615.80	1124.21	587.54	2.9848	3.2316
1389125277172	1130.87	628.82	1114.96	581.32	2.9985	3.2003
1389125285506	1139.79	622.17	1118.67	590.41	3.0014	3.2158
1389125293839	1135.28	621.58	1119.65	583.82	2.9901	3.2405
1389125302172	1133.52	618.22	1115.94	584.78	3.0081	3.2521
1389125310505	1134.15	623.35	1117.07	579.81	2.9987	3.2233
1389125318837	1136.88	618.17	1119.04	584.37	3.0087	3.2327
1389125327171	1128.20	615.69	1117.37	585.14	3.0018	3.2274
1389125335505	1133.57	617.43	1118.99	587.03	2.9934	3.2560
1389125343841	1099.59	615.91	1104.05	580.97	3.0133	3.2314
1389125352175	1035.60	606.63	1043.26	554.98	3.0039	3.2649
1389125360508	996.61	585.99	1014.75	562.14	2.9979	3.2382
1389125368842	997.05	597.73	987.07	555.09	3.0175	3.2259
1389125377175	1009.99	595.79	1000.48	549.47	3.0203	3.2397
1389125385508	1015.63	598.00	1000.65	561.80	3.0078	3.2581
1389125393840	1010.84	591.93	1003.89	556.24	2.9940	3.2569
1389125402174	1011.48	585.45	1002.59	566.91	2.9960	3.2488
1389125410508	1012.49	593.57	1001.52	553.36	3.0216	3.2491
1389125418841	1013.58	593.89	1004.32	563.99	3.0170	3.2509
1389125427174	1018.34	586.18	1007.62	557.29	2.9941	3.2478
1389125435507	1015.84	592.69	1001.24	559.16	3.0193	3.2480
1389125443841	1019.55	590.72	1004.80	554.18	2.9970	3.2706
1389125452174	1014.92	595.93	998.87	552.64	3.0077	3.2237
1389125460508	1013.29	593.33	998.61	552.24	3.0323	3.2508
1389125468843	1004.22	586.41	1006.00	569.42	2.9948	3.2580
1389125477177	1017.19	592.73	1002.72	553.05	3.0052	3.2588
1389125485510	1027.52	570.17	1005.18	559.42	3.0336	3.2606
1389125493844	NaN	NaN	NaN	NaN	NaN	NaN
1389125502177	NaN	NaN	NaN	NaN	NaN	NaN
1389125510510	NaN	NaN	NaN	NaN	NaN	NaN
1389125518844	NaN	NaN	NaN	NaN	NaN	NaN
1389125527177	NaN	NaN	NaN	NaN	NaN	NaN
1389125535511	NaN	NaN	NaN	NaN	NaN	NaN
1389125543842	NaN	NaN	NaN	NaN	NaN	NaN
1389125552176	NaN	NaN	NaN	NaN	NaN	NaN
1389125560509	NaN	NaN	NaN	NaN	NaN	NaN
1389125568842	NaN	NaN	NaN	NaN	NaN	NaN
1389125577176	NaN	NaN	NaN	NaN	NaN	NaN
1389125585509	NaN	NaN	NaN	NaN	NaN	NaN
1389125593842	NaN	NaN	NaN	NaN	NaN	NaN
1389125602181	NaN	NaN	NaN	NaN	NaN	NaN
1389125610515	NaN	NaN	967.29	952.19	NaN	2.9726
1389125618848	1039.92	1010.43	NaN	NaN	2.5880	NaN
1389125627180	1063.66	905.65	955.65	777.24	2.6376	3.1393
1389125635513	1032.13	839.85	988.94	755.00	2.8278	3.1678
1389125643846	1023.71	765.47	993.08	657.90	2.8485	3.1842
1389125652180	1011.20	718.62	986.49	614.54	2.8634	3.2346
1389125660513	1014.04	641.25	988.63	568.41	2.9938	3.2865
1389125668847	1015.66	588.79	993.81	540.23	3.0344	3.3122
1389125677180	1005.33	566.64	993.34	542.41	3.0798	3.2932
1389125685513	1003.41	550.71	996.42	522.74	3.1053	3.3125
1389125693847	1008.13	550.58	999.21	571.37	3.1148	3.3405
1389125702179	1006.73	561.90	984.21	564.95	3.0719	3.2903
1389125710512	1013.61	594.94	990.80	565.61	3.0736	3.2838
1389125718846	1013.85	595.02	981.23	563.65	3.0567	3.3095
1389125727179	1013.65	598.16	985.25	557.79	3.0422	3.3036
1389125735517	1001.16	598.52	990.62	555.42	3.0542	3.2962
1389125743851	1000.38	598.86	991.00	565.91	3.0411	3.3463
1389125752184	1006.26	596.09	991.55	554.24	3.0292	3.3429
1389125760518	1008.69	600.96	984.46	574.14	3.0776	3.3843
1389125768850	1005.31	590.10	986.45	571.91	3.0825	3.3892
1389125777183	998.20	605.82	993.60	566.74	3.0967	3.3590
1389125785516	1000.74	596.78	995.83	566.10	3.0978	3.3924
1389125793849	989.75	608.37	975.60	557.91	3.0882	3.3813
1389125802183	983.94	613.44	967.12	565.17	3.1104	3.3894
1389125810516	994.35	598.74	973.16	565.34	3.0944	3.4091
1389125818849	985.98	605.86	967.43	569.09	3.1088	3.3923
1389125827183	987.56	616.30	970.75	562.06	3.1138	3.3763
1389125835516	985.72	600.98	969.49	564.67	3.1303	3.4259
1389125843849	981.35	616.71	971.70	570.76	3.1405	3.4258
1389125852182	983.40	612.98	969.86	566.73	3.1401	3.4256
1389125860515	987.56	609.92	971.74	565.11	3.1476	3.4287
1389125868853	981.33	611.20	975.76	563.35	3.1403	3.4126
1389125877187	978.36	608.81	975.11	559.00	3.1396	3.4145
1389125885520	977.93	613.47	969.28	561.78	3.1709	3.4033
1389125893853	977.56	610.35	963.42	554.67	3.1500	3.4266
1389125902187	981.06	607.81	969.21	565.04	3.1729	3.4483
1389125910520	984.98	614.43	966.79	562.03	3.1763	3.4581
1389125918853	985.38	609.16	965.29	564.12	3.1582	3.4513
1389125927186	982.32	602.65	975.17	566.56	3.1879	3.4498
1389125935519	992.41	605.75	968.20	566.40	3.1617	3.4454
1389125943852	981.02	605.88	973.18	558.01	3.1826	3.4759
1389125952186	977.78	599.05	967.99	565.05	3.1799	3.4774
1389125960519	980.47	611.92	970.14	564.48	3.1819	3.4392
1389125968853	978.88	605.24	959.99	558.06	3.1917	3.4543
1389125977186	975.02	615.98	970.23	562.14	3.1877	3.4579
1389125985519	987.12	618.38	967.50	562.12	3.1965	3.4772
1389125993856	985.56	614.94	971.15	558.33	3.2019	3.4482
1389126002189	988.17	612.83	968.33	552.24	3.1922	3.4398
1389126010522	985.64	613.67	967.75	561.03	3.2009	3.4568
1389126018855	986.19	613.15	988.65	564.19	3.2076	3.4576
1389126027189	1080.10	620.84	1105.17	572.73	3.2130	3.4582
1389126035522	1221.80	633.37	1256.49	589.86	3.2628	3.5048
1389126043855	1379.13	644.39	1398.70	600.91	3.2498	3.4354
1389126052189	1483.65	644.31	1500.42	602.01	3.2256	3.3867
1389126060522	1536.19	669.80	1534.51	610.28	3.2262	3.3671
1389126068855	1496.29	675.98	1493.65	598.21	3.2597	3.3882
1389126077188	1502.76	676.64	1511.66	593.01	3.2535	3.3629
1389126085521	1524.44	659.86	1507.25	606.41	3.2227	3.3717
1389126093855	1518.31	660.74	1516.99	602.65	3.2182	3.3614
1389126102188	1518.64	655.04	1517.16	599.20	3.2225	3.3524
1389126110521	1518.26	661.39	1515.24	617.63	3.2201	3.3849
1389126118854	1516.94	657.55	1507.80	608.97	3.2049	3.3632
1389126127191	1530.75	651.19	1512.63	605.54	3.1948	3.3559
1389126135525	1523.71	651.35	1522.15	608.39	3.1996	3.3598
1389126143858	1523.92	650.64	1518.93	597.38	3.1898	3.3375
1389126152191	1529.68	656.04	1525.26	604.51	3.1794	3.3476
1389126160524	1524.55	649.76	1507.93	598.39	3.1889	3.3300
1389126168857	1521.51	654.28	1511.19	604.64	3.1926	3.3293
1389126177190	1524.73	661.86	1514.17	606.16	3.1988	3.3386
1389126185524	1522.38	661.12	1513.22	607.61	3.1815	3.3503
1389126193858	1519.55	657.78	1513.22	602.00	3.1868	3.3392
1389126202191	1520.76	652.76	1514.82	595.29	3.1848	3.3180
1389126210524	1529.05	661.53	1516.26	596.99	3.1836	3.3252
1389126218857	1523.26	656.07	1522.58	603.52	3.1759	3.3199
1389126227191	1527.84	653.16	1518.76	599.86	3.1867	3.3523
1389126235523	1521.40	654.13	1513.40	600.93	3.1771	3.3547
1389126243856	1520.30	650.29	1518.25	606.84	3.1721	3.3337
1389126252189	1520.40	639.94	1522.01	596.65	3.1580	3.3156
1389126260529	1515.90	645.54	1517.06	593.72	3.1895	3.3367
1389126268862	1521.37	636.79	1520.20	604.11	3.1592	3.3409
1389126277196	1516.74	642.34	1514.28	605.51	3.1709	3.3380
1389126285529	1514.45	645.96	1518.03	610.00	3.1705	3.3226
1389126293862	1521.33	639.36	1519.27	602.41	3.1595	3.3557
1389126302195	1517.88	638.39	1508.90	599.84	3.1632	3.3328
1389126310528	1515.78	656.12	1519.58	599.20	3.1659	3.3339
1389126318861	1519.02	654.65	1517.33	604.65	3.1685	3.3316
1389126327195	1521.60	657.18	1526.42	606.37	3.1546	3.3523
1389126335528	1517.69	656.03	1517.89	615.76	3.1559	3.3500
1389126343861	1523.30	662.91	1513.62	601.02	3.1695	3.3238
1389126352194	1522.61	665.50	1524.52	595.03	3.1875	3.3451
1389126360527	1519.77	664.13	1514.90	601.31	3.1554	3.3223
1389126368861	1521.73	652.93	1516.18	602.94	3.1657	3.3400
1389126377194	1525.98	662.99	1509.87	612.22	3.1751	3.3443
1389126385526	1522.60	651.50	1518.40	611.94	3.1821	3.3477
1389126393864	1525.71	646.90	1514.34	610.01	3.1751	3.3549
1389126402197	1528.22	646.86	1515.26	614.33	3.1727	3.3638
1389126410530	1530.21	655.97	1525.58	612.94	3.1988	3.3415
1389126418864	1554.12	679.60	1546.43	622.28	3.1807	3.3183
1389126427197	1554.12	689.93	1535.76	643.36	3.1682	3.3477
1389126435531	1547.93	683.76	1537.35	635.60	3.1726	3.3402
1389126443864	1550.71	677.81	1539.63	638.81	3.1527	3.3278
1389126452197	1549.49	685.56	1538.64	630.97	3.1669	3.3401
1389126460529	1545.02	681.54	1535.76	637.19	3.1653	3.3334
1389126468863	1542.38	674.73	1537.20	627.01	3.1609	3.3227
1389126477196	1542.97	677.15	1541.59	635.78	3.1740	3.3262
1389126485529	1546.58	674.02	1538.04	631.62	3.1579	3.3348
1389126493863	1539.70	681.88	1536.48	628.19	3.1756	3.3262
1389126502196	1544.93	686.85	1543.38	621.66	3.1848	3.3217
1389126510529	1543.93	694.06	1539.48	635.09	3.1864	3.3380
1389126518868	1542.55	686.98	1533.56	641.67	3.1901	3.3356
1389126527201	1549.04	684.47	1543.09	626.81	3.1858	3.3232
1389126535534	1545.17	685.94	1535.71	631.05	3.1946	3.3329
1389126543867	1542.65	684.40	1533.88	638.91	3.1890	3.3287
1389126552200	1544.60	683.76	1534.54	627.45	3.1856	3.3284
1389126560534	1541.14	686.08	1530.49	629.91	3.1690	3.3182
1389126568867	1548.77	683.57	1526.10	634.64	3.1831	3.3432
1389126577200	1542.36	683.61	1530.89	631.31	3.2095	3.3226
1389126585533	1542.86	685.43	1540.74	635.17	3.1996	3.3382
1389126593867	1546.50	687.62	1539.39	632.97	3.1920	3.3161
1389126602200	1547.78	692.90	1530.01	642.94	3.2043	3.3616
1389126610532	1544.88	687.40	1526.64	643.19	3.2087	3.3563
1389126618866	1543.39	685.62	1533.10	644.65	3.2106	3.3325
1389126627199	1535.47	682.35	1532.64	636.27	3.1766	3.3365
1389126635532	1539.65	682.34	1531.02	634.01	3.1921	3.3447
1389126643866	1542.99	685.27	1539.77	636.18	3.2106	3.3511
1389126652204	1548.90	676.56	1537.61	647.77	3.2003	3.3568
1389126660537	1543.04	683.11	1537.83	648.51	3.2194	3.3413
1389126668871	1541.11	677.45	1529.95	639.44	3.2095	3.3614
1389126677204	1550.49	687.52	1537.18	636.41	3.2175	3.3373
1389126685536	1545.18	684.73	1536.02	632.33	3.2046	3.3592
1389126693870	1544.48	683.85	1535.12	628.86	3.2291	3.3761
1389126702203	1536.61	688.10	1536.66	630.96	3.2224	3.3729
1389126710536	1541.94	679.36	1536.30	634.48	3.1841	3.3667
1389126718870	1540.06	684.91	1536.84	640.34	3.2061	3.3802
1389126727203	1540.64	682.10	1533.27	640.92	3.2244	3.3895
1389126735536	1540.11	683.83	1534.18	644.61	3.2089	3.3745
1389126743870	1550.33	691.76	1534.25	634.87	3.2598	3.3769
1389126752203	1536.94	684.84	1529.47	643.07	3.2171	3.4001
1389126760535	1538.85	691.25	1530.43	644.05	3.2421	3.4210
1389126768869	1546.78	689.05	1528.70	630.28	3.2505	3.3818
1389126777202	1537.83	686.93	1535.34	634.52	3.2397	3.3809
1389126785540	1480.39	711.73	1487.04	667.23	3.2017	3.3721
1389126793874	1421.84	743.18	1420.07	744.69	3.1925	3.4212
1389126802207	1428.20	830.18	1405.90	765.08	3.3125	3.4266
1389126810540	1429.95	809.18	1406.89	769.79	3.2689	3.4691
1389126818874	1442.35	801.09	1418.01	757.90	3.2554	3.4730
1389126827207	1433.74	761.09	1415.51	770.98	3.1925	3.4854
1389126835540	1430.51	783.43	1415.80	770.52	3.2152	3.4971
1389126843873	1427.07	791.48	1412.02	773.70	3.2293	3.4789
1389126852206	1426.95	806.24	1405.00	774.05	3.2677	3.4915
1389126860539	1427.19	810.02	1409.51	790.26	3.2757	3.5172
1389126868873	1426.64	800.31	1406.54	785.52	3.2623	3.5436
1389126877206	1430.41	815.99	1406.94	751.77	3.2805	3.4550
1389126885539	1436.08	794.45	1413.37	783.32	3.2494	3.5168
1389126893873	1431.24	812.92	1403.81	785.80	3.2876	3.5350
1389126902206	1417.56	805.14	1409.09	784.17	3.2671	3.5307
1389126910543	1424.93	771.40	1408.15	777.52	3.2281	3.5205
1389126918875	1426.64	754.43	1404.42	770.30	3.1852	3.4829
1389126927209	1428.10	812.32	1406.76	787.64	3.3289	3.5314
1389126935542	1421.59	778.27	1404.17	789.64	3.2697	3.5453
1389126943875	1418.84	805.48	1407.20	781.55	3.3024	3.5152
1389126952209	1428.20	813.67	1407.32	769.72	3.3053	3.5042
1389126960542	1429.53	825.29	1420.10	756.92	3.3281	3.4698
1389126968875	1431.26	821.55	1414.18	777.04	3.3225	3.5322
1389126977209	1420.03	796.77	1412.23	782.02	3.2660	3.5208
1389126985542	1430.49	798.78	1420.29	773.15	3.2399	3.5115
1389126993874	1431.93	810.76	1416.24	788.54	3.2761	3.5359
1389127002208	1422.96	827.17	1408.64	785.01	3.3078	3.5220
1389127010541	1421.17	798.42	1422.03	772.83	3.2285	3.4964
1389127018875	1426.54	803.86	1424.57	765.45	3.2559	3.4799
1389127027208	1421.78	761.46	1411.74	779.22	3.1760	3.5130
1389127035541	1419.37	765.48	1412.23	778.16	3.1793	3.5229
1389127043878	1428.28	791.65	1424.28	787.48	3.2564	3.5341
1389127052212	1422.26	791.35	1425.79	762.46	3.2520	3.4619
1389127060545	1417.64	806.83	1421.10	779.35	3.2675	3.5455
1389127068877	1425.84	748.79	1420.75	777.31	3.1717	3.4797
1389127077211	1421.71	754.43	1417.54	787.48	3.1662	3.5175
1389127085544	1398.70	779.26	1403.65	773.06	3.1956	3.4871
1389127093877	1368.27	791.57	1374.48	785.04	3.2050	3.4805
1389127102211	1381.24	791.44	1376.14	792.17	3.2093	3.4822
1389127110544	1385.96	777.28	1378.33	784.59	3.1922	3.4842
1389127118877	1389.43	768.82	1385.95	786.80	3.1331	3.4670
1389127127211	1383.70	754.77	1386.15	779.03	3.1304	3.5023
1389127135544	1380.95	783.26	1380.74	775.65	3.1812	3.4669
1389127143876	1381.37	758.11	1375.70	781.62	3.1274	3.4508
1389127152210	1384.22	756.95	1385.15	793.96	3.1336	3.4750
1389127160543	1390.63	755.50	1381.75	781.95	3.1098	3.4258
1389127168876	1386.58	781.08	1384.37	797.47	3.1610	3.4622
1389127177216	1387.19	751.81	1380.53	783.39	3.0948	3.4357
1389127185549	1379.43	774.07	1383.61	783.16	3.1507	3.4547
1389127193882	1386.10	746.49	1377.17	787.32	3.1107	3.4464
1389127202216	1384.68	756.70	1380.69	779.60	3.1037	3.4288
1389127210549	1390.78	787.46	1375.05	791.00	3.1680	3.4498
1389127218881	1384.25	783.44	1377.48	784.25	3.1535	3.4409
1389127227215	1388.60	756.24	1379.24	780.86	3.1005	3.4386
1389127235548	1379.60	763.26	1378.99	781.62	3.1017	3.4483
1389127243881	1387.66	785.37	1377.86	782.78	3.1401	3.4494
1389127252215	1388.99	745.94	1378.26	776.17	3.0929	3.4172
1389127260548	1384.80	778.27	1383.07	778.75	3.1597	3.4335
1389127268881	1382.86	755.82	1381.51	770.41	3.1042	3.3918
1389127277215	1382.61	781.39	1380.93	784.05	3.1628	3.4563
1389127285548	1384.14	743.49	1382.01	778.85	3.0939	3.4303
1389127293880	1387.12	766.06	1383.41	784.54	3.1257	3.4774
1389127302214	1390.71	749.68	1386.79	773.88	3.1259	3.4530
1389127310551	1385.80	760.49	1382.12	778.93	3.1149	3.4532
1389127318884	1339.18	736.60	1365.24	741.72	3.1149	3.4320
1389127327218	1286.65	710.64	1302.09	713.61	3.1175	3.4585
1389127335551	1270.17	717.56	1272.60	723.76	3.1158	3.4807
1389127343884	1285.92	712.26	1284.54	726.84	3.1102	3.4575
1389127352218	1292.65	713.17	1283.74	740.23	3.0965	3.5027
1389127360551	1288.86	711.70	1290.85	709.38	3.1076	3.4229
1389127368883	1289.05	707.61	1290.63	722.30	3.0976	3.4412
1389127377217	1283.75	716.04	1281.28	708.18	3.1207	3.4070
1389127385550	1286.47	713.63	1283.75	715.03	3.1214	3.4219
1389127393883	1294.36	703.95	1281.36	687.90	3.1242	3.3605
1389127402217	1284.67	710.03	1283.61	699.22	3.1107	3.4170
1389127410550	1293.81	705.66	1284.16	713.51	3.0977	3.4460
1389127418883	1290.56	719.39	1285.56	729.76	3.1158	3.4626
1389127427217	1288.99	712.89	1289.28	681.68	3.1055	3.3506
1389127435554	1281.50	709.93	1290.08	725.60	3.0836	3.4772
1389127443887	1289.85	706.54	1286.41	737.21	3.0796	3.4619
1389127452220	1297.94	708.70	1278.24	739.03	3.0959	3.4928
1389127460553	1289.03	719.20	1290.73	698.21	3.1132	3.3855
1389127468886	1289.84	712.33	1284.03	683.51	3.0907	3.3518
1389127477220	1290.39	710.89	1284.87	721.35	3.0986	3.4267
1389127485553	1286.21	712.73	1281.59	688.79	3.0910	3.3527
1389127493886	1279.94	706.26	1283.81	689.09	3.0825	3.3656
1389127502219	1293.44	717.80	1288.81	684.16	3.1019	3.3448
1389127510553	1289.77	712.24	1285.57	741.13	3.1003	3.4842
1389127518886	1283.69	714.15	1286.95	703.48	3.1147	3.3781
1389127527219	1289.18	715.88	1294.31	685.13	3.0996	3.3536
1389127535552	1287.18	713.15	1288.74	682.66	3.1143	3.3652
1389127543885	1292.95	716.18	1280.86	735.15	3.1235	3.4727
1389127552219	1289.26	722.45	1291.65	735.30	3.1353	3.4535
1389127560552	1294.10	704.06	1289.68	702.28	3.1093	3.3743
1389127568890	1292.85	702.21	1281.32	728.45	3.1052	3.4355
1389127577224	1286.93	714.83	1293.96	706.52	3.1279	3.3831
1389127585557	1288.59	706.65	1283.38	720.42	3.0822	3.4302
1389127593890	1285.69	710.26	1277.32	693.93	3.0945	3.3341
1389127602222	1293.98	707.73	1285.09	683.83	3.1136	3.3437
1389127610556	1284.96	707.21	1289.12	711.48	3.1161	3.3919
1389127618889	1289.27	708.56	1286.85	688.29	3.1095	3.3690
