t	gaze_point_LX	gaze_point_LY	gaze_point_RX	gaze_point_RY	pupil_diameter_L	pupil_diameter_R
1389071451014	1620.22	968.38	1614.91	969.93	3.3325	3.5090
1389071459346	1623.22	947.11	1613.56	967.01	3.2950	3.5542
1389071467685	1624.01	966.37	1609.69	954.15	3.3390	3.5317
1389071476018	1623.40	959.17	1609.98	956.75	3.3266	3.5254
1389071484352	1622.99	951.54	1618.82	947.76	3.3010	3.5087
1389071492685	1628.58	964.00	1616.36	947.76	3.3246	3.4991
1389071501019	1622.58	971.31	1611.91	950.70	3.3533	3.5037
1389071509352	1622.12	954.87	1614.81	936.21	3.3047	3.4455
1389071517685	1608.70	965.05	1600.41	955.39	3.3563	3.5319
1389071526019	1624.02	953.77	1604.59	977.39	3.3075	3.5515
1389071534352	1617.43	977.64	1608.10	968.02	3.3340	3.5103
1389071542685	1620.01	935.43	1586.13	929.40	3.2619	3.5587
1389071551018	1635.99	1091.94	1600.82	1019.44	3.2801	3.3996
1389071559351	NaN	NaN	NaN	NaN	NaN	NaN
1389071567685	NaN	NaN	NaN	NaN	NaN	NaN
1389071576016	NaN	NaN	NaN	NaN	NaN	NaN
1389071584350	NaN	NaN	NaN	NaN	NaN	NaN
1389071592683	NaN	NaN	NaN	NaN	NaN	NaN
1389071601021	NaN	NaN	NaN	NaN	NaN	NaN
1389071609355	NaN	NaN	NaN	NaN	NaN	NaN
1389071617689	NaN	NaN	NaN	NaN	NaN	NaN
1389071626021	NaN	NaN	NaN	NaN	NaN	NaN
1389071634355	NaN	NaN	NaN	NaN	NaN	NaN
1389071642689	NaN	NaN	NaN	NaN	NaN	NaN
1389071651021	NaN	NaN	NaN	NaN	NaN	NaN
1389071659354	NaN	NaN	NaN	NaN	NaN	NaN
1389071667688	NaN	NaN	NaN	NaN	NaN	NaN
1389071676020	NaN	NaN	NaN	NaN	NaN	NaN
1389071684354	NaN	NaN	NaN	NaN	NaN	NaN
1389071692687	NaN	NaN	1348.79	965.80	NaN	3.5358
1389071701021	1358.81	968.60	1354.31	833.29	3.2506	3.5193
1389071709354	1364.10	858.88	1345.39	778.45	3.3363	3.6075
1389071717688	1348.83	798.00	1348.25	719.49	3.3220	3.6086
1389071726021	1350.91	789.44	1337.59	768.61	3.3802	3.6205
1389071734357	1351.91	744.63	1341.04	813.94	3.3279	3.6076
1389071742690	1350.95	782.20	1331.56	820.87	3.3493	3.6184
1389071751024	1360.88	841.79	1330.97	815.67	3.4006	3.6095
1389071759357	1363.20	834.91	1327.70	817.22	3.3745	3.6302
1389071767690	1355.96	835.64	1335.98	823.84	3.3886	3.6570
1389071776024	1362.90	835.48	1330.79	819.89	3.4035	3.6349
1389071784357	1365.32	830.59	1338.42	809.06	3.3947	3.6186
1389071792690	1366.69	828.32	1325.32	809.02	3.4102	3.6121
1389071801023	1360.14	841.03	1330.45	812.29	3.3986	3.6427
1389071809356	1363.33	843.04	1327.07	799.95	3.4181	3.6056
1389071817689	1355.83	837.58	1330.89	817.06	3.3931	3.6722
1389071826023	1358.26	841.36	1333.91	804.04	3.4093	3.6207
1389071834356	1356.18	838.77	1336.52	804.36	3.3993	3.6529
1389071842689	1354.28	841.46	1339.64	783.13	3.4262	3.5931
1389071851023	1355.68	827.57	1335.58	805.91	3.3857	3.6406
1389071859361	1359.34	824.81	1339.07	803.87	3.4034	3.6500
1389071867695	1361.71	830.14	1343.78	809.20	3.4185	3.6502
1389071876026	1361.81	830.65	1344.16	801.65	3.4237	3.6314
1389071884360	1365.75	823.75	1339.53	817.43	3.3991	3.6464
1389071892693	1362.76	815.10	1332.52	811.68	3.3879	3.6630
1389071901026	1353.76	826.04	1341.43	803.98	3.4315	3.6384
1389071909360	1356.60	827.13	1342.38	815.41	3.4339	3.6624
1389071917693	1356.12	839.41	1344.60	811.23	3.4440	3.6674
1389071926026	1357.06	837.20	1340.13	801.32	3.4160	3.6445
1389071934360	1355.79	845.56	1338.29	790.89	3.4364	3.6073
1389071942692	1361.52	844.18	1340.56	800.33	3.4510	3.6452
1389071951026	1349.63	847.35	1342.67	800.58	3.4410	3.6574
1389071959359	1308.71	836.84	1294.87	778.57	3.4833	3.6587
1389071967692	1292.20	823.32	1276.47	778.23	3.4488	3.6830
1389071976026	1305.23	814.39	1284.56	786.34	3.4521	3.6937
1389071984358	1310.71	811.64	1288.31	775.08	3.4539	3.6727
1389071992696	1310.26	799.10	1292.93	785.59	3.4311	3.6929
1389072001029	1298.40	811.21	1284.97	782.97	3.4577	3.7180
1389072009362	1313.39	813.86	1281.10	778.95	3.4826	3.6901
1389072017696	1312.17	789.03	1279.89	780.98	3.4189	3.7076
1389072026030	1309.26	785.36	1285.20	772.03	3.4216	3.6927
1389072034363	1309.95	811.95	1283.28	791.80	3.4876	3.7062
1389072042696	1306.56	808.81	1282.97	783.38	3.4700	3.7167
1389072051028	1310.37	813.21	1287.32	778.84	3.4617	3.7227
1389072059361	1300.82	816.74	1286.59	772.10	3.4756	3.6902
1389072067695	1306.93	820.49	1283.08	765.81	3.4608	3.6837
1389072076029	1313.50	820.80	1287.51	757.84	3.4514	3.6662
1389072084362	1301.90	824.54	1293.12	775.27	3.4402	3.7162
1389072092695	1306.98	813.71	1287.39	781.80	3.4513	3.7070
1389072101028	1302.33	823.09	1288.25	770.05	3.4530	3.7027
1389072109362	1308.20	815.48	1282.69	773.87	3.4280	3.6974
1389072117695	1311.61	813.70	1286.05	776.05	3.4227	3.6886
1389072126034	1309.06	820.18	1291.76	772.80	3.4430	3.6798
1389072134366	1298.57	811.09	1284.84	783.66	3.4246	3.6905
1389072142700	1297.85	800.79	1291.51	778.77	3.4057	3.6869
1389072151034	1303.47	806.53	1289.80	783.21	3.4242	3.6788
1389072159367	1301.84	783.83	1290.52	791.56	3.3591	3.7198
1389072167700	1304.91	811.81	1289.69	789.88	3.4172	3.7031
1389072176033	1297.47	774.25	1288.43	782.88	3.3249	3.6738
1389072184367	1305.55	792.21	1292.50	780.19	3.3713	3.6647
1389072192700	1301.00	793.36	1287.83	772.62	3.3395	3.6572
1389072201034	1308.66	818.88	1287.09	778.02	3.3986	3.6902
1389072209365	1315.28	813.51	1284.88	784.50	3.3811	3.6738
1389072217699	1311.23	803.78	1282.35	778.24	3.3523	3.6680
1389072226033	1306.27	819.77	1287.51	775.94	3.4019	3.6458
1389072234366	1305.31	808.35	1284.85	779.67	3.3661	3.6785
1389072242699	1314.33	806.18	1289.94	779.37	3.3739	3.6420
1389072251032	1313.26	806.78	1292.92	776.66	3.3624	3.6548
1389072259368	1307.51	783.66	1291.76	780.84	3.2953	3.6542
1389072267702	1309.24	816.23	1291.86	739.61	3.3674	3.5743
1389072276035	1301.47	774.08	1283.85	781.28	3.2889	3.6567
1389072284369	1294.69	793.14	1292.45	761.62	3.3238	3.5976
1389072292701	1268.07	777.95	1271.60	773.10	3.3220	3.6630
1389072301035	1270.00	765.89	1276.73	767.18	3.3071	3.6472
1389072309367	1289.50	749.68	1274.08	755.33	3.2625	3.6357
1389072317701	1290.57	758.14	1270.79	754.69	3.2868	3.6211
1389072326034	1285.60	783.80	1268.90	771.60	3.3304	3.6531
1389072334367	1276.10	729.14	1265.94	768.07	3.1850	3.6504
1389072342701	1278.13	748.62	1267.09	774.33	3.2142	3.6421
1389072351033	1287.19	767.37	1267.27	753.30	3.2930	3.6113
1389072359367	1291.25	786.72	1278.45	763.85	3.3394	3.6203
1389072367700	1280.81	753.82	1272.34	768.83	3.2664	3.6414
1389072376033	1279.90	756.57	1267.38	765.94	3.2753	3.6258
1389072384369	1281.60	775.65	1273.55	768.15	3.3029	3.6315
1389072392702	1290.12	780.78	1264.20	768.97	3.3114	3.6561
1389072401035	1290.73	780.47	1268.48	763.16	3.3134	3.6386
1389072409368	1281.50	751.24	1261.09	763.72	3.2313	3.6412
1389072417701	1279.48	779.03	1266.03	768.14	3.2986	3.6545
1389072426034	1276.13	741.31	1268.73	759.98	3.2345	3.6181
1389072434367	1281.79	731.35	1269.73	762.33	3.2274	3.6173
1389072442701	1286.88	736.80	1267.00	759.24	3.2324	3.6412
1389072451033	1282.99	738.71	1267.15	765.96	3.2503	3.6313
1389072459366	1281.55	769.69	1268.69	757.56	3.3041	3.6361
1389072467700	1290.23	732.33	1264.00	763.93	3.2225	3.6372
1389072476033	1288.99	736.19	1267.00	758.25	3.2143	3.6263
1389072484367	1274.05	776.61	1270.46	758.71	3.2974	3.6218
1389072492700	1287.77	771.41	1269.98	760.50	3.2843	3.6260
1389072501033	1287.77	780.33	1262.78	760.49	3.3448	3.6485
1389072509366	1287.48	772.10	1273.28	761.01	3.3078	3.6266
1389072517705	1292.52	765.49	1269.16	771.85	3.3160	3.6460
1389072526038	1290.04	761.10	1268.66	763.38	3.2797	3.6220
1389072534371	1280.94	751.95	1267.36	763.94	3.2716	3.6332
1389072542704	1287.72	778.55	1266.35	762.94	3.3318	3.6327
1389072551037	1286.64	754.01	1270.02	763.01	3.2926	3.6376
1389072559370	1287.51	731.52	1265.64	752.54	3.2288	3.6055
1389072567704	1283.72	730.92	1266.29	757.68	3.2525	3.6379
1389072576037	1283.37	759.24	1258.38	760.94	3.2945	3.6200
1389072584371	1284.68	727.74	1263.41	761.77	3.2444	3.6542
1389072592703	1288.60	748.71	1276.67	756.49	3.2957	3.6446
1389072601037	1290.18	748.67	1267.24	758.21	3.2762	3.6354
1389072609370	1285.08	734.43	1264.32	769.73	3.2336	3.6735
1389072617703	1289.18	770.37	1273.22	757.37	3.3242	3.6258
1389072626036	1281.32	782.01	1270.76	752.81	3.3371	3.6112
1389072634369	1290.99	760.61	1266.90	757.72	3.2823	3.6153
1389072642703	1283.23	772.25	1265.40	757.76	3.3492	3.6270
1389072651043	1289.95	767.96	1281.57	759.28	3.3253	3.6345
1389072659377	1276.32	765.78	1265.13	763.63	3.3238	3.6377
1389072667710	1292.91	768.99	1272.38	758.48	3.3243	3.6443
1389072676043	1282.88	766.18	1267.96	761.92	3.3404	3.6453
1389072684376	1290.22	770.55	1276.16	770.80	3.3571	3.6667
1389072692709	1283.30	750.23	1264.50	771.11	3.3221	3.6557
1389072701042	1288.64	765.51	1270.19	759.15	3.3270	3.6406
1389072709375	1285.33	769.76	1273.97	767.13	3.3348	3.6575
1389072717709	1286.67	759.89	1265.33	756.97	3.3069	3.6139
1389072726042	1289.68	783.94	1268.47	762.32	3.3654	3.6679
1389072734376	1279.94	775.44	1275.06	763.81	3.3373	3.6373
1389072742709	1286.97	759.16	1274.23	759.90	3.3001	3.6451
1389072751042	1289.80	780.43	1272.53	759.10	3.3431	3.6404
1389072759376	1282.27	773.02	1275.65	758.07	3.3172	3.6215
1389072767707	1286.52	772.05	1269.98	757.61	3.3402	3.6345
1389072776041	1283.00	743.69	1276.98	755.25	3.2866	3.6223
1389072784378	1276.14	753.82	1270.02	765.05	3.3118	3.6353
1389072792711	1285.08	757.01	1275.34	748.29	3.3378	3.6213
1389072801045	1278.24	738.80	1277.58	749.06	3.2619	3.6213
1389072809378	1288.42	779.34	1274.20	762.94	3.3513	3.6271
1389072817712	1284.07	786.36	1267.09	753.45	3.3596	3.6471
1389072826044	1286.22	790.67	1273.90	759.65	3.3829	3.6429
1389072834377	1289.68	754.94	1274.25	752.72	3.2971	3.6150
1389072842711	1293.39	758.91	1280.55	757.62	3.3341	3.6130
1389072851043	1288.57	753.22	1278.49	762.00	3.3182	3.6398
1389072859377	1284.09	771.15	1276.42	748.02	3.3487	3.6207
1389072867710	1279.96	752.31	1276.61	761.44	3.3219	3.6557
1389072876043	1284.51	742.66	1279.12	760.98	3.2766	3.6241
1389072884377	1294.99	759.51	1277.62	766.89	3.3318	3.6645
1389072892709	1291.51	774.71	1279.73	711.51	3.3954	3.5640
1389072901043	1286.57	735.91	1275.97	760.15	3.2893	3.6454
1389072909381	1288.22	760.75	1278.79	769.88	3.3529	3.6699
1389072917714	1282.93	745.73	1276.82	765.70	3.2922	3.6714
1389072926047	1283.20	740.58	1277.97	749.38	3.3012	3.6216
1389072934380	1287.38	753.09	1290.72	754.10	3.3144	3.6411
1389072942714	1286.61	753.42	1277.45	761.43	3.2904	3.6474
1389072951047	1285.35	741.40	1276.31	758.87	3.2913	3.6474
1389072959380	1285.91	749.14	1282.46	767.18	3.3184	3.6648
1389072967714	1278.30	754.39	1274.45	757.90	3.3395	3.6526
1389072976047	1287.20	745.30	1275.11	761.96	3.3164	3.6636
1389072984380	1288.47	779.92	1272.72	759.11	3.3985	3.6604
1389072992714	1291.02	776.80	1285.12	759.94	3.3883	3.6498
1389073001047	1278.04	757.98	1282.59	763.56	3.3075	3.6570
1389073009379	1287.53	744.90	1277.56	768.10	3.3081	3.7083
1389073017712	1283.43	782.95	1277.38	757.46	3.3656	3.6674
1389073026046	1284.11	788.63	1279.44	749.94	3.4115	3.6560
1389073034379	1285.24	779.76	1277.34	747.09	3.3884	3.6538
1389073042717	1282.63	770.68	1280.12	767.88	3.3721	3.7023
1389073051051	1275.89	756.19	1284.06	745.92	3.3455	3.6427
1389073059384	1278.63	745.70	1277.37	746.17	3.3245	3.6696
1389073067718	1279.15	746.77	1285.93	758.02	3.3139	3.6749
1389073076051	1286.46	759.77	1285.30	746.39	3.3516	3.6459
1389073084384	1280.95	773.81	1281.40	761.60	3.3773	3.6948
1389073092717	1283.76	787.03	1282.96	755.39	3.4138	3.7074
1389073101050	1282.86	775.05	1276.68	745.45	3.3872	3.6941
1389073109383	1293.96	783.94	1278.26	757.92	3.4107	3.7102
1389073117717	1284.02	761.33	1276.06	749.53	3.3521	3.6920
1389073126049	1288.46	792.83	1279.70	758.31	3.4151	3.6839
1389073134383	1289.12	780.79	1276.49	761.85	3.4155	3.7187
1389073142716	1292.53	776.42	1275.03	764.56	3.4011	3.7136
1389073151050	1292.80	795.70	1281.16	768.27	3.4325	3.7109
1389073159383	1291.38	794.88	1274.68	756.05	3.4342	3.6965
1389073167715	1286.86	783.47	1273.14	761.22	3.4185	3.6925
1389073176054	1288.90	775.38	1274.68	754.85	3.4156	3.7012
1389073184387	1292.71	801.31	1280.93	760.67	3.4601	3.7241
1389073192721	1295.94	805.05	1282.52	751.00	3.4598	3.7151
1389073201054	1293.08	772.28	1281.69	749.45	3.4166	3.6863
1389073209387	1288.87	781.78	1272.34	761.44	3.4461	3.7250
1389073217721	1289.83	773.00	1281.61	757.97	3.4277	3.7265
1389073226053	1291.69	778.00	1272.12	761.52	3.4640	3.7323
1389073234387	1292.58	755.60	1280.32	751.42	3.4186	3.7018
1389073242721	1292.29	761.48	1282.48	754.71	3.4266	3.6993
1389073251053	1285.12	776.37	1286.02	753.54	3.4529	3.7345
1389073259386	1293.56	766.33	1276.26	757.16	3.4427	3.7499
1389073267719	1281.95	779.08	1277.77	760.01	3.4419	3.7178
1389073276053	1279.94	791.64	1265.48	760.45	3.4776	3.7160
1389073284386	1275.78	785.35	1268.35	758.39	3.4601	3.6974
1389073292719	1284.69	786.45	1263.60	765.65	3.4484	3.7196
1389073301056	1287.04	806.79	1274.20	758.34	3.4888	3.7171
1389073309389	1280.90	793.69	1268.04	757.08	3.4772	3.7032
1389073317723	1281.82	798.22	1266.85	756.74	3.4680	3.7126
1389073326055	1282.40	795.02	1275.26	764.64	3.4678	3.7189
1389073334388	1288.22	776.46	1275.07	759.59	3.4345	3.6951
1389073342721	1281.39	804.00	1263.18	765.90	3.4734	3.7352
1389073351054	1278.71	799.04	1265.91	760.35	3.4684	3.7378
1389073359388	1278.69	774.74	1269.04	760.92	3.4243	3.7323
1389073367721	1286.05	744.05	1265.94	732.63	3.4312	3.7286
1389073376054	NaN	NaN	NaN	NaN	NaN	NaN
1389073384388	NaN	NaN	NaN	NaN	NaN	NaN
1389073392721	NaN	NaN	NaN	NaN	NaN	NaN
1389073401054	NaN	NaN	NaN	NaN	NaN	NaN
1389073409387	NaN	NaN	NaN	NaN	NaN	NaN
1389073417720	NaN	NaN	NaN	NaN	NaN	NaN
1389073426053	NaN	NaN	NaN	NaN	NaN	NaN
1389073434393	NaN	NaN	NaN	NaN	NaN	NaN
1389073442727	NaN	NaN	NaN	NaN	NaN	NaN
1389073451060	NaN	NaN	NaN	NaN	NaN	NaN
1389073459393	NaN	NaN	NaN	NaN	NaN	NaN
1389073467727	NaN	NaN	NaN	NaN	NaN	NaN
1389073476059	NaN	NaN	NaN	NaN	NaN	NaN
1389073484393	NaN	NaN	NaN	NaN	NaN	NaN
1389073492725	NaN	NaN	NaN	NaN	NaN	NaN
1389073501059	NaN	NaN	1219.74	1044.76	NaN	3.4750
1389073509392	1302.36	937.25	NaN	NaN	3.0558	NaN
1389073517725	1308.27	965.30	1280.95	846.13	3.3412	3.5636
1389073526059	1302.77	895.50	1282.25	800.65	3.3698	3.6718
1389073534392	1292.81	841.08	1284.20	756.94	3.3945	3.7019
1389073542725	1286.96	775.75	1280.12	710.21	3.3517	3.7207
1389073551059	1285.09	706.69	1272.39	694.34	3.3131	3.7258
1389073559392	1276.78	701.27	1273.70	726.24	3.3378	3.6720
1389073567732	1284.84	744.08	1278.95	729.16	3.3416	3.6438
1389073576066	1282.25	786.50	1283.14	786.09	3.4052	3.7238
1389073584399	1287.13	814.48	1274.00	789.52	3.4278	3.7421
1389073592732	1294.38	805.71	1278.29	779.95	3.4161	3.7370
1389073601066	1298.62	804.68	1272.20	770.61	3.4048	3.7064
1389073609398	1290.47	798.00	1273.35	767.23	3.4259	3.7303
1389073617732	1289.47	788.10	1271.37	765.67	3.3832	3.7285
1389073626066	1285.46	772.37	1280.22	763.90	3.3781	3.7176
1389073634399	1289.57	774.77	1280.40	766.04	3.3823	3.7399
1389073642732	1283.78	752.86	1273.51	765.51	3.3737	3.7377
1389073651064	1287.09	782.76	1275.20	763.27	3.4410	3.7364
1389073659398	1290.44	762.62	1273.31	763.72	3.3734	3.7268
1389073667731	1276.68	780.08	1270.89	768.72	3.4351	3.7439
1389073676065	1293.25	772.45	1271.51	769.95	3.4221	3.7840
1389073684397	1287.05	750.21	1278.95	755.98	3.3667	3.7256
1389073692731	1289.59	777.05	1282.46	761.50	3.4292	3.7453
1389073701066	1287.66	784.57	1269.55	758.09	3.4292	3.7161
1389073709398	1280.50	791.26	1270.56	774.85	3.4360	3.7516
1389073717732	1282.88	804.33	1266.15	764.52	3.4700	3.7558
1389073726065	1284.62	809.54	1275.85	772.98	3.4658	3.7786
1389073734398	1279.89	767.31	1269.98	764.57	3.3727	3.7713
1389073742731	1288.95	798.84	1275.31	764.85	3.4358	3.7559
1389073751065	1282.74	789.15	1263.58	750.80	3.4392	3.7236
1389073759398	1283.87	805.49	1264.68	757.35	3.5014	3.7492
1389073767731	1276.61	784.10	1265.20	782.49	3.4422	3.7966
1389073776065	1284.21	788.46	1262.71	762.62	3.4400	3.7448
1389073784398	1280.17	791.48	1265.08	766.82	3.4471	3.7518
1389073792731	1278.68	781.17	1271.86	759.31	3.4139	3.7372
1389073801064	1275.22	781.83	1271.39	760.39	3.4266	3.7413
1389073809397	1282.48	786.55	1274.44	763.07	3.4210	3.7540
1389073817730	1283.76	795.86	1269.60	761.25	3.4632	3.7529
1389073826070	1283.89	768.91	1270.38	768.22	3.3772	3.7627
1389073834402	1281.54	797.20	1272.14	767.73	3.4266	3.7768
1389073842736	1285.40	817.37	1274.75	760.91	3.4676	3.7511
1389073851069	1274.05	810.47	1270.14	752.82	3.4302	3.7174
1389073859403	1280.85	797.58	1265.20	760.98	3.4168	3.7351
1389073867736	1280.15	797.56	1267.03	754.08	3.4183	3.7292
1389073876069	1284.17	805.26	1273.82	761.31	3.4218	3.7334
1389073884401	1281.90	798.63	1261.61	761.72	3.3967	3.7410
1389073892735	1273.64	765.22	1257.83	748.50	3.3607	3.7097
1389073901068	1273.09	769.51	1262.12	748.86	3.3490	3.7385
1389073909401	1272.97	747.44	1265.98	760.07	3.3086	3.7027
1389073917735	1278.65	755.05	1272.44	757.05	3.3152	3.7073
1389073926069	1274.74	741.71	1275.92	759.21	3.2934	3.7239
1389073934402	1277.78	777.49	1276.81	765.14	3.3659	3.7088
1389073942735	1277.16	748.27	1275.21	761.36	3.2806	3.7030
1389073951068	1282.18	779.07	1274.26	770.52	3.3337	3.7121
1389073959405	1274.96	770.71	1269.91	761.26	3.3138	3.6967
1389073967738	1280.13	806.59	1268.00	762.42	3.3923	3.6871
1389073976071	1276.78	769.12	1266.02	761.26	3.2796	3.7041
1389073984404	1281.66	801.58	1264.07	758.02	3.3717	3.7000
1389073992738	1289.91	783.81	1264.24	762.97	3.3362	3.6916
1389074001071	1287.51	770.49	1272.18	757.86	3.3086	3.6831
1389074009404	1287.08	776.77	1271.22	766.37	3.3114	3.6729
1389074017738	1288.90	779.37	1273.83	762.57	3.3229	3.6756
1389074026071	1284.13	743.95	1280.16	764.08	3.2644	3.6758
1389074034405	1280.79	741.81	1273.99	756.44	3.2580	3.6632
1389074042738	1280.59	722.88	1270.16	766.07	3.2189	3.6734
1389074051070	1279.11	718.73	1267.42	767.91	3.2048	3.6862
1389074059404	1283.37	759.44	1270.56	764.46	3.3175	3.6586
1389074067737	1280.28	733.72	1277.76	760.79	3.2421	3.6640
1389074076070	1283.06	728.02	1270.22	763.58	3.2204	3.6706
1389074084404	1284.86	727.53	1273.81	763.67	3.2351	3.6514
1389074092741	1281.50	716.60	1276.07	770.25	3.1931	3.6521
1389074101074	1293.31	728.87	1269.74	767.95	3.2175	3.6590
1389074109408	1294.76	775.19	1268.50	770.04	3.3026	3.6579
1389074117741	1283.56	770.07	1276.76	755.91	3.2865	3.6512
1389074126073	1284.65	751.79	1272.39	754.69	3.2422	3.6392
1389074134406	1286.05	726.28	1271.42	761.04	3.1850	3.6824
1389074142740	1287.16	762.69	1276.43	764.96	3.2634	3.6608
1389074151073	1291.12	710.46	1266.88	760.58	3.1857	3.6237
1389074159407	1286.71	717.36	1270.08	763.39	3.2011	3.6511
1389074167740	1285.92	714.38	1273.68	753.83	3.2080	3.6298
1389074176073	1275.04	733.33	1273.85	769.18	3.2646	3.6721
1389074184407	1279.58	734.05	1267.28	768.82	3.2626	3.6889
1389074192740	1290.75	720.17	1271.52	754.28	3.2416	3.6551
1389074201073	1284.36	707.50	1269.04	766.59	3.2043	3.6729
1389074209406	1290.59	731.40	1275.12	759.84	3.2273	3.6516
1389074217738	1280.50	729.69	1270.62	761.00	3.2134	3.6790
1389074226075	1282.03	768.72	1275.28	761.24	3.2694	3.6564
1389074234409	1282.30	734.07	1275.35	756.93	3.2082	3.6460
1389074242742	1285.29	764.49	1271.86	755.04	3.2673	3.6898
1389074251075	1284.17	725.99	1275.09	754.00	3.1954	3.6543
1389074259408	1281.21	739.58	1266.50	752.97	3.2240	3.6596
1389074267742	1283.03	735.33	1270.03	754.20	3.2144	3.6676
1389074276075	1288.47	747.70	1275.33	757.84	3.2519	3.6702
1389074284408	1277.77	716.33	1268.95	749.78	3.2046	3.6383
1389074292741	1283.65	716.96	1276.65	772.57	3.2121	3.6851
1389074301074	1284.71	711.77	1270.92	761.85	3.2149	3.6658
1389074309408	1285.43	724.38	1277.49	757.79	3.2325	3.6402
1389074317741	1283.80	732.66	1270.69	754.94	3.2578	3.6457
1389074326074	1284.18	756.58	1268.72	757.66	3.2585	3.6256
1389074334407	1290.69	788.82	1274.10	765.42	3.3043	3.6543
1389074342740	1290.52	760.73	1274.97	746.83	3.2538	3.6011
1389074351080	1288.57	765.62	1270.93	762.62	3.2568	3.6336
1389074359413	1290.09	763.94	1272.58	752.41	3.2405	3.5723
1389074367746	1285.37	737.22	1272.95	759.58	3.1801	3.5838
1389074376079	1285.40	739.63	1276.85	765.18	3.1803	3.5966
1389074384412	1295.43	722.65	1277.75	757.66	3.1662	3.5813
1389074392745	1267.17	719.96	1258.23	759.05	3.1594	3.5766
1389074401079	1210.33	717.21	1224.35	721.75	3.1819	3.5407
1389074409412	1183.44	713.88	1204.39	730.07	3.1705	3.5831
1389074417746	1198.40	701.59	1202.80	709.04	3.1480	3.4783
1389074426079	1194.96	698.63	1205.94	732.23	3.1226	3.5280
1389074434412	1201.31	694.35	1205.99	735.17	3.1121	3.5484
1389074442745	1200.94	697.42	1201.04	729.81	3.1260	3.5134
1389074451078	1198.03	704.65	1199.71	719.20	3.1146	3.4816
1389074459412	1200.57	708.87	1200.44	710.22	3.1011	3.4632
1389074467745	1194.35	707.83	1209.21	704.32	3.1003	3.4732
1389074476078	1193.48	704.50	1200.44	689.15	3.0934	3.3949
1389074484416	1190.04	709.88	1195.89	723.02	3.0911	3.4632
1389074492749	1192.71	702.10	1203.08	687.61	3.0902	3.4043
1389074501083	1192.86	690.70	1201.63	697.40	3.0703	3.4044
1389074509417	1190.48	717.46	1198.32	698.00	3.0885	3.4172
1389074517749	1189.91	716.32	1196.78	678.28	3.0746	3.3493
1389074526082	1193.59	705.85	1199.37	703.81	3.0560	3.4071
1389074534415	1196.95	716.41	1205.36	691.59	3.0545	3.3569
1389074542749	1188.76	705.06	1199.97	687.01	3.0458	3.3385
1389074551082	1204.86	708.59	1200.34	733.21	3.0494	3.4598
1389074559415	1194.09	704.94	1190.03	656.35	3.0505	3.2827
1389074567749	1137.90	695.31	1146.64	703.06	3.0652	3.3793
1389074576082	1116.52	698.98	1124.75	693.11	3.0441	3.3510
1389074584415	1129.06	700.25	1138.04	660.90	3.0349	3.2529
1389074592749	1130.62	705.81	1140.90	697.23	3.0132	3.3451
1389074601082	1125.81	704.20	1139.54	718.19	3.0241	3.3708
1389074609414	1127.18	703.49	1128.14	705.90	3.0018	3.3499
1389074617752	1120.29	714.01	1125.33	705.93	3.0141	3.3511
1389074626086	1129.63	725.40	1123.53	654.04	3.0349	3.2587
1389074634419	1130.66	716.24	1124.36	666.08	3.0013	3.2842
1389074642752	1127.29	718.53	1127.25	673.45	3.0201	3.2789
1389074651086	1130.31	712.88	1127.18	679.37	3.0286	3.2988
1389074659419	1125.46	703.59	1124.79	661.32	3.0301	3.2729
1389074667752	1126.83	701.40	1133.43	660.87	3.0136	3.2553
1389074676086	1124.69	709.14	1121.70	683.04	3.0221	3.2946
1389074684418	1122.96	706.65	1136.09	683.59	2.9936	3.3089
1389074692751	1122.39	702.78	1130.66	668.68	3.0255	3.2502
1389074701084	1116.61	704.25	1133.49	671.04	3.0166	3.2784
1389074709418	1120.88	702.80	1132.94	662.25	2.9931	3.2605
1389074717752	1119.40	703.85	1129.08	686.50	2.9820	3.3065
1389074726085	1119.77	699.74	1130.31	671.01	3.0135	3.2594
1389074734418	1123.78	696.95	1127.34	661.24	3.0007	3.2204
1389074742758	1124.49	693.57	1132.65	675.78	2.9819	3.2906
1389074751091	1132.13	700.94	1127.60	694.56	2.9879	3.3093
1389074759424	1124.56	709.31	1130.88	674.94	2.9757	3.2499
1389074767757	1078.60	692.82	1085.32	646.52	3.0087	3.2526
1389074776090	982.20	670.71	1017.04	611.89	3.0453	3.3068
1389074784423	927.87	648.85	960.98	591.40	3.0149	3.3093
1389074792757	894.61	644.06	901.99	576.87	3.0178	3.2964
1389074801090	906.90	638.49	896.83	582.88	3.0062	3.2996
1389074809423	918.72	639.90	919.03	582.88	3.0091	3.2997
1389074817756	909.52	640.16	899.79	581.23	3.0173	3.3300
1389074826089	914.48	644.07	905.69	581.79	3.0141	3.3047
1389074834423	913.97	630.97	916.44	579.02	3.0078	3.3161
1389074842756	904.67	626.66	903.53	580.63	3.0259	3.3160
1389074851088	914.15	631.49	903.95	582.11	3.0261	3.2936
1389074859422	907.92	633.38	905.47	579.55	3.0235	3.2879
1389074867755	915.59	625.49	913.87	581.36	2.9994	3.3195
1389074876093	913.74	624.84	904.44	585.15	3.0093	3.2883
1389074884426	911.88	623.95	908.50	587.89	3.0030	3.3150
1389074892759	913.50	627.16	902.68	584.16	3.0214	3.2840
1389074901092	919.19	630.85	902.76	578.94	3.0226	3.3012
1389074909426	922.07	628.26	898.76	577.95	3.0234	3.2901
1389074917760	916.54	628.35	904.31	585.42	3.0104	3.3053
1389074926092	913.09	629.21	900.67	573.68	3.0389	3.2795
1389074934425	912.36	624.38	904.03	577.25	3.0347	3.3078
1389074942758	909.05	614.83	899.70	584.17	3.0393	3.3154
1389074951091	910.37	610.93	895.58	582.42	3.0220	3.3127
1389074959425	911.58	619.91	902.15	577.27	3.0239	3.2969
1389074967759	911.07	623.97	900.74	577.53	3.0369	3.2866
1389074976091	914.28	625.83	905.85	581.19	3.0327	3.3078
1389074984425	909.47	626.80	906.09	570.92	3.0529	3.2943
1389074992758	917.13	624.88	899.71	579.84	3.0296	3.2915
1389075001091	912.96	630.50	897.03	575.36	3.0251	3.2875
1389075009428	910.29	627.18	896.94	585.02	3.0185	3.2892
1389075017761	923.07	628.01	894.27	585.21	3.0044	3.3236
1389075026094	914.46	627.88	897.83	576.55	3.0277	3.3028
1389075034428	923.38	631.90	904.52	577.94	3.0114	3.2778
1389075042761	919.02	637.39	898.96	580.00	3.0190	3.3008
1389075051095	917.54	619.12	908.46	573.13	3.0093	3.2710
1389075059428	908.61	640.19	897.30	572.47	3.0624	3.3049
1389075067761	884.11	628.07	886.56	590.31	3.0394	3.3225
1389075076094	898.83	617.61	884.41	595.17	3.0261	3.3015
1389075084427	887.76	610.87	889.17	586.34	3.0116	3.2784
1389075092760	890.69	615.32	888.85	592.64	3.0086	3.3064
1389075101094	894.82	617.68	884.79	583.82	3.0455	3.2827
1389075109427	891.71	616.70	877.28	582.23	3.0342	3.3013
1389075117760	893.01	621.25	882.60	582.40	3.0403	3.2943
1389075126093	897.14	621.88	874.79	584.54	3.0386	3.2743
1389075134427	901.42	638.08	877.83	584.50	3.0281	3.2828
1389075142765	900.52	631.22	876.31	583.03	3.0070	3.2631
1389075151099	901.82	631.91	880.85	579.48	3.0216	3.2939
1389075159432	893.23	631.00	881.36	576.83	3.0146	3.2843
1389075167764	895.56	633.33	879.74	578.90	3.0425	3.3096
1389075176097	894.81	628.18	883.81	586.36	3.0346	3.3007
1389075184431	893.39	624.02	874.59	576.76	3.0406	3.2783
1389075192764	893.98	616.59	887.11	585.38	3.0248	3.2846
1389075201097	888.90	621.46	877.95	587.05	3.0397	3.3042
1389075209431	889.31	621.00	881.00	582.83	3.0298	3.3024
1389075217764	894.29	629.81	889.76	585.74	3.0543	3.3118
1389075226098	896.42	626.84	885.69	575.61	3.0454	3.3103
1389075234431	896.95	631.11	882.77	576.15	3.0433	3.3094
1389075242763	900.74	630.95	880.18	587.30	3.0254	3.2936
1389075251096	895.74	630.83	884.95	565.38	3.0357	3.3085
1389075259429	902.70	635.66	880.24	582.95	3.0295	3.3098
1389075267764	896.00	639.81	882.90	588.96	3.0456	3.3369
1389075276098	894.18	638.69	887.28	583.98	3.0444	3.3350
1389075284431	901.45	625.17	887.93	590.75	3.0579	3.3049
1389075292764	897.73	623.08	879.37	571.25	3.0383	3.3251
1389075301097	893.41	627.60	888.77	580.27	3.0387	3.3152
1389075309431	894.53	624.15	881.99	586.24	3.0375	3.3342
1389075317764	892.60	614.29	882.54	589.33	3.0604	3.3358
1389075326096	894.31	619.06	883.59	586.12	3.0557	3.3091
1389075334429	892.60	619.56	878.13	579.60	3.0621	3.2952
1389075342763	889.53	616.96	876.02	586.12	3.0480	3.3288
1389075351097	891.36	624.00	888.97	585.57	3.0600	3.3373
1389075359430	888.93	633.88	881.68	582.27	3.0570	3.3065
1389075367763	891.67	638.95	876.90	578.53	3.0633	3.3263
1389075376096	886.14	632.72	883.10	589.25	3.0499	3.3257
1389075384429	888.01	630.30	885.68	590.37	3.0558	3.3354
1389075392763	888.70	633.61	884.13	591.04	3.0825	3.3207
1389075401106	888.09	630.80	891.23	595.05	3.0737	3.3426
1389075409437	885.58	637.43	883.57	589.90	3.0751	3.3389
1389075417771	889.52	634.50	889.36	581.90	3.0774	3.3094
1389075426104	892.90	637.18	887.34	588.54	3.0658	3.3513
1389075434438	892.93	627.86	887.25	579.27	3.0664	3.3350
1389075442771	885.37	619.04	880.91	583.48	3.0737	3.3375
1389075451104	887.36	614.10	885.60	584.82	3.0685	3.3472
1389075459437	877.09	617.87	885.58	592.73	3.0812	3.3372
1389075467771	892.88	614.98	883.60	583.30	3.0643	3.3075
1389075476105	884.67	608.78	879.39	585.92	3.0628	3.3183
1389075484437	884.43	617.26	878.53	585.29	3.0838	3.3225
1389075492770	892.66	613.23	888.53	588.82	3.0933	3.3328
1389075501103	896.40	620.92	879.73	582.05	3.1072	3.3571
1389075509436	888.70	630.45	884.93	586.32	3.1025	3.3156
1389075517770	901.47	640.74	883.89	580.57	3.1179	3.3363
1389075526104	956.34	632.43	983.93	597.98	3.1056	3.3615
1389075534439	1087.19	612.52	1115.78	590.40	3.1359	3.3814
1389075542773	1203.79	597.31	1254.71	589.88	3.1697	3.3961
1389075551106	1297.03	594.67	1341.11	586.28	3.1374	3.3481
1389075559440	1360.70	614.48	1378.48	592.88	3.1358	3.3250
1389075567772	1362.11	615.25	1372.45	596.71	3.1505	3.3595
1389075576105	1355.42	616.02	1356.44	578.66	3.1736	3.3350
1389075584438	1362.41	618.40	1355.66	586.53	3.1609	3.3407
1389075592772	1366.90	624.80	1357.55	592.11	3.1740	3.3486
1389075601105	1366.68	624.25	1363.05	585.30	3.1798	3.3235
1389075609439	1371.61	624.66	1365.47	581.38	3.1820	3.3522
1389075617772	1372.46	626.19	1358.88	593.62	3.1726	3.3545
1389075626105	1362.63	622.23	1359.41	584.69	3.1787	3.3401
1389075634438	1370.76	616.68	1357.45	575.66	3.1800	3.3307
1389075642771	1367.33	616.19	1361.82	583.60	3.1937	3.3692
1389075651104	1372.94	616.19	1357.65	576.76	3.1658	3.3534
1389075659437	1365.97	616.97	1363.11	575.41	3.1920	3.3427
1389075667776	1369.10	614.75	1362.20	578.81	3.1730	3.3683
1389075676109	1362.24	612.78	1356.59	579.29	3.1695	3.3625
1389075684442	1375.99	605.92	1360.42	579.44	3.1775	3.3847
1389075692776	1368.10	621.65	1356.15	575.66	3.1913	3.3799
1389075701109	1376.43	614.59	1363.96	577.07	3.1934	3.3715
1389075709442	1365.28	611.29	1363.59	578.21	3.1892	3.3717
1389075717775	1370.41	622.06	1364.48	584.09	3.2148	3.3876
1389075726108	1368.78	618.46	1356.56	580.09	3.2161	3.3960
1389075734442	1373.10	619.14	1361.19	588.63	3.2173	3.3884
1389075742775	1369.20	613.24	1373.43	578.91	3.1924	3.3961
1389075751108	1376.71	617.03	1367.11	582.13	3.2012	3.3922
1389075759441	1376.80	612.05	1369.36	578.18	3.2003	3.4136
1389075767775	1376.22	617.06	1361.67	580.91	3.2147	3.3823
1389075776108	1375.34	612.38	1368.13	578.33	3.2103	3.3984
1389075784441	1376.82	602.83	1355.42	581.15	3.1963	3.3843
1389075792778	1374.73	614.32	1359.18	577.13	3.1964	3.3907
1389075801110	1369.11	621.95	1368.64	586.61	3.2197	3.3775
1389075809443	1370.21	610.32	1364.91	584.09	3.1974	3.3990
1389075817777	1366.07	618.03	1369.58	582.72	3.1785	3.4073
1389075826110	1369.06	606.74	1371.40	580.10	3.1949	3.3766
1389075834443	1374.27	609.43	1371.90	579.94	3.2060	3.3916
1389075842777	1365.96	617.23	1368.08	578.61	3.1828	3.3835
1389075851110	1364.50	627.92	1376.88	577.58	3.2197	3.3814
1389075859444	1371.29	626.53	1364.99	579.36	3.1956	3.3860
1389075867776	1395.41	635.52	1403.09	596.87	3.2113	3.3954
1389075876110	1455.00	647.54	1448.49	615.89	3.1997	3.3852
1389075884442	1441.67	653.48	1428.57	616.54	3.1774	3.4082
1389075892775	1434.28	655.09	1437.21	603.90	3.2215	3.3907
1389075901109	1428.60	654.67	1429.36	600.57	3.2052	3.3877
1389075909442	1429.15	651.98	1426.18	606.29	3.2109	3.3829
1389075917775	1434.57	638.31	1429.47	599.87	3.1863	3.3798
1389075926115	1431.15	637.04	1437.11	603.87	3.2084	3.3831
1389075934448	1433.19	633.73	1432.93	604.53	3.2093	3.3875
1389075942782	1430.70	630.26	1431.52	598.84	3.2186	3.3810
1389075951115	1429.93	632.34	1421.47	597.56	3.1922	3.3851
1389075959448	1434.85	642.71	1434.41	594.17	3.2319	3.3685
1389075967780	1433.73	628.34	1431.63	606.33	3.1983	3.4028
1389075976114	1432.74	635.07	1427.29	602.09	3.2067	3.3926
1389075984448	1441.63	649.94	1431.93	602.60	3.2372	3.4025
1389075992780	1433.79	650.48	1424.95	604.47	3.2280	3.3896
1389076001114	1430.80	654.76	1430.62	624.45	3.2295	3.4531
1389076009447	1435.88	660.94	1429.21	614.15	3.2230	3.4589
1389076017780	1433.30	657.80	1432.32	623.39	3.2247	3.4306
1389076026114	1435.43	659.80	1426.12	620.77	3.2441	3.4604
1389076034447	1433.25	657.04	1430.05	607.00	3.2278	3.4191
1389076042779	1431.62	658.16	1438.06	609.85	3.2530	3.4065
1389076051113	1432.11	645.29	1431.90	599.34	3.2385	3.3897
1389076059451	1433.24	638.44	1429.86	612.79	3.2277	3.4224
1389076067785	1436.15	638.79	1426.28	596.88	3.2244	3.4122
1389076076118	1429.50	634.24	1433.15	597.55	3.2188	3.4282
1389076084451	1426.49	640.17	1433.90	600.54	3.2327	3.4136
1389076092784	1433.18	641.85	1433.56	614.53	3.2232	3.4158
1389076101118	1434.82	636.18	1428.41	608.83	3.2222	3.4215
1389076109451	1437.42	642.24	1430.08	609.78	3.2628	3.4052
1389076117784	1434.20	643.27	1423.37	613.49	3.2551	3.4119
1389076126117	1432.28	641.52	1428.26	602.09	3.2378	3.4068
1389076134450	1485.67	688.77	1484.50	644.83	3.2614	3.4072
1389076142783	1557.46	705.78	1554.61	704.63	3.2223	3.4110
1389076151117	1564.29	747.61	1551.60	767.13	3.2039	3.4602
1389076159450	1547.76	770.44	1541.22	739.32	3.2485	3.4220
1389076167783	1541.69	746.15	1538.04	728.89	3.2191	3.3785
1389076176117	1547.09	760.13	1559.77	720.43	3.2306	3.3591
1389076184455	1550.43	778.19	1539.27	754.09	3.2704	3.4461
1389076192789	1559.20	752.39	1546.23	743.40	3.1891	3.4053
1389076201121	1545.30	759.40	1541.98	725.43	3.2369	3.3793
1389076209454	1551.18	760.46	1549.14	747.70	3.2268	3.4257
1389076217787	1552.36	757.26	1552.62	747.29	3.2549	3.3949
1389076226121	1554.78	742.13	1540.26	753.49	3.2293	3.4235
1389076234454	1546.68	741.06	1551.86	718.74	3.2358	3.3682
1389076242787	1548.84	736.15	1540.93	742.23	3.2045	3.4194
1389076251121	1549.38	749.29	1546.46	721.14	3.2498	3.3740
1389076259454	1553.69	733.97	1542.94	750.92	3.2520	3.4474
1389076267787	1546.85	745.13	1541.33	736.02	3.2623	3.4198
1389076276121	1551.14	746.42	1553.26	738.88	3.2441	3.4313
1389076284453	1550.44	737.86	1547.81	744.50	3.2520	3.4456
1389076292786	1551.12	743.53	1536.61	745.70	3.2714	3.4440
1389076301120	1550.02	743.81	1545.44	745.66	3.2835	3.4561
1389076309453	1550.56	744.29	1536.82	750.39	3.2607	3.4449
1389076317791	1550.38	739.49	1544.92	730.83	3.2644	3.4179
1389076326125	1549.40	743.92	1536.07	757.11	3.2658	3.4711
1389076334458	1551.32	748.54	1538.45	755.76	3.2853	3.4869
1389076342791	1553.83	750.16	1546.42	720.00	3.2776	3.3907
1389076351125	1547.21	743.80	1548.37	734.86	3.2738	3.4457
1389076359458	1547.32	773.30	1543.76	757.31	3.3330	3.4719
1389076367790	1558.39	751.39	1547.28	754.48	3.2778	3.4711
1389076376124	1549.71	748.30	1535.35	756.21	3.3087	3.5046
1389076384457	1554.70	762.02	1537.63	742.59	3.3327	3.4540
1389076392790	1553.44	757.05	1535.04	729.93	3.3194	3.4419
1389076401124	1548.08	752.81	1541.38	758.09	3.2939	3.4887
1389076409457	1543.35	742.85	1551.31	751.48	3.2734	3.4580
1389076417791	1542.34	770.03	1545.28	741.96	3.3241	3.4617
1389076426123	1546.36	762.49	1551.18	738.04	3.3223	3.4235
1389076434457	1546.16	769.32	1536.99	756.10	3.3432	3.4974
1389076442789	1550.83	770.44	1546.61	742.85	3.3487	3.4553
1389076451127	1546.46	772.19	1548.22	739.00	3.3329	3.4708
1389076459461	1460.20	808.63	1465.21	767.54	3.4355	3.5406
1389076467794	1345.57	824.99	1348.84	788.43	3.4294	3.5708
1389076476127	1277.23	816.61	1288.70	776.02	3.3900	3.5366
1389076484461	1291.59	825.09	1279.84	799.43	3.4322	3.6007
1389076492794	1306.74	822.96	1296.88	794.24	3.4144	3.5997
1389076501128	1307.19	811.59	1289.33	789.17	3.3867	3.5685
1389076509461	1308.97	777.25	1283.57	785.95	3.3226	3.5629
1389076517794	1303.37	818.84	1278.32	785.40	3.4034	3.5645
1389076526126	1302.07	811.93	1281.12	787.38	3.3652	3.5869
1389076534460	1302.37	819.32	1283.71	785.06	3.3878	3.5789
1389076542794	1302.29	826.80	1290.98	782.05	3.3895	3.5925
1389076551126	1299.05	813.56	1281.90	789.93	3.3828	3.5948
1389076559460	1303.80	828.12	1286.97	782.95	3.4098	3.5715
1389076567793	1296.95	800.25	1283.59	786.91	3.3497	3.5807
1389076576126	1295.86	799.76	1279.59	787.68	3.3610	3.6039
1389076584464	1296.22	807.28	1285.81	787.36	3.3763	3.6001
1389076592797	1304.65	826.48	1285.34	785.38	3.4395	3.5926
1389076601129	1302.90	819.78	1277.12	785.23	3.4528	3.6016
1389076609463	1301.00	810.27	1285.12	783.80	3.4139	3.6106
1389076617796	1302.46	815.09	1279.00	795.40	3.4040	3.6081
1389076626130	1301.82	816.45	1286.34	790.53	3.4280	3.6336
1389076634463	1299.97	822.43	1279.09	798.68	3.4372	3.6188
1389076642796	1303.18	807.63	1281.82	777.27	3.4105	3.6092
1389076651129	1300.98	797.18	1287.85	784.33	3.3947	3.6035
1389076659463	1306.60	822.18	1285.49	776.50	3.4388	3.5950
1389076667797	1304.03	803.25	1277.58	778.44	3.4015	3.5865
1389076676129	1295.30	815.34	1287.35	789.02	3.4212	3.6226
1389076684462	1301.29	811.01	1279.69	789.16	3.4011	3.6038
1389076692795	1303.19	800.65	1286.01	782.81	3.3883	3.6180
1389076701128	1301.95	793.28	1281.62	784.43	3.3748	3.6096
1389076709465	1294.30	816.37	1281.16	781.39	3.4156	3.6070
1389076717798	1295.69	804.49	1285.06	781.30	3.3743	3.5917
1389076726131	1299.75	785.97	1276.41	786.53	3.3433	3.6102
1389076734465	1296.26	789.50	1284.42	792.90	3.3755	3.6191
1389076742798	1298.29	785.62	1265.03	792.04	3.3537	3.6449
1389076751132	1299.01	793.80	1274.40	787.26	3.3755	3.6096
1389076759464	1301.90	797.53	1276.64	781.92	3.3559	3.6009
1389076767797	1294.86	787.44	1286.93	798.96	3.3584	3.6424
1389076776130	1295.71	807.74	1279.86	779.42	3.3979	3.6118
1389076784464	1299.15	789.53	1278.31	793.93	3.3514	3.6385
1389076792797	1306.74	813.37	1284.67	796.55	3.4002	3.6427
1389076801130	1297.31	778.01	1282.55	789.72	3.3381	3.6122
1389076809463	1292.34	779.38	1278.96	802.21	3.3133	3.6629
1389076817797	1295.39	801.52	1288.09	791.49	3.3570	3.6302
1389076826130	1285.04	819.11	1273.91	799.06	3.4135	3.6500
1389076834464	1199.70	825.23	1193.09	798.15	3.4334	3.6745
1389076842805	1098.00	798.27	1121.64	795.53	3.3535	3.6639
1389076851138	1123.78	810.56	1116.27	791.58	3.3875	3.6830
1389076859472	1154.66	813.77	1140.41	786.65	3.4276	3.6533
1389076867805	1152.28	797.00	1135.94	799.86	3.3592	3.6818
1389076876139	1143.00	784.52	1127.15	792.74	3.3539	3.6826
1389076884472	1143.44	803.90	1129.64	775.08	3.3916	3.6415
1389076892805	1139.57	801.83	1125.64	793.71	3.3805	3.6866
1389076901139	1133.81	783.48	1130.19	788.75	3.3472	3.6811
1389076909471	1124.01	799.48	1132.23	795.08	3.3625	3.7104
1389076917805	1132.82	785.49	1128.22	796.21	3.3666	3.6834
1389076926137	1136.55	786.42	1124.89	796.79	3.3776	3.6972
1389076934471	1135.49	792.52	1135.14	800.23	3.3882	3.6859
1389076942804	1133.77	810.53	1128.57	796.57	3.4163	3.6950
1389076951137	1135.34	784.81	1118.34	796.95	3.3702	3.7328
1389076959470	1133.47	793.24	1132.37	796.46	3.3816	3.7213
1389076967804	1138.95	793.53	1138.41	781.88	3.3585	3.6898
1389076976139	1131.15	804.03	1125.73	786.91	3.3807	3.6897
1389076984473	1138.48	802.15	1134.37	789.90	3.3838	3.7202
1389076992806	1132.46	811.62	1127.30	794.02	3.4062	3.7197
1389077001138	1136.06	822.45	1123.47	807.29	3.4611	3.7542
1389077009471	1135.04	810.31	1127.34	792.77	3.4189	3.7220
1389077017805	1136.91	807.95	1133.16	780.66	3.4230	3.6915
1389077026138	1137.86	781.19	1130.21	789.04	3.3706	3.7233
1389077034472	1131.35	800.31	1135.05	781.81	3.4015	3.6899
1389077042805	1137.75	795.63	1129.08	789.58	3.4030	3.7239
1389077051138	1083.70	814.83	1089.65	794.23	3.3994	3.7089
1389077059471	1003.65	841.94	1009.00	809.38	3.4285	3.7301
