t	gaze_point_LX	gaze_point_LY	gaze_point_RX	gaze_point_RY	pupil_diameter_L	pupil_diameter_R
2020441781388	NaN	NaN	NaN	NaN	NaN	NaN
2020441789727	NaN	NaN	NaN	NaN	NaN	NaN
2020441798060	NaN	NaN	NaN	NaN	NaN	NaN
2020441806392	NaN	NaN	NaN	NaN	NaN	NaN
2020441814726	NaN	NaN	NaN	NaN	NaN	NaN
2020441823059	NaN	NaN	NaN	NaN	NaN	NaN
2020441831393	NaN	NaN	NaN	NaN	NaN	NaN
2020441839726	NaN	NaN	NaN	NaN	NaN	NaN
2020441848059	NaN	NaN	NaN	NaN	NaN	NaN
2020441856392	NaN	NaN	NaN	NaN	NaN	NaN
2020441864726	NaN	NaN	NaN	NaN	NaN	NaN
2020441873059	NaN	NaN	NaN	NaN	NaN	NaN
2020441881392	NaN	NaN	NaN	NaN	NaN	NaN
2020441889725	NaN	NaN	NaN	NaN	NaN	NaN
2020441898058	NaN	NaN	NaN	NaN	NaN	NaN
2020441906391	NaN	NaN	872.18	830.06	NaN	1.4948
2020441914725	NaN	NaN	1132.29	853.83	NaN	2.3450
2020441923063	NaN	NaN	1187.00	775.74	NaN	2.4341
2020441931396	1166.02	959.26	1193.35	761.72	2.3204	2.4387
2020441939730	1180.97	821.22	1185.69	765.17	2.3484	2.4790
2020441948063	1170.19	764.39	1212.23	767.08	2.3985	2.4535
2020441956396	1182.84	727.67	1209.76	772.94	2.4347	2.4510
2020441964729	1193.53	717.80	1213.10	766.12	2.4952	2.4608
2020441973062	1189.34	718.06	1209.42	776.26	2.4965	2.4463
2020441981395	1178.27	715.65	1205.36	773.81	2.4809	2.4587
2020441989729	1193.70	711.53	1206.12	767.70	2.4751	2.4617
2020441998062	1181.73	720.20	1211.26	774.37	2.4884	2.4566
2020442006395	1180.28	715.63	1211.60	769.22	2.4838	2.4545
2020442014729	1180.86	725.77	1221.34	775.12	2.5031	2.4678
2020442023062	1191.14	734.72	1228.20	762.06	2.4897	2.4787
2020442031395	1187.36	739.04	1232.25	752.19	2.5094	2.4706
2020442039729	1192.23	735.28	1229.36	745.16	2.4966	2.4798
2020442048066	1197.38	741.64	1230.69	753.20	2.4900	2.4847
2020442056399	1201.04	743.47	1232.52	760.45	2.5099	2.4782
2020442064733	1200.87	748.75	1236.84	758.88	2.5096	2.5011
2020442073066	1195.00	744.95	1230.88	751.40	2.5148	2.4970
2020442081399	1209.03	740.62	1233.54	750.05	2.5083	2.5109
2020442089733	1236.64	751.76	1258.18	755.56	2.5350	2.5041
2020442098066	1238.32	741.40	1266.42	756.99	2.5271	2.5214
2020442106399	1230.21	749.33	1267.33	752.49	2.5214	2.5147
2020442114733	1221.97	750.49	1266.35	749.84	2.5329	2.5190
2020442123066	1232.31	740.09	1269.02	751.18	2.5373	2.5323
2020442131398	1236.31	738.74	1273.06	752.05	2.5443	2.5251
2020442139732	1233.71	740.44	1267.83	754.49	2.5438	2.5172
2020442148065	1232.53	732.33	1267.02	758.87	2.5536	2.5417
2020442156398	1235.24	729.34	1261.95	757.40	2.5457	2.5520
2020442164732	1234.35	739.02	1264.24	751.14	2.5765	2.5411
2020442173065	1224.56	730.48	1258.32	751.26	2.5853	2.5466
2020442181402	1218.92	730.45	1257.38	754.21	2.5635	2.5634
2020442189736	1229.39	726.39	1266.46	751.85	2.5717	2.5498
2020442198077	1215.57	728.17	1265.81	747.09	2.5596	2.5626
2020442206411	1235.79	740.72	1276.03	745.69	2.5862	2.5580
2020442214743	1237.73	733.72	1265.69	749.52	2.5911	2.5863
2020442223076	1228.48	739.45	1273.46	745.62	2.5973	2.5801
2020442231410	1231.48	744.43	1273.15	745.97	2.5959	2.5773
2020442239743	1229.84	730.97	1271.51	751.05	2.5926	2.5865
2020442248076	1223.60	735.46	1275.54	757.01	2.6028	2.5886
2020442256410	1225.12	734.07	1280.87	754.45	2.6136	2.6090
2020442264743	1227.18	734.08	1274.52	755.45	2.6035	2.5955
2020442273076	1222.78	728.70	1271.21	754.00	2.6121	2.5997
2020442281410	1213.55	727.12	1264.93	755.10	2.6234	2.6037
2020442289743	1220.88	735.12	1262.52	755.01	2.6279	2.6261
2020442298075	1243.53	736.15	1257.31	754.21	2.6482	2.6244
2020442306409	1273.63	742.18	1285.74	759.43	2.6472	2.6389
2020442314747	1264.10	741.21	1285.56	765.27	2.6259	2.6474
2020442323080	1257.16	743.44	1283.84	761.80	2.6395	2.6474
2020442331414	1255.48	749.46	1284.78	767.51	2.6494	2.6616
2020442339747	1248.41	748.31	1289.41	758.55	2.6603	2.6813
2020442348080	1249.27	749.25	1288.35	755.10	2.6519	2.6728
2020442356414	1247.44	756.02	1283.19	744.60	2.6620	2.6855
2020442364747	1249.51	760.44	1276.05	744.59	2.6780	2.6985
2020442373080	1249.80	752.39	1275.91	736.88	2.6808	2.6790
2020442381413	1247.58	751.58	1266.55	743.24	2.6844	2.6936
2020442389746	1252.19	750.81	1269.63	734.28	2.7043	2.7031
2020442398079	1245.37	759.49	1271.01	741.97	2.7150	2.7085
2020442406404	1254.30	760.22	1276.81	735.84	2.7018	2.7041
2020442414737	1255.92	761.28	1275.84	737.31	2.7178	2.7260
2020442423071	1255.63	741.59	1280.29	733.07	2.7179	2.7268
2020442431404	1252.96	731.39	1270.94	745.00	2.7253	2.7263
2020442439737	1252.78	722.77	1269.64	761.10	2.7240	2.7336
2020442448076	1247.45	717.70	1275.01	757.81	2.7274	2.7361
2020442456409	1251.01	724.14	1274.57	757.09	2.7359	2.7488
2020442464740	1254.20	729.13	1279.81	753.49	2.7574	2.7574
2020442473082	1255.61	736.05	1281.22	763.11	2.7570	2.7778
2020442481416	1254.61	739.88	1277.42	759.43	2.7566	2.7725
2020442489749	1253.54	748.31	1279.86	752.52	2.7612	2.7680
2020442498082	1258.04	762.00	1271.56	742.02	2.7609	2.7690
2020442506407	1258.05	761.39	1269.22	734.22	2.7664	2.7724
2020442514749	1257.20	747.25	1268.11	740.85	2.7722	2.7895
2020442523074	1260.20	743.54	1271.75	743.09	2.7658	2.8068
2020442531407	1248.07	743.93	1280.71	748.58	2.7791	2.8027
2020442539740	1253.53	749.54	1280.22	752.53	2.7911	2.8082
2020442548073	1246.61	752.56	1286.54	766.06	2.8005	2.8194
2020442556406	1260.10	737.74	1285.98	760.61	2.7962	2.8198
2020442564739	1258.14	726.31	1288.95	750.52	2.8078	2.8213
2020442573086	1255.50	725.52	1289.38	737.87	2.8054	2.8144
2020442581419	1248.19	744.97	1280.67	743.27	2.8055	2.8369
2020442589753	1250.99	744.55	1279.68	745.86	2.8148	2.8342
2020442598086	1256.11	747.38	1282.38	740.85	2.8241	2.8355
2020442606419	1250.89	748.14	1278.39	744.47	2.8252	2.8310
2020442614753	1254.84	734.12	1271.88	731.91	2.8368	2.8508
2020442623086	1249.44	697.66	1286.03	679.63	2.8437	2.8533
2020442631418	1244.04	641.59	1278.73	654.87	2.8486	2.8279
2020442639752	1247.19	634.22	1268.60	657.24	2.8467	2.8390
2020442648077	1251.86	655.70	1272.78	670.69	2.8332	2.8375
2020442656418	1256.02	665.58	1280.42	649.98	2.8354	2.8303
2020442664743	1254.95	668.49	1282.47	639.04	2.8273	2.8263
2020442673077	1256.66	666.77	1278.95	637.34	2.8285	2.8252
2020442681410	1260.04	662.00	1288.14	639.75	2.8031	2.7945
2020442689743	1261.89	656.17	1283.72	643.46	2.8006	2.7982
2020442698077	1260.52	654.65	1283.60	656.51	2.7838	2.7755
2020442706418	1259.49	640.83	1287.36	669.70	2.7883	2.7568
2020442714750	1262.83	640.55	1287.09	673.54	2.7603	2.7477
2020442723084	1263.46	634.93	1285.43	671.49	2.7457	2.7296
2020442731417	1266.81	641.73	1284.92	667.20	2.7277	2.7265
2020442739759	1268.67	639.85	1293.49	669.80	2.7095	2.6975
2020442748092	1265.15	645.04	1285.74	663.96	2.7126	2.6830
2020442756426	1262.63	646.50	1285.24	661.52	2.6843	2.6815
2020442764759	1256.00	648.43	1287.11	640.48	2.6802	2.6448
2020442773084	1251.34	652.74	1279.46	637.99	2.6449	2.6366
2020442781417	1253.30	656.15	1288.37	636.05	2.6428	2.6152
2020442789750	1248.62	651.24	1290.85	635.35	2.6386	2.6040
2020442798083	1245.84	652.96	1285.61	637.64	2.6013	2.5780
2020442806416	1245.80	655.05	1292.38	636.30	2.5966	2.5660
2020442814758	1243.39	643.53	1286.88	637.21	2.5788	2.5633
2020442823091	1242.86	648.87	1293.65	646.65	2.5811	2.5478
2020442831424	1238.70	644.46	1294.98	650.42	2.5704	2.5381
2020442839759	1246.20	642.15	1290.74	659.26	2.5551	2.5160
2020442848092	1253.75	635.50	1277.90	650.31	2.5413	2.4978
2020442856425	1138.46	651.08	1203.20	646.92	2.5284	2.4833
2020442864759	1042.89	696.01	1125.00	653.83	2.5341	2.4967
2020442873092	970.43	709.45	1034.32	732.25	2.5007	2.4917
2020442881424	925.15	779.65	958.79	755.37	2.4815	2.4687
2020442889758	933.21	795.12	970.91	759.65	2.4814	2.4812
2020442898091	933.63	779.47	956.75	737.68	2.4697	2.4512
2020442906424	913.95	786.04	959.55	748.09	2.4473	2.4491
2020442914758	927.27	795.74	948.41	751.05	2.4363	2.4412
2020442923091	923.61	783.44	960.46	749.42	2.4207	2.4188
2020442931424	914.27	787.82	965.59	761.00	2.4208	2.4180
2020442939758	910.34	780.59	957.14	746.75	2.3966	2.3783
2020442948091	908.20	784.57	958.98	754.78	2.3732	2.4008
2020442956424	909.73	781.20	959.93	775.23	2.3964	2.3952
2020442964757	912.55	776.63	962.03	759.41	2.3851	2.3710
2020442973095	916.04	766.45	954.69	768.77	2.3827	2.3915
2020442981428	919.15	768.94	960.28	770.78	2.3745	2.3676
2020442989762	911.60	757.63	960.89	765.29	2.3598	2.3523
2020442998095	914.39	759.14	966.88	765.87	2.3775	2.3460
2020443006428	910.80	760.50	953.69	762.82	2.3618	2.3383
2020443014762	911.26	778.81	964.06	758.39	2.3744	2.3390
2020443023095	908.69	772.80	952.50	753.73	2.3420	2.3329
2020443031428	917.53	777.69	958.04	754.83	2.3259	2.3365
2020443039761	913.50	789.75	952.38	761.89	2.3367	2.3251
2020443048094	910.90	786.28	953.08	752.96	2.3206	2.3091
2020443056427	913.02	783.18	955.27	748.72	2.3189	2.3078
2020443064760	913.16	784.88	950.49	752.70	2.3254	2.2957
2020443073094	919.59	784.60	951.62	760.44	2.3296	2.3053
2020443081427	918.94	796.34	952.16	756.24	2.3303	2.3008
2020443089760	908.12	779.54	950.54	766.39	2.3167	2.2827
2020443098099	906.30	775.62	946.77	758.02	2.3511	2.2897
2020443106432	902.00	772.77	953.72	771.55	2.3250	2.2780
2020443114766	904.05	771.80	955.27	768.89	2.3130	2.3025
2020443123099	914.97	776.53	951.42	759.72	2.3117	2.2979
2020443131431	914.38	774.50	942.98	757.60	2.3194	2.2830
2020443139764	910.29	771.74	940.37	777.31	2.3246	2.3050
2020443148098	912.48	767.15	948.99	769.19	2.3347	2.2874
2020443156431	934.08	743.23	966.51	762.28	2.3139	2.2953
2020443164757	1006.39	689.56	1072.47	672.40	2.3259	2.3148
2020443173089	1079.02	599.73	1122.77	631.73	2.3412	2.2925
2020443181431	1157.65	607.20	1197.06	582.03	2.3676	2.2669
2020443189756	1210.59	602.22	1256.81	581.97	2.3701	2.2798
2020443198089	1200.33	596.27	1263.62	571.92	2.3633	2.2878
2020443206423	1201.48	588.32	1255.71	579.69	2.3916	2.3162
2020443214755	1213.47	569.44	1267.09	567.57	2.3687	2.2815
2020443223088	1215.83	582.73	1270.92	572.12	2.3498	2.2779
2020443231427	1209.81	589.59	1264.34	570.27	2.3545	2.2854
2020443239760	1204.09	591.51	1263.56	581.71	2.3748	2.2891
2020443248093	1205.36	601.20	1257.97	575.26	2.3818	2.2887
2020443256427	1209.26	616.31	1262.90	569.55	2.3729	2.2936
2020443264760	1213.22	609.29	1259.91	575.97	2.3834	2.3026
2020443273093	1207.37	608.54	1262.82	574.26	2.3803	2.2888
2020443281435	1206.40	604.37	1252.62	578.36	2.4026	2.3072
2020443289768	1210.15	596.93	1257.03	567.73	2.3829	2.3174
2020443298101	1211.90	593.33	1250.62	572.24	2.4083	2.3230
2020443306434	1210.03	594.39	1248.08	571.11	2.4112	2.3179
2020443314767	1215.61	585.77	1255.61	573.59	2.4198	2.3303
2020443323101	1214.02	597.35	1250.50	576.71	2.4317	2.3382
2020443331434	1212.29	595.32	1247.10	572.67	2.4265	2.3358
2020443339767	1211.48	589.34	1247.70	577.29	2.4369	2.3326
2020443348101	1207.16	603.85	1252.57	578.73	2.4418	2.3481
2020443356434	1245.79	590.64	1272.56	572.08	2.4334	2.3456
2020443364772	1254.81	596.95	1286.89	575.62	2.4313	2.3564
2020443373106	1239.40	601.44	1275.37	574.62	2.4534	2.3656
2020443381438	1242.29	603.84	1279.99	574.73	2.4335	2.3628
2020443389771	1255.62	586.21	1276.82	585.22	2.4565	2.3589
2020443398105	1249.92	595.34	1281.75	567.65	2.4443	2.3692
2020443406438	1245.56	592.96	1277.78	576.33	2.4556	2.3978
2020443414771	1256.35	594.00	1278.97	569.99	2.4567	2.3777
2020443423105	1257.72	585.48	1283.49	572.17	2.4622	2.3954
2020443431438	1250.66	582.37	1275.70	578.11	2.4691	2.4035
2020443439763	1253.50	584.13	1281.72	570.46	2.4598	2.4053
2020443448096	1254.23	584.34	1276.61	581.89	2.4619	2.4231
2020443456430	1257.66	579.07	1275.65	577.55	2.4758	2.3855
2020443464762	1257.51	578.02	1279.09	573.79	2.4702	2.4048
2020443473095	1257.86	578.46	1279.49	579.50	2.5030	2.4112
2020443481429	1258.67	578.14	1276.53	572.73	2.4662	2.4023
2020443489765	1255.59	576.40	1283.74	571.77	2.4897	2.4223
2020443498098	1247.73	581.01	1275.58	575.62	2.4694	2.4412
2020443506431	1246.74	588.29	1277.30	576.54	2.5009	2.4316
2020443514765	1249.50	584.66	1280.00	575.24	2.4922	2.4494
2020443523098	1252.02	586.77	1271.73	580.02	2.4887	2.4451
2020443531431	1253.90	588.48	1271.27	576.03	2.4991	2.4417
2020443539765	1251.48	581.72	1271.97	576.62	2.4953	2.4399
2020443548097	1248.08	585.53	1273.22	580.87	2.5039	2.4760
2020443556430	1256.40	586.68	1276.46	571.86	2.5093	2.4322
2020443564764	1244.09	577.68	1278.34	580.27	2.4985	2.4582
2020443573097	1258.61	576.75	1273.68	578.70	2.5106	2.4716
2020443581430	1249.49	584.49	1274.85	587.39	2.5239	2.4844
2020443589764	1254.27	583.21	1279.96	579.30	2.5185	2.4842
2020443598097	1248.77	579.08	1280.62	587.30	2.5360	2.4877
2020443606430	1255.27	581.14	1281.59	578.87	2.5379	2.4864
2020443614764	1248.30	586.53	1275.42	575.41	2.5419	2.4947
2020443623104	1249.97	591.27	1272.02	578.24	2.5259	2.4958
2020443631436	1255.72	588.71	1277.16	582.66	2.5417	2.4880
2020443639770	1253.78	592.06	1272.32	574.37	2.5399	2.5027
2020443648103	1252.31	596.58	1278.50	573.18	2.5591	2.5076
2020443656436	1254.50	589.59	1272.64	575.92	2.5728	2.5202
2020443664770	1256.20	597.30	1268.04	580.29	2.5569	2.5173
2020443673103	1256.42	584.83	1276.41	579.34	2.5717	2.5269
2020443681436	1249.84	589.89	1274.59	578.27	2.5687	2.5365
2020443689770	1251.80	586.70	1275.37	576.77	2.5890	2.5312
2020443698103	1262.40	582.32	1275.03	576.18	2.5972	2.5158
2020443706436	1257.52	580.06	1270.18	576.46	2.5670	2.5518
2020443714769	1260.92	581.37	1273.42	579.41	2.5928	2.5490
2020443723102	1252.89	582.82	1279.05	585.22	2.5986	2.5544
2020443731435	1255.96	582.87	1277.73	583.22	2.6032	2.5583
2020443739769	1254.55	585.87	1280.20	571.04	2.6138	2.5477
2020443748102	1248.89	583.54	1269.51	577.27	2.6096	2.5791
2020443756439	1253.05	588.96	1277.29	579.88	2.6348	2.5726
2020443764773	1254.32	593.25	1277.39	580.23	2.6149	2.5675
2020443773106	1254.44	581.28	1279.33	584.35	2.6272	2.5809
2020443781439	1251.05	583.14	1269.71	579.48	2.6360	2.5797
2020443789773	1256.79	585.22	1277.61	577.20	2.6435	2.5832
2020443798105	1253.92	578.39	1275.99	583.11	2.6311	2.5869
2020443806438	1255.32	579.96	1277.87	583.60	2.6492	2.6111
2020443814772	1255.99	580.54	1268.81	581.35	2.6509	2.5903
2020443823105	1252.70	573.04	1274.38	589.80	2.6537	2.5918
2020443831438	1255.87	577.71	1270.29	581.16	2.6467	2.6237
2020443839772	1254.91	576.65	1269.18	580.05	2.6776	2.6129
2020443848105	1259.40	576.29	1271.23	588.73	2.6769	2.6088
2020443856438	1261.09	579.26	1277.64	583.98	2.6789	2.6034
2020443864772	1257.25	585.95	1274.52	582.35	2.6962	2.6230
2020443873112	1256.35	585.07	1266.04	580.57	2.6836	2.6230
2020443881446	1254.14	582.73	1276.39	583.36	2.6740	2.6046
2020443889775	1258.69	580.91	1271.84	587.74	2.6918	2.6176
2020443898109	1252.07	582.43	1276.08	583.03	2.6853	2.6284
2020443906451	1252.08	578.86	1281.60	578.83	2.6857	2.6384
2020443914784	1258.02	577.82	1276.69	592.92	2.6900	2.6333
2020443923117	1248.88	572.58	1283.60	593.86	2.6912	2.6311
2020443931451	1254.28	572.96	1285.70	594.52	2.6982	2.6438
2020443939784	1252.25	574.02	1284.17	591.31	2.6950	2.6393
2020443948117	1246.13	570.39	1289.58	596.48	2.7174	2.6226
2020443956450	1251.83	564.19	1286.78	594.67	2.6945	2.6403
2020443964783	1251.91	574.75	1285.83	594.23	2.6948	2.6402
2020443973116	1250.96	570.47	1287.44	594.80	2.6990	2.6391
2020443981450	1250.48	567.07	1283.54	587.21	2.7069	2.6321
2020443989783	1251.75	573.38	1285.87	595.85	2.7022	2.6324
2020443998116	1253.92	564.17	1287.18	586.15	2.7013	2.6269
2020444006450	1250.49	568.22	1274.45	588.60	2.7069	2.6425
2020444014787	1253.82	572.10	1280.67	587.42	2.7103	2.6405
2020444023120	1251.18	577.88	1279.15	592.58	2.6895	2.6225
2020444031454	1245.09	572.00	1269.76	599.36	2.6961	2.6435
2020444039786	1245.31	570.48	1274.01	594.08	2.6926	2.6352
2020444048119	1246.60	574.59	1274.65	594.76	2.6892	2.6537
2020444056453	1250.88	573.95	1278.49	598.95	2.6900	2.6274
2020444064786	1250.23	571.87	1272.04	594.82	2.6887	2.6306
2020444073119	1253.23	575.91	1273.09	586.72	2.6920	2.6409
2020444081453	1251.71	573.50	1272.26	596.04	2.6985	2.6344
2020444089786	1250.46	572.05	1273.06	590.93	2.6858	2.6357
2020444098119	1253.65	570.82	1271.02	593.09	2.6824	2.6340
2020444106453	1248.91	577.17	1275.90	594.71	2.6863	2.6349
2020444114786	1254.73	575.91	1272.77	597.13	2.6862	2.6415
2020444123118	1245.56	577.30	1279.03	592.48	2.6830	2.6269
2020444131452	1255.86	570.41	1279.98	594.59	2.6821	2.6276
2020444139785	1245.73	573.22	1280.77	594.59	2.6790	2.6396
2020444148124	1241.75	576.96	1278.30	590.46	2.6922	2.6388
2020444156457	1248.38	571.70	1275.76	593.76	2.6812	2.6272
2020444164791	1251.24	574.71	1278.34	589.33	2.6929	2.6169
2020444173124	1242.02	583.65	1280.06	591.12	2.7003	2.6277
2020444181458	1250.38	576.34	1273.17	594.10	2.6804	2.6481
2020444189791	1245.99	575.06	1273.23	590.91	2.7061	2.6272
2020444198124	1248.05	579.93	1269.91	594.09	2.6937	2.6238
2020444206456	1249.61	579.25	1277.91	592.54	2.6891	2.6363
2020444214790	1252.55	580.96	1273.80	596.09	2.6898	2.6425
2020444223123	1246.62	577.43	1273.29	594.87	2.6889	2.6388
2020444231457	1250.54	585.24	1280.47	592.97	2.7011	2.6394
2020444239790	1248.57	577.19	1281.76	588.39	2.6887	2.6331
2020444248123	1240.48	577.09	1286.08	592.70	2.6919	2.6422
2020444256456	1250.00	575.67	1283.61	590.00	2.6946	2.6377
2020444264790	1249.58	571.68	1279.84	591.97	2.6936	2.6443
2020444273123	1250.53	571.74	1283.23	599.91	2.6905	2.6409
2020444281460	1247.31	576.95	1279.79	598.75	2.6909	2.6568
2020444289793	1248.93	577.57	1282.03	591.44	2.6908	2.6557
2020444298126	1247.16	579.20	1286.43	595.82	2.6989	2.6544
2020444306459	1247.74	582.23	1281.54	599.57	2.6949	2.6429
2020444314793	1247.46	587.85	1275.67	602.18	2.7111	2.6596
2020444323126	1245.29	585.11	1282.26	602.43	2.7030	2.6576
2020444331460	1247.66	589.49	1281.31	594.21	2.7035	2.6514
2020444339793	1248.59	590.06	1275.95	605.91	2.7020	2.6545
2020444348126	1250.85	589.03	1276.45	598.93	2.7009	2.6375
2020444356459	1255.88	590.26	1279.28	595.97	2.7069	2.6481
2020444364793	1254.77	588.62	1270.40	597.22	2.7158	2.6715
2020444373125	1255.37	584.03	1271.21	595.68	2.7150	2.6645
2020444381458	1248.15	588.52	1278.12	596.34	2.7262	2.6625
2020444389792	1243.23	589.49	1276.03	600.73	2.7235	2.6821
2020444398125	1252.20	584.31	1279.67	601.19	2.7199	2.6778
2020444406458	1244.01	591.46	1279.15	594.44	2.7152	2.6634
2020444414797	1242.75	585.71	1283.62	608.57	2.7174	2.6888
2020444423130	1245.63	584.43	1285.13	606.78	2.7179	2.6804
2020444431463	1243.18	591.16	1284.04	603.85	2.7210	2.6702
2020444439797	1244.80	598.10	1285.88	600.05	2.7177	2.6902
2020444448130	1248.54	596.02	1283.02	606.21	2.7279	2.6923
2020444456462	1246.31	590.51	1281.50	604.74	2.7326	2.7108
2020444464796	1244.65	591.75	1289.78	600.17	2.7312	2.6901
2020444473129	1241.85	596.04	1278.20	607.21	2.7208	2.7020
2020444481462	1247.27	594.91	1288.07	602.88	2.7277	2.6847
2020444489796	1241.67	594.62	1284.88	596.41	2.7461	2.6952
2020444498129	1291.48	623.91	1325.70	599.75	2.7536	2.7168
2020444506462	1406.06	649.30	1424.47	679.25	2.7402	2.7312
2020444514796	1482.58	736.50	1515.81	759.35	2.7555	2.7361
2020444523129	1576.60	794.41	1593.29	826.94	2.7518	2.7091
2020444531455	1617.52	831.10	1628.48	824.07	2.7463	2.6904
2020444539791	1585.34	821.33	1606.15	841.48	2.7577	2.7106
2020444548124	1598.93	817.82	1620.21	831.69	2.7635	2.7147
2020444556458	1613.44	832.25	1627.38	854.72	2.7459	2.7098
2020444564791	1609.04	841.48	1630.44	849.93	2.7509	2.7124
2020444573124	1609.62	844.10	1630.72	851.32	2.7470	2.7099
2020444581458	1605.73	843.04	1625.40	850.48	2.7372	2.7118
2020444589791	1610.71	843.05	1625.56	848.75	2.7415	2.7008
2020444598124	1614.85	832.85	1625.49	846.60	2.7465	2.6951
2020444606458	1603.18	826.35	1627.87	846.79	2.7253	2.6949
2020444614791	1610.28	825.78	1627.20	846.26	2.7521	2.7069
2020444623123	1607.32	828.56	1627.95	848.55	2.7328	2.6907
2020444631457	1608.49	831.20	1632.79	851.73	2.7339	2.7182
2020444639790	1609.56	832.11	1638.79	847.69	2.7499	2.6957
2020444648123	1612.13	833.44	1638.03	848.84	2.7445	2.7108
2020444656457	1607.25	839.49	1634.16	854.27	2.7341	2.7066
2020444664790	1610.77	840.03	1640.56	847.88	2.7450	2.7130
2020444673129	1614.80	836.97	1641.95	853.21	2.7470	2.6992
2020444681463	1611.70	835.40	1642.52	850.00	2.7446	2.7183
2020444689796	1611.67	834.65	1643.24	851.32	2.7415	2.7067
2020444698129	1612.95	836.55	1640.69	845.05	2.7433	2.7167
2020444706462	1609.54	843.46	1631.24	850.38	2.7622	2.7111
2020444714795	1612.37	829.65	1628.58	848.24	2.7517	2.7061
2020444723128	1614.92	834.91	1627.90	847.45	2.7454	2.7097
2020444731462	1608.10	840.92	1629.68	849.87	2.7365	2.7180
2020444739795	1614.87	832.29	1626.61	849.18	2.7447	2.7175
2020444748128	1633.97	813.85	1666.27	805.15	2.7657	2.7159
2020444756462	1649.61	742.81	1658.79	765.72	2.7750	2.7057
2020444764795	1633.31	722.28	1647.08	757.37	2.7632	2.7238
2020444773128	1638.83	724.39	1652.37	739.93	2.7676	2.7171
2020444781462	1634.73	717.20	1652.12	741.24	2.7799	2.7064
2020444789794	1637.13	720.71	1654.49	736.63	2.7859	2.7116
2020444798127	1641.32	711.89	1653.40	722.60	2.7820	2.7068
2020444806465	1641.36	704.70	1649.30	726.85	2.7654	2.7095
2020444814798	1636.49	710.59	1653.72	730.08	2.7697	2.7030
2020444823131	1637.94	711.42	1655.43	734.39	2.7605	2.7146
2020444831465	1640.84	715.74	1657.44	729.46	2.7531	2.7137
2020444839798	1641.25	719.03	1655.22	732.30	2.7625	2.6728
2020444848131	1643.42	711.83	1663.60	739.21	2.7610	2.7063
2020444856465	1637.90	716.76	1649.22	733.02	2.7663	2.6861
2020444864798	1644.11	722.21	1658.95	735.88	2.7651	2.6806
2020444873130	1636.81	722.82	1656.21	741.46	2.7466	2.7051
2020444881464	1634.78	731.32	1656.59	739.20	2.7623	2.6853
2020444889797	1639.56	730.75	1652.31	746.52	2.7604	2.7044
2020444898130	1643.02	731.75	1659.32	748.40	2.7508	2.6891
2020444906463	1642.67	734.75	1659.15	754.98	2.7261	2.6751
2020444914797	1640.43	741.35	1655.18	747.78	2.7470	2.6829
2020444923130	1638.87	736.60	1655.54	743.70	2.7312	2.6528
2020444931465	1649.17	736.73	1657.90	741.78	2.7158	2.6908
2020444939799	1637.36	740.25	1651.78	746.47	2.7274	2.6878
2020444948132	1641.78	733.91	1657.59	728.98	2.7166	2.6495
2020444956465	1648.71	715.18	1664.68	718.97	2.7226	2.6399
2020444964798	1641.91	714.37	1639.66	743.96	2.7103	2.6719
2020444973131	1645.86	718.86	1646.17	745.14	2.7127	2.6685
2020444981465	1640.85	719.82	1649.40	734.07	2.7197	2.6834
2020444989798	1643.29	712.60	1649.18	731.74	2.7051	2.6712
2020444998131	1648.42	712.30	1645.75	737.61	2.7047	2.6689
2020445006465	1647.75	707.88	1651.20	732.72	2.7068	2.6714
2020445014798	1644.78	715.93	1643.19	737.01	2.7031	2.6690
2020445023131	1638.52	716.20	1648.79	728.37	2.6993	2.6414
2020445031465	1636.30	714.58	1649.14	733.16	2.7028	2.6494
2020445039797	1633.03	709.56	1650.69	737.24	2.7100	2.6461
2020445048130	1635.13	707.48	1644.29	744.50	2.6922	2.6484
2020445056463	1640.48	703.00	1653.02	729.88	2.7038	2.6623
2020445064806	1639.25	698.67	1653.50	727.37	2.7129	2.6614
2020445073139	1638.64	701.20	1650.00	743.39	2.6994	2.6542
2020445081472	1644.70	702.68	1654.82	738.98	2.6931	2.6405
2020445089806	1640.96	709.27	1645.08	734.17	2.7016	2.6617
2020445098139	1643.89	710.91	1657.36	728.92	2.6846	2.6257
2020445106472	1638.06	721.17	1647.64	729.67	2.6858	2.6563
2020445114805	1642.44	721.74	1659.18	716.55	2.6885	2.6369
2020445123138	1638.29	722.90	1654.73	718.77	2.6864	2.6335
2020445131472	1641.62	718.35	1650.66	721.31	2.7080	2.6313
2020445139805	1637.12	717.46	1635.97	732.17	2.6958	2.6556
2020445148138	1644.28	724.16	1644.23	739.72	2.6953	2.6488
2020445156471	1640.35	717.81	1652.63	737.64	2.6910	2.6576
2020445164805	1635.21	712.48	1655.85	734.94	2.6936	2.6460
2020445173138	1640.14	706.49	1644.98	745.39	2.7015	2.6724
2020445181471	1635.77	699.94	1657.74	728.82	2.6985	2.6537
2020445189805	1636.81	701.72	1659.35	738.85	2.6861	2.6450
2020445198141	1634.24	699.71	1660.29	730.21	2.7071	2.6481
2020445206474	1634.08	701.06	1658.05	737.38	2.6918	2.6421
2020445214808	1641.16	697.16	1659.98	734.42	2.6856	2.6493
2020445223141	1634.80	705.93	1646.75	734.56	2.7145	2.6477
2020445231474	1637.19	699.84	1645.02	733.85	2.6989	2.6614
2020445239808	1627.41	714.05	1648.37	730.89	2.6959	2.6468
2020445248141	1625.92	711.50	1646.24	737.52	2.7027	2.6643
2020445256474	1630.36	709.94	1636.58	744.62	2.6976	2.6466
2020445264808	1630.35	711.97	1650.95	736.10	2.6938	2.6528
2020445273141	1635.15	703.85	1638.21	736.42	2.6959	2.6809
2020445281473	1625.92	658.17	1657.85	679.27	2.7029	2.6674
2020445289807	1612.73	601.58	1667.14	615.96	2.7058	2.6327
2020445298140	1624.06	508.55	1644.03	516.31	2.6801	2.6382
2020445306473	1611.09	439.12	1663.60	461.42	2.6587	2.6090
2020445314807	1616.79	437.59	NaN	NaN	2.6630	NaN
2020445323140	1628.16	432.61	NaN	NaN	2.6672	NaN
2020445331478	1629.73	424.50	NaN	NaN	2.6695	NaN
2020445339812	1624.14	421.01	NaN	NaN	2.6935	NaN
2020445348145	1625.05	418.41	NaN	NaN	2.6824	NaN
2020445356478	1627.09	422.52	NaN	NaN	2.6660	NaN
2020445364811	1614.86	431.10	NaN	NaN	2.6808	NaN
2020445373144	1620.49	427.03	NaN	NaN	2.6771	NaN
2020445381477	1618.20	432.44	NaN	NaN	2.6782	NaN
2020445389811	1616.43	433.09	NaN	NaN	2.6936	NaN
