t	gaze_point_LX	gaze_point_LY	gaze_point_RX	gaze_point_RY	pupil_diameter_L	pupil_diameter_R
2965059988	1156.83	707.58	1160.53	680.27	3.2436	3.5080
2965068321	1150.40	710.90	1164.60	702.29	3.2503	3.4870
2965076654	1150.18	696.01	1169.62	766.66	3.2558	3.6269
2965084987	1157.53	684.67	1171.71	735.02	3.2257	3.5726
2965093320	1157.49	685.49	1176.60	725.34	3.2329	3.5737
2965101653	1153.43	708.34	1177.37	731.79	3.2397	3.5661
2965109986	1207.15	705.78	1226.10	782.17	3.2152	3.6246
2965118324	1261.08	706.40	1276.89	745.21	3.2448	3.5894
2965126657	1265.12	710.25	1272.79	756.45	3.2306	3.6207
2965134991	1248.43	718.41	1250.10	779.92	3.2355	3.5949
2965143324	1254.46	708.38	1256.90	786.91	3.2554	3.6036
2965151657	1253.61	699.35	1263.30	800.84	3.2456	3.6122
2965159990	1265.12	705.63	1266.10	796.49	3.2466	3.6117
2965168323	1257.50	698.22	1269.82	796.18	3.2468	3.6066
2965176656	1261.72	709.15	1268.61	790.63	3.2298	3.6102
2965184990	1257.40	723.02	1269.37	762.25	3.2362	3.5977
2965193322	1257.16	710.56	1272.53	761.14	3.2164	3.5635
2965201656	1258.62	704.91	1264.42	790.10	3.2135	3.5894
2965209990	1266.14	712.64	1269.04	776.96	3.2218	3.6158
2965218323	1265.78	733.27	1278.16	746.65	3.2281	3.5400
2965226656	1274.47	725.83	1273.19	772.95	3.2449	3.5951
2965234989	1267.56	700.52	1275.64	781.19	3.2242	3.5908
2965243322	1265.31	700.68	1275.88	789.24	3.2061	3.5924
2965251660	1263.00	713.25	1279.56	783.26	3.2497	3.5793
2965259994	1268.07	708.98	1286.36	764.95	3.1891	3.5717
2965268327	1274.02	717.07	1279.67	759.91	3.2205	3.6049
2965276660	1262.67	710.24	1277.09	772.80	3.2534	3.5884
2965284994	1266.38	719.38	1282.05	795.62	3.2234	3.6026
2965293327	1263.61	713.82	1286.37	764.68	3.2268	3.5903
2965301660	1259.87	706.65	1278.21	778.87	3.2313	3.5897
2965309994	1266.51	729.04	1278.09	802.09	3.2334	3.6052
2965318327	1263.02	705.85	1283.43	772.48	3.2140	3.5883
2965326659	1269.96	709.23	1292.69	755.03	3.2337	3.5979
2965334993	1262.79	720.31	1286.85	758.46	3.2348	3.5841
2965343326	1266.34	727.87	1280.49	768.41	3.2378	3.5941
2965351659	1266.35	730.60	1284.87	779.28	3.2402	3.6068
2965359992	1261.40	734.19	1289.05	773.27	3.2528	3.5949
2965368326	1255.88	728.59	1291.70	788.52	3.2422	3.5991
2965376659	1258.22	720.67	1294.30	752.88	3.2565	3.5272
2965384998	1256.39	672.08	1289.36	783.87	3.3057	3.5937
2965393331	1246.64	712.12	1297.75	783.89	3.2927	3.5667
2965401664	1264.02	842.64	1310.47	798.39	3.2412	3.6079
2965409996	1288.91	1070.50	1353.69	738.80	3.1703	3.6386
2965418330	NaN	NaN	1315.83	843.95	NaN	3.5806
2965426663	NaN	NaN	1310.81	1094.88	NaN	3.4860
2965435004	NaN	NaN	NaN	NaN	NaN	NaN
2965443337	NaN	NaN	NaN	NaN	NaN	NaN
2965451671	NaN	NaN	NaN	NaN	NaN	NaN
2965460004	NaN	NaN	NaN	NaN	NaN	NaN
2965468337	NaN	NaN	NaN	NaN	NaN	NaN
2965476671	NaN	NaN	NaN	NaN	NaN	NaN
2965485004	NaN	NaN	NaN	NaN	NaN	NaN
2965493336	NaN	NaN	NaN	NaN	NaN	NaN
2965501670	NaN	NaN	NaN	NaN	NaN	NaN
2965510002	NaN	NaN	NaN	NaN	NaN	NaN
2965518341	NaN	NaN	NaN	NaN	NaN	NaN
2965526674	NaN	NaN	NaN	NaN	NaN	NaN
2965535008	NaN	NaN	NaN	NaN	NaN	NaN
2965543341	NaN	NaN	NaN	NaN	NaN	NaN
2965551675	NaN	NaN	NaN	NaN	NaN	NaN
2965560008	NaN	NaN	NaN	NaN	NaN	NaN
2965568341	NaN	NaN	NaN	NaN	NaN	NaN
2965576674	NaN	NaN	NaN	NaN	NaN	NaN
2965585006	NaN	NaN	NaN	NaN	NaN	NaN
2965593340	NaN	NaN	994.81	1462.85	NaN	1.9496
2965601673	NaN	NaN	1293.31	1267.35	NaN	2.0319
2965610007	NaN	NaN	1093.68	1177.15	NaN	2.3484
2965618340	NaN	NaN	1357.94	1223.75	NaN	3.2167
2965626674	NaN	NaN	1319.32	1163.12	NaN	3.4330
2965635007	1282.54	1067.71	1321.35	993.87	3.3221	3.4270
2965643335	1270.10	936.85	1324.28	917.84	3.2963	3.4961
2965651668	1282.85	836.23	1319.91	856.49	3.3551	3.5794
2965660000	1292.74	750.31	1313.28	802.65	3.3101	3.6687
2965668334	1289.77	714.35	1308.71	754.38	3.3840	3.7036
2965676667	1278.16	675.48	1308.26	738.73	3.4234	3.6940
2965685001	1286.59	649.07	1316.82	778.39	3.4219	3.6671
2965693335	1296.89	657.74	1316.79	768.67	3.4426	3.6411
2965701668	1294.43	682.29	1312.73	813.77	3.4203	3.6708
2965710001	1291.57	708.88	1315.65	806.06	3.3975	3.6787
2965718335	1293.86	729.28	1316.55	822.65	3.3884	3.7031
2965726668	1295.18	766.65	1303.61	815.37	3.4330	3.6851
2965735001	1291.16	740.07	1322.90	804.93	3.3704	3.6689
2965743334	1291.54	771.29	1315.63	826.49	3.4426	3.7015
2965751666	1282.61	719.25	1318.83	809.60	3.3735	3.6973
2965760000	1289.30	727.97	1316.29	806.17	3.3959	3.7167
2965768334	1291.67	742.64	1317.16	801.46	3.4352	3.6907
2965776674	1293.64	794.53	1317.98	782.57	3.5182	3.6985
2965785007	1295.78	758.68	1319.22	782.99	3.4400	3.6992
2965793341	1289.15	755.57	1313.41	781.73	3.4253	3.7070
2965801674	1285.09	766.36	1312.77	789.77	3.4670	3.7297
2965810007	1286.36	736.43	1306.02	786.78	3.4146	3.7046
2965818340	1285.65	713.93	1310.83	795.99	3.4098	3.7102
2965826673	1285.57	722.67	1319.26	814.84	3.4175	3.7114
2965835006	1283.07	753.96	1315.85	790.85	3.4498	3.7196
2965843339	1291.89	740.28	1311.71	792.18	3.4508	3.7255
2965851673	1287.21	756.77	1318.35	798.62	3.4767	3.7106
2965860006	1284.24	750.62	1319.94	793.85	3.4477	3.7059
2965868340	1282.92	715.71	1311.24	784.01	3.4351	3.7329
2965876673	1274.74	782.01	1317.96	804.39	3.5483	3.7358
2965885006	1275.72	763.24	1313.99	815.00	3.5030	3.7484
2965893339	1281.71	776.38	1307.20	783.68	3.5088	3.7035
2965901672	1280.91	796.11	1305.37	795.21	3.5613	3.7412
2965910009	1283.25	795.78	1308.97	789.40	3.5622	3.7224
2965918342	1281.06	778.57	1316.63	791.82	3.5357	3.7169
2965926675	1275.87	756.80	1316.04	799.63	3.5147	3.7101
2965935009	1279.74	759.99	1305.52	797.92	3.5160	3.7079
2965943342	1281.33	780.94	1298.66	800.55	3.5109	3.6962
2965951675	1282.15	745.20	1308.83	793.72	3.4987	3.7061
2965960009	1274.95	779.07	1318.89	801.39	3.5287	3.6631
2965968343	1282.33	777.86	1308.66	797.61	3.4900	3.6505
2965976676	1277.66	742.88	1314.95	794.89	3.4542	3.6535
2965985009	1274.27	744.10	1308.68	798.05	3.4617	3.6643
2965993341	1274.46	750.17	1312.96	803.07	3.4275	3.6401
2966001675	1280.68	754.97	1307.00	800.42	3.4255	3.6143
2966010008	1275.02	734.23	1309.69	805.16	3.3928	3.5948
2966018341	1272.96	729.92	1313.44	810.18	3.3801	3.5901
2966026675	1276.78	713.66	1311.84	809.01	3.3506	3.5881
2966035012	1281.82	751.47	1316.37	790.20	3.4033	3.5492
2966043345	1276.42	749.22	1316.89	805.72	3.3687	3.5768
2966051679	1270.80	750.06	1317.25	782.57	3.3686	3.5430
2966060012	1278.02	742.56	1316.95	793.62	3.3718	3.5670
2966068345	1279.55	732.69	1314.81	803.95	3.3501	3.5560
2966076679	1271.39	731.29	1309.32	801.78	3.3303	3.5454
2966085011	1273.21	751.85	1309.71	815.71	3.3701	3.5421
2966093345	1267.46	753.38	1311.89	809.47	3.3623	3.5511
2966101678	1268.77	758.12	1307.78	824.07	3.3430	3.5391
2966110011	1264.03	692.85	1313.15	826.97	3.3883	3.5218
2966118344	1275.22	699.57	1319.84	834.02	3.3326	3.5235
2966126677	1252.57	900.86	1319.30	822.16	3.3319	3.5150
2966135011	1264.98	1184.31	1320.14	804.19	3.2739	3.5533
2966143344	NaN	NaN	1348.97	960.07	NaN	3.3615
2966151677	NaN	NaN	NaN	NaN	NaN	NaN
2966160010	NaN	NaN	NaN	NaN	NaN	NaN
2966168346	NaN	NaN	NaN	NaN	NaN	NaN
2966176680	NaN	NaN	NaN	NaN	NaN	NaN
2966185013	NaN	NaN	NaN	NaN	NaN	NaN
2966193346	NaN	NaN	NaN	NaN	NaN	NaN
2966201680	NaN	NaN	NaN	NaN	NaN	NaN
2966210013	NaN	NaN	NaN	NaN	NaN	NaN
2966218346	NaN	NaN	NaN	NaN	NaN	NaN
2966226679	NaN	NaN	NaN	NaN	NaN	NaN
2966235013	NaN	NaN	NaN	NaN	NaN	NaN
2966243346	NaN	NaN	NaN	NaN	NaN	NaN
2966251678	NaN	NaN	NaN	NaN	NaN	NaN
2966260012	NaN	NaN	NaN	NaN	NaN	NaN
2966268345	NaN	NaN	NaN	NaN	NaN	NaN
2966276678	NaN	NaN	NaN	NaN	NaN	NaN
2966285012	NaN	NaN	NaN	NaN	NaN	NaN
2966293345	NaN	NaN	NaN	NaN	NaN	NaN
2966301684	NaN	NaN	NaN	NaN	NaN	NaN
2966310017	NaN	NaN	NaN	NaN	NaN	NaN
2966318351	NaN	NaN	NaN	NaN	NaN	NaN
2966326684	NaN	NaN	NaN	NaN	NaN	NaN
2966335017	NaN	NaN	NaN	NaN	NaN	NaN
2966343350	NaN	NaN	NaN	NaN	NaN	NaN
2966351684	NaN	NaN	NaN	NaN	NaN	NaN
2966360016	NaN	NaN	NaN	NaN	NaN	NaN
2966368350	NaN	NaN	NaN	NaN	NaN	NaN
2966376683	NaN	NaN	NaN	NaN	NaN	NaN
2966385016	NaN	NaN	NaN	NaN	NaN	NaN
2966393350	NaN	NaN	NaN	NaN	NaN	NaN
2966401683	NaN	NaN	NaN	NaN	NaN	NaN
2966410016	NaN	NaN	NaN	NaN	NaN	NaN
2966418349	NaN	NaN	NaN	NaN	NaN	NaN
2966426683	NaN	NaN	NaN	NaN	NaN	NaN
2966435020	NaN	NaN	NaN	NaN	NaN	NaN
2966443354	NaN	NaN	1258.17	1168.18	NaN	3.3896
2966451687	1232.02	1155.53	1259.35	1047.77	3.3356	3.3870
2966460020	1240.03	1032.78	1260.59	952.36	3.3819	3.4584
2966468355	1239.43	894.25	1264.14	878.10	3.2874	3.5392
2966476688	1247.36	807.73	1258.16	824.06	3.2895	3.5170
2966485021	1248.59	769.16	1248.87	797.47	3.3140	3.5591
2966493355	1248.63	740.61	1256.30	777.86	3.3226	3.5941
2966501688	1248.69	716.99	1256.64	742.78	3.3425	3.5660
2966510021	1248.12	691.50	1261.29	734.35	3.3883	3.5832
2966518354	1249.98	670.09	1251.77	723.27	3.4131	3.5799
2966526687	1246.47	655.57	1256.25	778.73	3.4198	3.5947
2966535021	1239.57	666.76	1254.53	795.85	3.4158	3.5844
2966543354	1243.68	663.60	1256.04	812.97	3.3960	3.5765
2966551688	1242.41	672.33	1254.90	824.90	3.4051	3.5818
2966560025	1253.52	693.78	1262.03	816.00	3.4198	3.5645
2966568358	1247.63	707.63	1261.52	823.71	3.4214	3.5691
2966576691	1250.07	705.68	1271.81	809.30	3.3618	3.5666
2966585024	1247.93	728.15	1270.76	811.13	3.3757	3.5651
2966593357	1249.34	761.40	1265.18	819.44	3.4306	3.5802
2966601690	1256.32	765.00	1270.62	812.17	3.4337	3.5924
2966610023	1248.75	761.62	1270.74	797.51	3.4200	3.5871
2966618357	1260.21	762.00	1264.86	799.08	3.4162	3.6116
2966626691	1251.32	773.75	1270.22	799.08	3.4331	3.5949
2966635023	1249.83	777.19	1264.41	800.65	3.4566	3.6079
2966643357	1244.68	745.85	1263.90	798.49	3.4179	3.5803
2966651690	1246.85	758.69	1263.55	798.21	3.4629	3.5747
2966660024	1240.21	764.41	1258.26	795.11	3.4680	3.5863
2966668356	1252.98	757.90	1263.07	806.27	3.4497	3.6024
2966676689	1250.56	749.06	1255.91	797.22	3.4545	3.6041
2966685021	1248.01	754.77	1259.16	799.68	3.4459	3.5933
2966693360	1245.24	769.23	1256.46	800.33	3.4549	3.5946
2966701693	1254.05	753.72	1262.91	797.73	3.4337	3.5927
2966710027	1285.69	758.11	1302.52	773.71	3.4575	3.5354
2966718360	1303.02	751.50	1310.72	802.78	3.4692	3.5997
2966726693	1283.25	770.82	1289.14	795.34	3.5104	3.5846
2966735027	1288.11	762.86	1298.51	786.13	3.4733	3.5769
2966743359	1284.49	781.58	1298.72	778.34	3.4837	3.5623
2966751692	1282.34	780.53	1302.51	761.18	3.4810	3.5528
2966760026	1286.67	785.19	1300.59	773.94	3.4829	3.5505
2966768358	1286.72	781.25	1293.31	780.45	3.4608	3.5620
2966776692	1282.84	778.91	1298.73	789.18	3.4565	3.5623
2966785025	1294.73	758.63	1295.22	784.04	3.4076	3.5157
2966793358	1289.49	767.02	1295.24	785.19	3.4233	3.5149
2966801692	1287.16	745.04	1303.78	777.48	3.3781	3.4874
2966810025	1291.83	734.70	1297.36	787.08	3.3860	3.4958
2966818359	1294.83	722.28	1310.25	776.22	3.3579	3.4788
2966826697	1293.31	721.54	1306.22	769.00	3.3345	3.4561
2966835029	1294.87	705.35	1308.55	760.39	3.2737	3.4384
2966843363	1297.79	715.01	1299.16	777.97	3.2780	3.4745
2966851696	1287.30	752.93	1313.56	750.00	3.3237	3.3958
2966860029	1285.65	746.80	1302.83	758.05	3.2887	3.3819
2966868363	1296.52	725.71	1310.07	775.60	3.2480	3.4107
2966876696	1287.77	719.58	1316.94	758.00	3.2498	3.3598
2966885029	1297.41	729.44	1314.98	784.56	3.2600	3.3893
2966893363	1300.59	713.79	1312.57	756.17	3.2426	3.3669
2966901696	1290.77	721.60	1304.26	757.78	3.2761	3.3831
2966910029	1296.97	717.06	1321.20	746.63	3.2473	3.3346
2966918361	1289.19	711.24	1312.62	750.34	3.2297	3.3110
2966926695	1285.96	733.76	1310.27	772.36	3.2604	3.3571
2966935028	1291.00	736.15	1313.74	768.94	3.2222	3.3258
2966943361	1299.00	736.50	1314.98	772.36	3.1976	3.3370
2966951695	1292.30	718.31	1308.89	773.54	3.2056	3.3430
2966960030	1293.46	718.34	1314.57	719.05	3.2100	3.2494
2966968364	1292.40	715.03	1317.48	705.90	3.2148	3.2292
2966976697	1288.76	730.37	1310.36	729.70	3.2111	3.3006
2966985030	1295.73	734.76	1311.32	713.44	3.2186	3.2764
2966993363	1289.07	743.94	1307.43	750.82	3.2284	3.3434
2967001696	1298.19	740.64	1311.78	714.75	3.2473	3.2642
2967010029	1289.45	718.58	1312.04	706.80	3.2094	3.2604
2967018362	1295.68	725.14	1307.60	708.74	3.2117	3.2566
2967026696	1290.39	720.05	1314.56	712.00	3.1977	3.2635
2967035029	1287.99	732.33	1317.84	714.45	3.2319	3.2357
2967043362	1297.60	721.22	1310.42	735.77	3.1912	3.2873
2967051696	1289.85	733.51	1312.35	728.11	3.2157	3.2155
2967060029	1294.67	730.42	1304.99	723.51	3.1896	3.2212
2967068362	1299.90	741.56	1314.81	716.99	3.1954	3.2389
2967076696	1297.87	740.00	1312.67	705.51	3.2011	3.2589
2967085038	1299.31	724.11	1314.31	705.77	3.1678	3.2360
2967093370	1296.27	722.84	1315.74	722.26	3.1686	3.2316
2967101704	1302.12	718.23	1313.20	757.82	3.1876	3.2777
2967110037	1293.07	706.81	1306.78	769.43	3.1759	3.2850
2967118370	1297.17	720.24	1307.35	762.91	3.1757	3.3020
2967126704	1301.09	722.25	1312.87	717.69	3.1761	3.2291
2967135037	1296.57	727.08	1309.55	749.85	3.1797	3.2733
2967143370	1295.28	729.80	1321.80	724.26	3.1972	3.2214
2967151704	1303.32	719.73	1330.57	730.32	3.1970	3.2242
2967160037	1293.40	720.07	1319.98	729.70	3.1892	3.2210
2967168370	1295.19	715.64	1322.01	723.57	3.1747	3.2151
2967176703	1290.25	718.79	1326.03	761.96	3.1758	3.2764
2967185036	1297.29	719.56	1323.07	719.49	3.2147	3.1952
2967193369	1297.26	722.48	1314.87	752.00	3.2041	3.2676
2967201703	1293.33	720.37	1330.92	723.08	3.1892	3.2178
2967210036	1296.26	727.52	1328.74	707.67	3.2270	3.2348
2967218372	1295.16	719.94	1326.48	710.39	3.2001	3.2370
2967226706	1298.57	720.67	1321.47	731.46	3.1808	3.3052
2967235039	1298.94	730.32	1325.49	715.43	3.1833	3.2636
2967243372	1299.78	734.45	1328.48	708.49	3.1947	3.2341
2967251706	1292.99	744.74	1320.31	764.69	3.1967	3.3107
2967260038	1300.92	735.84	1321.69	744.60	3.2007	3.2592
2967268371	1297.81	728.84	1315.47	752.61	3.2200	3.2741
2967276704	1298.03	722.41	1321.91	737.54	3.1741	3.2510
2967285038	1304.33	717.84	1319.69	713.80	3.1903	3.2036
2967293371	1295.48	719.74	1334.35	736.10	3.1894	3.2691
2967301704	1293.76	720.48	1324.69	715.54	3.1818	3.2274
2967310038	1297.73	720.95	1321.18	746.05	3.1883	3.2712
2967318371	1301.23	724.25	1320.25	769.85	3.1946	3.3142
2967326704	1297.58	718.68	1330.59	724.43	3.1819	3.2359
2967335038	1295.72	722.41	1322.51	760.19	3.1919	3.2962
2967343370	1298.30	718.17	1323.66	739.00	3.1653	3.2687
2967351708	1297.00	724.22	1327.30	733.66	3.1831	3.2563
2967360042	1298.93	729.55	1322.98	749.62	3.1862	3.2881
2967368375	1293.52	730.00	1323.16	720.28	3.1828	3.2270
2967376708	1293.27	739.03	1323.49	733.46	3.1764	3.2611
2967385042	1298.17	742.56	1327.60	710.19	3.1852	3.2387
2967393375	1293.70	734.53	1318.46	722.39	3.1515	3.2304
2967401708	1293.15	732.39	1317.02	766.24	3.1555	3.2953
2967410042	1291.90	726.88	1318.65	760.42	3.1673	3.3317
2967418375	1294.55	729.00	1326.20	715.40	3.1682	3.2575
2967426707	1289.14	742.84	1321.42	724.93	3.1618	3.2638
2967435041	1282.53	743.70	1324.13	774.64	3.1827	3.3123
2967443374	1284.75	736.37	1312.79	753.97	3.1511	3.2789
2967451707	1286.69	740.98	1326.00	745.20	3.1707	3.2407
2967460041	1282.70	743.05	1320.57	752.39	3.1648	3.2700
2967468374	1281.73	741.51	1318.13	734.50	3.1783	3.2421
2967476711	1291.90	738.03	1326.14	707.97	3.1442	3.2358
2967485044	1289.24	740.92	1311.02	713.94	3.1431	3.2556
2967493377	1291.75	741.38	1307.23	771.82	3.1761	3.3285
2967501710	1295.91	733.01	1315.93	753.85	3.1822	3.2967
2967510043	1298.92	740.51	1317.34	726.32	3.1659	3.2668
2967518376	1295.67	743.75	1306.63	760.53	3.1619	3.3031
2967526709	1295.11	736.13	1312.79	766.37	3.1756	3.3177
2967535043	1294.89	731.38	1318.68	696.59	3.1585	3.2289
2967543376	1291.72	736.60	1315.15	738.52	3.1678	3.2974
2967551709	1288.22	746.57	1321.31	730.34	3.1796	3.2805
2967560043	1284.10	741.16	1321.56	719.04	3.1563	3.2632
2967568376	1286.64	734.78	1319.56	709.17	3.1516	3.2587
2967576709	1291.97	734.57	1324.44	711.33	3.1483	3.2621
2967585042	1287.43	730.20	1311.88	769.70	3.1498	3.3349
2967593375	1292.35	749.27	1312.23	738.20	3.1880	3.2730
2967601708	1288.03	738.19	1312.32	719.38	3.1413	3.2636
2967610047	1288.11	741.93	1312.34	715.87	3.1587	3.2822
2967618380	1279.32	748.00	1315.21	694.02	3.1765	3.2281
2967626713	1288.74	750.85	1312.89	698.37	3.1886	3.2358
2967635047	1282.49	723.45	1307.28	695.88	3.1412	3.2760
2967643380	1277.97	723.48	1306.57	692.29	3.1805	3.2507
2967651713	1285.06	710.64	1302.05	742.25	3.1501	3.3061
2967660047	1272.10	722.85	1314.18	708.85	3.1486	3.3114
2967668379	1285.59	732.72	1304.37	721.78	3.1521	3.3074
2967676712	1278.72	720.32	1302.54	741.97	3.1703	3.3408
2967685046	1280.67	707.26	1301.08	715.41	3.1464	3.2564
2967693379	1284.53	713.65	1312.39	725.14	3.1385	3.2818
2967701712	1280.22	729.22	1308.87	712.54	3.1675	3.2587
2967710046	1280.52	736.80	1304.25	701.79	3.1729	3.3078
2967718379	1287.51	716.49	1304.21	713.20	3.1623	3.3018
2967726712	1280.65	730.87	1311.48	737.06	3.1555	3.3304
2967735046	1286.14	711.70	1320.30	714.00	3.1692	3.3055
2967743385	1283.27	717.37	1300.55	766.66	3.1476	3.3827
2967751717	1283.80	731.02	1305.79	716.58	3.1711	3.3444
2967760051	1280.37	728.54	1315.42	709.45	3.1628	3.3122
2967768384	1290.70	724.61	1307.11	736.28	3.1550	3.3365
2967776717	1290.61	726.81	1315.08	743.57	3.1526	3.3481
2967785051	1286.39	713.32	1306.95	703.70	3.1422	3.3079
2967793384	1287.02	704.90	1310.42	705.12	3.1743	3.3480
2967801717	1283.31	716.91	1312.33	740.40	3.1583	3.3833
2967810051	1280.72	711.27	1314.54	770.80	3.1686	3.3920
2967818384	1289.18	716.42	1305.29	753.13	3.1880	3.3948
2967826717	1284.56	720.14	1304.17	733.17	3.1580	3.3858
2967835049	1284.33	713.94	1303.34	720.41	3.1880	3.3728
2967843383	1280.81	720.80	1301.21	721.84	3.2026	3.3703
2967851716	1275.04	729.78	1307.74	689.30	3.2017	3.2816
2967860049	1272.54	730.08	1301.59	731.26	3.2034	3.3837
2967868383	1268.97	724.50	1296.75	730.54	3.1856	3.3954
2967876721	1271.65	732.10	1310.33	704.78	3.2032	3.3589
2967885054	1279.32	730.34	1305.12	735.56	3.1902	3.3869
2967893388	1275.33	725.95	1307.70	745.21	3.2001	3.3847
2967901721	1265.82	714.91	1304.70	757.92	3.2081	3.4494
2967910054	1271.47	716.82	1304.25	720.50	3.2252	3.4127
2967918387	1267.53	712.65	1304.61	756.16	3.2033	3.4564
2967926720	1271.13	730.85	1312.34	738.75	3.2372	3.3795
2967935054	1274.82	741.02	1300.44	769.51	3.2518	3.4510
2967943387	1276.28	730.22	1305.66	776.33	3.2410	3.4852
2967951720	1272.58	723.24	1297.16	749.55	3.2675	3.4177
2967960053	1272.52	714.00	1304.39	769.28	3.2446	3.4978
2967968387	1280.36	717.14	1301.08	730.71	3.2290	3.4254
2967976720	1275.98	731.95	1312.27	726.94	3.2307	3.4517
2967985053	1274.96	740.88	1315.52	720.23	3.2633	3.4420
2967993387	1275.57	718.40	1303.71	760.76	3.2428	3.4919
2968001723	1272.03	717.54	1305.48	777.56	3.2392	3.5349
2968010056	1272.72	731.93	1314.96	768.54	3.2887	3.4902
2968018390	1276.42	720.41	1309.33	794.87	3.2420	3.5392
2968026723	1268.87	728.20	1313.90	782.95	3.2356	3.5146
2968035056	1268.29	735.82	1304.35	775.86	3.2709	3.5446
2968043390	1274.00	723.93	1308.72	783.99	3.2400	3.5414
2968051723	1276.22	747.19	1307.15	776.48	3.2825	3.5156
2968060055	1281.33	727.91	1300.76	791.80	3.2429	3.5486
2968068389	1279.11	719.47	1307.72	771.11	3.2526	3.5649
2968076722	1283.51	722.35	1309.06	776.55	3.2635	3.5708
2968085054	1279.31	720.36	1305.96	759.07	3.2790	3.5679
2968093389	1276.24	714.48	1313.98	762.97	3.2649	3.5919
2968101722	1279.63	728.11	1309.63	784.10	3.2722	3.5930
2968110055	1277.11	725.17	1305.05	786.65	3.2625	3.5925
2968118389	1274.62	797.33	1306.80	794.09	3.4068	3.5916
2968126722	1282.20	722.20	1306.15	786.37	3.2913	3.5920
2968135061	1283.86	714.57	1308.16	783.97	3.2673	3.6155
2968143395	1285.04	718.86	1312.23	771.85	3.2866	3.6167
2968151728	1282.02	732.36	1312.33	761.68	3.2928	3.6102
2968160061	1292.44	742.62	1302.09	774.95	3.3397	3.6089
2968168394	1286.29	723.17	1304.91	782.46	3.3182	3.6208
2968176727	1286.19	701.54	1307.66	786.84	3.2877	3.6348
2968185060	1279.29	713.40	1307.18	774.76	3.3004	3.6270
2968193394	1273.88	751.40	1307.26	752.36	3.3548	3.6340
2968201727	1290.24	730.78	1305.58	781.37	3.3282	3.6618
2968210060	1292.50	712.57	1309.49	795.19	3.3282	3.6543
2968218394	1289.30	722.67	1311.50	790.87	3.3613	3.6604
2968226727	1291.27	701.89	1305.48	791.15	3.3096	3.6659
2968235060	1286.68	708.38	1307.47	775.98	3.3361	3.6356
2968243394	1285.35	718.24	1308.57	791.27	3.3504	3.6564
2968251726	1285.31	721.35	1301.49	776.50	3.3216	3.6405
2968260059	1288.01	728.47	1302.55	782.21	3.3258	3.6723
2968268397	1289.02	713.06	1303.45	794.79	3.3083	3.6613
2968276730	1298.39	706.60	1308.43	789.53	3.3198	3.6383
2968285063	1280.30	740.02	1296.40	795.59	3.3354	3.6798
2968293397	1207.98	731.55	1245.52	755.45	3.3595	3.6521
2968301730	1154.49	707.68	1199.76	741.25	3.3392	3.6081
2968310063	1130.13	689.19	1148.94	744.34	3.3045	3.6103
2968318397	1108.27	694.48	1113.39	743.55	3.2927	3.6046
2968326730	1123.66	712.56	1139.30	746.93	3.2868	3.6423
2968335062	1117.83	710.22	1143.64	741.38	3.2687	3.6062
2968343396	1118.02	704.69	1140.93	761.83	3.2635	3.5892
2968351729	1116.64	697.79	1137.25	763.63	3.2583	3.5637
2968360063	1118.47	689.61	1139.95	742.70	3.2265	3.5215
2968368396	1119.93	715.35	1130.97	728.82	3.2611	3.5470
2968376729	1111.96	713.18	1135.77	727.98	3.2514	3.5134
2968385063	1109.88	701.32	1133.03	738.85	3.2169	3.5352
2968393396	1114.50	696.51	1130.89	720.55	3.1973	3.4717
2968401732	1114.37	708.95	1131.38	722.55	3.2006	3.4802
2968410066	1110.18	704.85	1135.91	749.16	3.1992	3.4999
2968418398	1117.54	702.59	1135.16	748.52	3.2054	3.4739
2968426731	1123.63	698.37	1130.90	722.49	3.1833	3.3888
2968435065	1119.35	710.60	1139.58	763.21	3.1797	3.4739
2968443398	1115.34	707.50	1128.86	728.05	3.1689	3.4290
2968451731	1114.41	701.51	1123.48	730.75	3.1619	3.4451
2968460065	1116.74	709.97	1125.70	724.72	3.1696	3.4290
2968468397	1121.07	710.23	1138.47	720.81	3.1763	3.4224
2968476731	1114.69	705.26	1130.79	690.50	3.1587	3.3324
2968485065	1122.01	711.96	1137.06	724.76	3.1634	3.3802
2968493397	1113.09	720.20	1126.80	750.38	3.1474	3.4125
2968501730	1107.15	708.42	1125.38	744.78	3.1323	3.3719
2968510063	1114.81	708.52	1121.10	751.48	3.1508	3.3882
2968518397	1111.78	712.63	1133.16	736.56	3.1414	3.3655
2968526737	1117.63	708.78	1120.75	704.53	3.1377	3.2919
2968535070	1117.39	703.63	1131.33	730.48	3.1332	3.3324
2968543404	1118.21	713.00	1126.91	713.29	3.1181	3.3094
2968551737	1119.68	710.50	1119.34	746.10	3.1197	3.3970
2968560070	1123.49	713.82	1129.49	696.44	3.1287	3.2769
2968568404	1117.62	706.53	1133.71	699.67	3.1063	3.3189
2968576737	1120.87	704.91	1134.10	694.72	3.1223	3.2975
2968585069	1116.17	708.37	1128.08	738.94	3.1186	3.3712
2968593402	1120.57	698.28	1128.04	710.42	3.1116	3.2973
2968601736	1121.03	700.25	1136.72	720.21	3.1066	3.3073
2968610069	1113.28	699.05	1123.01	734.96	3.1101	3.3386
2968618402	1055.06	718.58	1068.79	724.24	3.1324	3.2664
2968626736	960.38	746.87	963.23	772.24	3.1010	3.3263
2968635069	952.75	756.22	946.69	757.06	3.0781	3.2893
2968643403	937.56	764.86	947.84	741.88	3.0692	3.2414
2968651736	948.31	755.26	961.75	764.49	3.0659	3.2848
2968660073	946.44	742.03	956.53	763.61	3.0780	3.2708
2968668405	947.54	746.82	942.40	785.31	3.0775	3.2897
2968676739	943.22	742.62	940.08	780.96	3.0522	3.2920
2968685072	947.79	743.69	947.72	774.97	3.0536	3.2763
2968693406	950.72	752.97	962.24	761.83	3.0636	3.2464
2968701739	953.74	757.58	960.26	772.92	3.0772	3.2674
2968710072	949.01	747.63	959.58	778.59	3.0658	3.2605
2968718406	946.37	745.71	951.36	757.76	3.0592	3.2365
2968726739	947.70	752.44	946.93	747.01	3.0412	3.2219
2968735072	944.13	752.90	952.35	735.65	3.0358	3.2182
2968743406	945.54	757.15	958.03	749.06	3.0453	3.2369
2968751738	946.71	763.96	958.71	759.82	3.0751	3.2372
2968760071	951.43	749.38	962.15	773.77	3.0514	3.2400
2968768404	947.90	745.38	948.65	771.78	3.0362	3.2397
2968776738	946.28	744.99	948.30	770.13	3.0485	3.2186
2968785071	953.75	745.99	936.38	767.50	3.0256	3.2274
2968793410	951.85	758.33	939.02	742.07	3.0627	3.1938
2968801743	943.56	742.62	949.66	757.25	3.0314	3.2192
2968810076	946.66	760.95	946.29	748.23	3.0596	3.2330
2968818410	954.21	759.01	947.12	745.11	3.0650	3.2062
2968826743	945.93	756.39	958.04	770.08	3.0682	3.2252
2968835075	948.88	755.79	956.18	772.94	3.0602	3.2165
2968843409	949.77	751.77	954.98	775.86	3.0381	3.2073
2968851742	941.78	756.73	953.41	755.42	3.0494	3.1906
2968860075	945.62	755.23	940.64	756.96	3.0478	3.2062
2968868409	948.04	751.51	933.69	755.12	3.0442	3.1725
2968876742	943.98	750.91	940.65	764.80	3.0638	3.2131
2968885075	941.68	761.50	948.21	762.60	3.0446	3.1849
2968893408	946.52	748.87	944.58	749.50	3.0381	3.1813
2968901742	963.45	752.13	970.57	765.95	3.0373	3.2028
2968910075	1054.22	735.81	1072.25	773.37	3.0652	3.2422
2968918413	1083.46	715.08	1088.18	736.50	3.0715	3.2397
2968926746	1093.05	719.91	1094.45	714.75	3.0469	3.1919
2968935079	1098.52	709.49	1088.62	702.32	3.0608	3.1700
2968943412	1094.86	710.13	1084.87	718.27	3.0509	3.1734
2968951746	1096.33	709.22	1092.61	726.69	3.0392	3.1737
2968960079	1094.54	712.13	1097.77	733.54	3.0404	3.1927
2968968413	1100.02	716.37	1106.17	703.76	3.0647	3.1568
2968976745	1108.59	719.40	1102.20	689.77	3.0370	3.1234
2968985079	1104.81	711.63	1103.34	718.94	3.0317	3.1929
2968993413	1106.17	726.55	1107.68	707.48	3.0576	3.1584
2969001745	1106.85	735.09	1099.23	702.83	3.0515	3.1503
2969010078	1101.70	733.61	1105.76	709.16	3.0401	3.1719
2969018411	1103.39	737.30	1105.24	706.42	3.0390	3.1611
2969026744	1096.90	733.33	1103.87	705.87	3.0335	3.1461
2969035078	1103.18	729.73	1107.05	712.76	3.0426	3.1632
2969043411	1100.16	733.73	1103.73	710.62	3.0487	3.1529
2969051751	1101.71	734.58	1103.99	715.30	3.0456	3.1544
2969060084	1103.93	732.55	1103.81	713.60	3.0257	3.1577
2969068417	1108.66	729.49	1102.76	719.17	3.0403	3.1597
2969076751	1098.09	728.55	1109.53	704.84	3.0284	3.1393
2969085084	1102.58	726.63	1103.37	701.56	3.0191	3.1328
2969093417	1101.53	718.79	1105.77	708.86	3.0225	3.1547
2969101749	1095.67	720.52	1097.28	698.67	3.0173	3.1340
2969110083	1096.61	726.68	1104.21	694.61	3.0258	3.1456
2969118417	1100.76	720.06	1100.48	693.89	3.0313	3.1595
2969126749	1099.21	713.66	1099.46	690.60	3.0154	3.1398
2969135083	1099.36	715.91	1095.27	703.93	3.0356	3.1565
2969143416	1108.12	714.37	1104.42	696.26	3.0118	3.1380
2969151749	1101.17	715.80	1104.50	696.81	3.0133	3.1476
2969160083	1099.20	720.52	1099.68	694.91	3.0170	3.1291
2969168416	1103.36	730.04	1109.53	703.88	3.0156	3.1506
2969176749	1103.53	720.15	1109.36	704.74	3.0125	3.1547
2969185085	1102.00	719.06	1110.63	717.70	3.0229	3.1360
2969193418	1103.74	721.01	1103.13	734.06	3.0340	3.1512
2969201752	1094.71	716.47	1104.23	715.58	3.0238	3.1193
2969210085	1096.53	708.31	1099.62	710.65	3.0045	3.1343
2969218419	1108.37	699.46	1140.19	675.75	3.0144	3.1704
2969226751	1128.79	692.67	1149.30	663.43	3.0455	3.1911
2969235085	1128.41	675.80	1154.40	658.56	3.0254	3.1883
2969243419	1127.66	690.06	1143.13	654.86	3.0589	3.1787
2969251751	1135.06	687.32	1149.03	656.54	3.0237	3.1805
2969260084	1127.55	678.45	1151.95	651.77	3.0278	3.1772
2969268417	1126.20	665.32	1150.02	657.65	3.0091	3.1731
2969276750	1122.61	665.99	1148.72	666.36	3.0085	3.1699
2969285084	1123.68	680.83	1150.63	676.90	3.0305	3.1647
2969293417	1121.85	686.14	1146.33	681.44	3.0423	3.1782
2969301751	1115.40	686.76	1146.58	669.45	3.0455	3.1642
2969310084	1124.33	690.24	1143.71	669.81	3.0472	3.1870
2969318422	1123.48	682.53	1155.10	670.43	3.0502	3.1792
2969326756	1113.14	688.56	1149.26	666.26	3.0492	3.1655
2969335089	1111.11	687.81	1152.52	665.59	3.0318	3.1676
2969343421	1116.71	676.61	1147.73	676.66	3.0411	3.1593
2969351754	1121.45	671.94	1147.23	669.24	3.0243	3.1708
2969360088	1120.16	683.56	1145.39	658.93	3.0300	3.1772
2969368421	1119.26	683.12	1142.33	650.63	3.0414	3.1825
2969376754	1133.20	688.78	1149.24	638.63	3.0530	3.1698
2969385088	1230.36	695.69	1288.01	651.77	3.0359	3.1868
2969393421	1342.78	704.84	1399.28	652.90	3.0536	3.1522
2969401754	1390.42	713.66	1435.79	659.74	3.0395	3.1219
2969410088	1403.73	695.16	1424.11	674.48	3.0322	3.1544
2969418421	1396.89	703.97	1423.59	681.93	3.0443	3.1143
2969426754	1405.16	694.36	1429.88	698.47	3.0363	3.1156
2969435086	1402.34	676.14	1435.77	693.32	3.0285	3.1126
2969443424	1407.25	671.67	1428.07	693.70	3.0308	3.1055
2969451758	1408.80	678.36	1423.72	690.72	3.0235	3.1284
2969460090	1411.75	675.44	1425.48	679.55	3.0343	3.0982
2969468424	1409.49	689.48	1427.56	682.26	3.0623	3.1060
2969476757	1418.43	688.84	1422.35	666.72	3.0298	3.0915
2969485090	1417.58	686.26	1422.47	679.00	3.0224	3.0780
2969493424	1416.76	687.84	1419.82	670.10	3.0277	3.0747
2969501757	1414.06	689.02	1424.48	683.78	3.0237	3.0740
2969510090	1406.54	676.01	1424.71	702.10	3.0212	3.0982
2969518423	1408.90	667.46	1425.08	686.43	2.9914	3.0817
2969526756	1412.23	674.98	1428.11	688.48	3.0204	3.0699
2969535090	1405.09	677.78	1430.75	683.93	2.9993	3.0837
2969543423	1406.54	689.76	1433.38	686.33	3.0063	3.0804
2969551757	1412.25	699.44	1429.69	689.10	3.0093	3.0818
2969560089	1407.38	699.50	1430.96	684.63	2.9778	3.0814
2969568423	1413.06	700.96	1434.88	686.34	2.9942	3.0746
2969576760	1402.64	697.71	1431.33	688.55	2.9984	3.0767
2969585092	1408.05	700.94	1433.90	698.49	2.9806	3.0715
2969593425	1406.61	703.36	1433.02	696.49	2.9915	3.0534
2969601758	1415.30	693.42	1430.99	688.77	2.9994	3.0441
2969610091	1410.73	690.13	1431.40	698.49	2.9906	3.0721
2969618425	1410.63	685.55	1432.22	682.07	2.9910	3.0593
2969626758	1409.30	678.83	1428.96	680.51	2.9914	3.0495
2969635092	1410.09	668.23	1428.58	668.04	2.9465	3.0527
2969643425	1411.63	666.87	1426.25	669.13	2.9749	3.0678
2969651758	1407.58	682.98	1428.03	670.97	2.9757	3.0620
2969660092	1409.29	676.44	1436.32	669.00	2.9739	3.0475
2969668425	1406.74	687.22	1434.05	678.88	2.9841	3.0588
2969676758	1410.11	682.95	1435.89	680.51	2.9972	3.0529
2969685090	1411.37	685.25	1434.42	676.25	2.9629	3.0648
2969693424	1411.10	682.61	1430.72	674.03	2.9855	3.0607
2969701758	1413.80	671.21	1432.12	663.55	2.9698	3.0711
2969710097	1416.92	670.44	1428.13	673.78	2.9643	3.0502
2969718431	1413.42	671.57	1427.59	682.21	2.9802	3.0642
2969726764	1404.96	681.27	1430.05	677.78	2.9741	3.0286
2969735097	1400.58	688.36	1422.15	677.22	2.9614	3.0245
2969743431	1402.74	700.17	1429.92	682.63	2.9896	3.0485
2969751764	1404.13	697.30	1427.20	691.92	2.9590	3.0573
2969760097	1407.20	697.05	1432.23	675.73	2.9610	3.0294
2969768430	1404.71	692.44	1421.27	675.14	2.9745	3.0541
2969776763	1409.85	683.91	1422.59	674.85	2.9705	3.0583
2969785097	1396.98	675.81	1421.74	678.62	2.9895	3.0941
2969793430	1411.88	668.40	1429.15	667.92	2.9787	3.0823
2969801763	1409.88	671.29	1427.77	659.65	2.9933	3.0650
2969810096	1406.83	684.49	1439.27	676.14	2.9884	3.0741
2969818430	1406.53	683.69	1432.78	680.67	2.9895	3.0685
2969826763	1401.57	693.01	1431.91	688.42	2.9751	3.0732
2969835096	1395.91	693.91	1435.52	687.01	2.9800	3.0977
2969843434	1397.22	682.07	1430.89	686.95	2.9811	3.0834
2969851767	1402.35	692.32	1435.75	684.66	3.0043	3.0908
2969860100	1400.24	677.11	1437.55	673.01	2.9955	3.0995
2969868434	1402.16	670.12	1428.84	666.07	2.9954	3.0988
2969876767	1405.39	671.45	1430.68	663.97	2.9892	3.1157
2969885101	1410.06	684.30	1431.89	668.54	2.9931	3.0918
2969893434	1411.51	690.11	1430.87	680.70	2.9918	3.1087
2969901767	1407.08	701.22	1433.00	695.73	2.9962	3.0937
2969910101	1404.66	709.10	1439.22	690.29	3.0206	3.1057
2969918434	1405.98	707.06	1429.79	683.71	3.0073	3.1127
2969926766	1410.29	704.64	1441.60	695.81	3.0141	3.1102
2969935099	1403.69	702.76	1431.90	694.05	3.0121	3.1136
2969943433	1323.82	706.91	1376.26	672.51	3.0146	3.1244
2969951766	1194.77	683.35	1228.38	670.39	3.0456	3.1508
2969960099	1100.87	652.09	1154.62	661.15	3.0409	3.1813
2969968436	1014.22	678.05	1049.96	658.08	3.0263	3.1842
2969976769	1013.97	686.58	1023.96	666.49	2.9818	3.1660
2969985102	1030.84	677.53	1037.45	661.11	3.0105	3.1825
2969993436	1016.43	673.36	1038.05	659.32	3.0272	3.1777
2970001769	1014.24	671.49	1029.71	656.37	3.0399	3.1822
2970010102	1016.24	676.83	1037.74	656.69	3.0200	3.1780
2970018434	1013.36	672.63	1030.70	651.41	3.0073	3.1942
2970026768	1022.85	671.73	1045.75	655.67	3.0280	3.1765
2970035102	1014.88	681.51	1037.29	653.17	3.0364	3.1723
2970043434	1020.25	677.27	1033.95	648.85	3.0274	3.1953
2970051768	1014.52	674.05	1031.09	654.34	3.0371	3.1902
2970060102	1017.09	676.47	1027.29	660.04	3.0232	3.1902
2970068434	1010.16	676.28	1035.22	669.18	3.0442	3.2033
2970076768	1010.08	675.54	1026.70	663.41	3.0235	3.1883
2970085101	1012.13	676.28	1031.15	675.58	3.0105	3.2090
2970093434	1016.53	668.48	1038.39	666.74	3.0123	3.1919
2970101774	1018.14	679.34	1033.70	670.50	3.0372	3.1959
2970110107	1021.17	677.86	1027.49	659.55	3.0067	3.1638
2970118441	1017.00	674.73	1033.33	655.49	3.0243	3.1749
2970126774	1019.75	672.39	1026.11	661.76	3.0103	3.1987
2970135108	1014.98	670.94	1031.93	642.96	3.0370	3.1856
2970143440	1009.86	677.37	1030.42	652.66	3.0444	3.1908
2970151774	1017.51	679.76	1034.91	649.85	3.0484	3.2032
2970160107	1010.35	671.61	1027.85	646.79	3.0297	3.1820
2970168441	1015.26	670.46	1031.27	648.76	3.0354	3.2003
2970176773	1013.82	672.65	1027.25	651.65	3.0094	3.1786
2970185106	1010.97	665.26	1033.14	654.22	3.0389	3.1850
2970193440	1011.05	660.57	1031.31	659.23	3.0069	3.1843
2970201773	1014.56	656.48	1042.80	655.91	3.0111	3.1685
2970210106	1015.27	670.49	1040.60	660.45	3.0364	3.1880
2970218440	1023.89	673.52	1053.90	661.38	3.0430	3.1812
2970226773	1140.44	670.19	1214.41	650.64	3.0553	3.2140
2970235111	1270.56	674.36	1342.78	639.32	3.0557	3.2000
2970243443	1385.54	667.71	1438.31	645.48	3.0558	3.1630
2970251777	1451.77	656.79	1502.12	638.13	3.0770	3.1422
2970260109	1481.43	662.76	1515.81	653.62	3.0524	3.1456
2970268442	1453.98	647.56	1489.40	653.27	3.0780	3.1470
2970276776	1473.82	643.70	1513.96	660.33	3.0877	3.1620
2970285109	1479.48	647.41	1517.19	659.07	3.0582	3.1363
2970293443	1486.74	647.03	1506.48	655.05	3.0651	3.1319
2970301776	1479.31	650.13	1507.64	648.14	3.0596	3.1091
2970310109	1479.87	650.80	1502.29	653.02	3.0523	3.1154
2970318443	1474.42	660.04	1508.87	647.24	3.0784	3.1235
2970326776	1474.16	657.97	1502.46	641.48	3.0406	3.1198
2970335110	1474.67	658.75	1504.76	628.61	3.0621	3.0964
2970343442	1474.01	655.21	1507.60	626.00	3.0466	3.0908
2970351775	1476.59	662.52	1512.33	630.82	3.0487	3.0763
2970360113	1472.19	656.73	1511.34	631.19	3.0512	3.0795
2970368446	1479.56	654.39	1511.19	626.97	3.0391	3.0728
2970376780	1471.28	657.13	1512.69	633.99	3.0516	3.0808
2970385114	1474.50	657.17	1507.72	627.40	3.0297	3.0657
2970393446	1477.78	658.95	1502.14	627.72	3.0261	3.0722
2970401780	1471.79	649.25	1506.27	632.60	3.0130	3.0718
2970410113	1480.13	652.04	1510.92	632.65	3.0136	3.0636
2970418447	1479.93	649.28	1505.88	625.70	3.0044	3.0322
2970426779	1479.06	650.54	1509.92	638.21	3.0079	3.0668
2970435112	1486.60	649.22	1508.08	636.18	2.9942	3.0581
2970443446	1475.11	649.42	1501.43	647.84	3.0004	3.0597
2970451779	1482.40	655.61	1508.38	645.65	2.9910	3.0620
2970460112	1477.47	637.86	1506.94	645.83	2.9911	3.0693
2970468446	1479.71	652.11	1502.60	627.49	2.9864	3.0283
2970476779	1477.24	654.05	1510.01	630.79	2.9829	3.0300
2970485112	1477.00	649.81	1509.76	631.23	2.9900	3.0395
2970493451	1480.47	650.06	1505.91	628.16	2.9646	3.0237
2970501785	1476.85	649.45	1512.28	623.48	2.9689	3.0196
2970510117	1483.11	652.28	1509.57	625.97	2.9682	3.0228
2970518450	1486.93	636.29	1511.24	635.94	2.9651	3.0423
2970526784	1480.97	636.35	1513.09	641.93	2.9579	3.0553
2970535117	1487.56	631.08	1508.01	634.82	2.9644	3.0280
2970543451	1486.50	629.41	1513.73	633.84	2.9762	3.0294
2970551784	1479.15	628.65	1510.03	636.31	2.9553	3.0424
2970560117	1487.94	638.83	1507.44	637.34	2.9828	3.0326
2970568451	1489.97	628.77	1508.32	644.23	2.9608	3.0310
2970576784	1484.71	635.31	1512.29	630.85	2.9814	3.0143
2970585117	1479.36	638.06	1508.42	631.85	3.0019	3.0384
2970593450	1478.85	633.93	1496.93	636.22	2.9846	3.0195
2970601782	1483.47	634.74	1495.92	629.01	2.9833	3.0212
2970610116	1487.31	632.34	1485.51	634.08	3.0018	3.0105
2970618450	1481.80	634.91	1493.00	630.95	2.9847	3.0400
2970626784	1485.58	627.69	1490.30	631.78	2.9821	3.0359
2970635117	1481.06	633.35	1486.15	618.23	2.9839	3.0327
2970643450	1483.92	636.93	1489.20	624.99	3.0091	3.0520
2970651784	1481.71	632.75	1488.74	628.53	3.0190	3.0492
2970660117	1479.46	626.89	1489.56	623.41	2.9889	3.0561
2970668451	1470.49	624.44	1479.62	625.02	3.0135	3.0529
2970676783	1469.15	624.79	1483.80	623.77	3.0127	3.0465
2970685116	1470.06	631.52	1491.45	636.20	3.0062	3.0596
2970693449	1476.45	632.03	1483.74	638.96	3.0090	3.0777
2970701783	1471.18	641.22	1484.48	639.80	3.0151	3.0769
2970710116	1475.99	642.94	1487.70	631.79	3.0124	3.0692
2970718450	1476.24	644.18	1488.19	641.24	3.0089	3.0701
2970726782	1471.93	644.98	1489.54	641.56	3.0237	3.0860
2970735116	1479.15	644.83	1497.30	641.59	3.0383	3.0887
2970743449	1471.38	645.41	1491.16	640.99	2.9911	3.0912
2970751783	1481.15	648.87	1493.79	640.06	3.0173	3.0964
2970760122	1475.15	646.53	1495.42	642.20	3.0345	3.1072
2970768455	1477.24	647.67	1492.93	633.55	3.0270	3.1013
2970776789	1419.06	654.10	1449.56	633.27	3.0368	3.1005
2970785122	1338.88	638.36	1366.73	636.46	3.0290	3.0981
2970793455	1275.15	656.11	1304.38	642.10	3.0174	3.1173
2970801789	1230.09	654.41	1245.93	649.66	3.0167	3.1468
2970810122	1207.32	657.23	1222.07	651.12	3.0038	3.1435
2970818455	1235.06	671.08	1246.71	653.95	3.0160	3.1642
2970826789	1224.27	668.02	1247.31	653.78	2.9921	3.1669
2970835122	1214.52	669.33	1232.48	661.44	3.0045	3.1492
2970843455	1219.12	671.42	1231.96	668.52	2.9892	3.1541
2970851787	1221.71	675.86	1235.68	664.83	2.9914	3.1461
2970860121	1219.90	673.68	1233.18	661.32	2.9985	3.1362
2970868454	1214.26	666.18	1235.06	662.93	3.0100	3.1462
2970876788	1220.47	669.69	1247.01	668.01	3.0043	3.1535
2970885126	1219.52	664.79	1230.52	664.10	3.0049	3.1427
2970893459	1222.04	663.05	1242.08	669.46	3.0181	3.1730
2970901793	1216.02	662.00	1240.68	665.03	2.9890	3.1580
2970910126	1215.06	661.56	1236.97	658.74	2.9858	3.1593
2970918459	1212.02	664.50	1239.55	664.53	3.0008	3.1687
2970926792	1220.22	668.31	1239.59	657.86	3.0236	3.1526
2970935125	1215.73	674.20	1228.84	661.73	2.9851	3.1809
2970943459	1211.44	679.76	1234.60	659.15	3.0019	3.1847
2970951792	1209.85	675.67	1235.98	660.49	3.0114	3.1887
2970960125	1209.53	676.26	1227.99	657.87	3.0131	3.1706
2970968458	1209.63	666.13	1232.95	659.06	3.0116	3.1730
2970976792	1208.86	669.77	1230.08	657.48	3.0075	3.1833
