t	gaze_point_LX	gaze_point_LY	gaze_point_RX	gaze_point_RY	pupil_diameter_L	pupil_diameter_R
423607980691	1298.28	681.46	1301.72	681.38	3.4535	3.3450
423607989023	1320.79	676.36	1327.95	670.01	3.4435	3.3461
423607997357	1307.43	681.81	1307.93	679.01	3.4382	3.3328
423608005690	1302.38	684.59	1300.12	679.08	3.4400	3.3283
423608014023	1307.13	682.97	1299.95	686.65	3.4401	3.3362
423608022357	1305.48	690.00	1295.42	685.33	3.4367	3.3343
423608030690	1306.75	690.24	1296.99	685.97	3.4372	3.3303
423608039023	1308.41	691.20	1297.65	688.99	3.4391	3.3239
423608047357	1304.23	688.51	1287.78	683.59	3.4385	3.3383
423608055690	1309.67	691.11	1290.48	689.38	3.4404	3.3195
423608064023	1307.76	697.22	1286.47	693.27	3.4370	3.3349
423608072356	1306.21	695.24	1289.19	689.38	3.4394	3.3355
423608080690	1308.73	692.87	1287.59	690.21	3.4425	3.3356
423608089027	1313.85	689.63	1280.30	688.86	3.4423	3.3340
423608097360	1311.45	694.12	1280.23	688.54	3.4486	3.3387
423608105694	1312.98	691.76	1279.00	691.62	3.4454	3.3309
423608114027	1311.36	691.29	1277.50	687.04	3.4443	3.3448
423608122361	1314.88	689.92	1281.96	687.71	3.4589	3.3368
423608130694	1316.69	688.96	1279.99	684.50	3.4564	3.3466
423608139027	1311.19	691.80	1277.55	684.88	3.4508	3.3442
423608147361	1313.90	692.04	1277.56	686.63	3.4638	3.3497
423608155694	1307.05	694.19	1275.30	686.24	3.4512	3.3512
423608164027	1310.44	692.98	1277.22	684.09	3.4619	3.3544
423608172361	1309.93	692.81	1275.65	685.34	3.4655	3.3533
423608180694	1308.62	698.40	1275.43	686.54	3.4654	3.3694
423608189026	1310.35	698.76	1273.63	683.52	3.4727	3.3636
423608197359	1312.31	693.48	1270.95	686.40	3.4736	3.3706
423608205693	1307.56	695.90	1270.86	683.22	3.4758	3.3813
423608214030	1310.90	695.40	1274.63	682.94	3.4825	3.3806
423608222362	1306.14	702.14	1276.38	682.16	3.4815	3.3854
423608230696	1310.94	706.14	1278.09	693.43	3.4859	3.3841
423608239029	1307.10	722.70	1278.34	717.03	3.4996	3.3833
423608247362	1303.02	734.93	1261.14	759.67	3.4983	3.3818
423608255696	1298.22	733.82	1261.32	747.72	3.4980	3.3980
423608264029	1290.36	733.06	1251.43	742.74	3.5299	3.4027
423608272362	1282.48	729.29	1239.39	747.12	3.5323	3.4144
423608280696	1278.03	731.91	1237.63	756.27	3.5318	3.4020
423608289029	1286.96	752.71	1242.75	790.80	3.5189	3.3428
423608297361	1288.48	780.19	1257.87	822.50	3.4738	3.2830
423608305695	1284.71	821.28	1255.84	858.25	3.4409	3.2261
423608314028	1303.72	859.91	1270.39	881.29	3.4350	3.1849
423608322361	1300.79	862.01	1277.04	894.73	3.4172	3.1760
423608330695	1301.65	856.68	1289.00	892.13	3.4284	3.1867
423608339028	1299.74	845.27	1283.48	874.94	3.4757	3.2115
423608347368	1300.58	815.03	1285.19	856.84	3.5033	3.2730
423608355702	1302.36	801.15	1285.13	836.11	3.5444	3.3107
423608364035	1300.11	775.04	1275.32	821.19	3.5603	3.3468
423608372368	1297.67	770.54	1270.89	803.68	3.5819	3.3816
423608380702	1301.83	759.98	1266.94	787.06	3.5980	3.4208
423608389034	1301.75	758.84	1268.42	771.37	3.6112	3.4496
423608397367	1309.17	757.46	1265.49	758.92	3.6169	3.4722
423608405701	1304.05	761.23	1257.37	753.97	3.6302	3.4837
423608414034	1302.97	759.40	1260.89	754.09	3.6242	3.4950
423608422367	1297.86	756.10	1264.73	760.88	3.6225	3.5011
423608430701	1303.90	756.76	1263.52	759.98	3.6366	3.4999
423608439034	1301.89	742.34	1261.16	760.44	3.6302	3.5089
423608447367	1301.03	738.35	1264.94	757.47	3.6363	3.5017
423608455701	1304.47	735.62	1263.08	755.99	3.6475	3.5060
423608464034	1302.62	738.21	1268.69	755.13	3.6518	3.5058
423608472370	1306.33	734.95	1266.81	753.93	3.6636	3.5090
423608480704	1306.67	735.18	1262.94	755.24	3.6644	3.5092
423608489036	1304.55	733.10	1263.08	761.74	3.6672	3.5147
423608497369	1305.80	735.02	1262.39	760.17	3.6671	3.5183
423608505703	1302.34	740.40	1264.49	763.15	3.6702	3.5187
423608514036	1306.96	746.42	1261.70	764.63	3.6811	3.5146
423608522369	1305.31	751.38	1263.42	766.99	3.6760	3.5211
423608530703	1302.62	753.30	1265.52	769.46	3.6727	3.5247
423608539036	1308.75	755.59	1267.67	767.06	3.6868	3.5264
423608547369	1306.41	755.22	1267.17	764.20	3.6868	3.5211
423608555703	1305.95	752.40	1266.82	765.60	3.6947	3.5235
423608564036	1304.87	745.60	1269.79	771.41	3.6879	3.5242
423608572369	1305.92	738.30	1271.19	767.04	3.6923	3.5208
423608580703	1305.16	736.40	1273.24	763.88	3.6899	3.5314
423608589035	1307.75	741.01	1273.70	762.56	3.7032	3.5225
423608597368	1307.86	741.36	1268.47	754.25	3.6926	3.5146
423608605706	1305.56	744.48	1274.60	754.96	3.6904	3.5220
423608614040	1301.06	746.89	1272.19	754.19	3.6861	3.5153
423608622373	1304.28	743.81	1273.87	751.93	3.6876	3.5089
423608630706	1304.98	747.38	1269.23	749.73	3.6882	3.5077
423608639040	1304.69	748.55	1268.79	750.12	3.6794	3.4980
423608647373	1302.89	747.52	1269.94	750.35	3.6684	3.5001
423608655707	1307.57	743.36	1268.39	753.41	3.6617	3.4789
423608664040	1305.15	739.88	1269.73	753.60	3.6682	3.4713
423608672373	1311.73	739.61	1270.25	755.51	3.6453	3.4697
423608680707	1306.58	731.85	1270.11	757.42	3.6456	3.4569
423608689040	1304.68	730.90	1273.59	755.85	3.6308	3.4513
423608697372	1307.34	728.58	1269.43	757.02	3.6188	3.4411
423608705706	1307.89	732.90	1273.40	754.33	3.6153	3.4473
423608714039	1309.44	730.98	1270.50	753.91	3.6105	3.4344
423608722372	1304.48	744.00	1274.69	749.75	3.6035	3.4275
423608730706	1309.07	743.04	1276.89	749.01	3.5926	3.4259
423608739046	1313.14	739.77	1276.53	749.77	3.5922	3.4111
423608747379	1309.08	744.58	1277.42	752.60	3.5775	3.4111
423608755712	1307.70	742.03	1273.90	746.58	3.5736	3.4090
423608764046	1314.59	742.28	1276.38	752.11	3.5706	3.4044
423608772379	1313.90	736.50	1275.91	749.55	3.5675	3.3949
423608780712	1308.64	732.86	1276.38	753.93	3.5560	3.3937
423608789046	1312.38	731.89	1274.31	753.83	3.5550	3.3939
423608797378	1311.32	732.07	1275.06	752.81	3.5519	3.4019
423608805711	1310.47	729.56	1273.28	756.81	3.5522	3.3949
423608814045	1309.66	731.55	1273.41	754.87	3.5445	3.3939
423608822378	1309.35	734.13	1275.90	754.25	3.5483	3.3870
423608830710	1312.07	733.46	1277.86	754.06	3.5392	3.3848
423608839044	1314.22	735.30	1278.35	752.11	3.5386	3.3888
423608847377	1312.03	737.89	1276.51	755.01	3.5389	3.3853
423608855710	1314.46	737.67	1277.87	752.17	3.5333	3.3788
423608864044	1313.31	740.63	1277.48	756.60	3.5388	3.3773
423608872382	1319.31	738.96	1280.08	749.88	3.5227	3.3783
423608880715	1315.13	740.09	1278.57	747.47	3.5182	3.3811
423608889049	1316.06	741.39	1280.43	750.38	3.5357	3.3713
423608897382	1315.12	744.35	1279.93	751.86	3.5202	3.3645
423608905715	1313.54	731.36	1280.26	759.57	3.5187	3.3723
423608914049	1311.66	732.21	1275.47	759.60	3.5197	3.3647
423608922381	1312.30	735.57	1276.81	764.22	3.5220	3.3603
423608930714	1320.07	734.86	1277.38	766.36	3.5155	3.3544
423608939048	1312.05	729.72	1274.28	772.03	3.5122	3.3485
423608947381	1312.84	733.96	1274.66	772.01	3.5036	3.3482
423608955714	1314.10	732.14	1275.40	766.56	3.5003	3.3411
423608964048	1315.90	732.55	1274.98	763.50	3.4964	3.3372
423608972381	1310.26	740.27	1283.09	753.56	3.4842	3.3333
423608980714	1359.90	794.54	1325.57	800.21	3.4780	3.3280
423608989048	1384.38	804.18	1359.84	832.41	3.4734	3.3199
423608997381	1368.91	800.16	1328.36	810.37	3.4925	3.3035
423609005716	1372.92	785.81	1325.76	788.57	3.4738	3.3034
423609014050	1374.47	793.66	1334.01	792.70	3.4565	3.2942
423609022383	1373.43	796.39	1335.69	802.42	3.4662	3.2859
423609030716	1375.54	791.71	1336.18	804.44	3.4463	3.2791
423609039050	1371.60	790.98	1336.26	814.92	3.4421	3.2791
423609047383	1367.70	800.12	1336.91	820.16	3.4511	3.2759
423609055716	1370.52	806.89	1335.54	824.22	3.4483	3.2812
423609064050	1370.81	816.12	1331.63	825.36	3.4322	3.2706
423609072383	1368.82	823.78	1337.57	825.59	3.4320	3.2655
423609080716	1368.22	827.80	1333.90	829.85	3.4337	3.2564
423609089050	1366.58	823.61	1336.56	827.53	3.4305	3.2447
423609097382	1366.03	823.29	1340.94	824.44	3.4182	3.2505
423609105715	1369.27	820.23	1336.98	826.00	3.4059	3.2499
423609114049	1364.49	828.13	1341.54	823.68	3.4198	3.2538
423609122382	1363.90	818.26	1341.25	828.55	3.4112	3.2521
423609130719	1364.80	822.90	1337.93	829.32	3.3963	3.2466
423609139053	1369.76	815.93	1334.41	822.08	3.4011	3.2468
423609147386	1366.41	804.22	1338.28	816.85	3.3963	3.2407
423609155719	1372.41	805.58	1342.11	813.59	3.3906	3.2291
423609164052	1369.19	806.89	1337.62	811.90	3.3916	3.2327
423609172386	1395.06	803.26	1372.10	814.53	3.3918	3.2486
423609180719	1494.85	812.78	1464.14	819.05	3.3806	3.2458
423609189052	1535.43	806.02	1520.34	824.45	3.3694	3.2420
423609197385	1520.15	802.84	1497.11	826.76	3.3673	3.2228
423609205718	1503.86	802.43	1476.97	823.58	3.3712	3.2221
423609214052	1515.81	805.05	1502.58	824.32	3.3567	3.2225
423609222385	1521.49	807.17	1498.44	829.64	3.3548	3.2256
423609230718	1520.82	807.61	1507.01	829.44	3.3564	3.2197
423609239052	1515.87	812.83	1498.81	830.76	3.3496	3.2187
423609247385	1520.76	812.56	1504.41	828.66	3.3521	3.2263
423609255718	1524.15	815.04	1500.94	832.53	3.3586	3.2234
423609264058	1519.39	811.05	1497.72	830.56	3.3504	3.2278
423609272391	1520.44	813.22	1498.55	831.00	3.3421	3.2231
423609280724	1523.32	815.39	1493.67	830.80	3.3499	3.2200
423609289058	1520.45	821.71	1487.90	836.90	3.3434	3.2212
423609297390	1519.61	821.11	1489.61	838.05	3.3435	3.2226
423609305723	1518.68	819.40	1487.99	834.23	3.3408	3.2223
423609314057	1522.39	813.15	1486.26	835.00	3.3383	3.2125
423609322390	1518.74	815.50	1483.76	833.55	3.3403	3.2236
423609330723	1522.70	811.29	1488.60	831.76	3.3438	3.2264
423609339056	1515.37	804.90	1489.87	825.29	3.3321	3.2186
423609347390	1519.31	800.18	1486.24	823.22	3.3407	3.2236
423609355723	1523.49	806.58	1481.75	823.83	3.3630	3.2229
423609364056	1519.41	810.60	1486.47	824.75	3.3521	3.2274
423609372390	1519.31	801.93	1485.76	822.75	3.3404	3.2320
423609380723	1517.96	811.55	1486.48	825.13	3.3567	3.2242
423609389056	1517.84	805.89	1483.89	825.80	3.3561	3.2386
423609397393	1520.81	799.67	1487.65	828.56	3.3480	3.2264
423609405726	1517.35	804.68	1485.24	828.45	3.3372	3.2336
423609414059	1520.25	815.91	1484.48	828.52	3.3503	3.2343
423609422393	1521.86	818.48	1484.88	834.58	3.3363	3.2547
423609430726	1514.10	819.04	1483.09	829.83	3.3376	3.2523
423609439059	1515.00	822.76	1481.58	838.54	3.3450	3.2458
423609447393	1517.42	825.23	1483.72	840.64	3.3398	3.2433
423609455725	1517.63	835.75	1485.48	838.08	3.3454	3.2504
423609464058	1516.06	835.89	1487.10	842.49	3.3487	3.2499
423609472392	1519.80	822.37	1484.03	844.73	3.3356	3.2525
423609480725	1513.42	824.42	1484.27	832.95	3.3480	3.2586
423609489058	1521.36	820.70	1488.27	838.45	3.3352	3.2546
423609497392	1517.83	813.22	1491.31	836.52	3.3389	3.2620
423609505725	1521.40	804.80	1487.71	830.36	3.3433	3.2552
423609514058	1519.58	799.66	1493.54	834.06	3.3589	3.2752
423609522391	1518.67	794.05	1492.05	826.65	3.3498	3.2598
423609530729	1517.54	793.82	1488.86	825.10	3.3576	3.2637
423609539062	1518.41	794.21	1485.45	826.28	3.3524	3.2653
423609547396	1521.95	797.10	1488.08	825.74	3.3484	3.2771
423609555729	1516.07	806.05	1488.27	827.83	3.3659	3.2766
423609564062	1513.22	796.75	1486.32	825.31	3.3453	3.2819
423609572396	1517.21	800.51	1483.97	829.27	3.3486	3.2838
423609580729	1516.36	804.18	1480.09	829.98	3.3621	3.2951
423609589062	1517.78	810.78	1478.72	834.88	3.3535	3.2923
423609597396	1515.19	814.35	1481.39	835.22	3.3542	3.2928
423609605729	1513.95	820.43	1482.03	835.15	3.3544	3.2943
423609614061	1518.27	825.33	1481.03	836.62	3.3629	3.3014
423609622395	1516.48	822.91	1483.32	839.16	3.3663	3.3015
423609630728	1517.61	819.68	1481.47	835.06	3.3619	3.2995
423609639061	1514.72	819.37	1486.08	835.02	3.3616	3.3040
423609647395	1517.91	824.60	1485.05	829.17	3.3636	3.3009
423609655732	1519.23	813.12	1486.23	831.34	3.3679	3.3128
423609664065	1515.29	809.44	1486.13	828.73	3.3678	3.3211
423609672399	1516.79	802.74	1491.05	826.16	3.3640	3.3179
423609680732	1515.22	801.04	1488.81	824.78	3.3665	3.3141
423609689065	1516.93	799.63	1488.90	823.13	3.3858	3.3119
423609697399	1517.68	796.07	1488.42	825.86	3.3634	3.3217
423609705732	1514.73	794.46	1492.16	826.86	3.3759	3.3204
423609714064	1515.19	800.35	1491.30	824.32	3.3794	3.3176
423609722398	1518.24	801.58	1491.01	826.58	3.3842	3.3115
423609730731	1515.10	806.96	1488.12	825.35	3.3833	3.3094
423609739064	1516.48	810.68	1490.21	828.03	3.3758	3.3132
423609747398	1519.43	812.25	1485.68	828.48	3.3648	3.3049
423609755731	1496.51	819.38	1470.99	832.92	3.3794	3.3051
423609764064	1400.16	816.73	1394.35	837.70	3.3842	3.3017
423609772398	1391.43	838.60	1381.15	840.49	3.3807	3.3001
423609780731	1415.76	832.18	1404.77	839.79	3.3668	3.2980
423609789071	1409.90	830.89	1401.43	827.70	3.3748	3.2977
423609797403	1406.96	823.00	1401.07	833.96	3.3535	3.2928
423609805737	1401.38	833.90	1397.76	840.78	3.3600	3.2865
423609814070	1403.94	827.30	1397.75	838.94	3.3617	3.2911
423609822403	1404.11	831.70	1395.22	839.62	3.3669	3.2870
423609830737	1402.56	832.53	1394.92	833.06	3.3572	3.2933
423609839070	1401.29	831.49	1395.57	832.84	3.3560	3.2927
423609847403	1397.65	828.72	1395.07	837.89	3.3542	3.2946
423609855737	1405.03	829.73	1395.30	835.77	3.3566	3.2869
423609864070	1403.51	831.55	1400.14	833.84	3.3560	3.2910
423609872403	1398.02	831.24	1396.51	833.35	3.3520	3.2934
423609880737	1395.36	834.11	1398.81	834.84	3.3611	3.3048
423609889070	1396.36	833.10	1399.31	837.00	3.3643	3.2891
423609897403	1402.21	832.29	1399.02	835.18	3.3554	3.2941
423609905736	1405.21	831.54	1398.38	833.52	3.3618	3.2967
423609914069	1398.34	835.43	1397.25	833.86	3.3502	3.2934
423609922406	1401.35	835.29	1399.67	835.52	3.3564	3.2885
423609930740	1401.93	831.52	1401.25	833.53	3.3542	3.2866
423609939073	1409.10	838.39	1403.95	832.76	3.3631	3.2870
423609947406	1401.80	830.36	1402.09	832.47	3.3493	3.2909
423609955740	1403.41	833.04	1401.40	836.89	3.3485	3.2892
423609964073	1407.03	830.61	1400.12	833.82	3.3556	3.3017
423609972406	1411.36	828.20	1399.09	833.50	3.3511	3.2859
423609980740	1376.41	830.70	1364.40	834.48	3.3777	3.2889
423609989073	1277.44	799.36	1280.39	810.50	3.3817	3.2938
423609997406	1227.88	814.73	1227.70	789.96	3.3704	3.3022
423610005739	1251.35	817.99	1263.80	793.44	3.3597	3.3141
423610014072	1264.99	816.19	1272.27	789.27	3.3626	3.3036
423610022405	1252.52	813.59	1249.43	792.48	3.3710	3.2958
423610030739	1254.05	808.99	1244.19	792.09	3.3678	3.2906
423610039072	1246.96	810.93	1247.22	790.67	3.3615	3.3020
423610047405	1254.70	808.93	1243.35	796.22	3.3689	3.3028
423610055743	1246.82	810.28	1238.14	793.41	3.3701	3.2979
423610064076	1251.20	805.11	1237.01	797.74	3.3820	3.3036
423610072409	1250.50	804.47	1235.01	799.21	3.3789	3.3046
423610080742	1253.09	807.27	1237.88	798.87	3.3824	3.3079
423610089075	1248.61	810.07	1237.49	803.14	3.3831	3.3050
423610097408	1254.87	807.42	1238.93	805.23	3.3793	3.3115
423610105742	1249.33	808.86	1242.30	805.09	3.3870	3.3150
423610114074	1248.10	814.16	1244.49	805.66	3.3866	3.3134
423610122407	1250.18	810.40	1242.27	805.76	3.3804	3.3143
423610130741	1253.67	809.28	1240.52	800.96	3.3802	3.3157
423610139074	1251.36	816.58	1237.31	800.06	3.3773	3.3227
423610147407	1251.14	816.05	1235.85	799.38	3.3815	3.3094
423610155741	1253.10	820.44	1233.01	797.75	3.3875	3.3161
423610164074	1255.60	812.23	1236.59	800.17	3.3803	3.3239
423610172407	1253.31	809.53	1234.79	798.63	3.3794	3.3226
423610180744	1255.00	804.82	1233.58	800.20	3.3836	3.3180
423610189077	1258.37	800.08	1239.65	800.94	3.3786	3.3066
423610197410	1256.28	801.13	1242.41	800.17	3.3823	3.3064
423610205744	1260.96	796.29	1243.74	802.20	3.3813	3.3053
423610214076	1217.56	792.03	1219.67	798.47	3.3842	3.3155
423610222409	1120.52	774.62	1131.69	755.39	3.3929	3.3288
423610230742	1099.12	745.76	1072.41	736.83	3.3906	3.3192
423610239076	1128.17	733.81	1112.00	744.33	3.3846	3.3072
423610247409	1152.45	724.37	1125.22	753.35	3.3899	3.2913
423610255742	1128.77	731.66	1098.26	755.10	3.3906	3.2894
423610264076	1128.44	724.13	1094.42	755.24	3.3891	3.2921
423610272409	1127.21	726.20	1101.48	752.71	3.3890	3.2904
423610280743	1128.42	726.16	1099.09	754.73	3.3858	3.2773
423610289076	1130.30	722.40	1107.16	755.92	3.3838	3.2836
423610297409	1131.22	724.66	1106.66	753.73	3.3845	3.2852
423610305743	1127.17	724.99	1108.10	751.10	3.3849	3.2776
423610314082	1130.76	730.68	1107.84	750.21	3.3951	3.2733
423610322415	1133.81	725.67	1109.34	749.64	3.3870	3.2766
423610330748	1135.13	722.13	1108.75	751.58	3.3911	3.2743
423610339082	1136.78	723.67	1104.72	742.92	3.3968	3.2784
423610347415	1134.43	726.93	1108.85	741.78	3.3906	3.2784
423610355748	1136.84	717.16	1109.43	741.17	3.4007	3.2814
423610364082	1137.71	726.58	1110.76	742.11	3.3987	3.2783
423610372415	1137.24	711.05	1108.10	742.86	3.3998	3.2849
423610380749	1132.83	718.08	1111.11	748.40	3.4044	3.2860
423610389082	1135.40	715.72	1105.67	740.69	3.4095	3.2657
423610397415	1133.66	711.47	1109.20	745.04	3.4131	3.2910
423610405748	1131.18	719.00	1107.87	751.20	3.4176	3.2840
423610414081	1135.32	712.03	1108.07	751.28	3.4197	3.2757
423610422414	1134.47	709.31	1108.37	752.92	3.4193	3.2930
423610430747	1131.65	713.18	1104.75	755.53	3.4189	3.2795
423610439081	1130.45	715.78	1111.00	755.59	3.4100	3.2816
423610447419	1132.50	720.45	1105.22	755.32	3.4212	3.2878
423610455752	1128.57	720.96	1103.33	753.07	3.4230	3.2888
423610464086	1083.78	720.76	1071.79	748.30	3.4238	3.3030
423610472419	991.00	688.86	984.91	713.80	3.4351	3.3130
423610480752	962.78	687.38	952.02	711.43	3.4078	3.2979
423610489086	980.42	693.03	963.42	704.22	3.4138	3.3006
423610497419	995.89	692.63	980.98	709.09	3.4153	3.2960
423610505751	987.24	691.79	962.75	701.05	3.4188	3.3044
423610514085	976.64	694.97	959.79	698.72	3.4203	3.3006
423610522418	980.51	695.49	955.99	699.15	3.4299	3.3053
423610530751	976.97	698.72	958.85	699.20	3.4217	3.3006
423610539085	979.23	692.88	959.90	694.67	3.4296	3.3013
423610547418	977.94	694.01	957.21	699.65	3.4219	3.3053
423610555751	978.66	696.48	961.54	698.25	3.4318	3.3078
423610564085	980.53	695.72	957.29	695.94	3.4299	3.3071
423610572422	982.48	694.33	960.75	697.20	3.4320	3.3038
423610580755	981.07	697.48	956.50	698.93	3.4286	3.3081
423610589089	983.97	696.20	958.69	698.54	3.4352	3.3102
423610597422	981.04	693.28	957.28	698.15	3.4361	3.3045
423610605754	986.70	695.54	961.19	694.71	3.4419	3.3015
423610614088	984.55	689.15	956.75	694.39	3.4379	3.3028
423610622421	986.12	691.39	961.38	692.08	3.4370	3.2962
423610630754	983.03	690.02	954.54	689.09	3.4375	3.2978
423610639088	984.41	690.33	957.11	687.11	3.4464	3.2941
423610647421	987.32	690.38	961.71	686.02	3.4289	3.2874
423610655754	983.73	689.78	963.24	687.80	3.4458	3.2850
423610664088	987.75	692.70	960.92	689.06	3.4427	3.2889
423610672421	982.84	691.25	960.21	688.12	3.4483	3.2823
423610680754	981.49	693.57	962.69	686.25	3.4413	3.2704
423610689088	981.77	697.71	961.46	692.08	3.4398	3.2792
423610697421	980.78	690.05	960.62	691.77	3.4466	3.2723
423610705758	984.95	694.39	956.27	687.15	3.4396	3.2609
423610714091	985.63	692.52	957.92	687.36	3.4342	3.2720
423610722424	983.06	694.04	964.72	690.44	3.4353	3.2712
423610730757	982.47	690.49	967.21	693.16	3.4366	3.2708
423610739090	982.68	684.11	967.51	693.00	3.4435	3.2712
423610747424	981.28	686.50	969.08	688.63	3.4303	3.2611
423610755757	982.31	688.81	967.59	690.23	3.4382	3.2667
423610764090	984.18	689.36	972.36	687.73	3.4400	3.2550
423610772424	980.18	686.53	968.22	692.90	3.4384	3.2652
423610780757	991.11	686.59	980.62	673.37	3.4315	3.2666
423610789090	1056.36	672.94	1040.64	664.10	3.4552	3.2684
423610797424	1054.57	670.70	1041.61	658.31	3.4535	3.2553
423610805757	1045.05	674.83	1027.49	666.19	3.4467	3.2603
423610814090	1050.10	677.18	1033.50	665.31	3.4500	3.2584
423610822423	1055.23	673.48	1034.80	671.27	3.4574	3.2696
423610830756	1057.42	671.79	1037.22	667.53	3.4573	3.2646
423610839095	1051.18	669.74	1037.17	665.59	3.4620	3.2677
423610847428	1053.28	667.14	1033.43	667.57	3.4507	3.2658
423610855761	1052.15	672.73	1032.31	669.88	3.4639	3.2690
423610864094	1050.68	672.36	1035.27	670.91	3.4658	3.2765
423610872428	1054.63	678.41	1037.78	668.14	3.4628	3.2807
423610880761	1054.50	674.72	1035.10	672.41	3.4744	3.2697
423610889094	1055.28	682.99	1034.18	666.59	3.4717	3.2744
423610897428	1052.79	678.38	1033.06	662.37	3.4685	3.2714
423610905761	1048.58	673.16	1030.55	661.00	3.4755	3.2728
423610914093	1054.38	671.20	1022.21	653.92	3.4785	3.2762
423610922427	1145.82	694.89	1127.23	688.51	3.4897	3.2969
423610930760	1231.02	759.38	1230.04	760.54	3.5029	3.2834
423610939093	1228.07	762.05	1241.78	752.05	3.4970	3.2626
423610947427	1197.87	745.60	1201.58	737.47	3.5003	3.2716
423610955760	1207.39	746.37	1216.36	743.79	3.5020	3.2697
423610964093	1216.56	758.54	1232.25	754.25	3.4871	3.2702
423610972432	1215.40	758.44	1229.42	756.29	3.4928	3.2708
423610980765	1221.12	759.26	1228.29	755.17	3.4941	3.2586
423610989098	1218.27	757.70	1227.85	752.32	3.4926	3.2670
423610997432	1217.34	758.62	1226.55	756.32	3.4942	3.2648
423611005765	1221.42	761.71	1224.82	754.26	3.4950	3.2582
423611014097	1221.79	766.88	1224.55	758.45	3.4968	3.2472
423611022431	1221.77	761.39	1226.19	757.39	3.4931	3.2636
423611030764	1224.43	762.12	1220.85	759.51	3.5034	3.2643
423611039097	1220.62	763.93	1223.03	758.01	3.4980	3.2618
423611047431	1223.12	761.29	1225.30	759.04	3.5005	3.2584
423611055764	1222.00	763.68	1224.35	758.52	3.5060	3.2570
423611064097	1221.97	766.87	1220.59	756.08	3.5065	3.2616
423611072431	1223.78	761.58	1222.97	756.22	3.5022	3.2703
423611080764	1226.17	760.63	1220.66	755.18	3.5083	3.2779
423611089097	1228.50	760.68	1222.33	753.93	3.5160	3.2701
423611097434	1225.28	767.17	1220.98	759.62	3.5160	3.2713
423611105767	1224.84	768.27	1221.97	758.50	3.5201	3.2707
423611114099	1222.22	762.66	1218.57	760.78	3.5162	3.2690
423611122433	1226.73	766.70	1220.81	761.39	3.5244	3.2823
423611130766	1222.75	760.00	1217.57	758.88	3.5137	3.2775
423611139099	1226.76	764.11	1217.44	757.72	3.5247	3.2848
423611147433	1225.79	766.18	1218.60	759.88	3.5233	3.2841
423611155766	1226.52	765.83	1221.40	759.51	3.5299	3.2855
423611164099	1227.18	760.21	1217.90	765.25	3.5310	3.2860
423611172433	1225.98	759.86	1219.89	763.21	3.5344	3.3001
423611180766	1228.15	759.56	1221.61	767.27	3.5340	3.3085
423611189099	1232.00	752.57	1219.46	764.64	3.5350	3.3081
423611197433	1225.88	759.34	1224.06	768.19	3.5444	3.3075
423611205766	1231.11	756.95	1224.35	768.55	3.5555	3.3139
423611214098	1231.06	754.27	1224.07	764.74	3.5515	3.3158
423611222432	1233.85	757.98	1225.19	765.23	3.5488	3.3236
423611230773	1228.46	758.82	1222.78	761.12	3.5477	3.3243
423611239106	1232.09	764.78	1223.26	761.19	3.5595	3.3328
423611247440	1232.42	766.13	1224.49	762.06	3.5593	3.3331
423611255773	1218.09	770.13	1223.86	769.87	3.5704	3.3303
423611264106	1215.41	774.96	1214.58	782.11	3.5635	3.3343
423611272440	1233.50	764.24	1224.96	776.80	3.5640	3.3524
423611280773	1232.33	761.75	1220.14	777.02	3.5690	3.3556
423611289106	1231.78	759.36	1217.35	776.85	3.5728	3.3577
423611297440	1230.13	755.64	1216.20	775.50	3.5716	3.3581
423611305773	1228.88	754.50	1212.40	773.68	3.5730	3.3558
423611314105	1229.47	758.18	1215.92	771.23	3.5687	3.3551
