t	gaze_point_LX	gaze_point_LY	gaze_point_RX	gaze_point_RY	pupil_diameter_L	pupil_diameter_R
847878525182	1125.54	463.18	1132.40	468.09	3.4138	3.6287
847878533519	1194.63	514.41	1177.66	533.03	3.4368	3.6057
847878541853	1236.52	616.06	1216.03	634.89	3.3769	3.5894
847878550187	1255.76	664.65	1236.87	645.12	3.4197	3.5423
847878558520	1241.84	653.97	1236.69	648.80	3.4112	3.5524
847878566852	1236.42	653.97	1236.84	653.63	3.4546	3.5705
847878575186	1242.32	653.31	1239.47	656.35	3.4047	3.5424
847878583518	1248.54	675.59	1244.85	664.11	3.4395	3.5675
847878591852	1246.32	652.31	1244.52	659.38	3.4215	3.5569
847878600186	1234.76	648.87	1247.04	667.91	3.3980	3.5659
847878608519	1241.88	671.88	1247.19	669.34	3.4494	3.5797
847878616852	1239.81	665.27	1249.91	658.58	3.4285	3.5584
847878625185	1249.28	685.17	1251.44	659.34	3.4760	3.5847
847878633519	1242.62	643.94	1243.72	655.79	3.3914	3.5722
847878641852	1233.12	637.62	1252.50	662.32	3.3970	3.5596
847878650185	1226.53	654.91	1257.89	656.25	3.3878	3.5610
847878658520	1228.35	714.88	1260.91	706.99	3.4761	3.5489
847878666854	NaN	NaN	1415.82	1109.91	NaN	2.5936
847878675188	NaN	NaN	NaN	NaN	NaN	NaN
847878683520	NaN	NaN	NaN	NaN	NaN	NaN
847878691853	NaN	NaN	NaN	NaN	NaN	NaN
847878700186	NaN	NaN	NaN	NaN	NaN	NaN
847878708519	NaN	NaN	NaN	NaN	NaN	NaN
847878716852	NaN	NaN	NaN	NaN	NaN	NaN
847878725186	NaN	NaN	NaN	NaN	NaN	NaN
847878733518	NaN	NaN	NaN	NaN	NaN	NaN
847878741852	NaN	NaN	NaN	NaN	NaN	NaN
847878750185	NaN	NaN	NaN	NaN	NaN	NaN
847878758519	NaN	NaN	NaN	NaN	NaN	NaN
847878766852	NaN	NaN	NaN	NaN	NaN	NaN
847878775185	NaN	NaN	NaN	NaN	NaN	NaN
847878783518	1424.36	1010.77	1295.93	840.86	2.6186	3.3728
847878791859	1272.01	844.22	1300.52	745.19	3.2509	3.5883
847878800192	1284.50	750.31	1291.03	681.56	3.4754	3.6526
847878808525	1293.37	705.00	1296.59	757.71	3.5800	3.6729
847878816858	1282.29	750.31	1292.70	749.72	3.5343	3.6641
847878825192	1284.36	740.05	1295.20	744.31	3.5009	3.6843
847878833526	1281.73	738.23	1294.72	729.58	3.5175	3.6728
847878841859	1283.77	739.81	1296.98	727.72	3.5326	3.7247
847878850192	1282.75	734.94	1290.29	723.37	3.5456	3.7330
847878858526	1285.23	731.46	1293.47	711.49	3.5649	3.7271
847878866859	1284.99	729.17	1294.96	719.23	3.5982	3.7511
847878875192	1287.44	723.88	1290.86	711.70	3.5830	3.7467
847878883526	1289.90	718.95	1288.94	713.86	3.5901	3.7598
847878891858	1289.44	714.38	1288.87	720.40	3.5829	3.7733
847878900191	1291.89	716.50	1295.02	702.43	3.6064	3.7414
847878908525	1298.76	706.33	1289.88	718.91	3.5911	3.7699
847878916858	1287.62	713.72	1289.86	717.70	3.6047	3.7766
847878925195	1292.62	714.99	1285.26	707.65	3.6408	3.7690
847878933529	1288.30	714.33	1283.87	718.95	3.6112	3.8022
847878941862	1294.93	715.43	1288.36	710.18	3.6212	3.7865
847878950195	1290.22	720.17	1286.12	716.38	3.6365	3.8047
847878958528	1290.82	708.58	1290.32	710.62	3.6138	3.7921
847878966860	1290.79	690.66	1287.31	712.31	3.5896	3.8106
847878975194	1289.31	715.01	1287.91	709.62	3.6410	3.7936
847878983527	1293.99	704.02	1283.19	720.12	3.6420	3.8377
847878991859	1292.76	719.24	1289.70	697.95	3.6496	3.7959
847879000194	1293.57	719.97	1292.50	705.62	3.6453	3.8226
847879008526	1297.39	716.49	1283.89	711.50	3.6498	3.8219
847879016861	1293.77	717.62	1285.57	707.32	3.6589	3.8221
847879025194	1280.25	724.16	1282.06	689.73	3.6852	3.7865
847879033526	1286.92	701.64	1282.19	679.62	3.6598	3.8042
847879041858	1294.15	717.68	1286.99	709.50	3.6951	3.8555
847879050197	1289.13	700.42	1282.18	688.46	3.6778	3.8259
847879058530	1294.04	703.13	1280.97	696.90	3.6951	3.8446
847879066863	1294.24	704.64	1278.87	688.49	3.6709	3.8329
847879075197	1287.76	709.72	1281.07	699.45	3.6861	3.8572
847879083530	1291.10	707.99	1288.06	703.88	3.6780	3.8742
847879091864	1290.53	710.52	1285.94	679.15	3.6838	3.8266
847879100197	1285.62	704.80	1282.78	692.83	3.6853	3.8628
847879108530	1288.35	704.65	1276.31	695.03	3.6722	3.8633
847879116863	1291.73	708.50	1282.74	690.94	3.6895	3.8294
847879125196	1292.65	707.30	1283.81	685.73	3.6811	3.8427
847879133529	1293.99	701.91	1286.22	693.25	3.6853	3.8626
847879141862	1289.40	714.57	1286.48	692.90	3.7038	3.8644
847879150196	1284.97	700.53	1283.63	703.97	3.6798	3.8800
847879158529	1291.61	702.25	1284.23	699.52	3.7056	3.8733
847879166862	1293.44	702.81	1285.62	686.13	3.6900	3.8494
847879175196	1292.19	708.41	1285.77	712.11	3.6854	3.9064
847879183533	1291.13	703.85	1282.52	700.20	3.6851	3.8791
847879191866	1291.79	704.04	1286.29	692.67	3.6889	3.8848
847879200199	1290.98	702.56	1287.06	689.97	3.6874	3.8506
847879208532	1294.88	705.76	1282.33	690.00	3.7061	3.8754
847879216865	1295.70	705.05	1291.85	713.99	3.6733	3.9042
847879225199	1291.69	696.82	1278.93	698.26	3.6663	3.8700
847879233532	1294.59	712.03	1289.16	694.80	3.6949	3.8893
847879241865	1294.23	712.13	1284.02	691.73	3.7052	3.8720
847879250199	1292.93	712.01	1288.87	698.67	3.7094	3.8831
847879258532	1293.66	711.29	1285.56	695.70	3.7112	3.8803
847879266865	1291.38	703.45	1286.24	706.84	3.6871	3.8976
847879275198	1288.03	714.69	1277.93	698.30	3.7083	3.8982
847879283531	1291.34	709.86	1291.80	702.64	3.6881	3.8978
847879291864	1294.34	717.02	1282.18	708.62	3.7151	3.8917
847879300197	1296.18	706.08	1287.24	689.01	3.7061	3.8840
847879308530	1299.69	715.58	1291.35	703.05	3.7129	3.9057
847879316868	1294.08	711.74	1287.50	700.75	3.7013	3.9013
847879325202	1293.12	706.22	1288.92	701.02	3.6888	3.8997
847879333535	1292.08	712.86	1283.91	698.99	3.7159	3.9117
847879341869	1295.49	709.76	1285.64	698.17	3.6986	3.9002
847879350201	1294.08	706.19	1281.54	697.25	3.7142	3.8957
847879358534	1291.91	708.92	1285.39	695.76	3.7302	3.8885
847879366868	1293.20	709.31	1282.99	698.90	3.7302	3.9020
847879375202	1296.21	699.23	1276.60	689.54	3.7144	3.8698
847879383535	1297.98	702.84	1279.57	696.82	3.6977	3.8948
847879391868	1294.11	702.63	1277.96	692.17	3.7100	3.8990
847879400202	1289.50	693.53	1280.70	702.96	3.7046	3.9121
847879408535	1291.08	697.07	1281.00	693.01	3.6981	3.8951
847879416868	1291.35	706.76	1280.07	695.45	3.7214	3.8875
847879425200	1297.44	709.01	1276.04	702.54	3.7161	3.9209
847879433534	1290.42	708.48	1276.02	703.58	3.7190	3.9091
847879441868	1291.77	710.82	1278.76	704.25	3.7261	3.9171
847879450205	1289.61	682.53	1272.87	700.14	3.6595	3.9087
847879458539	1284.24	683.18	1277.33	702.05	3.6696	3.9240
847879466873	1290.34	697.06	1277.06	705.21	3.7139	3.9299
847879475205	1294.94	704.00	1278.86	699.26	3.7255	3.9024
847879483539	1289.31	709.13	1280.78	705.75	3.7257	3.9196
847879491872	1287.58	701.73	1274.13	702.79	3.7223	3.9138
847879500204	1287.14	705.56	1272.68	704.26	3.7123	3.9183
847879508538	1293.83	707.25	1276.03	696.11	3.7156	3.9084
847879516871	1285.51	706.28	1280.72	705.49	3.7268	3.9319
847879525205	1295.52	709.59	1275.66	697.68	3.7447	3.9319
847879533538	1291.83	715.01	1274.84	701.54	3.7455	3.9229
847879541871	1290.08	695.40	1273.81	705.08	3.7304	3.9517
847879550205	1286.54	692.32	1274.52	703.95	3.6802	3.9142
847879558538	1285.00	672.80	1275.74	705.36	3.6439	3.9372
847879566870	1289.48	709.75	1274.08	704.05	3.7308	3.9335
847879575208	1287.86	706.47	1274.96	706.50	3.7310	3.9462
847879583542	1282.43	700.00	1277.16	694.19	3.7247	3.9114
847879591875	1291.70	709.16	1280.86	704.04	3.7324	3.9336
847879600207	1298.05	704.55	1277.87	689.77	3.7436	3.9082
847879608542	1288.63	706.76	1275.90	704.53	3.7186	3.9131
847879616875	1286.98	683.97	1282.78	712.26	3.6706	3.9506
847879625208	1286.03	703.14	1280.43	707.80	3.7129	3.9368
847879633542	1288.57	710.33	1274.46	706.76	3.7451	3.9401
847879641875	1292.42	706.25	1280.20	713.09	3.7408	3.9626
847879650208	1295.23	705.59	1278.57	713.13	3.7390	3.9398
847879658541	1289.88	684.00	1275.10	713.57	3.6768	3.9425
847879666874	1293.11	703.57	1268.61	712.20	3.7169	3.9547
847879675208	1292.12	706.38	1283.77	704.34	3.7261	3.9259
847879683541	1287.39	714.85	1280.69	705.47	3.7463	3.9367
847879691874	1293.51	710.38	1274.48	702.71	3.7367	3.9479
847879700207	1288.62	708.54	1275.87	717.01	3.7508	3.9460
847879708546	1287.46	706.08	1278.78	707.75	3.7167	3.9390
847879716880	1291.93	704.61	1275.89	705.76	3.7495	3.9419
847879725214	1285.41	710.44	1280.33	707.22	3.7392	3.9529
847879733545	1291.95	713.03	1273.04	706.12	3.7433	3.9476
847879741879	1283.35	707.12	1276.85	707.78	3.7140	3.9258
847879750213	1284.47	712.31	1275.21	702.72	3.7193	3.9224
847879758546	1291.63	705.97	1280.78	711.18	3.7261	3.9261
847879766879	1285.38	713.88	1279.06	704.59	3.7181	3.9200
847879775212	1284.05	701.61	1280.19	709.50	3.7070	3.9384
847879783546	1284.06	712.27	1273.74	711.08	3.7092	3.9524
847879791879	1279.41	713.04	1279.23	703.70	3.7159	3.9248
847879800212	1288.44	713.09	1272.92	700.54	3.7278	3.9239
847879808544	1288.56	706.93	1271.87	709.59	3.7292	3.9195
847879816878	1287.73	704.87	1277.52	707.71	3.7094	3.9382
847879825212	1286.78	707.61	1277.47	711.20	3.7305	3.9450
847879833544	1293.77	716.02	1273.00	699.15	3.7195	3.9160
847879841881	1292.42	713.48	1275.24	707.58	3.7165	3.9225
847879850214	1279.72	704.00	1281.39	705.73	3.7214	3.9233
847879858547	1288.99	708.72	1275.56	704.23	3.7371	3.9258
847879866881	1291.68	712.81	1274.63	707.66	3.7138	3.9530
847879875215	1286.46	695.16	1272.31	700.90	3.7061	3.9332
847879883546	1290.99	702.18	1277.10	698.95	3.6853	3.9197
847879891880	1288.51	712.23	1275.26	701.10	3.7185	3.9241
847879900213	1297.41	707.08	1271.03	703.19	3.6961	3.9344
847879908546	1288.88	709.84	1277.30	695.17	3.7056	3.9154
847879916880	1286.46	705.10	1273.33	707.55	3.6934	3.9225
847879925213	1290.50	714.37	1275.47	692.32	3.7094	3.9048
847879933547	1286.38	707.26	1278.33	699.16	3.6988	3.8915
847879941880	1293.17	705.94	1276.06	703.50	3.6984	3.9064
847879950214	1292.39	716.94	1280.55	696.74	3.7224	3.8985
847879958545	1298.16	707.33	1272.27	709.44	3.7083	3.9440
847879966879	1290.19	699.04	1276.46	698.82	3.6851	3.9011
847879975217	1285.41	706.58	1278.82	697.38	3.6948	3.8861
847879983550	1291.66	709.58	1276.25	699.25	3.7238	3.9086
847879991884	1296.45	708.17	1279.67	706.67	3.6851	3.9148
847880000217	1288.45	699.47	1275.14	691.05	3.7024	3.8801
847880008551	1291.84	710.15	1276.47	705.92	3.7117	3.9066
847880016884	1295.51	714.54	1274.09	697.36	3.7180	3.8969
847880025217	1297.92	701.86	1274.51	696.61	3.6788	3.8929
847880033550	1291.76	704.35	1272.30	692.26	3.7112	3.9021
847880041883	1294.88	714.29	1264.51	693.48	3.7012	3.8871
847880050217	1294.04	703.06	1271.87	698.16	3.6690	3.9200
847880058549	1285.87	703.62	1273.88	685.15	3.7127	3.9007
847880066883	1294.94	703.23	1269.85	703.48	3.6936	3.9192
847880075216	1292.64	708.46	1267.55	698.42	3.6987	3.8997
847880083549	1282.49	706.98	1264.26	704.27	3.7081	3.9104
847880091883	1298.13	713.57	1272.96	695.14	3.7177	3.8989
847880100221	1296.47	704.77	1271.73	694.00	3.7022	3.9000
847880108554	1297.09	711.80	1270.00	701.34	3.7208	3.9043
847880116887	1294.27	698.00	1277.83	679.56	3.7180	3.8706
847880125220	1289.33	708.31	1269.94	694.54	3.7016	3.8639
847880133554	1296.46	716.83	1274.27	706.10	3.7228	3.9143
847880141887	1290.80	707.20	1270.17	694.67	3.6904	3.8978
847880150220	1292.96	718.69	1276.35	690.33	3.7177	3.8857
847880158554	1291.17	708.05	1276.56	696.50	3.7187	3.8922
847880166887	1295.75	716.26	1274.90	697.35	3.7274	3.9045
847880175220	1297.15	713.81	1274.52	698.53	3.7242	3.9145
847880183553	1287.49	715.47	1268.45	699.03	3.7388	3.9153
847880191886	1287.01	702.40	1270.88	689.91	3.7124	3.8835
847880200219	1294.80	710.40	1272.94	699.39	3.7225	3.9021
847880208552	1290.04	708.51	1273.68	692.83	3.7174	3.8973
847880216886	1290.62	707.80	1278.26	695.19	3.7100	3.9035
847880225219	1293.20	709.48	1272.48	693.84	3.7253	3.9014
847880233557	1290.31	707.67	1271.56	693.39	3.7216	3.9069
847880241891	1281.18	697.63	1270.64	703.94	3.7096	3.9089
847880250224	1292.22	703.36	1269.99	699.59	3.6990	3.9337
847880258558	1288.14	715.13	1273.90	702.99	3.7348	3.9312
847880266889	1286.05	713.49	1277.88	684.69	3.7315	3.8914
847880275222	1283.53	688.15	1271.49	695.14	3.6903	3.9156
847880283557	1287.93	705.20	1271.96	699.75	3.7192	3.9213
847880291890	1282.29	706.11	1276.14	692.81	3.7022	3.9161
847880300222	1286.51	702.86	1270.51	690.22	3.7310	3.9164
847880308556	1286.77	704.45	1275.84	683.27	3.7208	3.9210
847880316889	1283.09	717.14	1273.89	699.59	3.7424	3.9149
847880325223	1288.57	705.89	1278.49	695.44	3.7340	3.9192
847880333556	1285.00	706.14	1276.37	695.05	3.7176	3.9288
847880341889	1284.96	707.16	1273.47	686.29	3.7244	3.9128
847880350222	1289.31	716.82	1276.89	700.15	3.7409	3.9521
847880358555	1293.29	710.25	1276.93	687.42	3.7141	3.9013
847880366893	1288.01	708.75	1278.26	691.87	3.7385	3.9165
847880375226	1282.72	700.35	1274.80	693.37	3.7230	3.9132
847880383560	1289.37	710.14	1273.83	695.98	3.7405	3.9336
847880391892	1289.43	701.13	1282.62	681.40	3.7123	3.8986
847880400226	1292.02	716.22	1279.76	686.63	3.7467	3.9200
847880408559	1288.35	713.19	1278.43	692.58	3.7399	3.9357
847880416891	1290.99	715.10	1280.78	687.08	3.7639	3.9124
847880425224	1291.30	707.56	1278.99	699.68	3.7437	3.9372
847880433557	1283.23	710.10	1278.43	681.30	3.7442	3.9145
847880441890	1288.93	710.86	1283.89	690.74	3.7383	3.9267
847880450224	1286.49	711.46	1286.87	697.40	3.7526	3.9585
847880458557	1293.57	708.14	1286.84	694.80	3.7630	3.9342
847880466891	1287.94	705.77	1280.60	690.82	3.7509	3.9283
847880475224	1287.51	706.15	1279.68	690.41	3.7525	3.9171
847880483557	1290.39	708.28	1279.73	691.95	3.7711	3.9571
847880491895	1282.54	709.66	1278.07	686.49	3.7429	3.9296
847880500226	1285.62	708.09	1277.06	694.97	3.7630	3.9509
847880508560	1287.74	710.37	1278.47	690.81	3.7669	3.9415
847880516893	1284.77	708.95	1274.36	694.49	3.7654	3.9503
847880525226	1290.81	710.20	1278.92	694.37	3.7802	3.9505
847880533560	1286.33	718.79	1277.12	692.37	3.7889	3.9329
847880541892	1277.67	681.70	1270.61	637.90	3.7371	3.8844
847880550226	1268.85	656.68	1270.55	602.88	3.7665	3.8554
847880558560	1279.07	635.75	1266.75	596.53	3.7463	3.8607
847880566893	1277.46	649.62	1268.31	595.70	3.7498	3.8771
847880575226	1284.98	658.40	1268.33	631.73	3.7522	3.9243
847880583559	1275.27	642.14	1266.91	601.81	3.7020	3.8745
847880591892	1275.52	649.65	1264.81	619.36	3.7517	3.8903
847880600226	1280.69	666.90	1264.44	618.97	3.7849	3.8952
847880608559	1270.40	644.32	1268.92	629.11	3.7111	3.9231
847880616893	1277.89	653.22	1268.14	610.55	3.7262	3.8605
847880625232	1281.73	618.75	1268.39	614.16	3.6419	3.8725
847880633565	1280.22	651.99	1266.44	618.23	3.6939	3.8744
847880641898	1277.51	649.88	1265.51	620.31	3.6809	3.8754
847880650231	1274.66	651.23	1270.17	612.00	3.6893	3.8562
847880658564	1283.53	658.29	1264.22	612.95	3.6804	3.8483
847880666897	1279.03	651.77	1264.90	613.35	3.6732	3.8243
847880675231	1273.16	648.35	1262.52	615.02	3.6259	3.8084
847880683564	1280.73	652.28	1266.73	638.66	3.6191	3.8629
847880691897	1274.30	622.85	1260.22	612.78	3.5490	3.7959
847880700230	1281.36	657.80	1263.91	605.83	3.6255	3.7676
847880708564	1277.67	637.54	1260.58	601.26	3.5924	3.7682
847880716897	1275.74	628.28	1266.23	600.25	3.5303	3.7580
847880725229	1263.26	620.08	1263.67	606.81	3.5086	3.7178
847880733562	1277.98	632.39	1267.32	601.64	3.5243	3.7310
847880741896	1279.00	652.17	1263.01	609.55	3.5530	3.7507
847880750229	1274.94	618.94	1259.79	608.59	3.4843	3.7026
847880758567	1275.92	618.21	1266.82	615.22	3.4763	3.7201
847880766901	1263.36	633.78	1260.64	609.21	3.4746	3.6837
847880775234	1195.72	698.13	1162.72	644.07	3.5008	3.6952
847880783568	1119.28	779.48	1091.61	752.92	3.4967	3.7527
847880791901	1129.03	792.48	1093.60	770.06	3.4610	3.7278
847880800234	1131.62	773.40	1110.69	760.02	3.4634	3.7176
847880808567	1122.40	770.68	1115.54	748.17	3.4672	3.6908
847880816900	1132.27	785.60	1104.06	758.39	3.4510	3.6920
847880825234	1127.88	786.16	1104.29	757.70	3.4215	3.6828
847880833567	1125.14	778.55	1106.42	756.34	3.4114	3.6798
847880841901	1122.15	782.68	1105.20	766.46	3.4075	3.6643
847880850234	1123.31	778.99	1104.31	761.04	3.3915	3.6555
847880858567	1129.33	767.25	1105.44	761.02	3.3775	3.6584
847880866901	1117.70	766.29	1105.56	766.07	3.3607	3.6486
847880875233	1118.52	767.33	1103.28	763.86	3.3572	3.6318
847880883566	1120.94	782.63	1108.07	756.41	3.3688	3.6049
847880891904	1112.40	772.21	1103.56	764.25	3.3428	3.6452
847880900238	1118.39	776.32	1106.02	765.05	3.3539	3.6116
847880908571	1121.03	778.16	1104.80	759.67	3.3586	3.6215
847880916904	1123.07	769.33	1107.69	762.11	3.3247	3.5877
847880925238	1119.88	776.12	1107.34	769.55	3.3111	3.5960
847880933571	1130.50	775.97	1108.35	762.29	3.3172	3.5952
847880941904	1124.61	768.96	1106.62	764.29	3.3102	3.5767
847880950238	1123.22	765.73	1107.36	765.91	3.2788	3.5700
847880958570	1129.01	768.44	1104.47	764.88	3.2858	3.5575
847880966904	1130.37	770.86	1099.62	764.45	3.2850	3.5517
847880975237	1125.69	772.18	1109.22	760.34	3.2772	3.5373
847880983570	1124.88	773.37	1108.34	758.47	3.2922	3.5294
847880991904	1122.91	773.86	1108.58	756.13	3.2826	3.5293
847881000237	1118.56	765.42	1107.00	760.81	3.2610	3.5490
847881008570	1133.07	770.63	1104.75	760.02	3.2887	3.5187
847881016907	1129.41	774.59	1103.81	766.38	3.2652	3.5123
847881025241	1121.40	773.01	1102.45	756.19	3.2554	3.5113
847881033573	1122.24	772.73	1109.18	764.77	3.2447	3.4964
847881041906	1122.75	773.29	1109.50	761.05	3.2311	3.4983
847881050240	1097.83	822.60	1079.83	807.02	3.2492	3.5045
847881058573	1102.58	854.10	1082.54	832.03	3.2543	3.4918
847881066906	1095.69	817.61	1082.45	803.12	3.2285	3.4898
847881075239	1099.18	826.25	1090.00	798.45	3.2453	3.4539
847881083572	1094.01	832.36	1086.48	799.14	3.2303	3.4627
847881091906	1093.97	828.51	1084.81	815.62	3.2264	3.4724
847881100239	1092.34	820.55	1088.92	805.44	3.2040	3.4637
847881108571	1102.06	821.84	1090.01	811.17	3.2183	3.4784
847881116905	1095.28	828.10	1079.34	821.72	3.2110	3.4774
847881125237	1092.48	822.12	1087.02	819.16	3.2127	3.4729
847881133571	1093.20	820.78	1080.84	817.04	3.1927	3.4517
847881141904	1092.40	830.08	1082.22	817.39	3.2043	3.4941
847881150247	1096.01	827.96	1085.98	813.15	3.1954	3.4615
847881158581	1094.69	835.21	1090.05	812.59	3.2350	3.4523
847881166914	1096.36	829.73	1087.35	816.61	3.1984	3.4400
847881175248	1095.79	824.73	1087.92	821.43	3.1758	3.4525
847881183580	1088.44	827.30	1084.39	815.94	3.1936	3.4119
847881191913	1094.76	820.44	1090.79	811.07	3.1914	3.4164
847881200247	1095.63	821.41	1092.49	808.56	3.1731	3.4586
847881208580	1092.69	828.10	1088.39	815.46	3.1912	3.4477
847881216914	1087.00	826.78	1090.96	807.58	3.2065	3.4385
847881225246	1093.16	835.14	1086.03	807.05	3.1981	3.4229
847881233580	1094.13	835.43	1091.82	808.32	3.2015	3.4302
847881241914	1091.46	826.10	1093.13	802.83	3.1793	3.4127
847881250246	1090.50	836.38	1095.76	810.95	3.2030	3.4309
847881258579	1088.61	830.23	1094.63	808.27	3.1919	3.4240
847881266912	1090.45	830.55	1088.75	810.27	3.1951	3.4296
847881275245	1093.60	837.58	1094.50	820.68	3.2101	3.4521
847881283579	1092.34	833.62	1082.64	816.42	3.2028	3.4302
847881291912	1097.83	824.68	1092.95	800.33	3.1953	3.4295
847881300246	1096.98	822.98	1102.71	809.51	3.1993	3.4422
847881308579	1094.22	821.36	1089.47	808.75	3.2007	3.4359
847881316912	1090.86	816.05	1094.97	796.44	3.1908	3.4034
847881325246	1090.79	812.87	1092.99	807.45	3.1732	3.4427
847881333579	1101.30	827.14	1095.06	804.30	3.2281	3.4338
847881341911	1095.35	818.46	1090.46	791.61	3.1815	3.4089
847881350244	1094.03	823.08	1096.41	798.87	3.2097	3.4455
847881358578	1097.66	825.69	1094.94	803.92	3.2135	3.4411
847881366911	1090.17	824.12	1100.81	805.37	3.1900	3.4615
847881375244	1092.00	820.70	1095.50	786.17	3.1960	3.4157
847881383578	1097.77	832.12	1099.00	808.29	3.2427	3.4607
847881391911	1087.23	821.77	1104.62	805.59	3.1976	3.4536
847881400244	1093.88	824.65	1094.19	809.59	3.2125	3.4395
847881408578	1096.08	821.62	1092.86	799.92	3.2170	3.4452
847881416915	1096.72	817.68	1098.27	811.01	3.2157	3.4657
847881425249	1093.48	819.60	1098.90	810.12	3.2111	3.4742
847881433581	1093.57	821.38	1098.38	804.20	3.2155	3.4553
847881441915	1097.22	827.27	1099.64	798.62	3.2322	3.4247
847881450249	1093.30	822.18	1097.82	799.83	3.2310	3.4637
847881458581	1097.25	813.61	1103.67	807.99	3.2036	3.4636
847881466915	1094.50	818.81	1103.32	803.90	3.1996	3.4607
847881475248	1067.47	821.03	1067.87	804.55	3.2270	3.4628
847881483582	1018.33	816.98	1018.52	798.06	3.2164	3.4648
847881491914	1013.77	807.35	1015.64	797.95	3.2074	3.4485
847881500247	1017.88	808.61	1026.03	806.93	3.1975	3.4547
847881508581	1015.02	791.63	1020.76	804.09	3.1849	3.4533
847881516914	1018.86	810.00	1020.99	802.99	3.2116	3.4604
847881525247	1012.70	791.81	1015.36	798.53	3.1947	3.4455
847881533581	1011.66	812.18	1013.61	802.20	3.2121	3.4694
847881541918	1012.87	810.15	1015.95	792.66	3.2050	3.4363
847881550252	1012.60	803.56	1011.99	808.91	3.1891	3.4682
847881558584	1019.46	806.55	1016.56	804.78	3.1950	3.4528
847881566917	999.06	798.65	1018.59	802.84	3.1755	3.4435
847881575251	1015.71	815.37	1013.49	801.40	3.2176	3.4397
847881583583	1011.57	790.81	1011.86	791.48	3.1589	3.4225
847881591917	1007.32	801.03	1009.69	791.54	3.1748	3.4255
847881600250	1004.50	802.72	1015.21	798.24	3.1879	3.4427
847881608583	1018.43	807.79	1014.98	805.97	3.1871	3.4436
847881616917	999.53	781.71	1015.05	795.45	3.1460	3.4253
847881625250	999.75	716.32	1027.21	689.13	3.1384	3.3399
847881633584	1014.96	649.81	1028.38	629.72	3.1286	3.3946
847881641916	1016.29	606.86	1041.36	606.27	3.1695	3.4209
847881650249	1036.75	581.34	1049.47	560.46	3.1820	3.4196
847881658584	1036.76	592.53	1042.77	561.73	3.1648	3.3911
847881666916	1030.10	599.16	1037.77	576.44	3.1495	3.4007
847881675255	1040.84	588.92	1044.30	570.35	3.1730	3.4081
847881683588	1036.56	580.33	1044.41	572.96	3.1435	3.3946
847881691921	1039.85	577.37	1037.05	568.26	3.1488	3.3868
847881700254	1041.20	578.29	1038.13	571.36	3.1269	3.3751
847881708587	1045.24	582.87	1036.14	563.57	3.1405	3.3766
847881716920	1040.04	585.42	1039.15	559.32	3.1672	3.3682
847881725253	1037.67	584.25	1033.25	565.64	3.1396	3.3634
847881733587	1035.64	582.64	1035.86	565.16	3.1319	3.3627
847881741921	1035.47	592.90	1037.63	563.81	3.1309	3.3629
847881750254	1048.44	590.97	1040.27	567.40	3.1533	3.3748
847881758588	1039.70	583.92	1040.65	567.70	3.1367	3.3736
847881766921	1044.30	591.15	1039.59	569.06	3.1285	3.3615
847881775254	1044.15	586.04	1034.68	572.52	3.1291	3.3606
847881783588	1040.51	578.74	1035.57	565.90	3.1192	3.3594
847881791920	1033.67	575.53	1034.51	572.48	3.1073	3.3439
847881800253	1042.69	579.80	1035.70	567.17	3.0984	3.3531
847881808590	1043.19	576.57	1041.33	574.45	3.1172	3.3582
847881816924	1027.22	562.08	1031.80	550.23	3.1299	3.3775
847881825257	1021.98	521.73	1039.67	511.52	3.1335	3.3658
847881833590	1030.96	492.55	1037.74	490.29	3.1122	3.3795
847881841925	1037.08	486.77	1035.72	494.55	3.1035	3.3686
847881850258	1028.89	502.68	1035.38	504.41	3.1016	3.3830
847881858590	1024.42	491.61	1039.99	500.28	3.0927	3.3688
847881866924	1026.61	491.04	1039.42	501.14	3.1128	3.3878
847881875256	1032.98	498.71	1039.01	498.35	3.1270	3.3938
847881883590	1037.28	495.07	1035.42	503.93	3.1145	3.3742
847881891923	1030.42	494.82	1034.31	507.15	3.1073	3.3971
847881900256	1032.04	502.85	1033.27	500.42	3.1213	3.3646
847881908590	1032.48	498.28	1034.27	500.27	3.1029	3.3454
847881916923	1033.45	496.61	1035.91	487.81	3.1151	3.3263
847881925256	1026.50	493.52	1034.89	499.15	3.0970	3.3555
847881933593	1036.71	495.94	1035.40	495.36	3.0949	3.3423
847881941927	1029.14	489.25	1038.28	500.17	3.1040	3.3468
847881950259	1028.85	489.61	1032.36	490.03	3.0829	3.3321
847881958592	1031.77	491.31	1038.02	488.52	3.0888	3.3348
847881966926	1030.56	498.54	1039.09	491.14	3.0847	3.3252
847881975259	1031.16	490.67	1034.56	493.29	3.0679	3.3340
847881983592	1030.27	496.04	1042.09	492.41	3.0917	3.3147
847881991926	1030.20	495.60	1030.32	485.74	3.0823	3.3056
847882000259	1032.44	495.47	1039.22	488.28	3.0707	3.3088
847882008593	1037.36	486.85	1034.58	487.19	3.0625	3.3195
847882016926	1034.75	492.97	1039.49	495.49	3.0717	3.3018
847882025258	1030.68	492.58	1038.74	485.67	3.0620	3.3012
847882033592	1030.48	493.83	1035.74	491.66	3.0606	3.3008
847882041925	1032.40	489.93	1040.54	488.47	3.0423	3.2895
847882050258	1037.05	495.73	1036.27	482.71	3.0427	3.2910
847882058591	1031.47	496.16	1037.59	487.76	3.0351	3.2810
847882066929	1028.19	485.33	1030.70	494.05	3.0305	3.2869
847882075262	1028.08	485.85	1036.51	493.56	3.0389	3.2618
847882083595	1033.47	494.66	1039.55	492.93	3.0164	3.2535
847882091929	1029.08	497.29	1033.09	489.50	3.0290	3.2710
847882100261	1032.06	497.88	1039.14	484.96	3.0518	3.2459
847882108594	1020.54	492.12	1034.34	492.16	3.0113	3.2184
847882116929	1030.20	497.62	1039.12	494.64	3.0202	3.2579
847882125262	1024.39	498.62	1030.37	488.21	3.0272	3.2463
847882133595	1022.87	498.85	1038.95	495.92	3.0242	3.2415
847882141927	1050.38	495.16	1061.22	497.78	2.9955	3.2182
847882150261	1161.58	515.72	1179.61	530.25	3.0304	3.2308
847882158595	1257.20	513.67	1273.16	527.89	3.0312	3.2083
847882166927	1359.38	515.54	1370.67	534.00	3.0139	3.2238
847882175261	1422.19	533.31	1420.67	542.44	3.0210	3.2139
847882183593	1408.72	539.95	1412.61	527.18	3.0331	3.1982
847882191926	1407.71	535.07	1409.37	534.93	3.0185	3.2003
847882200267	1414.45	533.74	1425.02	529.31	3.0247	3.1915
847882208600	1414.45	535.06	1417.67	538.66	3.0175	3.1965
847882216934	1418.30	535.01	1415.75	535.50	2.9924	3.1677
847882225267	1417.63	541.05	1416.06	536.77	2.9960	3.1909
847882233600	1410.99	536.45	1417.05	540.22	3.0103	3.1747
847882241934	1417.81	537.26	1417.20	539.04	3.0104	3.1797
847882250267	1415.03	530.12	1419.49	541.09	3.0135	3.1625
847882258600	1414.63	530.57	1418.92	541.71	2.9940	3.1499
847882266931	1418.39	541.33	1415.98	542.59	2.9732	3.1486
847882275265	1417.46	532.99	1416.91	541.74	2.9718	3.1635
847882283598	1413.79	537.09	1419.00	546.27	2.9807	3.1550
847882291931	1414.86	535.57	1422.76	540.65	2.9712	3.1496
847882300265	1417.64	533.72	1416.30	544.59	2.9856	3.1467
847882308598	1413.76	544.33	1419.12	545.84	2.9806	3.1335
847882316931	1419.53	531.73	1416.21	545.29	2.9490	3.1408
847882325265	1417.09	535.51	1415.62	541.56	2.9585	3.1276
847882333601	1414.72	539.19	1413.28	539.29	2.9550	3.1292
847882341935	1410.21	545.94	1418.63	540.11	2.9729	3.1361
847882350268	1413.35	540.10	1420.51	542.20	2.9624	3.1261
847882358601	1416.89	542.84	1420.20	544.96	2.9591	3.1312
847882366936	1415.78	542.97	1409.85	545.38	2.9742	3.1126
847882375269	1428.24	547.24	1430.74	555.63	2.9600	3.1407
847882383602	1501.73	606.24	1494.61	623.16	2.9215	3.1119
847882391935	1552.44	673.46	1538.83	670.11	2.9463	3.0870
847882400269	1566.46	685.13	1559.09	693.99	2.9193	3.1033
847882408600	1561.16	692.45	1553.31	686.51	2.9279	3.0694
847882416934	1555.09	681.14	1564.99	680.96	2.9398	3.0632
847882425267	1564.03	693.39	1566.33	694.71	2.9292	3.0699
847882433600	1559.23	692.19	1563.91	687.31	2.9245	3.0655
847882441933	1559.12	701.78	1558.35	687.94	2.9330	3.0635
847882450267	1559.05	691.33	1556.20	686.70	2.9333	3.0638
847882458605	1556.16	691.31	1562.29	692.29	2.9100	3.0754
847882466939	1556.58	699.81	1562.44	686.13	2.9306	3.0401
847882475272	1560.52	691.07	1561.18	687.13	2.9157	3.0493
847882483604	1554.41	700.42	1561.85	684.53	2.9333	3.0524
847882491938	1553.70	690.54	1560.21	691.14	2.9066	3.0498
847882500270	1555.43	694.71	1564.66	690.79	2.9187	3.0520
847882508604	1555.87	687.13	1556.63	692.66	2.9115	3.0253
847882516937	1559.96	694.73	1560.74	695.19	2.9238	3.0529
847882525271	1552.91	690.51	1566.32	696.19	2.9124	3.0587
847882533604	1553.33	690.41	1564.72	697.74	2.9248	3.0530
847882541937	1553.90	696.48	1558.67	701.40	2.9230	3.0739
847882550271	1558.30	695.40	1565.94	695.46	2.9217	3.0547
847882558603	1556.76	695.36	1560.66	695.40	2.9395	3.0637
847882566936	1563.08	695.66	1567.78	695.36	2.9363	3.0667
847882575270	1559.01	694.34	1561.87	699.01	2.9407	3.0637
847882583603	1558.31	689.17	1564.25	692.09	2.9180	3.0677
847882591942	1550.92	692.78	1563.86	691.49	2.9187	3.0746
847882600274	1568.05	688.79	1558.41	695.29	2.9310	3.0727
847882608608	1555.77	693.11	1561.57	698.86	2.9420	3.0866
847882616942	1558.32	690.03	1564.47	695.10	2.9419	3.0739
847882625274	1560.09	690.96	1565.96	692.79	2.9305	3.0617
847882633608	1550.92	685.80	1563.95	697.13	2.9284	3.0705
847882641940	1477.37	686.16	1501.15	674.84	2.9523	3.0773
847882650273	1342.35	644.27	1383.89	647.78	2.9582	3.1022
847882658607	1227.05	605.32	1265.60	613.04	2.9685	3.1251
847882666941	1120.81	561.70	1163.13	549.12	2.9557	3.1304
847882675275	1035.15	524.24	1070.31	524.26	2.9338	3.1281
847882683607	982.78	510.10	1012.90	514.69	2.9427	3.1139
847882691941	984.06	483.52	999.48	497.75	2.9252	3.1548
847882700275	1003.39	482.51	1006.51	495.09	2.9506	3.1503
847882708607	979.10	495.70	1005.99	490.85	2.9506	3.1690
847882716939	988.79	489.14	1008.63	492.26	2.9657	3.1420
847882725276	993.18	486.59	1006.52	493.40	2.9578	3.1505
847882733610	990.07	485.72	999.97	495.10	2.9433	3.1750
847882741944	994.89	492.50	1003.05	492.75	2.9662	3.1597
847882750276	991.49	493.62	1000.04	496.63	2.9487	3.1649
847882758610	988.90	489.23	1001.20	497.51	2.9398	3.1901
847882766943	983.96	483.66	1000.34	501.64	2.9607	3.1819
847882775276	993.71	486.27	1001.12	495.26	2.9523	3.1428
847882783610	990.40	490.23	999.05	499.45	2.9520	3.1797
847882791942	988.56	485.89	1002.71	499.98	2.9500	3.1887
847882800276	993.89	492.53	995.56	496.35	2.9404	3.1804
847882808609	992.27	492.11	995.25	499.06	2.9573	3.1883
847882816942	984.89	484.41	995.59	496.27	2.9553	3.1634
847882825276	990.33	490.37	994.06	499.06	2.9619	3.1952
847882833609	993.32	491.65	997.88	498.77	2.9641	3.1904
847882841943	990.07	486.15	994.14	498.32	2.9758	3.2047
847882850275	988.75	483.57	998.66	494.99	2.9740	3.1948
847882858614	988.81	487.90	1007.00	498.04	2.9786	3.2025
847882866947	992.66	484.08	993.94	497.54	2.9729	3.2045
847882875279	990.93	487.25	1000.82	495.46	2.9655	3.1892
847882883613	992.36	485.17	996.86	495.29	2.9777	3.1929
847882891946	988.03	485.12	990.41	500.92	2.9811	3.2207
847882900279	988.26	483.66	1003.71	502.80	2.9787	3.2068
847882908613	943.79	481.75	952.26	478.64	3.0027	3.1873
847882916946	946.99	461.79	953.26	471.37	2.9916	3.1975
847882925280	948.28	460.40	944.43	469.84	2.9812	3.2034
847882933614	944.82	469.19	951.67	470.92	2.9868	3.1924
847882941946	949.32	467.51	953.22	472.00	2.9841	3.2001
847882950280	948.35	468.15	957.46	471.45	2.9998	3.1900
847882958613	943.82	466.65	958.49	471.51	2.9948	3.1947
847882966946	948.08	475.64	954.36	466.51	2.9880	3.1911
847882975279	939.14	475.03	954.52	468.37	3.0061	3.1849
847882983618	946.19	468.71	954.31	469.98	2.9913	3.1996
847882991951	938.46	470.88	954.16	462.62	3.0066	3.1973
847883000284	947.42	472.51	956.18	470.72	3.0164	3.1774
847883008618	941.60	472.53	955.74	471.60	3.0061	3.1991
847883016951	946.81	473.42	954.15	480.92	3.0093	3.2045
847883025283	943.13	475.69	954.41	471.44	2.9988	3.2059
847883033617	940.78	475.02	956.99	464.24	3.0278	3.1784
847883041950	951.58	470.90	962.01	462.75	3.0036	3.1837
847883050284	938.00	475.22	956.83	464.57	3.0067	3.1711
847883058616	946.33	473.02	948.36	473.51	3.0000	3.1794
847883066950	938.89	468.36	960.87	462.43	2.9930	3.1735
847883075284	939.76	465.96	953.77	465.73	3.0127	3.1771
847883083616	938.75	477.03	952.69	466.84	3.0084	3.1661
847883091950	951.81	470.70	951.87	463.98	3.0163	3.1815
847883100282	944.20	469.46	958.45	466.39	2.9991	3.1958
847883108615	945.63	472.49	956.89	474.97	3.0195	3.2043
847883116953	945.26	473.24	955.08	471.24	3.0155	3.1877
847883125286	939.13	469.89	955.29	469.79	3.0040	3.1982
847883133620	944.96	472.46	954.07	461.52	2.9978	3.1790
847883141953	949.67	473.68	949.44	468.62	3.0191	3.1710
847883150286	946.08	479.99	953.65	462.47	3.0165	3.1713
847883158620	942.08	472.05	958.13	468.88	2.9947	3.1777
847883166953	976.29	546.54	968.19	548.70	2.9899	3.1741
847883175286	995.02	605.36	973.86	614.67	2.9767	3.1705
847883183618	993.93	615.64	990.42	615.80	2.9820	3.1688
847883191952	982.91	602.77	987.03	598.76	2.9883	3.1505
847883200285	984.12	605.62	991.26	609.56	2.9841	3.1492
847883208617	984.01	613.62	993.08	618.52	2.9586	3.1527
847883216951	991.05	610.59	994.77	617.93	2.9724	3.1570
847883225284	987.08	611.06	997.14	619.56	2.9558	3.1609
847883233618	988.08	613.47	986.94	627.23	2.9704	3.1586
847883241952	983.04	610.01	993.09	616.35	2.9718	3.1565
847883250289	988.41	614.02	988.05	621.70	2.9694	3.1643
847883258623	973.82	611.28	993.97	620.60	2.9711	3.1424
847883266956	985.53	615.30	996.74	621.27	2.9583	3.1526
847883275289	975.36	611.23	991.54	626.85	2.9700	3.1522
