t	gaze_point_LX	gaze_point_LY	gaze_point_RX	gaze_point_RY	pupil_diameter_L	pupil_diameter_R
848594732654	1104.68	545.46	1107.43	545.13	2.8287	3.0266
848594740986	1103.22	542.81	1106.64	542.84	2.8083	3.0339
848594749319	1145.32	575.21	1140.44	562.40	2.8316	3.0136
848594757652	1221.11	616.31	1209.69	630.19	2.8358	3.0275
848594765986	1265.12	637.35	1258.87	637.14	2.8315	2.9988
848594774319	1271.98	647.57	1263.76	650.77	2.8319	2.9985
848594782653	1262.14	641.09	1259.65	649.36	2.8550	3.0016
848594790986	1254.43	646.72	1270.95	640.07	2.8396	3.0002
848594799319	1261.80	642.71	1265.18	651.05	2.8218	3.0188
848594807652	1261.42	642.28	1265.30	651.41	2.8268	3.0131
848594815985	1264.64	645.09	1266.83	650.82	2.8310	3.0162
848594824318	1267.63	643.36	1264.72	648.86	2.8123	3.0030
848594832651	1269.60	651.07	1268.11	652.50	2.8462	3.0148
848594840985	1266.44	651.91	1266.93	653.92	2.8404	3.0037
848594849318	1263.80	644.90	1275.96	643.50	2.8357	3.0103
848594857656	1268.87	645.23	1266.93	650.05	2.8377	3.0011
848594865990	1266.15	643.17	1268.04	647.54	2.8355	2.9996
848594874323	1272.36	647.54	1268.85	653.38	2.8449	3.0075
848594882657	1269.65	651.11	1270.27	652.39	2.8500	3.0103
848594890989	1257.05	650.95	1267.69	660.85	2.8215	3.0051
848594899322	1250.20	678.37	1273.72	678.86	2.8029	2.9541
848594907655	1242.65	907.47	1275.65	742.70	2.3835	2.8932
848594915988	NaN	NaN	NaN	NaN	NaN	NaN
848594924322	NaN	NaN	NaN	NaN	NaN	NaN
848594932664	NaN	NaN	NaN	NaN	NaN	NaN
848594940997	NaN	NaN	NaN	NaN	NaN	NaN
848594949331	NaN	NaN	NaN	NaN	NaN	NaN
848594957664	NaN	NaN	NaN	NaN	NaN	NaN
848594965996	NaN	NaN	NaN	NaN	NaN	NaN
848594974329	NaN	NaN	NaN	NaN	NaN	NaN
848594982665	NaN	NaN	NaN	NaN	NaN	NaN
848594990999	NaN	NaN	NaN	NaN	NaN	NaN
848594999333	NaN	NaN	NaN	NaN	NaN	NaN
848595007666	NaN	NaN	NaN	NaN	NaN	NaN
848595015999	NaN	NaN	NaN	NaN	NaN	NaN
848595024332	NaN	NaN	NaN	NaN	NaN	NaN
848595032666	NaN	NaN	NaN	NaN	NaN	NaN
848595040998	NaN	NaN	NaN	NaN	NaN	NaN
848595049331	NaN	NaN	NaN	NaN	NaN	NaN
848595057664	NaN	NaN	NaN	NaN	NaN	NaN
848595065998	NaN	NaN	NaN	NaN	NaN	NaN
848595074331	NaN	NaN	NaN	NaN	NaN	NaN
848595082665	NaN	NaN	NaN	NaN	NaN	NaN
848595090998	NaN	NaN	NaN	NaN	NaN	NaN
848595099332	NaN	NaN	NaN	NaN	NaN	NaN
848595107665	NaN	NaN	NaN	NaN	NaN	NaN
848595116005	NaN	NaN	NaN	NaN	NaN	NaN
848595124338	NaN	NaN	NaN	NaN	NaN	NaN
848595132671	NaN	NaN	NaN	NaN	NaN	NaN
848595141005	NaN	NaN	NaN	NaN	NaN	NaN
848595149338	NaN	NaN	NaN	NaN	NaN	NaN
848595157672	NaN	NaN	NaN	NaN	NaN	NaN
848595166005	NaN	NaN	NaN	NaN	NaN	NaN
848595174339	NaN	NaN	NaN	NaN	NaN	NaN
848595182672	NaN	NaN	NaN	NaN	NaN	NaN
848595191005	NaN	NaN	NaN	NaN	NaN	NaN
848595199337	NaN	NaN	NaN	NaN	NaN	NaN
848595207670	NaN	NaN	NaN	NaN	NaN	NaN
848595216004	NaN	NaN	NaN	NaN	NaN	NaN
848595224337	NaN	NaN	NaN	NaN	NaN	NaN
848595232670	NaN	NaN	NaN	NaN	NaN	NaN
848595241004	NaN	NaN	NaN	NaN	NaN	NaN
848595249340	NaN	NaN	NaN	NaN	NaN	NaN
848595257674	NaN	NaN	NaN	NaN	NaN	NaN
848595266007	NaN	NaN	NaN	NaN	NaN	NaN
848595274339	NaN	NaN	NaN	NaN	NaN	NaN
848595282672	NaN	NaN	NaN	NaN	NaN	NaN
848595291005	NaN	NaN	NaN	NaN	NaN	NaN
848595299339	NaN	NaN	NaN	NaN	NaN	NaN
848595307672	NaN	NaN	NaN	NaN	NaN	NaN
848595315998	NaN	NaN	NaN	NaN	NaN	NaN
848595324332	NaN	NaN	NaN	NaN	NaN	NaN
848595332665	NaN	NaN	NaN	NaN	NaN	NaN
848595340998	NaN	NaN	NaN	NaN	NaN	NaN
848595349331	NaN	NaN	NaN	NaN	NaN	NaN
848595357664	NaN	NaN	NaN	NaN	NaN	NaN
848595365997	NaN	NaN	NaN	NaN	NaN	NaN
848595374335	NaN	NaN	NaN	NaN	NaN	NaN
848595382668	NaN	NaN	NaN	NaN	NaN	NaN
848595391001	NaN	NaN	NaN	NaN	NaN	NaN
848595399335	NaN	NaN	NaN	NaN	NaN	NaN
848595407668	NaN	NaN	NaN	NaN	NaN	NaN
848595416001	NaN	NaN	NaN	NaN	NaN	NaN
848595424333	NaN	NaN	NaN	NaN	NaN	NaN
848595432666	NaN	NaN	NaN	NaN	NaN	NaN
848595440954	NaN	NaN	NaN	NaN	NaN	NaN
848595449242	NaN	NaN	NaN	NaN	NaN	NaN
848595457531	NaN	NaN	NaN	NaN	NaN	NaN
848595465864	NaN	NaN	NaN	NaN	NaN	NaN
848595474197	NaN	NaN	NaN	NaN	NaN	NaN
848595482530	NaN	NaN	NaN	NaN	NaN	NaN
848595490863	NaN	NaN	NaN	NaN	NaN	NaN
848595499196	NaN	NaN	NaN	NaN	NaN	NaN
848595507579	NaN	NaN	NaN	NaN	NaN	NaN
848595515962	NaN	NaN	NaN	NaN	NaN	NaN
848595524346	NaN	NaN	NaN	NaN	NaN	NaN
848595532680	NaN	NaN	NaN	NaN	NaN	NaN
848595541013	NaN	NaN	NaN	NaN	NaN	NaN
848595549339	NaN	NaN	NaN	NaN	NaN	NaN
848595557672	NaN	NaN	NaN	NaN	NaN	NaN
848595566005	NaN	NaN	NaN	NaN	NaN	NaN
848595574339	NaN	NaN	NaN	NaN	NaN	NaN
848595582671	NaN	NaN	NaN	NaN	NaN	NaN
848595591004	NaN	NaN	NaN	NaN	NaN	NaN
848595599338	NaN	NaN	NaN	NaN	NaN	NaN
848595607671	NaN	NaN	NaN	NaN	NaN	NaN
848595616004	NaN	NaN	NaN	NaN	NaN	NaN
848595624338	NaN	NaN	NaN	NaN	NaN	NaN
848595632671	NaN	NaN	NaN	NaN	NaN	NaN
848595641009	NaN	NaN	NaN	NaN	NaN	NaN
848595649343	NaN	NaN	NaN	NaN	NaN	NaN
848595657675	NaN	NaN	NaN	NaN	NaN	NaN
848595666008	NaN	NaN	NaN	NaN	NaN	NaN
848595674342	NaN	NaN	NaN	NaN	NaN	NaN
848595682675	NaN	NaN	NaN	NaN	NaN	NaN
848595691008	NaN	NaN	NaN	NaN	NaN	NaN
848595699342	NaN	NaN	NaN	NaN	NaN	NaN
848595707675	NaN	NaN	NaN	NaN	NaN	NaN
848595716007	NaN	NaN	NaN	NaN	NaN	NaN
848595724342	NaN	NaN	NaN	NaN	NaN	NaN
848595732674	NaN	NaN	NaN	NaN	NaN	NaN
848595741007	NaN	NaN	NaN	NaN	NaN	NaN
848595749341	NaN	NaN	NaN	NaN	NaN	NaN
848595757674	NaN	NaN	NaN	NaN	NaN	NaN
848595766007	NaN	NaN	NaN	NaN	NaN	NaN
848595774344	NaN	NaN	NaN	NaN	NaN	NaN
848595782677	NaN	NaN	NaN	NaN	NaN	NaN
848595791011	NaN	NaN	NaN	NaN	NaN	NaN
848595799344	NaN	NaN	NaN	NaN	NaN	NaN
848595807677	NaN	NaN	NaN	NaN	NaN	NaN
848595816010	NaN	NaN	NaN	NaN	NaN	NaN
848595824343	NaN	NaN	NaN	NaN	NaN	NaN
848595832677	NaN	NaN	NaN	NaN	NaN	NaN
848595841010	NaN	NaN	NaN	NaN	NaN	NaN
848595849343	NaN	NaN	NaN	NaN	NaN	NaN
848595857676	NaN	NaN	NaN	NaN	NaN	NaN
848595866010	NaN	NaN	NaN	NaN	NaN	NaN
848595874343	NaN	NaN	NaN	NaN	NaN	NaN
848595882675	NaN	NaN	NaN	NaN	NaN	NaN
848595891009	NaN	NaN	NaN	NaN	NaN	NaN
848595899346	NaN	NaN	NaN	NaN	NaN	NaN
848595907680	NaN	NaN	NaN	NaN	NaN	NaN
848595916013	NaN	NaN	NaN	NaN	NaN	NaN
848595924346	NaN	NaN	NaN	NaN	NaN	NaN
848595932679	NaN	NaN	NaN	NaN	NaN	NaN
848595941013	NaN	NaN	NaN	NaN	NaN	NaN
848595949346	NaN	NaN	NaN	NaN	NaN	NaN
848595957679	NaN	NaN	NaN	NaN	NaN	NaN
848595966012	NaN	NaN	NaN	NaN	NaN	NaN
848595974344	NaN	NaN	NaN	NaN	NaN	NaN
848595982677	NaN	NaN	NaN	NaN	NaN	NaN
848595991011	NaN	NaN	NaN	NaN	NaN	NaN
848595999344	NaN	NaN	NaN	NaN	NaN	NaN
848596007610	NaN	NaN	NaN	NaN	NaN	NaN
848596015876	NaN	NaN	NaN	NaN	NaN	NaN
848596024211	NaN	NaN	NaN	NaN	NaN	NaN
848596032547	NaN	NaN	NaN	NaN	NaN	NaN
848596040879	NaN	NaN	NaN	NaN	NaN	NaN
848596049212	NaN	NaN	NaN	NaN	NaN	NaN
848596057546	NaN	NaN	NaN	NaN	NaN	NaN
848596065927	NaN	NaN	NaN	NaN	NaN	NaN
848596074308	NaN	NaN	NaN	NaN	NaN	NaN
848596082690	158.19	1577.40	206.28	1560.74	2.9842	3.2253
848596091024	175.54	1573.04	206.83	1558.38	3.0069	3.2260
848596099357	166.04	1563.81	203.62	1566.67	2.9735	3.2146
848596107682	165.90	1572.98	193.92	1567.18	2.9760	3.2152
848596116014	173.38	1574.48	199.33	1564.21	2.9743	3.2154
848596124347	166.53	1573.67	189.93	1560.22	2.9547	3.2185
848596132681	161.59	1584.86	191.12	1561.37	2.9575	3.2101
848596141014	165.60	1589.09	185.28	1567.00	2.9853	3.2300
848596149347	168.45	1595.86	183.60	1569.11	2.9727	3.2201
848596157681	171.28	1586.21	190.41	1564.33	2.9849	3.2066
848596166018	167.69	1598.82	179.66	1564.33	2.9879	3.2181
848596174351	161.16	1594.83	191.45	1555.50	2.9719	3.2102
848596182686	166.26	1591.03	194.19	1558.73	2.9877	3.2161
848596191018	163.17	1586.12	200.10	1556.85	2.9808	3.2229
848596199351	167.02	1581.52	193.47	1559.97	2.9937	3.2203
848596207685	116.90	1586.47	176.62	1557.13	2.9701	3.2134
848596216018	-2.46	1565.55	47.71	1520.00	2.9686	3.1998
848596224351	-56.55	1528.62	-29.97	1516.85	2.9861	3.1975
848596232685	-150.08	1505.13	-117.23	1493.48	2.9691	3.2015
848596241017	-146.08	1487.55	-145.33	1486.69	2.9953	3.2072
848596249350	-141.23	1490.50	-89.18	1493.67	3.0192	3.2222
848596257684	-157.47	1489.01	-113.09	1494.86	3.0132	3.2129
848596266016	-160.86	1488.23	-116.83	1486.10	3.0099	3.2271
848596274349	-154.36	1497.91	-125.14	1489.42	3.0107	3.2383
848596282683	-157.25	1495.87	-125.49	1486.80	3.0155	3.2386
848596291016	-146.90	1495.70	-127.57	1484.44	3.0217	3.2251
848596299355	-140.55	1501.29	-131.74	1488.62	3.0287	3.2240
848596307689	-138.02	1508.53	-112.24	1482.28	3.0235	3.2363
848596316022	-137.50	1503.49	-121.07	1479.62	3.0325	3.2219
848596324355	-133.13	1503.24	-106.83	1483.91	3.0338	3.2431
848596332689	-129.14	1504.96	-101.98	1480.19	3.0437	3.2381
848596341021	-136.44	1499.82	-84.88	1478.39	3.0432	3.2529
848596349354	-131.05	1497.26	-99.93	1478.97	3.0406	3.2584
848596357687	-140.39	1492.43	-111.49	1488.97	3.0544	3.2652
848596366021	-138.78	1486.36	-114.17	1486.12	3.0565	3.2574
848596374354	-140.12	1488.00	-114.99	1491.82	3.0541	3.2582
848596382687	-135.88	1487.43	-123.78	1477.74	3.0597	3.2763
848596391021	-137.67	1485.63	-109.27	1477.25	3.0758	3.2871
848596399354	-132.89	1489.16	-116.38	1482.21	3.0941	3.2896
848596407687	-130.20	1498.27	-129.68	1478.38	3.0759	3.2838
848596416021	-133.87	1500.11	-117.90	1473.57	3.0974	3.3022
848596424356	-128.74	1505.88	-122.07	1478.58	3.0851	3.3088
848596432689	-134.73	1510.37	-118.12	1479.20	3.0938	3.3082
848596441023	-136.84	1523.50	-108.42	1495.91	3.0338	3.3020
848596449356	-110.62	1564.82	-101.71	1518.53	2.9630	3.2147
848596457690	NaN	NaN	NaN	NaN	NaN	NaN
848596466023	NaN	NaN	NaN	NaN	NaN	NaN
848596474356	NaN	NaN	NaN	NaN	NaN	NaN
848596482690	NaN	NaN	NaN	NaN	NaN	NaN
848596491023	NaN	NaN	NaN	NaN	NaN	NaN
848596499355	NaN	NaN	NaN	NaN	NaN	NaN
848596507688	NaN	NaN	NaN	NaN	NaN	NaN
848596516021	NaN	NaN	NaN	NaN	NaN	NaN
848596524355	NaN	NaN	NaN	NaN	NaN	NaN
848596532688	NaN	NaN	NaN	NaN	NaN	NaN
848596541021	NaN	NaN	NaN	NaN	NaN	NaN
848596549355	NaN	NaN	NaN	NaN	NaN	NaN
848596557695	NaN	NaN	NaN	NaN	NaN	NaN
848596566029	NaN	NaN	NaN	NaN	NaN	NaN
848596574361	NaN	NaN	NaN	NaN	NaN	NaN
848596582694	NaN	NaN	NaN	NaN	NaN	NaN
848596591027	NaN	NaN	NaN	NaN	NaN	NaN
848596599361	NaN	NaN	NaN	NaN	NaN	NaN
848596607694	NaN	NaN	NaN	NaN	NaN	NaN
848596616028	NaN	NaN	551.13	1589.37	NaN	3.3019
848596624361	NaN	NaN	564.98	1532.02	NaN	3.4208
848596632694	588.52	1626.62	551.97	1573.01	3.0779	3.3434
848596641028	571.07	1577.26	544.57	1592.74	3.1981	3.2842
848596649360	580.05	1546.52	539.09	1592.82	3.2243	3.2975
848596657693	579.45	1551.64	545.34	1594.93	3.2191	3.2924
848596666028	568.07	1575.12	544.08	1594.05	3.1783	3.3061
848596674361	572.23	1577.76	542.77	1600.24	3.1854	3.3199
848596682694	569.03	1600.67	542.38	1607.63	3.1470	3.3180
848596691032	558.32	1615.63	543.73	1613.42	3.1130	3.3289
848596699365	571.35	1625.52	546.85	1609.19	3.0884	3.3218
848596707698	567.78	1617.00	547.77	1607.39	3.1290	3.3407
848596716032	568.39	1621.99	546.25	1606.92	3.1314	3.3304
848596724364	565.79	1627.84	536.25	1603.28	3.1310	3.3348
848596732697	564.77	1616.23	535.49	1598.67	3.1151	3.3560
848596741031	563.89	1612.32	543.60	1603.80	3.1364	3.3566
848596749364	563.98	1620.74	561.33	1596.42	3.1298	3.3452
848596757697	565.64	1616.54	561.37	1593.99	3.1412	3.3654
848596766031	564.20	1616.59	552.87	1582.59	3.1247	3.3687
848596774363	556.67	1612.38	538.75	1581.25	3.1334	3.3748
848596782696	560.86	1614.62	541.52	1579.46	3.1226	3.3780
848596791030	573.41	1607.46	553.77	1574.65	3.1615	3.3655
848596799363	525.26	1619.25	526.97	1576.78	3.1498	3.3903
848596807695	372.72	1622.96	390.53	1558.80	3.1318	3.3884
848596816032	221.69	1604.93	254.33	1552.02	3.1248	3.3748
848596824365	66.27	1557.73	106.19	1493.05	3.0998	3.3592
848596832698	-49.18	1525.85	2.35	1438.68	3.1050	3.3610
848596841032	-69.28	1495.84	-14.30	1444.09	3.0933	3.3678
848596849366	-42.08	1490.27	18.07	1431.28	3.1577	3.3923
848596857698	-56.80	1486.86	0.36	1435.13	3.1679	3.3946
848596866032	-49.43	1481.14	-2.32	1429.95	3.1662	3.3987
848596874365	-47.83	1477.57	-3.95	1436.06	3.1711	3.3867
848596882697	-45.08	1487.01	-3.11	1430.71	3.1616	3.4026
848596891030	-45.72	1478.25	-2.56	1440.96	3.1548	3.4045
848596899364	-37.95	1482.45	-15.02	1439.33	3.1759	3.3870
848596907697	-40.86	1475.02	-15.45	1445.22	3.1653	3.3952
848596916031	-28.41	1483.16	-20.63	1441.02	3.1855	3.3977
848596924364	-44.27	1485.94	-19.84	1442.45	3.1728	3.4117
848596932697	-46.30	1488.38	-6.20	1445.43	3.1893	3.3987
848596941031	-52.04	1482.38	-5.38	1438.26	3.1621	3.4229
848596949369	-40.50	1486.83	-4.40	1437.00	3.1776	3.4099
848596957702	-38.53	1487.40	-5.80	1437.40	3.1650	3.4163
848596966036	-25.36	1484.05	-13.90	1441.43	3.1960	3.4254
848596974369	-86.18	1496.58	-76.13	1437.41	3.1977	3.4189
848596982702	-106.00	1492.29	-104.81	1449.14	3.1992	3.4091
848596991036	-94.08	1491.90	-77.52	1441.19	3.1801	3.4102
848596999369	-84.74	1487.25	-73.90	1446.04	3.2088	3.4290
848597007702	-86.09	1483.56	-87.60	1441.73	3.2164	3.4335
848597016034	-94.94	1484.13	-82.93	1437.16	3.2158	3.4243
848597024368	-85.13	1481.99	-82.47	1439.11	3.2290	3.4334
848597032700	-89.65	1486.08	-79.32	1439.22	3.2079	3.4330
848597041033	-98.50	1487.93	-64.90	1437.97	3.1947	3.4473
848597049367	-93.90	1485.45	-76.71	1438.18	3.2282	3.4502
848597057700	-97.15	1494.85	-68.85	1436.98	3.2310	3.4527
848597066033	-103.53	1488.11	-68.06	1438.09	3.2094	3.4464
848597074368	-85.67	1491.44	-75.21	1438.04	3.2283	3.4421
848597082707	-98.37	1479.93	-64.14	1435.93	3.2380	3.4531
848597091040	-81.85	1491.76	-67.51	1439.63	3.2462	3.4500
848597099374	-96.49	1489.45	-85.65	1437.67	3.2380	3.4530
848597107705	-94.23	1484.98	-75.76	1431.37	3.2306	3.4438
848597116038	-98.63	1488.28	-76.35	1437.58	3.2312	3.4347
848597124372	-114.96	1494.25	-84.90	1444.67	3.2284	3.4413
848597132705	-136.35	1505.87	-118.53	1448.69	3.2162	3.4410
848597141038	-108.15	1495.00	-111.42	1445.98	3.2327	3.4135
848597149372	-106.28	1488.23	-98.51	1436.04	3.2197	3.4279
848597157705	-111.87	1501.19	-84.14	1443.06	3.2402	3.4352
848597166038	-100.89	1492.74	-94.22	1445.41	3.2509	3.4295
848597174371	-105.17	1496.99	-95.90	1445.38	3.2500	3.4238
848597182704	-109.08	1497.38	-88.94	1452.51	3.2423	3.4395
848597191037	-107.84	1499.07	-101.86	1442.51	3.2506	3.4148
848597199371	-105.53	1491.78	-85.40	1440.81	3.2580	3.4447
848597207704	-120.21	1491.91	-91.14	1445.66	3.2429	3.4287
848597216042	-126.82	1489.40	-88.43	1448.93	3.2040	3.4422
848597224376	-114.33	1483.61	-76.49	1445.01	3.2237	3.4305
848597232709	-120.63	1490.34	-94.84	1448.82	3.2250	3.4180
848597241043	-115.54	1501.44	-95.05	1444.43	3.1982	3.4305
848597249376	-120.43	1492.72	-100.28	1451.33	3.2229	3.4236
848597257709	-123.07	1494.36	-95.87	1446.82	3.2306	3.4291
848597266042	-123.56	1491.77	-102.93	1445.72	3.2172	3.4231
848597274375	-113.62	1495.25	-104.02	1442.00	3.2307	3.4311
848597282709	-123.59	1490.97	-90.71	1455.23	3.2215	3.4341
848597291042	-97.17	1494.27	-89.09	1448.79	3.2521	3.4329
848597299376	-106.86	1487.87	-106.69	1453.07	3.2457	3.4268
848597307709	-120.99	1493.25	-96.77	1447.87	3.2283	3.4519
848597316042	-125.84	1484.32	-94.34	1453.76	3.2439	3.4224
848597324375	-122.20	1489.99	-96.78	1447.20	3.2090	3.4314
848597332708	-108.90	1491.37	-92.34	1450.48	3.2277	3.4410
848597341044	-102.73	1496.33	-115.41	1454.72	3.2329	3.4284
848597349377	-103.04	1499.29	-101.80	1444.91	3.2648	3.4263
848597357709	-116.07	1492.07	-91.36	1449.83	3.2403	3.4420
848597366043	-105.23	1487.38	-86.22	1449.31	3.2395	3.4408
848597374377	-112.27	1494.06	-93.91	1447.51	3.2502	3.4336
848597382710	-119.21	1491.54	-99.27	1450.87	3.2233	3.4283
848597391043	-110.56	1490.72	-89.29	1444.95	3.2109	3.4395
848597399378	-100.94	1489.11	-83.53	1452.12	3.2591	3.4381
848597407711	-102.23	1489.75	-79.20	1454.28	3.2603	3.4452
848597416043	-108.26	1490.78	-93.37	1449.53	3.2446	3.4122
848597424376	-111.90	1493.61	-95.83	1453.58	3.2426	3.4448
848597432709	-114.44	1496.67	-82.52	1453.22	3.2490	3.4546
848597441043	-109.73	1493.69	-103.16	1451.45	3.2279	3.4070
848597449376	-109.12	1495.05	-89.21	1447.45	3.2489	3.4285
848597457709	-109.62	1485.18	-88.04	1445.95	3.2484	3.4414
848597466042	-112.06	1484.28	-97.25	1452.46	3.2449	3.4344
848597474382	-117.88	1490.77	-100.77	1451.40	3.2425	3.4363
848597482716	-114.91	1485.65	-84.29	1449.76	3.2402	3.4473
848597491048	-118.76	1480.61	-102.93	1449.99	3.2491	3.4213
848597499381	-121.23	1491.02	-85.00	1455.68	3.2410	3.4363
848597507714	-119.63	1501.25	-95.33	1452.65	3.2134	3.4521
848597516048	-104.34	1491.56	-91.49	1447.95	3.2480	3.4360
848597524381	-112.45	1496.09	-95.05	1454.85	3.2418	3.4285
848597532715	-109.63	1493.14	-94.84	1450.19	3.2104	3.4374
848597541047	-109.61	1487.27	-77.70	1455.68	3.2331	3.4316
848597549381	-120.58	1494.64	-77.42	1440.30	3.2183	3.4453
848597557715	-99.32	1487.51	-93.36	1448.45	3.2342	3.4185
848597566047	-102.92	1487.60	-87.17	1453.24	3.2333	3.4138
848597574380	-99.21	1486.24	-88.91	1456.19	3.2130	3.4087
848597582713	-108.89	1498.31	-100.18	1443.49	3.1969	3.4181
848597591047	-109.32	1489.05	-87.64	1449.28	3.1975	3.4269
848597599380	-109.34	1495.63	-88.25	1456.86	3.2096	3.4159
848597607716	-104.97	1490.03	-92.84	1453.94	3.2200	3.4024
848597616050	-122.66	1493.48	-87.50	1454.35	3.1761	3.4417
848597624384	-104.92	1488.87	-89.54	1450.25	3.1936	3.4174
848597632718	-113.12	1489.76	-85.45	1455.06	3.2142	3.4289
848597641051	-114.64	1488.36	-90.21	1453.14	3.2011	3.4322
848597649383	-111.53	1485.52	-84.15	1454.79	3.1835	3.4141
848597657716	-109.68	1483.21	-85.00	1452.30	3.1986	3.4228
848597666050	-138.48	1485.86	-83.15	1447.57	3.1833	3.4095
848597674383	-105.50	1492.50	-81.58	1449.82	3.1946	3.4284
848597682716	-107.56	1497.11	-86.52	1453.74	3.2023	3.4089
848597691050	-99.06	1489.39	-83.12	1446.02	3.1867	3.4243
848597699383	-116.20	1496.41	-91.62	1453.42	3.1730	3.3994
848597707717	-113.75	1486.03	-98.94	1449.19	3.1930	3.4030
848597716050	-114.78	1487.93	-83.07	1442.00	3.1815	3.4370
848597724382	-114.88	1495.42	-93.51	1458.59	3.1919	3.4035
848597732716	-114.16	1492.24	-104.08	1452.38	3.1779	3.3983
848597741053	-101.83	1491.55	-90.05	1454.20	3.2024	3.4072
848597749387	-107.45	1487.94	-101.55	1455.03	3.2018	3.3872
848597757719	-102.92	1484.78	-79.58	1447.95	3.1942	3.4202
848597766053	-96.62	1486.12	-88.94	1452.92	3.2080	3.4173
848597774387	-95.62	1484.85	-81.35	1453.27	3.2047	3.3972
848597782720	-105.61	1500.52	-68.89	1449.80	3.1901	3.4297
848597791054	-99.13	1488.82	-96.60	1458.92	3.1951	3.4097
848597799386	-100.53	1495.04	-98.35	1448.95	3.1923	3.4025
848597807720	-110.08	1502.64	-95.70	1455.01	3.1731	3.4164
848597816053	-95.23	1494.02	-96.11	1445.20	3.1889	3.4008
848597824386	-111.16	1491.78	-86.25	1453.58	3.1709	3.4325
848597832719	-112.05	1492.66	-83.99	1451.35	3.1726	3.4184
848597841052	-109.59	1491.23	-97.76	1454.72	3.1954	3.4040
848597849386	-110.38	1487.55	-97.19	1448.67	3.1927	3.4147
848597857719	-101.26	1481.24	-85.42	1447.79	3.1938	3.4255
848597866054	-111.55	1488.49	-93.56	1445.56	3.1977	3.3961
848597874387	-93.01	1483.28	-88.15	1446.38	3.2186	3.4171
848597882721	-115.65	1502.07	-100.40	1449.82	3.1937	3.4070
848597891054	-109.30	1484.79	-84.95	1454.86	3.1927	3.4133
848597899387	-114.95	1491.29	-86.21	1453.20	3.2120	3.4197
848597907720	-102.04	1483.81	-83.87	1451.27	3.2054	3.4177
848597916054	-102.98	1494.87	-82.03	1451.01	3.2050	3.4097
848597924388	-108.52	1491.18	-93.86	1456.75	3.2075	3.4420
848597932721	-137.12	1517.91	-123.03	1474.72	3.2169	3.4135
848597941054	-121.85	1519.62	-126.14	1484.66	3.2291	3.4201
848597949387	-139.88	1524.99	-124.43	1479.81	3.2226	3.3928
848597957721	-127.78	1525.63	-121.08	1485.63	3.2246	3.4100
848597966054	-127.02	1518.27	-109.05	1481.92	3.2184	3.4360
848597974386	-125.34	1520.57	-101.09	1486.21	3.2378	3.4329
848597982719	-119.97	1520.57	-105.30	1484.15	3.2148	3.4481
848597991052	-118.78	1523.06	-116.14	1485.72	3.2251	3.3969
848597999392	-131.38	1523.56	-127.12	1481.70	3.2246	3.4086
848598007725	-116.97	1516.29	-118.71	1484.94	3.2324	3.4090
848598016058	-145.50	1528.17	-116.45	1478.05	3.2210	3.4325
848598024391	-146.00	1519.90	-113.23	1479.57	3.2247	3.4158
848598032724	-157.10	1529.72	-121.46	1482.79	3.2101	3.4125
848598041059	-145.36	1523.68	-126.51	1485.76	3.2115	3.3970
848598049392	-146.58	1529.75	-127.11	1485.48	3.2115	3.4334
848598057726	-161.34	1530.23	-113.50	1483.33	3.2065	3.4337
848598066058	-126.91	1521.26	-123.50	1489.77	3.2529	3.4282
848598074392	-135.17	1519.82	-124.65	1482.84	3.2604	3.4468
848598082725	-136.68	1521.68	-106.38	1487.06	3.2472	3.4464
848598091058	-151.79	1528.19	-117.55	1478.55	3.2188	3.4448
848598099392	-150.79	1536.04	-125.07	1474.96	3.2125	3.4220
848598107724	-143.68	1523.26	-115.45	1485.71	3.2393	3.4367
848598116057	-149.59	1523.04	-126.15	1485.49	3.2288	3.4405
848598124391	-136.25	1521.49	-115.63	1487.88	3.2499	3.4645
848598132729	-130.27	1525.91	-124.62	1479.35	3.2531	3.4576
848598141063	-139.11	1521.12	-122.08	1487.91	3.2689	3.4593
848598149396	-134.89	1534.34	-121.01	1486.60	3.2628	3.4566
848598157729	-130.89	1523.89	-120.86	1487.74	3.2721	3.4590
848598166063	-139.27	1526.12	-109.13	1483.81	3.2477	3.4591
848598174396	-149.06	1527.22	-121.27	1480.55	3.2432	3.4675
848598182728	-148.90	1528.38	-119.42	1481.29	3.2340	3.4749
848598191061	-151.79	1520.73	-107.37	1481.51	3.2391	3.4695
848598199394	-145.22	1530.71	-105.14	1479.74	3.2427	3.4802
848598207728	-134.54	1523.51	-102.56	1481.47	3.2611	3.4908
848598216062	-119.94	1520.29	-110.63	1488.44	3.2692	3.4855
848598224395	-127.82	1524.69	-107.26	1483.76	3.2608	3.4768
848598232728	-123.00	1522.86	-111.27	1489.56	3.2817	3.4817
848598241061	-122.48	1524.62	-118.89	1482.60	3.2793	3.4710
848598249395	-127.79	1525.94	-115.52	1484.44	3.2569	3.4913
848598257727	-149.48	1529.63	-110.99	1488.04	3.2538	3.4881
848598266062	-134.49	1507.98	-88.88	1462.20	3.2547	3.4670
848598274395	-116.91	1481.54	-88.22	1450.63	3.2524	3.4858
848598282729	-96.29	1488.25	-100.12	1452.33	3.2849	3.5083
848598291063	-108.54	1487.09	-93.28	1449.48	3.2827	3.4914
848598299396	-113.25	1485.82	-97.04	1445.25	3.2754	3.4915
848598307729	-122.32	1489.68	-72.70	1446.24	3.2513	3.5313
848598316062	-121.12	1480.87	-104.80	1448.41	3.2944	3.4765
848598324396	-114.48	1490.27	-94.84	1453.14	3.2817	3.5086
848598332728	-108.55	1483.86	-95.03	1455.48	3.2820	3.5000
848598341061	-111.85	1492.48	-93.95	1453.98	3.2628	3.5148
848598349394	-145.25	1503.04	-93.58	1450.97	3.2403	3.4915
848598357728	-131.67	1496.05	-95.55	1453.05	3.2659	3.5077
848598366061	-138.27	1502.04	-96.93	1449.75	3.2775	3.5066
848598374395	-130.71	1499.47	-95.29	1453.19	3.2734	3.5180
848598382728	-129.98	1496.33	-106.25	1457.11	3.2757	3.5132
848598391068	-128.74	1489.24	-106.03	1457.68	3.2607	3.4885
848598399401	-129.87	1495.38	-99.67	1448.66	3.2622	3.5090
848598407734	-124.91	1495.50	-94.13	1454.57	3.2694	3.5107
848598416068	-112.48	1491.82	-97.49	1462.76	3.2950	3.5164
848598424401	-137.93	1492.83	-93.34	1451.30	3.2696	3.5123
848598432734	-123.33	1494.02	-96.38	1458.03	3.2681	3.5012
848598441067	-113.44	1491.64	-90.79	1465.17	3.2904	3.5126
848598449400	-113.97	1488.90	-104.26	1451.29	3.2801	3.5160
848598457734	-116.95	1491.65	-84.01	1453.55	3.2700	3.5133
848598466067	-128.34	1491.02	-84.83	1449.81	3.2649	3.5174
848598474401	-117.82	1497.11	-100.37	1459.29	3.2742	3.4996
848598482734	-102.28	1491.73	-85.02	1458.53	3.2999	3.5176
848598491066	-94.69	1494.94	-99.44	1456.28	3.2740	3.5144
848598499399	-105.70	1494.04	-94.41	1452.30	3.2729	3.5223
848598507732	-108.09	1507.75	-101.50	1460.86	3.2610	3.4815
848598516065	-112.26	1502.44	-105.14	1479.81	3.2485	3.4645
848598524403	-202.32	1763.72	-84.27	1485.36	2.7543	3.4506
848598532737	NaN	NaN	NaN	NaN	NaN	NaN
848598541071	NaN	NaN	NaN	NaN	NaN	NaN
848598549404	NaN	NaN	NaN	NaN	NaN	NaN
848598557737	NaN	NaN	NaN	NaN	NaN	NaN
848598566069	NaN	NaN	NaN	NaN	NaN	NaN
848598574403	NaN	NaN	NaN	NaN	NaN	NaN
848598582736	NaN	NaN	NaN	NaN	NaN	NaN
848598591069	NaN	NaN	NaN	NaN	NaN	NaN
848598599403	NaN	NaN	NaN	NaN	NaN	NaN
848598607736	NaN	NaN	NaN	NaN	NaN	NaN
848598616069	NaN	NaN	NaN	NaN	NaN	NaN
848598624403	NaN	NaN	NaN	NaN	NaN	NaN
848598632736	NaN	NaN	-126.46	1608.03	NaN	3.1854
848598641068	NaN	NaN	-105.71	1511.30	NaN	3.3905
848598649402	-138.31	1636.80	-82.36	1440.48	3.0197	3.5001
848598657739	-104.80	1538.10	-93.46	1485.53	3.2108	3.4468
848598666081	-41.04	1460.52	-79.66	1489.67	3.3926	3.4534
848598674405	-85.85	1482.38	-92.49	1475.73	3.3212	3.4499
848598682740	-105.43	1512.34	-80.36	1477.88	3.2511	3.4830
848598691073	-121.01	1514.96	-96.53	1475.43	3.2465	3.4553
848598699407	-117.92	1525.50	-84.43	1468.24	3.2497	3.4770
848598707740	-112.23	1517.92	-78.44	1467.82	3.2668	3.5159
848598716072	-109.88	1518.00	-81.96	1468.98	3.2425	3.5024
848598724406	-105.84	1518.63	-84.43	1462.04	3.2689	3.5380
848598732739	-98.61	1520.70	-80.09	1460.81	3.2725	3.5334
848598741072	-106.41	1519.58	-77.03	1467.55	3.2796	3.5297
848598749406	-122.43	1517.06	-79.25	1463.63	3.2537	3.5388
848598757739	-119.68	1511.73	-95.66	1464.69	3.2487	3.5228
848598766072	-122.32	1520.77	-86.77	1461.04	3.2631	3.5349
848598774406	-99.27	1515.71	-77.86	1467.83	3.2952	3.5430
848598782744	-96.67	1510.38	-91.69	1462.82	3.3006	3.5552
848598791076	-100.67	1512.79	-79.36	1467.86	3.2830	3.5509
848598799410	-101.42	1504.38	-93.93	1465.58	3.2957	3.5367
848598807743	-114.74	1505.31	-93.14	1453.60	3.2800	3.5379
848598816076	-105.42	1508.76	-92.61	1455.23	3.2833	3.5341
848598824410	-112.96	1509.87	-87.75	1457.63	3.2971	3.5358
848598832743	-110.51	1511.26	-93.99	1464.18	3.3005	3.5499
848598841076	-106.97	1507.76	-96.40	1459.73	3.2986	3.5348
848598849409	-106.16	1508.54	-80.80	1460.49	3.2868	3.5421
848598857743	-113.95	1503.91	-75.41	1460.85	3.3034	3.5702
848598866076	-108.83	1510.74	-83.06	1452.87	3.3058	3.5621
848598874408	-113.12	1503.24	-98.91	1456.33	3.3049	3.5466
848598882742	-109.68	1505.51	-87.27	1458.21	3.2967	3.5450
848598891075	-106.36	1500.77	-76.97	1458.83	3.3162	3.5509
848598899409	-105.43	1507.99	-87.99	1452.34	3.3108	3.5527
848598907742	-103.98	1502.75	-78.69	1458.20	3.3063	3.5673
848598916077	-106.79	1505.57	-95.94	1464.44	3.3287	3.5556
848598924410	-112.48	1505.45	-86.16	1462.48	3.3018	3.5606
848598932744	-123.66	1507.71	-79.97	1460.06	3.3120	3.5679
848598941077	-115.17	1504.74	-87.36	1461.36	3.3139	3.5558
848598949409	-103.91	1505.16	-97.31	1457.56	3.3329	3.5510
848598957743	-101.76	1501.67	-84.71	1457.23	3.3244	3.5609
848598966076	-112.19	1498.89	-97.98	1464.19	3.3258	3.5428
848598974410	-114.07	1502.22	-91.28	1461.70	3.3224	3.5620
848598982743	-118.02	1500.59	-96.01	1457.00	3.2920	3.5569
848598991076	-109.48	1500.79	-100.78	1458.42	3.3135	3.5402
848598999409	-109.82	1509.13	-95.07	1459.95	3.3259	3.5533
848599007743	-113.96	1499.82	-84.83	1461.60	3.3183	3.5587
848599016076	-113.16	1499.20	-92.71	1454.43	3.3412	3.5577
848599024409	-113.05	1498.19	-90.47	1455.38	3.3094	3.5400
848599032741	-106.82	1496.79	-97.05	1460.93	3.3407	3.5551
848599041075	-111.22	1498.57	-82.68	1460.43	3.3333	3.5642
848599049416	-110.53	1495.21	-89.20	1464.85	3.3354	3.5590
848599057750	-110.27	1497.94	-100.98	1458.24	3.3253	3.5529
848599066083	-112.49	1503.07	-87.71	1465.75	3.3355	3.5500
848599074416	-102.20	1507.16	-88.14	1461.91	3.3353	3.5521
848599082749	-110.83	1506.30	-102.15	1458.27	3.3444	3.5495
848599091083	-107.33	1493.56	-98.41	1465.31	3.3443	3.5306
848599099415	-119.76	1494.89	-108.34	1458.02	3.3233	3.5316
848599107749	-104.01	1491.99	-99.24	1459.43	3.3527	3.5450
848599116082	-110.15	1489.35	-87.73	1462.51	3.3181	3.5571
848599124415	-103.34	1486.55	-88.72	1455.54	3.3232	3.5503
848599132748	-97.93	1496.60	-97.12	1465.08	3.3374	3.5491
848599141082	-103.48	1496.24	-97.96	1462.87	3.3393	3.5490
848599149415	-95.39	1499.84	-91.11	1460.25	3.3258	3.5463
848599157748	-102.58	1490.90	-95.48	1458.29	3.3430	3.5426
848599166081	-94.25	1492.61	-84.76	1453.71	3.3505	3.5401
848599174414	-104.28	1487.26	-96.22	1452.99	3.3466	3.5633
848599182751	-96.10	1491.99	-99.19	1459.80	3.3651	3.5367
848599191085	-125.24	1486.09	-89.22	1452.72	3.3063	3.5344
848599199418	-108.72	1495.79	-90.37	1459.48	3.3339	3.5503
848599207752	-106.12	1484.91	-88.74	1453.40	3.3318	3.5639
848599216085	-140.16	1528.51	-124.39	1503.33	3.3616	3.5544
848599224418	-183.98	1607.58	-188.75	1600.70	3.3808	3.5343
848599232752	-156.21	1633.89	-183.49	1632.78	3.3778	3.5306
848599241084	-143.94	1614.65	-149.51	1591.32	3.3960	3.5555
848599249417	-149.62	1603.98	-154.99	1591.07	3.3649	3.5478
848599257751	-165.28	1614.97	-154.63	1592.80	3.3545	3.5464
848599266084	-176.27	1621.61	-164.49	1601.07	3.3448	3.5410
848599274417	-169.47	1620.51	-159.52	1596.26	3.3626	3.5554
848599282751	-174.83	1609.84	-159.75	1597.88	3.3525	3.5688
848599291084	-157.43	1613.24	-163.26	1597.22	3.3649	3.5491
848599299417	-163.46	1613.52	-173.65	1596.79	3.3706	3.5599
848599307754	-151.07	1606.73	-176.97	1605.49	3.3872	3.5279
848599316086	-161.48	1610.06	-165.71	1601.47	3.3565	3.5435
848599324420	-164.06	1626.08	-160.48	1602.49	3.3790	3.5597
848599332754	-169.96	1621.45	-159.48	1608.40	3.3699	3.5428
848599341087	-162.18	1621.79	-163.32	1603.40	3.3531	3.5426
848599349420	-143.45	1618.17	-162.18	1604.64	3.3533	3.5444
848599357753	-150.67	1618.56	-165.93	1601.84	3.3644	3.5414
848599366087	-157.01	1622.80	-166.39	1600.01	3.3640	3.5528
848599374420	-148.53	1614.49	-167.09	1597.17	3.3638	3.5226
848599382754	-158.29	1619.09	-167.20	1597.84	3.3447	3.5482
848599391085	-168.20	1622.77	-160.04	1604.32	3.3584	3.5461
848599399419	-233.78	1670.13	-235.25	1655.82	3.3683	3.5478
848599407753	NaN	NaN	-372.50	1792.75	NaN	3.5696
848599416086	NaN	NaN	NaN	NaN	NaN	NaN
848599424419	NaN	NaN	NaN	NaN	NaN	NaN
848599432752	NaN	NaN	NaN	NaN	NaN	NaN
848599441091	NaN	NaN	NaN	NaN	NaN	NaN
848599449425	NaN	NaN	NaN	NaN	NaN	NaN
848599457758	NaN	NaN	NaN	NaN	NaN	NaN
848599466091	NaN	NaN	NaN	NaN	NaN	NaN
848599474424	NaN	NaN	NaN	NaN	NaN	NaN
848599482757	NaN	NaN	NaN	NaN	NaN	NaN
848599491091	NaN	NaN	NaN	NaN	NaN	NaN
848599499424	NaN	NaN	NaN	NaN	NaN	NaN
848599507757	NaN	NaN	NaN	NaN	NaN	NaN
848599516090	NaN	NaN	NaN	NaN	NaN	NaN
848599524424	NaN	NaN	NaN	NaN	NaN	NaN
848599532758	NaN	NaN	NaN	NaN	NaN	NaN
848599541089	NaN	NaN	NaN	NaN	NaN	NaN
848599549423	NaN	NaN	NaN	NaN	NaN	NaN
848599557756	NaN	NaN	NaN	NaN	NaN	NaN
848599566089	NaN	NaN	NaN	NaN	NaN	NaN
848599574427	NaN	NaN	NaN	NaN	NaN	NaN
848599582760	NaN	NaN	NaN	NaN	NaN	NaN
848599591093	NaN	NaN	NaN	NaN	NaN	NaN
848599599427	NaN	NaN	NaN	NaN	NaN	NaN
848599607760	NaN	NaN	NaN	NaN	NaN	NaN
848599616093	NaN	NaN	NaN	NaN	NaN	NaN
848599624426	NaN	NaN	NaN	NaN	NaN	NaN
848599632759	NaN	NaN	NaN	NaN	NaN	NaN
848599641092	NaN	NaN	NaN	NaN	NaN	NaN
848599649426	NaN	NaN	NaN	NaN	NaN	NaN
848599657759	NaN	NaN	NaN	NaN	NaN	NaN
848599666092	NaN	NaN	-733.38	1718.27	NaN	3.4409
848599674426	-977.48	1722.10	-786.21	1604.56	3.2164	3.4281
848599682759	-1115.15	1647.53	-811.17	1572.12	3.2520	3.4199
848599691093	-1191.55	1657.77	-857.09	1568.94	3.2302	3.4038
848599699425	-1139.96	1641.07	-904.79	1573.80	3.2119	3.4138
848599707763	-1209.10	1638.56	-874.83	1563.32	3.2833	3.4549
848599716096	-1204.16	1623.26	-862.62	1555.82	3.2867	3.4604
848599724430	-1204.67	1624.40	-887.46	1554.99	3.2925	3.4456
848599732764	-1210.66	1611.95	-884.87	1555.63	3.2716	3.4525
848599741097	-1215.88	1626.66	-894.73	1558.43	3.2823	3.4464
848599749430	-1222.98	1616.07	-877.67	1556.97	3.2927	3.4671
848599757763	-1199.60	1645.38	-880.72	1554.37	3.2906	3.4551
848599766096	-1217.65	1631.15	-881.50	1554.66	3.2911	3.4623
848599774429	-1216.72	1623.43	-888.42	1556.31	3.2748	3.4643
848599782762	-1205.96	1622.19	-891.71	1549.98	3.2814	3.4418
848599791095	-1216.65	1633.98	-896.62	1546.74	3.2781	3.4535
848599799429	-1214.92	1633.65	-890.66	1541.49	3.2813	3.4370
848599807762	-1208.46	1623.91	-895.82	1544.23	3.2732	3.4433
848599816096	-1210.81	1629.93	-897.79	1548.84	3.2765	3.4411
848599824429	-1217.90	1631.87	-893.33	1553.75	3.2871	3.4374
848599832767	-1221.96	1621.68	-899.08	1551.30	3.2565	3.4373
848599841101	-1203.24	1622.90	-915.36	1552.17	3.2716	3.4174
848599849433	-1215.94	1633.58	-924.80	1550.34	3.2754	3.4126
848599857766	45.43	1618.22	-901.14	1546.81	2.9653	3.4089
848599866099	-1227.12	1630.70	-898.03	1554.96	3.2664	3.4322
848599874433	20.53	1646.06	-883.59	1541.98	2.9073	3.4307
848599882766	-1207.89	1631.05	-890.91	1544.37	3.3054	3.4341
848599891099	-1214.81	1630.98	-893.00	1555.62	3.2575	3.4419
848599899433	-1208.37	1612.25	-902.87	1557.37	3.2626	3.4197
848599907766	-1210.76	1622.26	-885.18	1557.25	3.2522	3.4405
848599916100	-1219.46	1619.35	-890.55	1550.60	3.2540	3.4415
848599924432	-1207.35	1621.83	-885.72	1542.69	3.2621	3.4168
848599932765	-1205.27	1611.82	-887.38	1543.49	3.2351	3.4260
848599941099	-1207.12	1612.87	-907.69	1552.56	3.2668	3.4195
848599949432	-1206.04	1619.83	-890.56	1545.92	3.2472	3.4074
848599957764	-1117.32	1568.38	-849.64	1509.66	3.2383	3.3862
848599966102	-1086.35	1545.45	-856.22	1495.82	3.2486	3.4157
848599974434	-1122.83	1560.88	-858.90	1490.15	3.2540	3.4185
848599982768	-1125.46	1563.81	-870.92	1511.84	3.2297	3.4032
848599991102	-1111.09	1568.32	-861.56	1501.32	3.2432	3.4140
848599999435	-1113.22	1549.24	-880.43	1503.94	3.2457	3.3937
848600007768	-985.06	1554.28	-832.51	1491.86	3.2048	3.3963
848600016100	-711.92	1562.08	-586.73	1535.48	3.2088	3.4525
848600024434	-548.35	1599.76	-415.59	1584.81	3.2805	3.4445
848600032767	-367.52	1623.71	-256.59	1623.52	3.3078	3.4086
848600041101	-197.98	1611.65	-47.57	1609.89	3.2962	3.4113
848600049434	10.87	1621.01	144.26	1628.92	3.3205	3.4415
848600057767	181.28	1621.38	288.10	1628.20	3.2967	3.4560
848600066101	354.52	1609.66	405.90	1617.98	3.3231	3.4469
848600074434	449.52	1623.16	454.68	1620.35	3.3238	3.4469
848600082767	451.64	1595.11	437.19	1599.26	3.3232	3.4445
848600091100	453.25	1613.33	438.94	1603.22	3.3259	3.4420
848600099438	486.67	1610.41	455.08	1596.46	3.3293	3.4510
848600107771	459.49	1616.75	453.06	1598.09	3.3169	3.4372
848600116104	470.73	1595.76	444.14	1593.76	3.3359	3.4456
848600124438	477.63	1604.73	448.26	1594.84	3.3382	3.4387
848600132771	483.61	1601.05	447.95	1595.66	3.3525	3.4372
848600141105	487.95	1601.32	450.94	1598.37	3.3399	3.4395
848600149438	485.56	1595.66	450.07	1603.37	3.3319	3.4247
848600157771	489.51	1596.67	455.57	1596.12	3.3539	3.4297
848600166104	493.33	1593.16	447.76	1597.70	3.3383	3.4325
848600174437	472.49	1593.85	457.71	1602.33	3.3091	3.4376
848600182770	484.26	1593.87	454.77	1598.00	3.3044	3.4514
848600191103	484.53	1598.81	459.50	1602.76	3.3305	3.4596
848600199437	482.96	1594.41	454.64	1602.07	3.3092	3.4492
848600207770	480.12	1602.48	465.26	1600.92	3.3150	3.4447
848600216103	485.89	1600.99	457.27	1600.45	3.3185	3.4324
848600224437	487.78	1592.47	457.13	1598.16	3.3074	3.4453
848600232774	477.42	1605.00	463.31	1596.96	3.3109	3.4121
848600241107	481.09	1605.38	458.76	1605.42	3.3064	3.4252
848600249440	480.15	1602.36	457.69	1594.45	3.3031	3.4140
848600257773	483.71	1598.96	466.10	1595.92	3.3097	3.4265
848600266106	490.25	1591.97	466.05	1597.15	3.3237	3.4171
848600274440	491.54	1599.66	465.88	1602.63	3.3174	3.4240
848600282773	498.73	1591.23	462.04	1597.71	3.2898	3.4327
848600291106	505.55	1595.20	464.81	1601.87	3.3144	3.4246
848600299440	452.05	1599.05	422.79	1602.24	3.3116	3.4182
848600307773	401.46	1610.04	378.56	1598.42	3.2728	3.4153
848600316106	430.78	1596.20	397.32	1599.56	3.3013	3.4125
848600324439	428.42	1597.37	405.06	1594.86	3.2948	3.4249
848600332772	427.17	1598.74	398.62	1592.16	3.3049	3.4260
848600341105	428.88	1606.49	399.34	1593.72	3.2918	3.4325
848600349439	434.47	1601.55	398.65	1592.57	3.3036	3.3955
848600357779	421.98	1605.38	393.62	1593.31	3.2877	3.4228
848600366112	426.03	1607.00	404.46	1593.33	3.3060	3.4207
848600374446	421.59	1607.15	410.77	1590.70	3.2959	3.4343
848600382779	430.78	1600.20	403.17	1604.88	3.2834	3.4357
848600391112	423.54	1599.15	410.86	1597.38	3.2924	3.4272
848600399445	415.39	1600.12	404.02	1600.10	3.3002	3.4312
848600407778	412.79	1601.23	402.34	1605.71	3.2750	3.4256
848600416111	419.45	1599.52	407.50	1601.10	3.2830	3.4374
848600424445	422.76	1594.68	406.76	1598.18	3.2947	3.4396
848600432778	410.38	1604.47	407.18	1593.77	3.2878	3.4397
848600441111	414.46	1602.00	407.90	1598.08	3.2953	3.4368
848600449445	414.93	1598.28	401.11	1594.80	3.2897	3.4585
848600457778	427.91	1600.14	403.33	1591.49	3.3205	3.4446
848600466111	426.35	1597.98	406.41	1593.96	3.3282	3.4612
848600474444	428.07	1596.49	406.08	1596.25	3.3321	3.4654
848600482777	426.07	1590.04	388.53	1584.35	3.3180	3.4499
848600491115	423.13	1594.01	392.50	1594.53	3.3422	3.4539
848600499449	427.39	1592.08	400.65	1583.48	3.3452	3.4465
848600507782	428.57	1591.67	399.17	1585.71	3.3149	3.4729
848600516115	431.19	1595.10	391.86	1590.92	3.3383	3.4537
848600524449	430.03	1592.70	400.43	1593.18	3.3439	3.4681
848600532782	424.43	1594.62	401.23	1592.16	3.3394	3.4785
848600541115	424.13	1596.01	400.13	1595.22	3.3343	3.4846
848600549449	430.31	1597.11	406.52	1592.63	3.3523	3.4843
848600557781	422.03	1599.50	402.10	1592.56	3.3355	3.4874
848600566114	424.28	1598.57	388.45	1591.96	3.3475	3.4904
848600574447	426.21	1594.85	393.48	1593.73	3.3634	3.4965
848600582781	427.70	1587.47	399.88	1590.52	3.3643	3.4840
848600591114	433.84	1583.03	395.90	1599.75	3.3798	3.4955
848600599448	432.50	1603.93	390.63	1591.83	3.3497	3.5016
848600607781	427.13	1590.89	399.78	1590.69	3.3581	3.5075
848600616114	434.90	1592.27	399.77	1593.55	3.3637	3.5079
848600624450	427.92	1599.65	398.69	1592.21	3.3744	3.5173
848600632783	425.31	1596.32	406.28	1591.26	3.3864	3.5187
848600641116	435.04	1587.92	399.64	1595.77	3.3805	3.5256
848600649450	390.39	1613.68	376.85	1600.48	3.3602	3.5597
848600657783	217.16	1735.32	207.14	1697.88	3.4126	3.5718
848600666116	NaN	NaN	NaN	NaN	NaN	NaN
848600674449	NaN	NaN	NaN	NaN	NaN	NaN
848600682783	NaN	NaN	NaN	NaN	NaN	NaN
848600691116	NaN	NaN	NaN	NaN	NaN	NaN
848600699449	NaN	NaN	NaN	NaN	NaN	NaN
848600707782	NaN	NaN	NaN	NaN	NaN	NaN
848600716115	NaN	NaN	NaN	NaN	NaN	NaN
848600724448	NaN	NaN	NaN	NaN	NaN	NaN
848600732782	NaN	NaN	NaN	NaN	NaN	NaN
848600741115	NaN	NaN	NaN	NaN	NaN	NaN
848600749451	NaN	NaN	NaN	NaN	NaN	NaN
848600757785	NaN	NaN	NaN	NaN	NaN	NaN
848600766118	NaN	NaN	NaN	NaN	NaN	NaN
848600774451	NaN	NaN	NaN	NaN	NaN	NaN
848600782784	NaN	NaN	NaN	NaN	NaN	NaN
848600791117	NaN	NaN	NaN	NaN	NaN	NaN
848600799451	NaN	NaN	NaN	NaN	NaN	NaN
848600807784	NaN	NaN	NaN	NaN	NaN	NaN
848600816117	NaN	NaN	NaN	NaN	NaN	NaN
848600824450	NaN	NaN	NaN	NaN	NaN	NaN
848600832783	NaN	NaN	NaN	NaN	NaN	NaN
848600841115	NaN	NaN	NaN	NaN	NaN	NaN
848600849449	NaN	NaN	NaN	NaN	NaN	NaN
848600857783	NaN	NaN	NaN	NaN	NaN	NaN
848600866116	NaN	NaN	NaN	NaN	NaN	NaN
848600874449	NaN	NaN	NaN	NaN	NaN	NaN
848600882789	NaN	NaN	NaN	NaN	NaN	NaN
848600891121	NaN	NaN	NaN	NaN	NaN	NaN
848600899454	NaN	NaN	NaN	NaN	NaN	NaN
848600907788	NaN	NaN	NaN	NaN	NaN	NaN
848600916121	NaN	NaN	NaN	NaN	NaN	NaN
848600924454	NaN	NaN	NaN	NaN	NaN	NaN
848600932788	NaN	NaN	NaN	NaN	NaN	NaN
848600941121	NaN	NaN	NaN	NaN	NaN	NaN
848600949454	NaN	NaN	NaN	NaN	NaN	NaN
848600957788	NaN	NaN	NaN	NaN	NaN	NaN
848600966121	NaN	NaN	NaN	NaN	NaN	NaN
848600974454	NaN	NaN	NaN	NaN	NaN	NaN
848600982788	NaN	NaN	NaN	NaN	NaN	NaN
848600991120	NaN	NaN	NaN	NaN	NaN	NaN
848600999453	NaN	NaN	NaN	NaN	NaN	NaN
848601007787	NaN	NaN	NaN	NaN	NaN	NaN
848601016125	NaN	NaN	NaN	NaN	NaN	NaN
848601024458	NaN	NaN	NaN	NaN	NaN	NaN
848601032792	NaN	NaN	NaN	NaN	NaN	NaN
848601041125	NaN	NaN	NaN	NaN	NaN	NaN
848601049458	NaN	NaN	NaN	NaN	NaN	NaN
848601057792	NaN	NaN	NaN	NaN	NaN	NaN
848601066125	NaN	NaN	NaN	NaN	NaN	NaN
848601074457	NaN	NaN	NaN	NaN	NaN	NaN
848601082791	NaN	NaN	NaN	NaN	NaN	NaN
848601091124	NaN	NaN	NaN	NaN	NaN	NaN
848601099457	NaN	NaN	NaN	NaN	NaN	NaN
848601107791	-229.87	1785.08	-142.51	1723.19	3.1923	3.3933
848601116123	-162.59	1691.42	-84.58	1634.27	3.1994	3.3674
848601124456	-137.40	1582.99	-86.82	1536.35	3.1587	3.3651
848601132789	136.00	1518.59	-62.93	1548.09	3.1825	3.3887
848601141124	-99.47	1596.57	-82.29	1558.71	3.1864	3.3789
848601149460	-72.15	1568.58	-87.50	1551.58	3.1978	3.3624
848601157794	-83.56	1558.35	-57.84	1531.16	3.1896	3.3801
848601166127	-84.58	1559.99	-65.32	1537.92	3.1900	3.3806
848601174460	-91.66	1564.15	-75.13	1535.40	3.1696	3.3601
848601182794	-84.30	1559.99	-73.36	1542.67	3.1740	3.3557
848601191127	-81.39	1559.32	-76.84	1539.42	3.1684	3.3538
848601199460	-85.85	1556.59	-65.41	1542.49	3.1694	3.3592
848601207794	-78.56	1565.25	-86.08	1535.04	3.1676	3.3376
848601216127	-96.45	1562.05	-72.28	1530.39	3.1395	3.3531
848601224459	-98.98	1573.25	-75.20	1536.94	3.1140	3.3436
848601232792	-97.36	1564.70	-82.56	1534.28	3.1182	3.3223
848601241126	-93.62	1565.96	-86.04	1542.15	3.1195	3.3211
848601249459	-77.94	1547.93	-87.64	1537.82	3.1246	3.3294
848601257792	-78.08	1558.12	-98.08	1532.58	3.1161	3.3069
848601266126	-79.88	1564.49	-79.62	1537.38	3.1047	3.3239
848601274464	-77.75	1560.28	-89.83	1536.63	3.1361	3.3245
848601282797	-73.43	1558.97	-71.05	1530.15	3.1311	3.3219
848601291130	-88.14	1534.54	-90.55	1514.89	3.1055	3.3177
848601299462	-134.50	1481.27	-111.25	1445.62	3.0881	3.3102
848601307796	-100.64	1467.17	-87.69	1448.61	3.1089	3.3487
848601316130	-101.21	1485.24	-90.95	1459.11	3.1299	3.3138
848601324463	-110.40	1476.69	-94.07	1463.83	3.1031	3.3234
848601332796	-116.38	1479.60	-94.84	1450.90	3.1007	3.3231
848601341130	-120.44	1478.71	-98.46	1453.41	3.0985	3.3183
848601349463	-114.69	1479.86	-88.40	1452.79	3.0992	3.3074
848601357796	-116.58	1469.88	-104.42	1450.88	3.0822	3.3105
848601366130	-108.20	1475.63	-104.17	1451.15	3.0793	3.2934
848601374462	-113.34	1478.05	-100.91	1448.74	3.0765	3.3111
848601382795	-101.76	1473.07	-108.20	1453.65	3.0933	3.2970
848601391129	-108.58	1478.92	-100.52	1450.89	3.0868	3.3019
848601399462	-117.83	1475.29	-101.48	1452.86	3.0694	3.2839
848601407799	-111.23	1473.79	-93.96	1453.60	3.0659	3.3046
848601416133	-108.33	1472.83	-91.35	1458.42	3.0669	3.3049
848601424466	-114.44	1471.35	-108.72	1446.50	3.0789	3.2922
848601432799	-117.24	1482.75	-95.35	1453.81	3.0200	3.2827
848601441133	-91.89	1497.17	-40.77	1453.89	3.0061	3.2970
848601449465	94.03	1471.33	211.33	1464.80	2.9987	3.2975
848601457798	328.34	1485.08	423.19	1412.38	2.9798	3.3090
848601466132	NaN	NaN	NaN	NaN	NaN	NaN
848601474465	NaN	NaN	NaN	NaN	NaN	NaN
848601482797	NaN	NaN	NaN	NaN	NaN	NaN
848601491131	NaN	NaN	NaN	NaN	NaN	NaN
848601499464	NaN	NaN	NaN	NaN	NaN	NaN
848601507797	NaN	NaN	NaN	NaN	NaN	NaN
848601516130	NaN	NaN	NaN	NaN	NaN	NaN
848601524463	NaN	NaN	NaN	NaN	NaN	NaN
848601532796	NaN	NaN	NaN	NaN	NaN	NaN
848601541134	NaN	NaN	NaN	NaN	NaN	NaN
848601549468	NaN	NaN	NaN	NaN	NaN	NaN
848601557801	NaN	NaN	NaN	NaN	NaN	NaN
848601566135	NaN	NaN	NaN	NaN	NaN	NaN
848601574468	NaN	NaN	NaN	NaN	NaN	NaN
848601582801	NaN	NaN	NaN	NaN	NaN	NaN
848601591134	NaN	NaN	NaN	NaN	NaN	NaN
848601599467	NaN	NaN	NaN	NaN	NaN	NaN
848601607800	NaN	NaN	NaN	NaN	NaN	NaN
848601616133	NaN	NaN	NaN	NaN	NaN	NaN
848601624466	NaN	NaN	NaN	NaN	NaN	NaN
848601632800	NaN	NaN	NaN	NaN	NaN	NaN
848601641134	NaN	NaN	NaN	NaN	NaN	NaN
848601649467	NaN	NaN	NaN	NaN	NaN	NaN
848601657800	2353.63	1543.84	2342.65	1513.36	3.0484	3.2463
848601666133	2377.09	1536.23	2373.94	1605.38	3.0606	3.0266
848601674471	2362.97	1502.72	2356.03	1504.60	3.1633	3.2429
848601682805	2363.74	1502.44	2347.34	1528.50	3.1334	3.2111
848601691138	2362.17	1502.96	2360.65	1534.12	3.1256	3.1591
848601699471	2348.74	1505.49	2366.21	1534.09	3.1377	3.2003
848601707805	2353.62	1506.10	2374.30	1528.90	3.1260	3.1879
848601716138	2363.52	1506.90	2365.48	1530.81	3.1276	3.2164
848601724472	2356.22	1511.51	2380.96	1530.49	3.1357	3.2138
848601732805	2353.30	1513.38	2358.14	1526.08	3.1390	3.2359
848601741138	2357.18	1512.14	2355.18	1530.17	3.1279	3.2479
848601749472	2360.76	1519.62	2352.30	1517.06	3.1356	3.2776
848601757804	2352.79	1513.23	2353.00	1513.98	3.1517	3.2715
848601766137	2358.89	1513.66	2360.15	1512.40	3.1545	3.2804
848601774471	2364.09	1511.81	2349.30	1505.26	3.1635	3.2887
848601782803	2354.89	1507.16	2361.30	1505.76	3.1568	3.2798
848601791137	2354.75	1503.66	2359.21	1498.08	3.1792	3.2893
848601799475	2352.80	1509.97	2362.21	1501.94	3.1746	3.3042
848601807809	2352.62	1500.97	2357.64	1501.37	3.1791	3.2797
848601816142	2350.56	1511.83	2359.20	1505.03	3.1684	3.2988
848601824476	2349.23	1507.22	2363.56	1503.90	3.1941	3.3026
848601832809	2344.93	1500.54	2355.26	1501.25	3.1795	3.3083
848601841142	2357.70	1506.62	2357.25	1500.01	3.1964	3.3023
848601849475	2345.72	1507.12	2343.77	1514.87	3.1855	3.3224
848601857809	2128.64	1543.80	2167.99	1523.26	3.2580	3.3602
848601866142	1907.25	1561.64	1968.08	1533.77	3.2798	3.4149
848601874476	1835.11	1554.96	1842.66	1546.87	3.2541	3.4249
848601882809	1790.26	1580.18	1760.99	1583.39	3.2542	3.4304
848601891142	1825.58	1578.28	1800.88	1587.95	3.2495	3.4379
848601899475	1825.08	1569.55	1781.73	1584.79	3.2348	3.4089
848601907808	1802.95	1573.11	1760.81	1591.98	3.2350	3.4144
848601916141	1811.59	1572.01	1769.44	1582.20	3.2479	3.4248
848601924474	1798.41	1570.01	1772.48	1577.58	3.2586	3.4375
848601932811	1798.83	1572.72	1764.33	1582.55	3.2575	3.4412
848601941144	1801.58	1570.47	1765.56	1578.95	3.2724	3.4551
848601949477	1803.84	1567.87	1766.62	1581.14	3.2670	3.4479
848601957811	1806.28	1563.90	1764.02	1582.57	3.2647	3.4426
848601966144	1800.78	1570.47	1763.12	1580.32	3.2798	3.4483
848601974477	1814.52	1566.01	1764.51	1582.21	3.2650	3.4618
848601982810	1811.16	1565.03	1770.73	1581.29	3.2848	3.4656
848601991143	1811.95	1559.90	1759.28	1576.90	3.2833	3.4620
848601999477	1812.02	1568.26	1766.06	1573.11	3.2911	3.4657
848602007809	1809.25	1562.18	1764.49	1579.84	3.2799	3.4621
848602016143	1813.55	1560.54	1762.77	1578.97	3.2944	3.4731
848602024476	1803.61	1557.59	1765.84	1578.05	3.2990	3.4750
848602032810	1815.04	1554.49	1764.41	1578.32	3.3068	3.4730
848602041143	1818.06	1562.86	1763.34	1571.40	3.2833	3.4826
848602049476	1815.37	1561.60	1764.40	1582.92	3.2876	3.4674
848602057810	1840.71	1557.88	1819.57	1574.91	3.3149	3.4793
848602066147	1912.91	1538.11	1866.62	1552.21	3.3105	3.4785
848602074481	1918.56	1553.22	1863.14	1560.10	3.3215	3.4819
848602082814	1894.28	1554.77	1856.07	1558.28	3.3225	3.4796
848602091147	1899.00	1542.05	1863.24	1554.64	3.3096	3.4981
848602099480	1902.99	1540.48	1853.13	1561.32	3.3305	3.4722
848602107813	1905.02	1545.97	1854.88	1561.28	3.3385	3.5051
848602116147	1905.02	1532.56	1857.18	1567.87	3.3367	3.5281
848602124481	1907.41	1536.05	1867.01	1566.96	3.3438	3.5033
848602132814	1909.42	1538.61	1856.35	1570.89	3.3450	3.5114
848602141146	1900.39	1532.42	1856.49	1568.75	3.3535	3.5231
848602149479	1901.89	1535.07	1861.48	1575.46	3.3564	3.5060
848602157813	1898.58	1534.51	1858.43	1572.89	3.3492	3.5266
848602166146	1904.77	1523.01	1855.50	1548.20	3.3561	3.5273
848602174479	1815.42	1494.98	1806.96	1474.98	3.3577	3.5201
848602182812	1616.62	1357.43	1650.49	1330.99	3.3596	3.5539
848602191150	1513.44	1207.61	1531.72	1213.51	3.3767	3.5501
848602199482	1435.38	1068.14	1437.20	1065.68	3.3719	3.5181
848602207816	1360.85	928.10	1377.96	933.45	3.3239	3.4865
848602216148	1328.53	819.50	1332.89	804.85	3.2976	3.4438
848602224482	1271.46	770.34	1295.95	731.29	3.3550	3.4443
848602232814	1273.59	689.07	1284.48	679.85	3.3235	3.4530
848602241148	1271.11	635.77	1284.00	672.05	3.2620	3.4649
848602249482	1263.05	662.58	1279.58	679.48	3.2819	3.4663
848602257815	1265.58	637.21	1274.55	661.47	3.3045	3.4670
848602266148	1268.36	623.04	1271.54	665.48	3.2822	3.4726
848602274481	1271.38	651.43	1269.41	664.41	3.3199	3.4813
848602282814	1269.24	632.79	1267.23	665.73	3.2922	3.4893
848602291147	1269.54	620.79	1266.54	666.11	3.2576	3.4739
848602299480	1270.40	633.72	1267.46	661.98	3.2940	3.4937
848602307813	1266.70	669.97	1264.38	664.83	3.3743	3.4919
848602316147	1262.98	629.02	1265.17	668.54	3.2973	3.5008
848602324487	1265.61	645.46	1266.61	667.07	3.3153	3.4880
848602332820	1268.22	638.55	1262.60	664.14	3.3181	3.4995
848602341153	1265.59	637.29	1264.94	659.79	3.2915	3.5071
848602349486	1270.88	642.81	1265.39	655.74	3.3141	3.4958
848602357820	1269.11	637.91	1260.68	656.02	3.3074	3.4839
848602366152	1274.36	635.53	1257.08	653.87	3.3015	3.5122
848602374485	1262.60	637.67	1263.12	659.83	3.3001	3.4853
848602382819	1265.68	642.65	1262.81	656.75	3.2997	3.4725
848602391152	1258.72	641.21	1262.00	659.89	3.3054	3.4673
848602399486	1263.60	641.18	1262.23	654.88	3.3232	3.4926
848602407819	1263.69	637.75	1261.56	647.84	3.3017	3.4805
848602416152	1261.37	635.17	1268.63	652.85	3.3096	3.4720
848602424485	1263.13	640.97	1259.73	656.50	3.3302	3.4915
848602432818	1265.21	636.49	1263.89	654.47	3.3099	3.4931
848602441151	1255.33	636.27	1264.08	647.91	3.2893	3.4755
848602449484	1256.28	643.19	1257.36	652.09	3.3240	3.4816
848602457822	1268.68	650.07	1259.08	658.76	3.3301	3.4900
848602466155	1273.34	645.78	1263.64	654.62	3.3291	3.4657
848602474488	1311.76	666.17	1293.97	682.75	3.3262	3.4859
848602482821	1295.39	697.86	1288.24	682.05	3.3945	3.4790
848602491155	1282.23	662.74	1283.46	669.12	3.3204	3.4629
848602499488	1291.85	651.81	1286.58	677.90	3.3256	3.4878
848602507822	1294.95	660.59	1285.13	671.30	3.3326	3.4834
848602516155	1288.75	647.22	1285.30	677.91	3.2808	3.5009
848602524487	1288.22	658.18	1282.06	668.06	3.3137	3.4732
848602532820	1286.14	662.00	1284.25	672.92	3.3342	3.4868
848602541154	1290.10	651.34	1276.95	673.67	3.3103	3.4946
848602549487	1287.42	650.04	1282.98	672.46	3.2959	3.4695
848602557820	1291.20	680.79	1276.64	668.40	3.3964	3.4745
848602566153	1288.10	654.01	1283.02	671.15	3.3405	3.4902
848602574487	1287.60	642.26	1281.23	664.94	3.3041	3.4687
848602582821	1284.82	679.04	1277.57	678.41	3.3570	3.4787
848602591158	1287.16	656.18	1279.77	657.82	3.3347	3.4624
848602599491	1287.83	645.95	1282.74	669.41	3.3109	3.4883
848602607824	1294.38	655.00	1283.85	653.48	3.3370	3.4603
848602616158	1286.92	652.83	1275.55	664.77	3.3215	3.4803
848602624491	1285.28	659.27	1281.95	668.79	3.3312	3.4919
848602632824	1285.26	647.22	1276.89	673.44	3.3048	3.4824
848602641157	1287.59	643.02	1282.07	670.63	3.3137	3.5059
848602649491	1296.07	684.47	1281.83	667.25	3.3929	3.4915
848602657825	1281.21	688.35	1280.23	666.17	3.4042	3.4813
848602666158	1291.46	668.41	1281.88	667.26	3.3542	3.4997
848602674490	1287.81	644.10	1280.58	668.71	3.3236	3.5026
848602682823	1282.80	652.13	1274.50	668.45	3.3264	3.5023
848602691156	1285.57	651.39	1273.56	668.39	3.3314	3.5198
848602699490	1283.15	677.18	1281.11	669.38	3.3873	3.5257
848602707824	1288.47	682.02	1275.76	665.34	3.3996	3.5097
848602716160	1281.34	661.25	1273.18	663.90	3.3757	3.5131
848602724494	1287.32	654.15	1278.62	671.65	3.3413	3.5461
848602732827	1283.36	661.04	1277.15	663.37	3.3626	3.5199
848602741160	1288.16	690.90	1269.65	676.43	3.4299	3.5352
848602749493	1285.22	668.87	1273.37	679.49	3.3705	3.5629
848602757826	1282.48	676.34	1270.80	665.60	3.3945	3.5475
848602766159	1285.74	670.72	1272.55	673.17	3.4062	3.5428
848602774493	1288.32	662.22	1272.95	665.46	3.4061	3.5543
848602782826	1284.28	655.87	1275.81	674.78	3.3674	3.5789
848602791160	1288.83	674.73	1267.50	667.68	3.4050	3.5705
848602799493	1286.33	668.67	1272.83	675.33	3.3957	3.5618
848602807826	1292.31	669.47	1273.70	669.09	3.3860	3.5626
848602816160	1286.76	691.89	1269.84	668.43	3.4392	3.5592
848602824492	1285.62	660.43	1279.09	670.50	3.3843	3.5937
848602832826	1287.43	650.31	1273.71	666.43	3.3650	3.5656
848602841159	1292.80	687.06	1275.90	678.36	3.4559	3.5917
848602849497	1287.82	672.53	1268.27	684.20	3.4241	3.6174
848602857830	1288.95	657.00	1277.87	672.20	3.4058	3.5830
848602866163	1289.93	668.81	1277.38	672.41	3.4250	3.6000
848602874497	1290.33	658.36	1281.77	670.81	3.3971	3.5992
848602882830	1286.77	701.65	1273.52	676.71	3.5064	3.5953
848602891163	1292.57	662.72	1275.25	656.78	3.4339	3.5667
848602899496	1289.60	693.99	1274.82	671.68	3.4785	3.5969
848602907829	1289.10	678.37	1278.03	669.15	3.4532	3.5994
848602916163	1281.71	656.57	1276.85	668.95	3.3874	3.5899
848602924496	1299.21	664.13	1279.95	684.13	3.4287	3.6063
848602932830	1294.36	679.73	1273.16	660.84	3.4470	3.5950
848602941163	1284.43	673.88	1273.33	672.13	3.4443	3.6074
848602949496	1291.11	676.80	1279.93	674.76	3.4463	3.6208
848602957829	1293.58	689.01	1278.49	667.78	3.5058	3.6099
848602966163	1292.48	689.19	1277.54	667.18	3.4967	3.6012
848602974496	1290.27	682.56	1277.60	682.30	3.4625	3.6387
848602982833	1290.69	691.63	1275.57	683.61	3.4915	3.6545
848602991166	1285.35	680.66	1283.28	668.31	3.4882	3.6277
848602999500	1282.74	697.87	1274.36	679.40	3.4982	3.6214
848603007833	1297.75	692.34	1276.95	677.63	3.4892	3.6181
848603016167	1291.16	734.69	1273.33	717.96	3.5289	3.6503
848603024500	1292.53	729.29	1276.98	702.58	3.5540	3.6614
848603032833	1288.49	715.25	1279.29	698.17	3.5383	3.6377
848603041175	1283.09	696.25	1278.66	713.90	3.5010	3.6720
848603049508	1282.89	708.55	1281.63	709.97	3.5124	3.6895
848603057832	1285.04	707.24	1279.37	691.26	3.5030	3.6427
848603066165	1281.97	712.51	1277.94	695.10	3.5093	3.6519
848603074498	1291.68	714.50	1276.87	725.58	3.5178	3.6992
848603082832	1283.80	715.48	1279.22	707.28	3.5168	3.6762
848603091166	1286.87	704.41	1279.22	701.45	3.5255	3.6749
848603099499	1288.66	711.08	1284.80	691.93	3.5242	3.6399
848603107832	1285.42	712.80	1273.50	699.11	3.5093	3.6759
848603116171	1284.84	729.19	1284.70	703.33	3.5584	3.6677
848603124504	1279.81	705.93	1281.64	680.90	3.5197	3.6446
848603132836	1286.90	710.30	1280.01	711.11	3.5165	3.7118
848603141170	1290.26	711.27	1281.17	706.45	3.5401	3.6973
848603149502	1284.28	698.10	1283.80	697.25	3.5195	3.6833
848603157836	1290.30	714.97	1275.82	707.12	3.5575	3.6961
848603166178	1285.92	722.90	1287.08	712.25	3.5536	3.6957
848603174511	1288.76	712.52	1275.19	723.56	3.5859	3.7090
848603182844	1280.87	707.03	1284.40	710.46	3.5359	3.7052
848603191178	1286.22	704.16	1282.98	718.19	3.5556	3.7168
848603199512	1284.86	710.95	1280.26	720.35	3.5605	3.7458
848603207844	1287.44	678.63	1287.33	707.72	3.4838	3.7052
848603216177	1285.72	714.72	1281.19	716.49	3.5520	3.7234
848603224510	1285.81	689.70	1278.90	718.40	3.4986	3.7368
848603232843	1283.37	685.20	1286.03	698.75	3.4859	3.6801
848603241182	1278.24	695.60	1282.04	713.63	3.5279	3.7458
848603249515	1287.45	708.64	1280.52	712.48	3.5485	3.7217
848603257849	1291.31	703.10	1280.60	703.86	3.5520	3.7170
848603266182	1285.60	716.93	1280.28	711.62	3.5671	3.7246
848603274515	1285.90	705.80	1284.52	717.32	3.5412	3.7386
848603282839	1281.26	721.64	1282.74	715.43	3.5824	3.7429
848603291173	1288.76	712.41	1284.38	720.46	3.5920	3.7237
848603299506	1281.77	695.69	1283.97	720.12	3.5590	3.7303
848603307839	1280.45	723.51	1287.68	717.56	3.5705	3.7408
848603316172	1282.24	708.85	1278.03	713.39	3.5629	3.7331
848603324506	1285.09	709.67	1281.51	713.10	3.5578	3.7283
848603332848	1283.32	700.47	1281.69	716.40	3.5584	3.7389
848603341180	1290.62	715.53	1281.39	718.37	3.5707	3.7435
848603349514	1284.17	716.71	1279.14	714.50	3.5836	3.7276
848603357846	1280.23	714.68	1286.21	705.44	3.5760	3.7005
848603366180	1289.61	712.29	1279.28	724.83	3.5643	3.7601
848603374517	1283.25	713.19	1282.01	726.14	3.5907	3.7623
848603382850	1279.02	677.51	1282.22	710.11	3.4876	3.7300
848603391183	1277.86	718.01	1282.71	700.63	3.5773	3.7194
848603399517	1280.65	694.67	1282.54	721.54	3.5381	3.7689
848603407851	1279.64	706.36	1282.69	704.98	3.5607	3.7115
848603416184	1282.55	690.92	1280.74	713.28	3.5222	3.7312
848603424517	1286.75	716.32	1275.31	716.61	3.5850	3.7615
848603432842	1281.94	677.38	1281.16	717.98	3.5046	3.7599
848603441182	1286.78	725.03	1277.02	718.11	3.6012	3.7509
848603449516	1286.45	720.31	1276.82	713.69	3.6082	3.7454
848603457841	1282.59	695.43	1279.09	712.71	3.5598	3.7307
848603466183	1288.20	678.44	1274.61	722.82	3.5156	3.7793
848603474516	1279.05	714.09	1275.37	702.65	3.5849	3.7152
848603482841	1286.45	706.02	1286.40	701.92	3.5840	3.7486
848603491174	1287.33	708.67	1281.00	722.00	3.5883	3.7592
848603499508	1285.66	715.54	1278.02	727.00	3.5975	3.7797
848603507846	1282.94	710.33	1280.56	700.26	3.5990	3.7354
848603516186	1281.84	719.86	1283.67	710.82	3.6089	3.7435
848603524520	1288.06	717.88	1279.41	721.85	3.6104	3.7703
848603532853	1282.66	720.52	1283.14	726.95	3.6128	3.7851
848603541187	1281.60	719.55	1281.69	722.91	3.5999	3.7646
848603549520	1277.43	695.50	1277.35	729.45	3.5488	3.7964
848603557853	1283.12	715.38	1281.47	713.92	3.6045	3.7691
848603566186	1291.17	720.05	1276.16	727.75	3.6116	3.7805
848603574512	1290.13	726.74	1280.66	718.41	3.6377	3.7785
848603582845	1286.95	712.92	1283.76	717.82	3.6159	3.7563
848603591185	1283.52	711.40	1279.74	710.95	3.5708	3.7714
848603599519	1281.29	725.83	1281.90	728.83	3.6277	3.7903
848603607852	1284.21	712.65	1282.65	727.48	3.5846	3.8084
848603616185	1283.46	715.29	1279.83	718.69	3.5970	3.7803
848603624519	1282.00	714.95	1282.02	717.35	3.5974	3.7829
848603632857	1291.66	712.22	1282.59	711.79	3.6134	3.7698
848603641182	1280.32	717.34	1280.56	721.57	3.6071	3.7965
848603649524	1284.35	683.75	1282.32	720.13	3.5375	3.8113
848603657848	1284.80	715.34	1278.03	711.60	3.6130	3.7849
848603666181	1291.99	714.01	1277.81	722.73	3.6223	3.8064
848603674514	1281.22	719.30	1277.36	719.24	3.6068	3.8062
848603682847	1284.30	699.95	1278.98	713.53	3.5727	3.7992
848603691181	1286.05	719.83	1278.03	706.47	3.5978	3.7617
848603699523	1287.54	720.86	1280.49	722.67	3.6349	3.8077
848603707856	1285.27	694.88	1276.80	720.95	3.5418	3.8005
848603716189	1276.55	727.22	1285.17	718.72	3.6241	3.8119
848603724523	1280.68	718.51	1273.85	720.89	3.5821	3.7729
848603732856	1285.44	716.00	1276.76	728.32	3.6079	3.8307
848603741188	1281.25	707.22	1284.23	715.32	3.5779	3.8064
848603749522	1278.05	705.52	1281.39	714.59	3.5701	3.7916
848603757855	1289.25	716.48	1291.95	725.56	3.6084	3.8203
848603766194	1336.64	710.85	1332.69	738.62	3.5959	3.8143
848603774528	1343.43	717.71	1340.80	731.54	3.5976	3.8014
848603782861	1333.16	706.69	1333.16	733.50	3.5765	3.7903
848603791195	1333.46	733.81	1322.23	723.02	3.5975	3.7679
848603799528	1325.09	730.33	1321.74	715.30	3.5953	3.7555
848603807852	1304.63	721.52	1318.12	720.85	3.5743	3.7777
848603816185	1192.44	748.33	1190.40	723.02	3.5844	3.7630
848603824518	1059.86	750.37	1072.64	745.04	3.5378	3.8010
848603832860	1011.27	736.98	994.86	721.73	3.5270	3.7595
848603841193	1029.11	721.56	1023.93	730.39	3.4962	3.7635
848603849518	1044.50	737.41	1031.87	726.31	3.4919	3.7521
848603857860	1024.06	731.10	1028.13	730.01	3.4892	3.7394
848603866194	1028.79	731.06	1027.37	733.00	3.4766	3.7309
848603874527	1033.24	737.51	1025.95	725.23	3.4618	3.7071
848603882852	1028.14	715.75	1028.72	732.34	3.4176	3.7104
848603891184	1024.38	732.21	1025.38	736.71	3.4308	3.6975
848603899520	1024.83	721.24	1019.46	725.50	3.4224	3.6479
848603907854	1023.91	723.11	1023.95	724.97	3.3923	3.6620
848603916187	1021.16	705.52	1020.35	725.98	3.3513	3.6334
848603924521	1014.33	717.61	1019.32	723.53	3.3482	3.6297
848603932854	1024.65	711.86	1025.99	733.34	3.3659	3.6262
848603941187	1027.37	725.49	1020.64	731.86	3.3697	3.6252
848603949529	1016.87	687.50	1017.14	706.42	3.2771	3.5379
848603957854	1015.18	698.96	1020.58	720.98	3.2872	3.5523
848603966187	1017.42	708.56	1023.62	706.89	3.2986	3.5518
848603974519	1015.29	706.68	1022.53	710.45	3.2690	3.5512
848603982852	1021.11	693.45	1021.92	718.82	3.2602	3.5370
848603991186	1009.14	683.40	1018.62	711.32	3.2345	3.5395
848603999520	1015.89	684.98	1012.94	684.50	3.2061	3.4552
848604007853	1011.69	678.42	1020.74	713.73	3.1911	3.5194
848604016186	1021.31	698.35	1017.25	702.41	3.2224	3.5063
848604024519	1018.68	706.16	1014.06	707.24	3.2273	3.4768
848604032858	1019.17	695.24	1018.64	710.33	3.1936	3.4911
848604041191	1025.54	721.77	1026.34	726.00	3.2097	3.4513
848604049523	1050.20	861.36	1039.78	859.35	3.2471	3.4647
848604057865	1055.30	913.87	1038.08	897.96	3.2491	3.5038
848604066190	1052.93	877.27	1041.73	869.74	3.2371	3.4556
848604074523	1049.89	872.40	1050.22	870.10	3.2281	3.4765
848604082857	1047.60	883.02	1042.04	891.48	3.1954	3.4749
848604091190	1050.57	889.89	1045.67	877.44	3.2057	3.4354
848604099523	1046.33	888.79	1041.34	892.24	3.1930	3.4489
848604107856	1046.25	884.43	1045.62	880.23	3.1909	3.4648
848604116190	1046.16	884.10	1041.76	884.81	3.1829	3.4458
848604124522	1048.29	879.08	1044.50	881.34	3.1556	3.4352
848604132856	1050.84	881.57	1053.08	877.14	3.1639	3.4313
848604141189	1047.38	879.22	1043.36	888.84	3.1468	3.4301
848604149522	1054.69	885.02	1047.93	880.80	3.1687	3.4098
848604157859	1051.83	891.46	1045.87	883.69	3.1643	3.4268
848604166192	1043.14	879.14	1045.32	890.70	3.1744	3.4080
848604174525	1047.49	883.03	1054.33	889.64	3.1658	3.4223
848604182859	1043.34	881.23	1045.07	879.75	3.1439	3.4062
848604191192	1048.74	892.43	1052.26	894.90	3.1511	3.4116
848604199524	1040.58	913.42	1052.22	906.58	3.1108	3.3965
848604207858	1041.15	965.99	1054.44	901.75	3.0550	3.3825
848604216191	NaN	NaN	NaN	NaN	NaN	NaN
848604224524	NaN	NaN	NaN	NaN	NaN	NaN
848604232857	NaN	NaN	NaN	NaN	NaN	NaN
848604241191	NaN	NaN	NaN	NaN	NaN	NaN
848604249524	NaN	NaN	NaN	NaN	NaN	NaN
848604257857	NaN	NaN	NaN	NaN	NaN	NaN
848604266191	NaN	NaN	NaN	NaN	NaN	NaN
848604274523	NaN	NaN	NaN	NaN	NaN	NaN
848604282856	NaN	NaN	NaN	NaN	NaN	NaN
848604291196	NaN	NaN	NaN	NaN	NaN	NaN
848604299530	NaN	NaN	1284.79	874.14	NaN	2.6239
848604307863	1388.63	923.21	1365.37	741.47	2.7442	3.2041
848604316197	1361.85	712.35	1355.76	662.06	3.0012	3.3429
848604324530	1370.36	624.28	1362.39	677.59	3.1465	3.3293
848604332872	1377.31	609.13	1366.31	682.70	3.1750	3.3419
848604341196	1368.84	668.78	1368.15	676.53	3.1142	3.3467
848604349529	1370.33	670.59	1368.30	662.59	3.1166	3.3463
848604357862	1368.33	671.12	1367.29	659.95	3.1437	3.3494
848604366195	1364.65	664.41	1362.76	656.93	3.1389	3.3810
848604374529	1372.87	662.66	1370.79	653.55	3.1574	3.3822
848604382862	1373.10	642.65	1367.32	648.25	3.1294	3.3947
848604391196	1375.96	648.24	1364.86	652.93	3.1514	3.3968
848604399529	1378.07	644.85	1360.19	652.94	3.1499	3.4202
848604407863	1373.07	634.97	1362.70	653.06	3.1493	3.4159
848604416204	1375.48	642.58	1368.55	655.64	3.1624	3.4258
848604424542	1373.87	644.26	1365.21	652.62	3.1669	3.4270
848604432874	1376.82	634.86	1373.25	655.76	3.1751	3.4274
848604441207	1374.47	633.72	1370.02	652.64	3.1699	3.4389
848604449541	1381.87	632.14	1372.41	649.36	3.1732	3.4195
848604457874	1380.63	630.94	1370.36	647.52	3.2044	3.4299
848604466207	1375.74	639.27	1368.95	651.99	3.1853	3.4357
848604474532	1374.87	626.41	1365.94	649.41	3.2025	3.4355
848604482865	1367.82	638.52	1367.22	650.08	3.2342	3.4375
848604491198	1397.98	644.95	1400.47	648.86	3.2304	3.4270
848604499532	1465.22	642.07	1457.68	677.62	3.1948	3.4350
848604507864	1459.63	655.90	1455.38	670.01	3.2016	3.4243
848604516198	1455.11	659.47	1455.98	678.80	3.2379	3.4466
848604524531	1452.74	661.34	1446.30	672.16	3.2544	3.4468
848604532864	1450.73	670.37	1453.08	668.93	3.2655	3.4266
848604541198	1455.34	663.32	1444.23	669.98	3.2295	3.4291
848604549531	1462.89	660.71	1447.86	671.11	3.2363	3.4312
848604557867	1456.67	673.61	1447.06	672.85	3.2641	3.4387
848604566200	1452.91	650.09	1447.02	668.49	3.2154	3.4238
848604574534	1455.17	659.37	1449.78	669.76	3.2263	3.3985
848604582866	1455.62	654.80	1451.70	670.07	3.2100	3.4148
848604591199	1454.87	657.06	1447.92	670.91	3.2218	3.4462
848604599533	1455.65	660.13	1447.79	670.95	3.2391	3.4330
848604607866	1450.58	669.25	1451.19	666.60	3.2431	3.4096
848604616200	1458.18	643.80	1451.68	675.26	3.2207	3.4330
848604624533	1460.74	650.19	1447.07	662.99	3.1910	3.3999
848604632866	1453.21	667.70	1450.35	675.23	3.2469	3.4373
848604641199	1450.93	655.23	1447.45	666.40	3.2303	3.4035
848604649532	1450.87	653.89	1449.60	672.84	3.2201	3.4294
848604657865	1457.94	656.90	1449.65	675.82	3.2158	3.4203
848604666199	1454.35	670.01	1444.91	673.98	3.2478	3.4251
848604674532	1454.97	650.05	1446.20	675.56	3.2112	3.4240
848604682872	1453.72	653.64	1447.27	673.23	3.2311	3.4169
848604691205	1461.25	655.36	1448.57	668.40	3.2221	3.4145
848604699539	1454.27	652.24	1449.30	667.28	3.2300	3.4188
848604707872	1452.91	652.54	1445.75	673.18	3.2312	3.4161
848604716206	1449.20	650.15	1445.79	670.62	3.2098	3.4082
848604724539	1450.19	657.70	1443.78	675.14	3.2372	3.4048
848604732871	1455.14	661.22	1440.99	677.17	3.2355	3.4248
848604741205	1451.73	650.94	1443.89	671.76	3.2027	3.4275
848604749538	1429.68	632.22	1434.04	676.66	3.1871	3.4243
848604757871	1364.67	639.87	1373.64	656.76	3.2331	3.4282
848604766204	1366.78	629.28	1364.96	653.37	3.2176	3.4137
848604774537	1366.38	623.20	1364.20	653.08	3.2125	3.4384
848604782880	1373.04	633.71	1368.90	660.62	3.2211	3.4243
848604791213	1372.31	627.44	1370.20	659.62	3.2232	3.4247
848604799546	1372.12	627.42	1372.27	653.74	3.2155	3.4094
848604807878	1373.45	623.56	1365.11	655.91	3.1904	3.4198
848604816208	1368.36	626.23	1364.06	657.22	3.2092	3.4056
848604824549	1374.36	619.21	1370.01	654.49	3.2097	3.4109
848604832882	1371.91	622.83	1367.08	658.07	3.2043	3.4130
848604841216	1369.20	631.32	1373.42	661.06	3.2058	3.4107
848604849549	1367.57	624.76	1370.39	648.66	3.1997	3.4125
848604857874	1371.31	621.83	1368.03	647.94	3.1964	3.4109
848604866215	1371.70	618.87	1367.13	649.74	3.2012	3.4129
848604874549	1369.88	622.96	1359.54	656.51	3.1977	3.4051
848604882883	1363.57	626.24	1366.98	649.97	3.1831	3.3977
848604891214	1368.15	624.40	1361.27	645.62	3.2103	3.3891
848604899548	1361.40	630.98	1359.88	650.24	3.1745	3.4019
848604907881	1366.30	623.79	1365.53	655.98	3.1954	3.4159
848604916215	1376.57	624.37	1361.61	659.19	3.1860	3.4011
848604924548	1370.57	634.00	1364.98	658.58	3.2092	3.4072
848604932873	1372.60	628.28	1360.59	655.21	3.1926	3.4004
848604941206	1362.31	592.99	1352.61	608.50	3.2185	3.4154
848604949545	1340.70	542.76	1343.29	547.46	3.2124	3.4229
848604957887	1333.49	507.38	1329.78	515.45	3.2379	3.4281
848604966210	1331.36	487.66	1333.25	493.09	3.2364	3.4146
848604974552	1336.85	496.57	1327.12	512.44	3.2372	3.4179
848604982877	1339.92	500.28	1323.84	506.51	3.2278	3.4208
848604991211	1339.63	490.59	1328.81	499.49	3.2235	3.4250
848604999544	1335.34	489.79	1326.19	495.97	3.2451	3.4273
848605007877	1337.49	485.10	1329.93	496.83	3.2258	3.4151
848605016210	1332.88	485.16	1327.02	500.16	3.2162	3.4148
848605024544	1337.05	490.14	1326.46	500.95	3.2331	3.4128
848605032877	1336.41	490.40	1325.83	501.68	3.2271	3.4128
848605041209	1341.64	491.42	1329.15	497.35	3.2385	3.4118
848605049542	1341.92	488.97	1326.83	505.82	3.2283	3.4111
848605057876	1336.11	487.64	1326.75	495.89	3.2191	3.3984
848605066210	1340.25	487.91	1324.99	502.41	3.2119	3.3972
848605074546	1340.80	488.87	1328.33	496.58	3.2262	3.3828
848605082879	1336.50	486.83	1326.80	492.52	3.1991	3.3935
848605091212	1338.59	493.00	1322.55	501.39	3.2056	3.3907
848605099545	1339.67	490.43	1325.03	499.05	3.1995	3.3826
848605107879	1332.47	499.28	1323.00	501.36	3.2106	3.3955
848605116211	1335.96	482.94	1324.04	501.25	3.1886	3.3828
848605124545	1344.01	499.30	1321.78	499.50	3.1875	3.3663
848605132878	1336.48	489.48	1319.33	501.11	3.2066	3.3818
848605141211	1340.27	496.12	1321.46	497.08	3.1830	3.3875
848605149545	1336.32	497.16	1329.08	502.78	3.1786	3.3662
848605157878	1338.72	493.91	1318.26	500.61	3.1718	3.3915
848605166211	1334.04	495.63	1319.80	504.92	3.1635	3.3517
848605174544	1337.40	488.98	1323.62	500.86	3.1510	3.3766
848605182878	1338.32	493.25	1327.55	500.96	3.1557	3.3661
848605191210	1337.41	493.52	1320.51	497.07	3.1689	3.3749
848605199544	1331.07	492.83	1317.05	505.56	3.1519	3.3471
848605207883	1365.27	499.13	1374.95	511.09	3.1557	3.3678
848605216216	1481.31	572.90	1467.06	594.85	3.1562	3.3417
848605224550	1557.87	642.94	1540.45	654.49	3.0928	3.3192
848605232883	1638.03	691.01	1605.18	695.66	3.1034	3.2853
848605241216	1660.30	726.85	1637.03	729.02	3.1046	3.2803
848605249550	1633.66	727.64	1629.52	715.59	3.1206	3.2610
848605257891	1634.12	724.29	1644.14	703.47	3.1195	3.2632
848605266215	1644.50	736.88	1643.86	715.88	3.1269	3.2403
848605274557	1636.31	722.61	1640.05	705.80	3.0859	3.2331
848605282891	1636.99	750.91	1637.16	709.43	3.1619	3.2311
848605291215	1643.15	726.80	1635.09	718.24	3.1233	3.2546
848605299548	1642.57	731.26	1635.57	731.40	3.1176	3.2723
848605307882	1635.18	726.28	1639.08	732.97	3.0962	3.2672
848605316215	1644.82	722.97	1634.55	728.79	3.0969	3.2638
848605324549	1648.24	737.72	1637.30	728.99	3.1166	3.2738
848605332882	1644.05	734.12	1636.67	730.07	3.1307	3.2657
848605341219	1656.33	720.08	1636.01	733.11	3.0553	3.2749
848605349552	1647.07	719.48	1641.26	719.66	3.0891	3.2214
848605357885	1646.92	727.48	1635.86	717.73	3.0795	3.2389
848605366218	1652.86	720.69	1638.53	720.29	3.0951	3.2365
848605374560	1643.67	724.28	1636.36	722.44	3.1366	3.2357
848605382893	1645.06	721.64	1639.94	719.42	3.0892	3.2589
848605391227	1646.74	719.58	1641.58	719.29	3.0858	3.2503
848605399560	1647.08	726.32	1645.81	718.22	3.1153	3.2541
848605407893	1643.94	721.81	1636.31	721.90	3.1179	3.2516
848605416227	1647.41	718.57	1637.82	721.23	3.0995	3.2543
848605424558	1637.91	731.34	1638.92	722.00	3.1391	3.2482
848605432884	1647.19	726.56	1637.93	717.86	3.1267	3.2767
848605441217	1641.76	729.45	1631.94	723.15	3.1280	3.2483
848605449550	1638.35	738.41	1635.45	721.03	3.1617	3.2757
848605457884	1638.15	726.82	1636.21	721.87	3.1346	3.2820
848605466217	1640.43	730.49	1636.41	722.01	3.1330	3.2623
848605474555	1649.10	729.03	1642.44	720.56	3.1403	3.2725
848605482889	1636.61	734.31	1639.27	717.71	3.1598	3.2773
848605491222	1643.88	732.22	1631.41	727.92	3.1565	3.2891
848605499555	1646.03	732.94	1632.41	721.74	3.1419	3.2782
848605507887	1642.68	726.04	1635.38	725.87	3.1553	3.3042
848605516221	1641.41	740.61	1639.63	714.57	3.2022	3.3014
848605524555	1640.02	728.81	1635.69	717.21	3.1555	3.3062
848605532888	1641.12	729.21	1637.13	713.96	3.1630	3.2880
848605541221	1640.70	724.39	1640.81	716.48	3.1496	3.3306
848605549554	1637.50	731.63	1637.76	721.90	3.1773	3.3306
848605557888	1637.54	737.56	1638.76	720.88	3.2178	3.3469
848605566221	1636.46	730.51	1636.85	715.28	3.1895	3.3286
848605574553	1636.30	724.31	1630.55	715.81	3.1946	3.3346
848605582887	1632.61	722.53	1636.28	716.67	3.1987	3.3404
848605591220	1635.85	736.77	1639.57	714.40	3.2257	3.3517
848605599559	1637.55	732.22	1635.00	716.63	3.2184	3.3505
848605607893	1632.94	734.46	1633.82	721.92	3.2459	3.3661
848605616226	1639.80	717.32	1637.10	717.49	3.1881	3.3505
848605624559	1578.91	739.21	1586.05	713.71	3.2201	3.3823
848605632892	1448.73	722.80	1480.34	705.52	3.2115	3.3866
848605641226	1373.02	730.80	1396.97	700.79	3.2709	3.4016
848605649558	1314.33	697.51	1308.03	705.01	3.1940	3.3946
848605657892	1315.81	709.97	1319.77	722.54	3.1948	3.4156
848605666234	1337.80	678.72	1330.83	705.65	3.1560	3.3997
848605674558	1320.37	695.93	1315.79	709.25	3.1871	3.4074
848605682892	1327.69	708.03	1314.37	722.22	3.2237	3.4146
848605691225	1317.88	698.13	1317.83	710.87	3.1755	3.4202
848605699558	1312.85	684.95	1311.15	700.46	3.1662	3.4128
848605707892	1314.84	680.87	1309.87	702.23	3.1541	3.4066
848605716224	1313.30	710.34	1314.05	707.69	3.2024	3.4216
848605724557	1319.78	707.24	1312.09	709.66	3.2097	3.4109
848605732899	1324.27	720.07	1312.23	702.67	3.2395	3.4100
848605741224	1319.81	714.09	1309.44	709.68	3.2474	3.4405
848605749557	1319.63	717.00	1309.59	718.69	3.2594	3.4610
848605757890	1315.23	714.43	1315.22	709.73	3.2531	3.4347
848605766224	1320.93	715.56	1316.00	703.59	3.2549	3.4257
848605774557	1316.51	693.56	1310.54	699.44	3.2030	3.4318
848605782891	1318.88	724.44	1311.40	719.18	3.2929	3.4663
848605791224	1317.75	737.96	1312.39	714.17	3.3309	3.4433
848605799556	1318.60	726.82	1312.66	709.60	3.2992	3.4534
848605807890	1311.98	697.80	1312.73	702.97	3.2173	3.4530
848605816223	1313.24	715.57	1315.66	706.37	3.2707	3.4304
848605824556	1315.58	722.70	1314.38	710.90	3.2716	3.4547
848605832890	1316.02	699.53	1312.20	718.51	3.2371	3.4929
848605841222	1324.62	744.34	1317.03	716.05	3.3330	3.4793
848605849556	1317.60	701.01	1312.41	710.73	3.2552	3.4629
848605857890	1314.91	713.90	1310.06	707.67	3.2755	3.4496
848605866231	1305.25	726.55	1308.37	708.58	3.2924	3.4530
848605874564	1180.79	750.13	1184.33	725.60	3.2938	3.5159
848605882896	1052.56	736.80	1068.53	697.40	3.2496	3.4808
848605891230	1014.60	691.65	1019.57	710.18	3.2078	3.5265
848605899563	999.10	690.28	1010.93	709.46	3.1730	3.5141
848605907897	1031.30	708.31	1047.89	715.86	3.2145	3.5083
848605916229	1012.65	682.33	1026.53	706.67	3.1611	3.4954
848605924563	1014.57	691.53	1020.84	705.72	3.1865	3.5125
848605932897	1016.95	676.64	1021.08	685.26	3.1655	3.4736
848605941230	1011.19	706.44	1023.67	712.46	3.1949	3.4882
848605949563	1013.67	713.96	1019.48	710.10	3.2017	3.5015
848605957895	1015.32	691.56	1015.49	709.96	3.1701	3.5161
848605966228	1013.74	697.04	1028.23	714.11	3.1746	3.5242
848605974562	1016.44	695.85	1018.61	698.26	3.1830	3.4612
848605982895	1018.55	703.74	1022.37	721.80	3.1841	3.4923
848605991229	1016.95	698.63	1018.91	717.18	3.1564	3.4936
848605999567	1024.92	707.88	1025.42	717.22	3.2010	3.5017
848606007900	1017.15	708.94	1022.68	713.49	3.1777	3.4913
848606016234	1018.79	709.82	1026.43	717.44	3.1798	3.4772
848606024567	1018.35	706.94	1023.91	699.07	3.1610	3.4630
848606032900	1019.18	723.96	1023.03	702.14	3.2135	3.4401
848606041232	1021.43	713.76	1023.82	709.78	3.1893	3.4647
848606049566	1024.78	706.45	1026.02	701.09	3.1708	3.4549
848606057900	1022.17	707.35	1017.74	701.10	3.1828	3.4656
848606066233	1015.13	698.77	1027.00	708.74	3.1775	3.4629
848606074566	1027.42	714.11	1022.45	703.79	3.2204	3.4482
848606082899	1014.67	693.60	1025.35	719.88	3.1608	3.4765
848606091232	1021.39	693.75	1027.28	703.35	3.1792	3.4355
848606099566	1018.52	694.66	1032.15	703.03	3.1869	3.4086
848606107899	1123.59	663.33	1146.04	667.22	3.1865	3.3999
848606116232	1223.36	644.34	1243.47	680.78	3.1957	3.4699
848606124568	1293.13	629.12	1321.44	647.07	3.2202	3.4513
848606132909	1362.29	617.42	1363.88	631.44	3.2358	3.4576
848606141235	1339.74	621.28	1343.26	636.42	3.2298	3.4555
848606149568	1337.88	633.70	1340.45	646.99	3.2329	3.4516
848606157901	1343.90	625.11	1345.78	634.74	3.2378	3.4589
848606166235	1352.33	633.01	1348.06	647.53	3.2409	3.4499
848606174568	1350.97	630.13	1351.61	634.51	3.2590	3.4437
848606182900	1345.93	621.79	1349.29	633.06	3.2523	3.4289
848606191234	1356.13	622.02	1356.73	633.86	3.2536	3.4370
848606199567	1345.84	617.40	1348.98	634.65	3.2501	3.4334
848606207900	1343.98	624.16	1346.82	632.20	3.2505	3.4492
848606216233	1348.56	618.89	1353.90	632.99	3.2546	3.4370
848606224567	1351.72	619.27	1358.66	633.99	3.2469	3.4317
848606232900	1357.65	610.25	1357.47	632.28	3.2494	3.4416
848606241234	1346.89	612.05	1353.00	632.48	3.2371	3.4453
848606249567	1355.16	615.32	1352.13	626.50	3.2324	3.4276
848606257905	1350.37	611.05	1351.90	631.39	3.2457	3.4473
848606266239	1353.63	614.46	1354.18	624.89	3.2414	3.4585
848606274572	1352.59	618.21	1350.47	640.25	3.2449	3.4483
848606282905	1344.68	618.97	1346.53	639.78	3.2544	3.4511
848606291239	1357.64	617.15	1354.94	642.97	3.2613	3.4518
848606299572	1354.38	626.17	1349.93	639.02	3.2783	3.4743
848606307905	1350.58	623.09	1356.81	644.41	3.2692	3.4714
848606316239	1355.63	632.12	1344.98	644.38	3.3011	3.4754
848606324572	1354.06	620.12	1353.42	641.01	3.2820	3.4874
848606332905	1356.38	616.89	1357.77	642.73	3.2834	3.4883
848606341237	1358.95	628.78	1352.43	643.77	3.2839	3.4952
848606349571	1349.46	624.99	1348.13	639.15	3.2934	3.5005
848606357904	1349.88	623.09	1355.25	641.44	3.2877	3.4969
848606366238	1356.67	624.03	1348.52	639.54	3.2823	3.5064
848606374571	1350.75	623.71	1350.53	640.27	3.2773	3.4950
848606382904	1351.44	623.93	1359.17	638.85	3.2971	3.5176
848606391243	1350.38	625.99	1354.56	636.78	3.3304	3.5094
848606399576	1350.71	616.09	1357.17	642.65	3.2981	3.5244
848606407909	1350.68	625.44	1353.56	640.06	3.3285	3.5056
848606416242	1354.03	616.18	1352.82	639.58	3.3129	3.5163
848606424574	1355.53	621.16	1353.05	637.40	3.3144	3.5327
848606432908	1351.72	629.41	1351.45	640.59	3.3070	3.5342
848606441242	1350.48	622.93	1349.64	643.74	3.3079	3.5162
848606449575	1355.79	619.38	1348.93	643.94	3.3308	3.5135
848606457908	1344.75	619.98	1351.68	638.81	3.3011	3.5062
848606466241	1352.51	622.84	1349.67	643.16	3.3188	3.5162
848606474575	1359.75	614.25	1353.35	637.91	3.3183	3.5325
848606482908	1354.43	615.64	1357.31	631.66	3.3024	3.5143
