t	gaze_point_LX	gaze_point_LY	gaze_point_RX	gaze_point_RY	pupil_diameter_L	pupil_diameter_R
847172793101	1309.78	537.03	1297.65	538.45	3.8300	3.9999
847172801434	1308.88	542.51	1291.95	539.65	3.8220	4.0050
847172809768	1309.84	536.16	1292.08	547.18	3.8363	4.0107
847172818105	1314.89	534.62	1295.70	534.20	3.8167	3.9846
847172826438	1309.13	537.98	1295.70	541.88	3.8243	4.0121
847172834772	1310.93	538.27	1290.26	542.62	3.8447	3.9973
847172843104	1313.76	543.55	1294.84	538.71	3.8216	3.9925
847172851438	1309.09	535.55	1297.36	537.70	3.8206	3.9977
847172859771	1319.37	529.69	1294.02	546.69	3.8204	4.0130
847172868104	1319.33	615.05	1286.38	595.43	3.8366	3.9662
847172876438	1295.32	715.94	1269.78	703.31	3.8427	4.0288
847172884771	1306.89	704.68	1273.60	705.67	3.8370	4.0255
847172893096	1303.47	666.14	1284.39	670.40	3.8416	4.0551
847172901429	1303.88	690.07	1276.60	685.06	3.8560	4.0337
847172909762	1303.95	696.20	1276.91	682.57	3.8481	3.9902
847172918095	1309.04	690.84	1276.86	684.53	3.8649	4.0030
847172926428	1305.33	698.12	1275.28	693.13	3.8512	4.0266
847172934762	1303.80	686.42	1279.59	687.36	3.8370	4.0159
847172943095	1301.98	689.47	1277.60	690.90	3.8251	4.0260
847172951434	1299.72	689.63	1275.37	685.77	3.8371	4.0244
847172959768	1307.05	696.50	1274.14	690.29	3.8496	4.0144
847172968100	1302.27	695.17	1282.35	686.69	3.8565	4.0176
847172976434	1305.63	700.07	1277.07	691.34	3.8614	4.0264
847172984767	1303.14	691.81	1281.49	691.22	3.8592	4.0212
847172993099	1298.61	686.12	1281.20	689.84	3.8546	4.0284
847173001433	1310.23	683.96	1278.03	690.78	3.8580	4.0309
847173009766	1304.41	689.42	1279.76	690.93	3.8644	4.0301
847173018100	1308.56	696.00	1283.57	685.89	3.8596	4.0437
847173026433	1305.06	692.36	1285.32	696.44	3.8609	4.0401
847173034766	1303.60	694.40	1283.28	695.50	3.8651	4.0372
847173043100	1305.58	694.50	1280.97	698.68	3.8699	4.0638
847173051433	1303.44	698.12	1283.54	696.42	3.8666	4.0468
847173059766	1308.59	689.74	1280.64	691.22	3.8724	4.0590
847173068099	1300.71	697.58	1282.73	695.59	3.8680	4.0538
847173076432	1311.90	699.50	1280.59	698.38	3.8783	4.0665
847173084769	1291.85	724.47	1270.94	720.09	3.8766	4.0517
847173093102	1301.62	712.24	1279.66	706.23	3.8912	4.0644
847173101436	1298.07	693.73	1273.02	707.20	3.8429	4.0598
847173109769	1300.72	705.06	1273.99	702.06	3.8826	4.0535
847173118102	1293.84	712.14	1282.74	716.62	3.8882	4.0797
847173126436	1301.95	710.46	1272.01	708.95	3.8962	4.0672
847173134769	1298.65	713.12	1277.34	714.70	3.8867	4.0812
847173143102	1310.77	716.13	1279.89	710.68	3.9034	4.0861
847173151435	1302.82	704.91	1276.21	711.57	3.9008	4.0924
847173159768	1297.72	701.06	1282.77	699.68	3.8967	4.0739
847173168102	1296.54	709.63	1277.88	713.67	3.9212	4.1062
847173176434	1300.53	702.97	1275.04	708.87	3.8883	4.0816
847173184768	1304.27	715.13	1276.22	708.38	3.9119	4.0982
847173193102	1304.28	704.42	1275.82	699.44	3.8895	4.0960
847173201434	1297.50	707.56	1274.46	707.71	3.9181	4.1175
847173209768	1302.62	706.81	1276.97	704.43	3.9366	4.0985
847173218106	1307.95	700.71	1279.10	705.35	3.9281	4.1248
847173226439	1303.01	710.43	1281.69	704.48	3.9259	4.1223
847173234772	1302.20	711.06	1275.22	706.40	3.9492	4.1313
847173243105	1297.10	705.50	1274.39	701.36	3.9427	4.1027
847173251439	1302.75	708.59	1277.14	706.68	3.9448	4.1429
847173259772	1305.95	697.11	1282.57	702.20	3.9296	4.1073
847173268106	1306.95	697.64	1281.74	702.56	3.9286	4.1234
847173276439	1305.38	703.30	1280.90	705.68	3.9390	4.1268
847173284772	1298.11	702.84	1270.97	703.11	3.9377	4.1519
847173293106	1303.39	706.58	1279.99	702.38	3.9649	4.1538
847173301437	1298.95	702.82	1277.81	700.77	3.9304	4.1424
847173309771	1296.70	706.04	1277.25	701.47	3.9662	4.1422
847173318105	1299.59	711.96	1277.12	709.54	3.9695	4.1581
847173326437	1304.00	688.84	1277.58	703.69	3.9398	4.1415
847173334771	1299.05	706.58	1276.49	703.96	3.9664	4.1589
847173343108	1308.95	704.83	1279.13	702.85	3.9674	4.1687
847173351442	1304.19	702.56	1279.54	711.26	3.9727	4.1630
847173359775	1309.52	707.32	1276.02	706.14	3.9820	4.1728
847173368108	1305.59	715.00	1276.51	712.60	4.0096	4.1794
847173376440	1307.42	705.75	1280.83	707.44	3.9805	4.1721
847173384774	1301.77	698.12	1279.32	707.63	3.9711	4.1887
847173393108	1306.50	703.82	1280.26	708.85	4.0088	4.1847
847173401441	1309.62	702.98	1278.41	705.91	4.0045	4.1887
847173409774	1309.70	704.30	1281.22	710.08	4.0205	4.1931
847173418107	1303.81	705.84	1282.40	712.13	4.0061	4.2149
847173426440	1302.46	703.78	1277.94	702.68	4.0133	4.2072
847173434774	1304.46	705.25	1271.26	701.39	4.0001	4.1828
847173443107	1307.17	697.44	1272.49	706.25	4.0045	4.2122
847173451439	1305.61	698.93	1273.22	702.88	3.9985	4.2099
847173459773	1310.30	699.27	1277.60	704.57	4.0207	4.2177
847173468106	1304.83	700.21	1276.32	703.56	4.0166	4.2038
847173476443	1307.79	691.23	1274.17	707.74	4.0124	4.2096
847173484776	1308.46	707.49	1277.40	701.45	4.0219	4.2273
847173493109	1303.79	699.25	1277.12	700.66	4.0183	4.2251
847173501442	1308.30	704.72	1277.98	703.48	4.0198	4.2195
847173509776	1306.96	703.40	1276.07	707.33	4.0320	4.2428
847173518110	1311.59	691.86	1277.08	702.56	4.0023	4.2327
847173526442	1305.25	700.48	1272.56	702.32	4.0299	4.2283
847173534775	1307.52	698.97	1273.53	706.93	4.0235	4.2392
847173543108	1307.87	698.15	1271.74	705.63	4.0283	4.2417
847173551441	1309.26	689.07	1271.78	710.35	4.0184	4.2574
847173559775	1300.91	701.50	1271.01	701.22	4.0290	4.2494
847173568108	1308.97	698.16	1269.03	697.46	4.0442	4.2386
847173576441	1305.68	700.08	1273.03	699.88	4.0534	4.2296
847173584775	1308.22	700.77	1273.64	711.75	4.0634	4.2641
847173593108	1308.35	695.22	1274.34	708.64	4.0521	4.2530
847173601441	1297.75	694.58	1277.35	704.62	4.0434	4.2442
847173609783	1313.72	700.59	1276.56	706.91	4.0462	4.2567
847173618116	1314.55	691.94	1273.10	702.88	4.0557	4.2540
847173626449	1312.11	699.72	1276.68	701.53	4.0612	4.2604
847173634783	1311.79	697.71	1269.87	710.02	4.0806	4.2607
847173643116	1310.67	697.76	1276.10	701.67	4.0604	4.2635
847173651450	1307.45	702.19	1277.71	703.55	4.0634	4.2541
847173659783	1309.54	698.96	1272.56	705.22	4.0628	4.2539
847173668116	1315.25	695.82	1270.86	699.28	4.0574	4.2634
847173676448	1316.69	700.66	1272.08	710.47	4.0789	4.2735
847173684782	1312.05	691.40	1271.51	703.66	4.0464	4.2710
847173693115	1311.09	705.45	1272.98	708.60	4.0719	4.2811
847173701448	1307.67	690.50	1272.93	695.96	4.0526	4.2600
847173709782	1311.97	689.85	1276.06	701.38	4.0598	4.2720
847173718115	1302.28	702.42	1272.06	708.12	4.0762	4.2796
847173726449	1308.05	696.50	1273.03	707.38	4.0757	4.2749
847173734782	1312.38	696.99	1272.80	702.64	4.0579	4.2801
847173743117	1308.20	695.80	1271.81	702.50	4.0665	4.2713
847173751449	1305.02	698.66	1269.35	708.56	4.0626	4.2864
847173759783	1311.72	697.49	1275.22	710.99	4.0792	4.3057
847173768116	1308.64	698.64	1271.32	702.54	4.0939	4.2772
847173776450	1308.32	692.64	1271.33	704.34	4.0885	4.2916
847173784783	1311.90	695.99	1271.61	706.00	4.0990	4.3010
847173793116	1305.97	695.97	1274.87	706.63	4.0862	4.2985
847173801449	1305.71	697.95	1268.82	713.20	4.0987	4.2878
847173809783	1299.71	696.62	1269.89	700.98	4.0851	4.2917
847173818116	1307.47	695.91	1271.06	703.27	4.0970	4.3032
847173826449	1311.46	691.12	1271.15	704.63	4.0939	4.3020
847173834781	1306.05	694.55	1269.75	705.29	4.0986	4.3041
847173843115	1310.76	689.81	1270.30	708.85	4.1129	4.3079
847173851449	1308.35	696.24	1268.17	701.33	4.1059	4.2849
847173859782	1306.68	693.61	1273.81	702.44	4.0950	4.3026
847173868119	1307.55	693.80	1266.19	705.02	4.0801	4.3026
847173876452	1310.92	696.25	1261.90	699.87	4.1177	4.3105
847173884785	1312.50	696.26	1268.88	702.54	4.0923	4.3155
847173893119	1306.65	696.74	1265.53	710.80	4.1192	4.3228
847173901453	1307.15	690.33	1271.92	703.99	4.1146	4.3228
847173909784	1316.10	693.09	1270.13	707.13	4.1132	4.3198
847173918118	1309.65	694.07	1275.62	711.23	4.1170	4.3194
847173926451	1311.86	706.17	1271.73	703.37	4.1185	4.3232
847173934785	1314.16	697.13	1269.65	708.35	4.1178	4.3272
847173943118	1312.33	694.35	1274.52	706.52	4.1179	4.3283
847173951451	1306.32	696.21	1270.29	703.51	4.1108	4.3155
847173959784	1311.37	699.63	1275.17	707.00	4.1240	4.3072
847173968118	1311.23	694.92	1277.78	704.82	4.1198	4.3134
847173976452	1307.71	700.00	1275.85	709.98	4.1273	4.3198
847173984784	1316.22	698.09	1276.95	703.34	4.1264	4.3183
847173993117	1310.09	699.39	1270.28	706.03	4.1483	4.3321
847174001455	1306.10	694.30	1273.71	706.54	4.1128	4.3336
847174009788	1309.55	693.84	1271.62	704.99	4.1306	4.3157
847174018122	1307.67	696.02	1275.48	709.26	4.1470	4.3417
847174026456	1317.07	694.23	1273.03	703.30	4.1410	4.3232
847174034788	1308.96	685.44	1273.18	710.62	4.1255	4.3175
847174043122	1312.16	697.39	1275.77	715.64	4.1353	4.3502
847174051455	1312.66	697.30	1276.27	707.73	4.1415	4.3231
847174059788	1314.50	694.44	1272.91	704.68	4.1395	4.3310
847174068121	1314.75	698.21	1272.63	707.47	4.1500	4.3252
847174076454	1311.37	696.55	1276.83	704.95	4.1543	4.3130
847174084787	1306.53	688.86	1271.19	702.77	4.1268	4.3104
847174093121	1312.38	691.66	1275.93	711.79	4.1460	4.3232
847174101454	1312.70	695.59	1274.95	703.48	4.1433	4.3144
847174109788	1315.74	691.29	1269.97	703.84	4.1277	4.3217
847174118121	1313.17	696.80	1281.79	701.43	4.1568	4.3380
847174126454	1312.74	702.21	1275.31	705.76	4.1735	4.3219
847174134791	1318.51	695.28	1275.07	712.89	4.1694	4.3388
847174143125	1314.59	692.90	1279.19	711.30	4.1540	4.3367
847174151459	1318.83	689.49	1277.22	703.41	4.1653	4.3252
847174159791	1312.27	695.51	1277.78	706.89	4.1569	4.3478
847174168125	1313.70	689.08	1274.89	703.59	4.1339	4.3357
847174176458	1313.87	687.68	1273.44	707.77	4.1577	4.3246
847174184792	1314.42	691.34	1278.05	712.91	4.1623	4.3600
847174193125	1316.75	704.39	1272.87	703.40	4.1853	4.3409
847174201458	1315.04	691.43	1280.44	709.49	4.1396	4.3516
847174209790	1312.95	695.05	1275.32	709.88	4.1647	4.3466
847174218124	1313.63	694.74	1278.90	712.00	4.1620	4.3594
847174226457	1315.56	701.73	1280.60	711.82	4.1721	4.3452
847174234791	1312.66	691.55	1279.39	709.34	4.1841	4.3407
847174243124	1315.89	700.29	1274.26	702.30	4.1841	4.3582
847174251457	1317.66	697.36	1279.57	711.51	4.1779	4.3663
847174259794	1308.39	696.73	1278.62	707.75	4.1630	4.3546
847174268128	1312.37	695.92	1277.23	707.28	4.1770	4.3702
847174276461	1312.60	696.51	1274.79	712.40	4.1688	4.3741
847174284793	1315.02	701.62	1273.38	710.45	4.1809	4.3576
847174293126	1316.33	696.39	1276.54	713.42	4.1907	4.3767
847174301460	1315.55	702.45	1275.03	711.79	4.1872	4.3724
847174309794	1314.34	689.05	1269.29	712.91	4.1686	4.3605
847174318127	1316.98	696.80	1271.86	709.64	4.1684	4.3777
847174326460	1305.47	702.51	1272.32	700.49	4.1771	4.3746
847174334793	1317.46	694.96	1273.27	705.88	4.1685	4.3649
847174343127	1314.34	695.14	1276.55	714.34	4.1590	4.3802
847174351460	1310.84	699.02	1271.58	707.30	4.1738	4.3767
847174359794	1317.34	696.20	1274.73	705.77	4.1580	4.3607
847174368126	1316.81	700.86	1277.67	702.71	4.1686	4.3835
847174376459	1314.39	700.16	1284.76	711.14	4.1569	4.3695
847174384792	1311.24	700.07	1265.71	705.73	4.1505	4.3807
847174393130	1230.91	703.15	1196.33	692.09	4.1603	4.3704
847174401463	1178.34	693.20	1131.06	685.64	4.1223	4.3540
847174409805	1195.65	691.53	1150.35	682.00	4.1215	4.3457
847174418138	1207.47	684.71	1173.28	691.74	4.1228	4.3494
847174426471	1198.43	701.61	1163.59	684.37	4.1344	4.3243
847174434797	1194.55	688.99	1162.99	691.13	4.0959	4.3488
847174443129	1198.15	692.03	1159.50	683.21	4.0883	4.3359
847174451462	1200.51	688.69	1158.71	683.46	4.0535	4.3197
847174459795	1196.32	689.96	1159.93	691.10	4.0678	4.3022
847174468128	1196.91	696.11	1160.90	701.82	4.0547	4.3203
847174476462	1195.71	690.60	1166.06	694.68	4.0261	4.2953
847174484795	1197.45	684.55	1157.23	689.83	3.9871	4.2566
847174493128	1194.96	702.46	1160.57	681.15	4.0025	4.2417
847174501462	1195.50	693.13	1161.20	691.60	3.9766	4.2474
847174509795	1188.93	698.75	1157.91	691.33	3.9786	4.2253
847174518128	1181.00	721.46	1161.18	689.62	3.9366	4.2015
847174526467	1180.05	795.47	1169.38	722.08	3.8075	4.1406
847174534800	NaN	NaN	1084.17	1191.37	NaN	2.6096
847174543133	NaN	NaN	NaN	NaN	NaN	NaN
847174551475	NaN	NaN	NaN	NaN	NaN	NaN
847174559809	NaN	NaN	NaN	NaN	NaN	NaN
847174568142	NaN	NaN	NaN	NaN	NaN	NaN
847174576476	NaN	NaN	NaN	NaN	NaN	NaN
847174584809	NaN	NaN	NaN	NaN	NaN	NaN
847174593141	NaN	NaN	NaN	NaN	NaN	NaN
847174601474	NaN	NaN	NaN	NaN	NaN	NaN
847174609807	NaN	NaN	1149.65	1215.22	NaN	1.9409
847174618141	NaN	NaN	NaN	NaN	NaN	NaN
847174626474	NaN	NaN	1236.99	833.52	NaN	3.7427
847174634808	1243.99	927.27	1224.80	719.84	3.3026	3.9087
847174643141	1256.66	812.85	1228.40	667.11	3.5564	3.9996
847174651478	1264.56	706.07	1229.29	715.37	3.6947	3.9266
847174659811	1268.52	666.96	1232.54	724.51	3.7583	3.9623
847174668143	1265.01	714.85	1226.68	707.63	3.7194	3.9261
847174676477	1255.56	723.97	1234.40	711.68	3.6687	3.9453
847174684801	1257.14	714.72	1238.02	704.88	3.6586	3.9313
847174693135	1254.34	719.50	1232.81	700.12	3.6579	3.9339
847174701468	1254.57	713.64	1228.10	682.19	3.6470	3.9171
847174709801	1255.09	719.75	1236.45	689.49	3.6463	3.9279
847174718143	1255.48	711.81	1233.32	695.72	3.6545	3.9198
847174726468	1255.94	714.02	1235.03	681.10	3.6526	3.9045
847174734801	1258.46	700.35	1236.95	685.27	3.6610	3.9050
847174743134	1254.80	694.91	1238.95	686.20	3.6476	3.8900
847174751467	1255.75	692.79	1241.35	687.47	3.6213	3.8936
847174759800	1258.52	691.08	1237.06	685.09	3.6409	3.8882
847174768134	1254.73	674.81	1237.73	687.07	3.6009	3.8820
847174776467	1255.30	693.23	1232.01	682.88	3.6477	3.8826
847174784805	1254.02	690.29	1231.65	682.29	3.6239	3.8580
847174793138	1255.55	700.97	1232.36	679.24	3.6337	3.8559
847174801472	1260.94	697.51	1231.92	688.29	3.6380	3.8837
847174809805	1252.95	690.63	1236.30	688.52	3.6423	3.8650
847174818137	1252.64	692.23	1231.83	683.89	3.6310	3.8649
847174826471	1252.11	689.41	1239.28	674.64	3.6266	3.8456
847174834804	1256.60	695.84	1235.07	672.86	3.6161	3.8071
847174843137	1260.31	690.54	1234.69	671.64	3.6230	3.8255
847174851471	1257.93	694.34	1227.44	679.74	3.6256	3.8426
847174859813	1259.22	693.27	1235.10	685.01	3.6285	3.8578
847174868137	1255.31	696.32	1238.60	656.84	3.6136	3.7619
847174876479	1250.25	686.77	1234.17	672.82	3.5952	3.8156
847174884804	1255.98	684.10	1237.47	664.99	3.5928	3.7973
847174893145	1253.41	679.10	1240.80	675.99	3.5820	3.8165
847174901478	1196.19	731.47	1167.88	711.94	3.6023	3.8102
847174909812	1156.47	771.31	1120.82	749.26	3.5827	3.8195
847174918142	1160.60	778.18	1131.83	764.65	3.6038	3.8321
847174926476	1160.43	773.35	1143.10	762.50	3.5996	3.8169
847174934809	1159.10	765.56	1144.26	758.62	3.5986	3.8214
847174943142	1155.61	778.83	1136.00	764.24	3.6129	3.8137
847174951475	1156.60	777.64	1133.91	768.21	3.5966	3.8038
847174959809	1149.04	770.40	1133.24	757.94	3.6013	3.7920
847174968143	1156.71	769.45	1130.78	746.27	3.5800	3.7851
847174976474	1153.45	774.12	1143.16	763.02	3.5898	3.8152
847174984808	1154.54	767.55	1141.16	759.02	3.5745	3.8206
847174993150	1154.41	776.20	1133.30	761.11	3.5949	3.8323
847175001483	1151.68	772.96	1141.27	757.81	3.5889	3.7947
847175009817	1154.59	779.32	1129.85	767.36	3.5970	3.8122
847175018150	1156.21	775.41	1136.60	757.78	3.5828	3.8062
847175026483	1153.83	780.31	1132.30	757.03	3.5963	3.7980
847175034816	1154.93	771.60	1132.56	765.30	3.5974	3.7974
847175043150	1152.38	779.44	1131.69	762.05	3.6022	3.7930
847175051486	1152.81	772.63	1134.73	765.16	3.5777	3.8035
847175059820	1154.83	770.02	1132.86	760.03	3.5910	3.8071
847175068145	1152.04	773.68	1128.93	764.51	3.6088	3.8028
847175076478	1154.19	777.56	1135.46	763.08	3.5922	3.8075
847175084811	1151.17	770.95	1134.81	763.80	3.6085	3.8295
847175093145	1152.40	773.34	1137.27	763.44	3.5956	3.8216
847175101478	1152.17	777.39	1141.32	769.92	3.6046	3.8221
847175109811	1155.11	770.59	1136.00	772.98	3.6222	3.8255
847175118144	1146.49	771.16	1135.91	767.26	3.6061	3.8253
847175126476	1151.22	777.34	1132.78	767.64	3.6138	3.8254
847175134810	1148.82	772.55	1135.17	764.42	3.6157	3.8176
847175143143	1151.75	769.69	1135.53	767.30	3.6170	3.8042
847175151477	1158.58	783.83	1135.64	764.79	3.6407	3.8068
847175159810	1157.60	779.08	1136.85	762.32	3.6118	3.8381
847175168143	1145.27	774.22	1140.77	773.18	3.6027	3.8269
847175176477	1164.14	771.45	1134.61	765.03	3.6138	3.8076
847175184815	1156.50	779.75	1134.26	776.33	3.6336	3.8477
847175193148	1212.65	763.74	1219.14	775.43	3.6373	3.8333
847175201480	1312.06	741.03	1308.86	761.39	3.6541	3.8636
847175209814	1375.70	730.49	1376.04	728.27	3.6587	3.8498
847175218148	1437.13	721.13	1424.29	725.25	3.6848	3.8256
847175226480	1416.10	722.85	1402.46	722.48	3.6539	3.8495
847175234814	1389.07	730.89	1406.17	726.52	3.6741	3.8330
847175243147	1409.79	726.26	1412.21	717.14	3.6816	3.8187
847175251480	1410.66	728.21	1408.16	724.48	3.6744	3.8211
847175259814	1410.83	732.64	1408.21	729.21	3.6867	3.8473
847175268147	1410.38	729.24	1414.14	716.96	3.6812	3.8154
847175276480	1411.52	725.31	1405.92	720.43	3.6703	3.8194
847175284813	1406.19	721.84	1405.43	719.79	3.6643	3.8068
847175293146	1415.02	722.81	1402.86	725.10	3.6676	3.8122
847175301480	1411.25	729.54	1410.89	722.84	3.6846	3.8222
847175309817	1410.33	723.59	1405.64	724.12	3.6762	3.8365
847175318151	1413.10	729.37	1414.09	715.41	3.6908	3.8296
847175326485	1411.89	724.91	1406.31	717.48	3.6854	3.8343
847175334818	1410.99	721.71	1407.34	717.42	3.6706	3.8088
847175343151	1402.66	720.02	1401.28	726.77	3.6714	3.8201
847175351483	1410.49	725.51	1408.76	726.59	3.6847	3.8370
847175359816	1414.14	741.06	1410.96	729.31	3.7059	3.8495
847175368150	1404.80	733.80	1406.62	717.64	3.6741	3.8087
847175376483	1406.77	741.72	1405.52	725.23	3.6988	3.8251
847175384817	1408.29	737.16	1401.46	731.20	3.6779	3.8312
847175393150	1409.73	724.98	1404.38	719.58	3.6647	3.8287
847175401483	1408.06	731.13	1405.81	728.54	3.6938	3.8248
847175409817	1402.29	726.09	1408.08	722.26	3.6691	3.8181
847175418150	1410.22	730.05	1408.43	714.15	3.6983	3.8245
847175426483	1404.13	722.67	1411.23	724.23	3.6779	3.8027
847175434815	1412.12	722.77	1407.92	724.57	3.6715	3.8293
847175443153	1404.03	716.50	1409.70	715.62	3.6411	3.8100
847175451487	1406.23	732.33	1408.73	719.59	3.7020	3.7988
847175459819	1408.91	729.48	1404.21	725.11	3.6791	3.8156
847175468153	1402.26	728.16	1408.95	719.04	3.6714	3.7997
847175476486	1406.95	728.74	1406.03	712.79	3.6875	3.7955
847175484819	1406.10	731.09	1412.04	716.35	3.6876	3.7786
847175493153	1405.65	721.21	1405.34	715.61	3.6467	3.7903
847175501485	1405.94	728.14	1402.03	725.29	3.6829	3.8038
847175509819	1404.57	720.01	1402.74	720.88	3.6703	3.7850
847175518152	1406.92	730.34	1402.23	724.07	3.6860	3.8091
847175526485	1410.66	734.31	1406.85	714.31	3.6764	3.7746
847175534819	1382.58	708.72	1394.64	688.77	3.6640	3.7879
847175543152	1374.34	660.41	1382.84	648.15	3.6541	3.7277
847175551486	1381.36	646.78	1387.61	646.91	3.6600	3.7897
847175559818	1380.36	657.33	1384.46	647.81	3.6443	3.7517
847175568160	1380.98	666.30	1381.45	682.21	3.6378	3.8185
847175576499	1378.35	653.91	1380.97	648.14	3.6242	3.7509
847175584831	1380.57	673.30	1379.55	652.13	3.6740	3.7433
847175593156	1386.40	661.80	1379.13	654.13	3.6423	3.7758
847175601497	1381.42	662.04	1385.38	637.56	3.6343	3.7213
847175609831	1379.08	668.53	1380.19	668.29	3.6662	3.7983
847175618165	1379.58	665.36	1379.50	639.43	3.6396	3.7500
847175626497	1377.53	665.12	1379.84	642.87	3.6468	3.7363
847175634823	1382.62	671.44	1386.00	640.42	3.6737	3.7211
847175643164	1381.00	673.77	1386.14	644.45	3.6828	3.7395
847175651497	1382.11	650.75	1379.59	648.72	3.6273	3.7631
847175659830	1383.30	647.98	1375.64	642.22	3.6225	3.7284
847175668163	1381.16	658.20	1377.12	637.28	3.6429	3.7277
847175676497	1375.46	656.01	1377.60	641.79	3.6188	3.7318
847175684830	1378.53	656.23	1380.50	639.71	3.6293	3.7298
847175693163	1382.01	653.05	1381.56	652.09	3.6351	3.7583
847175701497	1381.41	662.10	1378.72	642.82	3.6405	3.7568
847175709834	1373.79	664.23	1381.32	660.90	3.6702	3.7791
847175718168	1374.03	677.81	1360.90	661.60	3.6743	3.7780
847175726500	1347.76	685.11	1333.53	673.34	3.6746	3.7877
847175734833	1362.46	680.94	1359.20	656.69	3.6887	3.7587
847175743167	1358.06	673.97	1349.74	649.76	3.6917	3.7506
847175751491	1364.89	679.31	1348.48	668.51	3.6821	3.7974
847175759833	1356.28	681.28	1352.52	655.62	3.6783	3.7446
847175768166	1356.52	667.35	1349.11	662.23	3.6628	3.8062
847175776491	1358.44	668.25	1353.44	667.75	3.6660	3.7955
847175784833	1353.98	668.92	1349.14	675.57	3.6599	3.8161
847175793158	1357.87	661.23	1354.36	670.44	3.6608	3.7975
847175801491	1359.28	669.50	1353.19	661.69	3.6667	3.7903
847175809823	1361.04	674.37	1349.02	667.08	3.6689	3.7961
847175818157	1357.47	669.14	1352.40	669.73	3.6717	3.8088
847175826490	1355.11	680.00	1349.49	665.73	3.6781	3.7990
847175834828	1356.51	669.11	1354.08	664.04	3.6659	3.7946
847175843162	1351.37	665.24	1354.96	667.45	3.6355	3.8014
847175851495	1362.77	686.36	1349.10	667.67	3.6895	3.7862
847175859828	1357.76	672.99	1350.58	680.14	3.6629	3.8262
847175868162	1355.65	680.12	1354.56	652.05	3.6662	3.7799
847175876495	1352.97	674.87	1355.96	652.74	3.6489	3.7715
847175884828	1357.38	678.95	1355.90	659.82	3.6910	3.7854
847175893169	1354.95	677.71	1356.28	671.03	3.6691	3.8288
847175901502	1353.18	679.16	1350.92	674.26	3.6580	3.8212
847175909828	1359.16	671.37	1351.97	668.38	3.6536	3.7851
847175918161	1359.92	672.74	1349.94	667.99	3.6591	3.7931
847175926494	1350.92	668.81	1356.65	665.95	3.6403	3.8017
847175934827	1360.80	673.08	1355.15	662.89	3.6593	3.7649
847175943161	1356.85	680.12	1357.82	668.55	3.6662	3.7901
847175951494	1354.57	657.54	1358.52	655.48	3.6227	3.7426
847175959826	1353.37	681.62	1356.53	671.17	3.6529	3.8098
847175968165	1355.11	671.54	1357.96	666.31	3.6440	3.7795
847175976498	1354.61	675.29	1355.34	663.21	3.6421	3.7811
847175984831	1356.45	677.24	1357.56	655.37	3.6386	3.7772
847175993165	1356.42	671.31	1354.34	669.13	3.6231	3.7790
847176001498	1352.29	676.20	1355.86	670.18	3.6453	3.7948
847176009831	1353.41	676.13	1352.25	664.69	3.6286	3.7768
847176018164	1357.14	674.20	1361.70	663.32	3.6481	3.7765
847176026498	1354.96	661.13	1354.16	679.25	3.5683	3.8158
847176034831	1358.12	648.15	1353.11	672.46	3.5777	3.7775
847176043163	1348.08	654.18	1364.50	658.71	3.5950	3.7678
847176051497	1355.03	652.71	1357.81	664.22	3.5928	3.7819
847176059830	1361.22	675.16	1352.94	678.00	3.6209	3.8093
847176068163	1358.15	675.87	1358.47	666.27	3.6431	3.7905
847176076497	1348.75	670.94	1361.99	666.59	3.6364	3.7837
847176084830	1354.17	672.47	1353.36	670.20	3.6220	3.7821
847176093164	1361.78	672.42	1360.23	667.83	3.6267	3.7796
847176101501	1369.35	673.52	1370.32	668.76	3.6297	3.7868
847176109842	1358.91	635.49	1365.77	664.81	3.5460	3.7787
847176118167	1363.31	662.57	1374.47	651.03	3.6127	3.7567
847176126500	1363.34	666.96	1367.49	678.47	3.6158	3.7972
847176134833	1363.07	670.09	1369.35	664.59	3.6136	3.7658
847176143166	1367.27	663.79	1373.78	661.38	3.6105	3.7631
847176151500	1358.71	671.05	1366.01	680.92	3.5988	3.8006
847176159833	1361.57	681.42	1362.62	669.76	3.6399	3.7836
847176168166	1354.44	671.32	1368.05	671.42	3.6180	3.7705
847176176500	1361.55	682.31	1376.62	664.18	3.6110	3.7501
847176184833	1365.26	663.46	1362.48	670.62	3.5902	3.7812
847176193165	1321.98	754.72	1308.99	744.24	3.6256	3.7829
847176201499	1294.18	844.64	1266.80	838.57	3.6183	3.7844
847176209832	1282.71	858.60	1269.28	855.85	3.6036	3.7693
847176218174	1288.47	842.34	1283.77	839.98	3.5868	3.7650
847176226516	1290.61	826.22	1284.03	822.52	3.5677	3.7501
847176234849	1293.63	845.13	1272.16	853.17	3.5722	3.7686
847176243183	1282.04	843.37	1278.10	851.18	3.5864	3.7732
847176251516	1282.41	844.81	1272.87	844.63	3.5688	3.7538
847176259849	1286.32	841.63	1280.22	843.94	3.5651	3.7579
847176268181	1290.58	844.28	1272.67	838.90	3.5765	3.7269
847176276515	1289.69	837.60	1282.57	842.41	3.5548	3.7358
847176284848	1291.84	845.28	1278.13	846.73	3.5620	3.7546
847176293181	1288.41	840.50	1276.15	844.92	3.5690	3.7460
847176301515	1287.07	848.23	1280.80	842.50	3.5605	3.7423
847176309848	1284.72	845.91	1277.92	839.05	3.5769	3.7319
847176318181	1293.20	850.15	1278.16	843.17	3.5768	3.7469
847176326515	1291.57	846.35	1278.23	842.48	3.5620	3.7511
847176334848	1287.93	842.39	1280.71	841.42	3.5436	3.7494
847176343181	1285.88	847.48	1278.75	835.39	3.5606	3.7332
847176351513	1282.64	845.29	1280.58	842.16	3.5562	3.7385
847176359842	1287.38	847.64	1279.04	837.33	3.5643	3.7232
847176368176	1282.24	845.61	1274.03	844.01	3.5425	3.7166
847176376508	1285.59	840.58	1282.47	838.84	3.5540	3.7210
847176384842	1280.83	851.10	1275.78	834.81	3.5723	3.7020
847176393175	1282.21	837.52	1273.76	843.58	3.5295	3.7314
847176401509	1275.86	838.74	1279.61	845.94	3.5198	3.7246
847176409842	1282.30	853.01	1276.48	839.31	3.5551	3.7130
847176418174	1284.58	842.52	1279.16	838.23	3.5315	3.7106
847176426508	1284.54	841.34	1285.28	848.52	3.5278	3.7161
847176434841	1286.65	848.64	1284.62	844.09	3.5565	3.7113
847176443175	1279.66	850.87	1281.58	842.32	3.5488	3.7229
847176451507	1276.69	830.84	1280.87	827.58	3.5172	3.7016
847176459841	1257.61	778.79	1262.56	768.80	3.5634	3.7217
847176468175	1244.55	706.72	1271.04	679.53	3.5297	3.6484
847176476507	1256.85	597.35	1287.19	606.98	3.4680	3.6709
847176484841	1258.18	539.79	1281.70	552.23	3.5177	3.6985
847176493175	1261.26	518.32	1284.68	531.45	3.5007	3.7109
847176501508	1269.22	550.76	1279.95	552.77	3.4969	3.7075
847176509842	1263.89	543.94	1277.69	548.47	3.5001	3.6967
847176518175	1263.85	541.13	1275.09	549.77	3.5111	3.7003
847176526517	1268.19	556.07	1273.49	552.98	3.5477	3.6955
847176534850	1265.98	548.62	1276.31	544.65	3.5236	3.6940
847176543184	1270.78	547.45	1280.09	542.60	3.5279	3.6843
847176551518	1271.84	549.58	1279.42	546.04	3.5167	3.7053
847176559850	1266.95	560.69	1274.34	543.10	3.5433	3.6850
847176568183	1266.51	552.74	1273.65	557.62	3.5326	3.7003
847176576516	1265.74	555.74	1276.45	547.26	3.5356	3.6884
847176584850	1268.79	559.80	1274.48	548.70	3.5284	3.6972
847176593183	1261.75	545.78	1270.95	553.70	3.5161	3.7092
847176601516	1263.98	543.84	1268.87	546.81	3.5226	3.7026
847176609850	1260.92	546.23	1271.21	544.95	3.5285	3.7024
847176618183	1267.43	545.15	1275.95	547.44	3.5155	3.6839
847176626513	1264.73	546.92	1277.83	548.82	3.5214	3.6929
847176634855	1261.42	552.91	1268.65	539.21	3.5234	3.6801
847176643187	1263.37	552.11	1267.06	545.49	3.5210	3.6763
847176651520	1273.99	553.04	1269.76	535.30	3.5365	3.6611
847176659853	1269.19	553.83	1276.67	541.07	3.5461	3.6857
847176668187	1264.42	545.48	1272.75	543.21	3.5083	3.6743
847176676520	1288.06	549.97	1291.93	552.94	3.5230	3.6966
847176684854	1374.83	539.50	1397.29	542.93	3.5307	3.7022
847176693187	1446.48	544.70	1475.98	542.88	3.5273	3.7009
847176701520	1541.67	534.38	1561.86	542.62	3.5272	3.7023
847176709854	1579.19	556.07	1593.31	544.77	3.5387	3.6814
847176718187	1576.40	551.44	1577.32	542.23	3.5247	3.6738
847176726519	1563.39	550.99	1574.84	543.63	3.5432	3.6765
847176734844	1572.94	554.28	1579.75	539.20	3.5497	3.6656
847176743185	1573.73	556.40	1581.44	535.97	3.5476	3.6492
847176751523	1575.92	551.36	1581.30	532.89	3.5538	3.6306
847176759857	1576.85	546.29	1586.13	531.84	3.5466	3.6447
847176768190	1574.40	551.11	1582.33	536.68	3.5376	3.6398
847176776523	1574.39	550.18	1586.74	533.98	3.5317	3.6340
847176784856	1571.91	551.30	1585.08	537.74	3.5385	3.6385
847176793190	1570.72	555.29	1581.33	542.27	3.5408	3.6608
847176801522	1572.44	555.57	1580.07	547.97	3.5349	3.6671
847176809856	1577.79	557.68	1583.44	547.72	3.5314	3.6480
847176818189	1581.39	552.65	1584.39	552.25	3.5377	3.6751
847176826522	1573.55	556.13	1585.72	544.36	3.5204	3.6525
847176834856	1573.39	550.60	1577.66	542.81	3.5134	3.6453
847176843180	1575.57	560.92	1578.39	547.07	3.5271	3.6439
847176851522	1576.55	549.73	1586.53	547.77	3.4935	3.6640
847176859856	1581.57	557.29	1579.17	547.59	3.5216	3.6430
847176868180	1584.33	550.32	1581.50	546.33	3.5283	3.6568
847176876513	1579.97	562.26	1581.15	546.42	3.5406	3.6508
847176884852	1575.89	551.68	1583.68	543.52	3.5218	3.6471
847176893185	1573.46	551.54	1586.27	545.18	3.5408	3.6589
847176901519	1576.81	551.19	1581.45	548.47	3.5419	3.6473
847176909851	1578.10	558.24	1580.44	543.94	3.5304	3.6603
847176918185	1585.95	540.99	1584.16	541.24	3.5118	3.6627
847176926519	1572.93	543.10	1589.34	544.44	3.5136	3.6474
847176934860	1581.22	541.35	1588.45	543.75	3.5374	3.6607
847176943194	1579.82	530.03	1585.61	539.34	3.4951	3.6279
847176951526	1579.90	532.42	1580.53	530.43	3.5113	3.6449
847176959860	1581.38	529.02	1587.05	540.43	3.5146	3.6445
847176968193	1584.39	530.73	1582.45	539.54	3.5098	3.6465
847176976526	1581.43	529.21	1581.72	539.66	3.5120	3.6671
847176984860	1574.88	530.47	1582.77	538.18	3.5101	3.6647
847176993192	1582.30	541.46	1580.05	536.65	3.5327	3.6488
847177001526	1577.51	541.05	1580.32	533.77	3.5322	3.6462
847177009859	1581.11	545.56	1579.28	545.74	3.5530	3.6804
847177018197	1576.19	544.15	1582.31	547.19	3.5377	3.6772
847177026529	1579.43	544.86	1578.85	548.95	3.5516	3.6857
847177034862	1581.86	553.70	1580.90	549.28	3.5739	3.6866
847177043196	1581.57	540.51	1577.82	544.88	3.5385	3.6924
847177051529	1489.77	571.94	1481.52	550.01	3.5602	3.6819
847177059863	1331.97	609.88	1347.84	586.70	3.5910	3.6954
847177068187	1243.60	653.24	1255.63	624.54	3.5535	3.6530
847177076520	1154.67	673.03	1159.80	655.72	3.5358	3.6470
847177084854	1136.39	680.13	1132.45	696.20	3.5320	3.7092
847177093196	1174.66	695.08	1169.65	693.16	3.5563	3.7095
847177101520	1154.14	677.92	1158.61	681.42	3.5362	3.6853
847177109853	1150.57	689.95	1146.54	678.83	3.5390	3.6746
847177118186	1148.04	703.27	1152.80	688.21	3.5618	3.6940
847177126520	1153.47	698.90	1150.71	663.02	3.5397	3.6469
