t	gaze_point_LX	gaze_point_LY	gaze_point_RX	gaze_point_RY	pupil_diameter_L	pupil_diameter_R
768505678559	1128.53	701.51	1130.97	703.97	3.1504	3.2995
768505686892	1132.51	709.11	1135.19	709.92	3.1777	3.3265
768505695226	1130.71	703.78	1133.68	697.72	3.1636	3.3034
768505703559	1134.66	716.04	1132.99	695.41	3.1901	3.3018
768505711892	1130.46	707.74	1129.89	704.12	3.1630	3.3040
768505720225	1125.90	709.53	1135.44	696.39	3.1626	3.2924
768505728558	1127.54	710.31	1134.09	699.02	3.1584	3.3084
768505736892	1123.32	696.19	1134.28	702.37	3.1607	3.3163
768505745225	1132.86	701.75	1134.80	699.09	3.1611	3.2938
768505753558	1127.05	710.86	1138.72	700.96	3.1599	3.2853
768505761891	1130.10	716.64	1134.81	696.85	3.1879	3.2991
768505770232	1131.14	704.59	1135.19	701.02	3.1802	3.2963
768505778565	1133.84	708.96	1133.03	701.35	3.1700	3.2963
768505786898	1129.86	705.26	1138.86	701.21	3.1675	3.3056
768505795232	1189.56	697.68	1187.81	706.44	3.1853	3.3071
768505803564	1250.12	703.57	1249.87	702.22	3.1828	3.3105
768505811897	1248.54	701.49	1256.68	706.09	3.1888	3.3082
768505820231	1252.15	700.14	1245.62	704.39	3.1922	3.3035
768505828564	1241.06	699.44	1250.14	700.88	3.1990	3.3079
768505836897	1245.95	703.59	1248.22	708.21	3.1894	3.3194
768505845231	1254.29	704.93	1257.03	702.76	3.2113	3.3175
768505853564	1246.61	695.55	1255.20	704.15	3.1830	3.3281
768505861898	1252.08	707.30	1249.88	702.21	3.1989	3.3182
768505870231	1250.62	701.33	1256.44	700.36	3.1929	3.3183
768505878563	1250.35	709.62	1251.44	695.40	3.1917	3.3219
768505886896	1249.27	704.42	1254.12	702.42	3.2110	3.3466
768505895229	1256.72	698.75	1253.66	695.34	3.1959	3.3304
768505903567	1252.27	698.93	1254.49	696.15	3.2074	3.3370
768505911900	1257.09	704.03	1251.38	692.27	3.2357	3.3377
768505920233	1255.51	697.81	1255.08	702.01	3.2150	3.3548
768505928567	1249.54	703.29	1254.92	705.24	3.2394	3.3661
768505936900	1258.28	696.47	1256.92	701.75	3.2337	3.3519
768505945234	1253.12	696.90	1257.64	706.78	3.2372	3.3634
768505953567	1260.40	703.12	1252.37	707.56	3.2704	3.3539
768505961899	1269.75	694.18	1267.08	696.87	3.2517	3.3847
768505970232	1286.41	698.73	1274.21	693.04	3.2628	3.3824
768505978566	1271.89	709.85	1264.17	695.05	3.2692	3.3839
768505986900	1278.45	710.82	1272.39	688.21	3.2953	3.3911
768505995232	1278.60	708.31	1269.44	690.94	3.2880	3.4043
768506003566	1272.66	707.52	1265.26	695.41	3.2910	3.4081
768506011899	1281.33	696.98	1270.27	695.41	3.2916	3.4106
768506020232	1275.40	692.11	1273.86	701.74	3.3023	3.4189
768506028566	1268.60	690.70	1263.85	699.55	3.3086	3.4213
768506036903	1274.05	692.77	1263.37	699.87	3.3195	3.4430
768506045235	1277.62	699.31	1266.06	697.00	3.3384	3.4384
768506053569	1282.21	688.90	1273.48	694.05	3.3179	3.4420
768506061902	1274.70	689.15	1275.98	684.64	3.3160	3.4442
768506070236	1274.71	688.11	1271.08	699.78	3.3386	3.4589
768506078569	1274.09	686.75	1269.96	714.79	3.3355	3.4939
768506086902	1279.89	691.67	1263.70	699.31	3.3541	3.4683
768506095235	1277.68	680.35	1265.49	726.49	3.3245	3.5238
768506103569	1277.67	688.59	1260.91	725.01	3.3566	3.5515
768506111902	1277.60	694.99	1262.38	677.02	3.3657	3.4804
768506120234	1280.90	700.37	1268.94	682.90	3.3706	3.4910
768506128568	1280.56	690.08	1269.00	696.74	3.3434	3.5274
768506136901	1277.85	705.97	1269.55	680.70	3.3902	3.5081
768506145234	1281.61	708.07	1265.46	679.70	3.4033	3.5170
768506153568	1281.12	702.44	1262.64	706.64	3.3986	3.5742
768506161906	1279.68	700.27	1266.05	700.22	3.4023	3.5607
768506170239	1276.95	695.83	1261.01	714.43	3.3972	3.5823
768506178573	1282.22	692.12	1258.64	743.21	3.4260	3.6386
768506186906	1282.93	688.79	1263.12	723.63	3.4240	3.6114
768506195240	1275.86	701.89	1264.08	725.39	3.4436	3.5941
768506203572	1282.43	715.76	1266.07	692.13	3.4910	3.5521
768506211905	1276.36	682.69	1260.33	733.63	3.4175	3.6218
768506220238	1287.95	712.62	1257.94	746.95	3.4971	3.6689
768506228572	1277.13	694.70	1265.00	730.13	3.4524	3.6132
768506236905	1281.50	716.83	1262.89	746.98	3.5052	3.6707
768506245238	1283.91	714.68	1264.81	732.35	3.4915	3.6462
768506253572	1280.53	722.38	1266.36	728.38	3.5036	3.6541
768506261905	1282.88	742.63	1259.11	719.22	3.5361	3.6529
768506270238	1283.48	736.27	1258.95	714.15	3.5241	3.6698
768506278572	1286.91	743.57	1263.09	699.43	3.5391	3.6252
768506286904	1287.82	739.38	1267.44	705.76	3.5339	3.6437
768506295241	1286.87	745.82	1266.87	721.01	3.5322	3.6813
768506303575	1286.65	721.75	1264.85	704.15	3.5040	3.6539
768506311908	1291.69	729.19	1266.48	716.08	3.5142	3.6760
768506320242	1281.14	687.95	1268.61	702.28	3.4407	3.6461
768506328575	1294.07	724.18	1266.44	722.67	3.5064	3.6776
768506336908	1290.65	709.09	1266.55	727.72	3.4736	3.6704
768506345241	1284.15	695.48	1257.32	757.71	3.4525	3.7175
768506353575	1284.83	693.90	1265.30	721.61	3.4657	3.6547
768506361907	1287.56	688.70	1267.92	745.29	3.4169	3.6925
768506370240	1285.39	722.03	1263.94	747.19	3.4705	3.6725
768506378574	1291.87	701.22	1258.14	737.85	3.4255	3.6603
768506386907	1284.69	714.54	1262.61	735.34	3.4435	3.6261
768506395240	1283.84	701.00	1262.61	739.34	3.3770	3.6330
768506403574	1286.56	698.63	1260.11	726.15	3.3745	3.6013
768506411907	1286.73	710.34	1270.10	691.07	3.3752	3.5012
768506420241	1285.62	701.12	1268.96	708.51	3.3377	3.5345
768506428579	1280.98	715.97	1267.63	703.40	3.3448	3.5168
768506436912	1285.94	704.14	1273.08	674.18	3.3065	3.4523
768506445245	1281.46	705.83	1270.46	682.09	3.3045	3.4337
768506453577	1280.50	718.11	1274.96	675.32	3.3053	3.4093
768506461911	1286.37	701.66	1269.76	684.33	3.2825	3.4170
768506470245	1282.51	701.79	1273.81	690.42	3.2708	3.4111
768506478578	1283.95	704.56	1271.19	689.27	3.2752	3.4106
768506486911	1285.87	700.03	1273.95	681.56	3.2490	3.3836
768506495244	1282.22	704.11	1274.96	686.51	3.2407	3.3847
768506503578	1281.42	708.91	1270.62	685.11	3.2302	3.3820
768506511911	1274.75	699.71	1279.32	687.16	3.2433	3.3730
768506520244	1328.48	712.66	1311.66	714.80	3.2305	3.3586
768506528577	1411.31	760.52	1390.29	750.44	3.2414	3.3671
768506536910	1434.18	784.41	1421.38	720.48	3.2585	3.2784
768506545244	1440.37	782.01	1424.30	764.62	3.2246	3.3458
768506553577	1425.86	788.59	1416.36	779.39	3.2475	3.3573
768506561913	1431.34	774.06	1421.64	775.13	3.2003	3.3642
768506570247	1435.48	772.93	1425.92	761.37	3.2134	3.3147
768506578579	1439.69	781.14	1428.24	745.33	3.2060	3.2653
768506586913	1436.78	785.31	1422.03	743.23	3.2014	3.2622
768506595247	1430.50	770.51	1426.18	735.46	3.1670	3.2462
768506603579	1438.07	785.76	1432.30	744.34	3.2010	3.2640
768506611912	1436.67	769.06	1424.98	738.92	3.1628	3.2603
768506620245	1435.97	756.51	1430.50	733.74	3.1257	3.2433
768506628579	1429.74	783.48	1422.40	741.03	3.1943	3.2428
768506636912	1432.08	775.79	1420.91	738.28	3.1805	3.2271
768506645245	1437.06	762.66	1421.74	744.47	3.1466	3.2237
768506653579	1443.40	755.40	1431.83	737.13	3.1371	3.2196
768506661912	1443.45	760.22	1434.34	746.38	3.1319	3.2348
768506670245	1442.20	773.52	1431.78	741.54	3.1809	3.2225
768506678579	1442.73	774.45	1423.38	751.28	3.1731	3.2326
768506686916	1440.10	772.14	1433.27	744.50	3.1369	3.2337
768506695249	1439.00	768.59	1424.70	745.20	3.1577	3.2272
768506703582	1437.96	770.29	1429.98	736.63	3.1305	3.1981
768506711916	1438.59	754.24	1424.66	739.13	3.1099	3.2092
768506720249	1434.04	762.51	1429.25	738.64	3.1191	3.2074
768506728583	1442.04	771.56	1428.14	738.79	3.1324	3.1959
768506736916	1436.37	757.21	1425.47	745.33	3.1036	3.2084
768506745249	1442.28	763.43	1428.26	736.90	3.1270	3.1889
768506753583	1440.51	768.40	1425.37	736.86	3.1310	3.2074
768506761915	1442.13	768.00	1423.23	740.61	3.1271	3.2145
768506770248	1436.51	759.32	1426.29	736.57	3.0952	3.1868
768506778582	1447.00	762.36	1426.33	737.57	3.0950	3.2037
768506786915	1441.51	765.06	1427.52	744.92	3.1124	3.1840
768506795248	1441.37	770.18	1430.69	747.17	3.1092	3.1691
768506803582	1438.95	779.37	1428.82	745.27	3.1394	3.1827
768506811915	1421.07	779.62	1431.70	765.67	3.0899	3.1564
768506820254	1420.30	841.84	1423.60	814.78	3.0883	3.1193
768506828587	1413.79	903.54	1394.06	969.79	3.1243	3.2065
768506836921	NaN	NaN	NaN	NaN	NaN	NaN
768506845253	NaN	NaN	NaN	NaN	NaN	NaN
768506853587	NaN	NaN	NaN	NaN	NaN	NaN
768506861920	NaN	NaN	NaN	NaN	NaN	NaN
768506870253	NaN	NaN	NaN	NaN	NaN	NaN
768506878586	NaN	NaN	NaN	NaN	NaN	NaN
768506886920	NaN	NaN	NaN	NaN	NaN	NaN
768506895253	NaN	NaN	NaN	NaN	NaN	NaN
768506903587	NaN	NaN	NaN	NaN	NaN	NaN
768506911920	NaN	NaN	NaN	NaN	NaN	NaN
768506920253	NaN	NaN	NaN	NaN	NaN	NaN
768506928586	NaN	NaN	NaN	NaN	NaN	NaN
768506936919	NaN	NaN	NaN	NaN	NaN	NaN
768506945252	NaN	NaN	NaN	NaN	NaN	NaN
768506953590	NaN	NaN	NaN	NaN	NaN	NaN
768506961923	NaN	NaN	NaN	NaN	NaN	NaN
768506970257	NaN	NaN	NaN	NaN	NaN	NaN
768506978590	NaN	NaN	NaN	NaN	NaN	NaN
768506986924	NaN	NaN	NaN	NaN	NaN	NaN
768506995257	1179.91	1350.59	NaN	NaN	1.8129	NaN
768507003590	NaN	NaN	1219.05	1214.55	NaN	2.4291
768507011925	1268.34	1049.33	1211.62	1364.47	2.8532	1.9197
768507020256	1211.50	1059.13	1201.29	1147.70	2.8239	2.7275
768507028589	1237.53	1029.22	1188.19	1106.65	2.9680	2.8862
768507036924	1235.50	1001.16	1143.90	1090.34	3.0448	2.8022
768507045256	1229.40	954.23	1248.00	1076.41	3.0676	2.9659
768507053589	1231.82	940.75	1199.86	1049.92	3.0741	3.0940
768507061922	1237.37	937.38	1209.18	1028.62	3.0730	3.1141
768507070256	1226.77	922.57	1208.95	987.24	3.1184	3.1646
768507078597	1225.24	915.59	1207.31	970.38	3.1204	3.2000
768507086927	1227.29	919.06	1206.99	950.56	3.1293	3.2274
768507095260	1244.14	930.95	1208.85	931.71	3.1034	3.2742
768507103596	1223.75	945.92	1218.22	914.77	3.1147	3.2492
768507111926	1224.09	948.22	1208.60	903.06	3.1359	3.2637
768507120260	1231.30	947.62	1221.03	904.64	3.1307	3.2614
768507128593	1227.51	961.92	1218.24	905.49	3.1519	3.2773
768507136926	1218.49	975.95	1223.29	920.71	3.1562	3.2860
768507145260	1228.26	966.28	1215.33	928.20	3.1387	3.2899
768507153594	1224.27	966.63	1217.32	945.19	3.1655	3.2640
768507161927	1229.22	939.02	1217.68	950.85	3.1580	3.2748
768507170259	1230.92	946.45	1219.64	945.79	3.1635	3.2794
768507178592	1228.50	949.75	1223.90	944.99	3.1636	3.2889
768507186926	1229.36	953.81	1226.96	939.28	3.1477	3.2932
768507195259	1225.62	951.29	1221.41	936.01	3.1707	3.3016
768507203592	1226.29	944.73	1228.84	928.40	3.1844	3.2995
768507211929	1224.46	941.75	1231.88	920.23	3.1792	3.2975
768507220263	1220.81	930.19	1229.70	913.12	3.1808	3.2838
768507228596	1226.78	933.20	1231.40	925.59	3.1996	3.3331
768507236930	1226.13	941.26	1230.45	923.99	3.2201	3.3461
768507245262	1226.65	948.64	1230.05	925.64	3.2281	3.3394
768507253595	1223.55	934.94	1217.76	927.35	3.2106	3.3443
768507261928	1227.61	941.74	1220.91	928.36	3.2109	3.3467
768507270262	1228.74	946.69	1223.62	927.77	3.2326	3.3530
768507278595	1222.66	948.33	1219.67	918.78	3.2328	3.3432
768507286928	1223.95	954.54	1221.19	920.94	3.2564	3.3636
768507295262	1223.12	947.66	1221.22	920.83	3.2382	3.3581
768507303595	1228.58	947.71	1220.64	920.11	3.2385	3.3729
768507311928	1220.19	934.78	1219.01	920.60	3.2296	3.3605
768507320262	1221.41	935.60	1217.07	933.91	3.2575	3.3829
768507328594	1228.46	933.69	1218.10	949.60	3.2459	3.3705
768507336928	1225.40	943.99	1218.60	949.54	3.2934	3.3777
768507345266	1226.99	918.78	1216.81	943.93	3.2502	3.3613
768507353599	1227.38	955.81	1222.69	963.00	3.2900	3.3930
768507361932	1258.49	1026.27	1242.24	994.44	3.3006	3.4009
768507370268	1253.18	1066.02	1250.61	1063.89	3.2924	3.4074
768507378599	1252.59	1057.16	1234.80	1045.68	3.2873	3.3913
768507386933	1251.63	1049.10	1250.23	1035.98	3.3261	3.3913
768507395266	1253.78	1052.03	1247.64	1046.73	3.3131	3.4141
768507403598	1250.83	1039.62	1245.74	1034.72	3.3065	3.4189
768507411932	1252.09	1034.03	1247.01	1031.54	3.3254	3.4241
768507420265	1247.79	1043.94	1245.94	1048.20	3.3174	3.4555
768507428598	1252.76	1048.49	1234.49	1052.17	3.3233	3.4329
768507436931	1256.56	1027.87	1244.21	1047.84	3.3204	3.4311
768507445265	1253.05	1026.57	1241.95	1036.08	3.3203	3.4247
768507453598	1251.05	1041.85	1240.28	1027.93	3.3128	3.4364
768507461931	1259.69	1049.76	1233.45	1037.53	3.3270	3.4195
768507470265	1249.12	1030.23	1228.60	1039.12	3.3338	3.4161
768507478603	1248.07	1033.71	1231.62	1052.69	3.3374	3.4247
768507486936	1246.84	1026.76	1237.87	1056.34	3.3271	3.4283
768507495269	1252.62	1034.89	1241.68	1053.66	3.3636	3.4582
768507503602	1258.29	1030.17	1237.98	1044.73	3.3629	3.4297
768507511935	1258.07	1029.25	1243.57	1029.14	3.3483	3.4353
768507520268	1251.46	1035.95	1238.85	1045.84	3.3357	3.4369
768507528602	1250.08	1042.23	1237.03	1058.67	3.3427	3.4469
768507536935	1249.37	1025.93	1238.56	1034.03	3.3367	3.4610
768507545268	1246.62	1033.59	1235.10	1022.05	3.3669	3.4527
768507553602	1255.44	1032.43	1242.11	1036.80	3.3547	3.4397
768507561935	1251.45	1045.53	1239.18	1051.29	3.3451	3.4726
768507570268	1247.64	1040.22	1236.73	1046.68	3.3509	3.4484
768507578601	1249.97	1027.32	1239.30	1040.43	3.3448	3.4476
768507586935	1253.73	1022.26	1239.99	1028.50	3.3667	3.4725
768507595268	1256.59	1016.92	1236.15	1027.27	3.3490	3.4697
768507603603	1256.51	1039.91	1244.23	1051.69	3.3748	3.4606
768507611936	1254.57	1037.93	1234.82	1048.40	3.3696	3.4889
768507620269	1249.22	1029.59	1236.89	1027.74	3.3863	3.4809
768507628603	1251.01	1025.38	1239.27	1034.70	3.3800	3.4845
768507636936	1252.82	1019.83	1243.00	1040.49	3.3654	3.4956
768507645268	1257.48	1032.47	1240.29	1039.22	3.3736	3.5005
768507653602	1256.99	1025.17	1244.61	1031.80	3.3860	3.4977
768507661936	1259.14	1020.61	1247.71	1035.54	3.3733	3.4991
768507670269	1262.13	1036.43	1240.82	1039.76	3.3867	3.4826
768507678602	1259.04	1044.07	1239.82	1041.96	3.3781	3.5074
768507686935	1257.67	1029.41	1247.21	1028.67	3.3926	3.4996
768507695268	1253.76	1016.02	1239.06	1029.63	3.3971	3.5181
768507703602	1256.87	1045.48	1246.56	1046.95	3.4055	3.5069
768507711935	1253.38	1038.17	1234.63	1048.29	3.3905	3.5245
768507720269	1258.66	1045.47	1241.87	1037.13	3.4072	3.5157
768507728601	1256.80	1038.54	1240.27	1044.15	3.3816	3.5192
768507736941	1257.86	1039.36	1242.93	1044.93	3.3733	3.5243
768507745275	1260.26	1038.09	1243.50	1035.06	3.4121	3.5265
768507753608	1252.97	1032.85	1244.99	1024.94	3.4356	3.5283
768507761941	1259.80	1013.93	1245.07	1037.78	3.3981	3.5216
768507770274	1253.08	1023.85	1245.59	1041.94	3.3831	3.5165
768507778608	1252.10	1042.10	1246.33	1041.54	3.4012	3.5208
768507786941	1252.54	1035.59	1241.99	1040.62	3.3904	3.5394
768507795275	1256.73	1041.21	1239.79	1032.44	3.3998	3.5369
768507803608	1257.76	1034.15	1238.64	1032.54	3.3997	3.5315
768507811940	1254.33	1041.22	1240.38	1023.79	3.4125	3.5227
768507820274	1259.90	1035.59	1241.79	1031.88	3.4072	3.5171
768507828607	1251.31	1021.95	1246.12	1047.02	3.4118	3.5302
768507836940	1253.28	1026.92	1241.14	1038.55	3.4046	3.5307
768507845273	1259.18	1032.69	1243.00	1017.83	3.4114	3.5182
768507853607	1255.76	1017.21	1243.71	1044.04	3.4287	3.5186
768507861940	1251.41	1027.59	1245.89	1033.63	3.3972	3.5198
768507870279	1252.42	1039.12	1241.27	1035.26	3.3864	3.5142
768507878612	1252.32	1057.64	1235.54	1072.23	3.3867	3.5042
768507886944	1262.91	1088.65	1226.23	1072.91	3.3161	3.4730
768507895277	1267.68	1214.23	1147.21	1294.83	2.9768	2.7890
768507903611	NaN	NaN	NaN	NaN	NaN	NaN
768507911944	NaN	NaN	NaN	NaN	NaN	NaN
768507920277	NaN	NaN	NaN	NaN	NaN	NaN
768507928611	NaN	NaN	NaN	NaN	NaN	NaN
768507936944	NaN	NaN	NaN	NaN	NaN	NaN
768507945277	NaN	NaN	NaN	NaN	NaN	NaN
768507953611	NaN	NaN	NaN	NaN	NaN	NaN
768507961944	NaN	NaN	NaN	NaN	NaN	NaN
768507970277	NaN	NaN	NaN	NaN	NaN	NaN
768507978610	NaN	NaN	NaN	NaN	NaN	NaN
768507986943	NaN	NaN	NaN	NaN	NaN	NaN
768507995277	NaN	NaN	NaN	NaN	NaN	NaN
768508003614	NaN	NaN	NaN	NaN	NaN	NaN
768508011948	NaN	NaN	NaN	NaN	NaN	NaN
768508020281	NaN	NaN	NaN	NaN	NaN	NaN
768508028614	NaN	NaN	NaN	NaN	NaN	NaN
768508036948	NaN	NaN	NaN	NaN	NaN	NaN
768508045282	NaN	NaN	NaN	NaN	NaN	NaN
768508053614	NaN	NaN	NaN	NaN	NaN	NaN
768508061947	NaN	NaN	NaN	NaN	NaN	NaN
768508070281	NaN	NaN	NaN	NaN	NaN	NaN
768508078613	NaN	NaN	NaN	NaN	NaN	NaN
768508086947	NaN	NaN	NaN	NaN	NaN	NaN
768508095280	NaN	NaN	NaN	NaN	NaN	NaN
768508103613	NaN	NaN	NaN	NaN	NaN	NaN
768508111947	NaN	NaN	1169.33	1549.91	NaN	1.0015
768508120281	NaN	NaN	NaN	NaN	NaN	NaN
768508128618	NaN	NaN	NaN	NaN	NaN	NaN
768508136951	NaN	NaN	NaN	NaN	NaN	NaN
768508145285	1272.85	1036.61	NaN	NaN	3.2627	NaN
768508153618	1276.45	964.63	1258.81	1008.62	3.2052	3.1852
768508161951	1272.33	962.73	1228.12	1056.00	3.2421	3.4562
768508170286	1260.71	933.81	1249.58	952.33	3.3086	3.3345
768508178619	1272.08	889.52	1247.01	936.03	3.3390	3.3828
768508186953	1279.25	862.01	1250.74	879.05	3.3359	3.4420
768508195286	1262.81	862.64	1239.27	858.06	3.3560	3.4648
768508203620	1267.91	846.20	1248.21	842.09	3.3931	3.5059
768508211952	1276.15	824.79	1253.79	829.04	3.3719	3.5120
768508220285	1267.51	850.30	1257.12	825.91	3.3806	3.5301
768508228619	1271.25	855.59	1257.68	804.50	3.3781	3.5260
768508236952	1273.52	860.53	1261.26	832.53	3.3853	3.5473
768508245285	1273.62	825.92	1261.08	845.22	3.3260	3.5502
768508253618	1267.16	872.02	1264.30	855.47	3.4120	3.5225
768508261957	1271.53	864.15	1258.22	852.97	3.4286	3.5311
768508270290	1269.32	849.65	1259.27	843.44	3.4027	3.5267
768508278624	1266.20	856.62	1251.41	854.21	3.4250	3.5418
768508286956	1262.85	853.13	1258.33	849.92	3.4182	3.5452
768508295289	1261.31	848.77	1254.90	845.08	3.3921	3.5673
768508303623	1267.53	833.92	1262.68	842.99	3.4115	3.5781
768508311956	1267.46	842.59	1257.27	843.14	3.4673	3.5892
768508320289	1264.59	837.13	1251.66	834.13	3.4560	3.5986
768508328623	1266.64	836.14	1257.17	833.21	3.4733	3.5981
768508336956	1265.77	821.62	1255.53	835.03	3.4497	3.6047
768508345289	1266.64	828.92	1250.00	848.16	3.4686	3.6246
768508353623	1259.01	824.93	1256.27	846.67	3.4540	3.6200
768508361956	1267.04	847.12	1259.85	823.08	3.4676	3.6263
768508370288	1267.64	823.54	1252.45	847.71	3.4693	3.6394
768508378621	1263.34	827.82	1259.87	820.45	3.4835	3.6360
768508386955	1261.28	841.90	1258.74	843.57	3.4793	3.6368
768508395290	1265.58	820.28	1256.80	831.37	3.4952	3.6529
768508403625	1263.36	827.59	1256.71	851.54	3.4727	3.6657
768508411959	1261.47	812.50	1256.52	826.05	3.4752	3.6620
768508420292	1265.32	835.59	1253.97	836.89	3.5182	3.6531
768508428623	1266.03	840.13	1254.50	831.74	3.5151	3.6643
768508436957	1265.48	838.65	1252.01	819.96	3.5495	3.6617
768508445292	1265.47	826.50	1251.80	847.29	3.5235	3.6609
768508453624	1264.91	835.19	1253.91	844.60	3.5024	3.6675
768508461956	1266.05	839.09	1251.21	841.18	3.5013	3.6499
768508470289	1266.01	820.07	1253.88	846.41	3.4843	3.6536
768508478622	1267.67	816.66	1251.49	827.13	3.5036	3.6597
768508486955	1271.73	826.84	1260.15	814.77	3.5321	3.6496
768508495289	1271.78	830.41	1255.52	835.52	3.4903	3.6482
768508503623	1267.33	832.55	1249.82	841.12	3.5103	3.6535
768508511956	1266.88	812.36	1251.83	813.01	3.4715	3.6314
768508520295	1264.48	817.16	1255.49	821.68	3.4907	3.6633
768508528628	1264.58	822.74	1253.99	815.35	3.5320	3.6208
768508536961	1269.02	817.08	1253.43	801.27	3.4967	3.5968
768508545294	1264.90	815.05	1256.79	806.38	3.4857	3.6224
768508553628	1271.11	815.93	1252.00	811.70	3.4881	3.6142
768508561960	1266.75	805.67	1255.05	813.50	3.4623	3.6163
768508570294	1267.20	813.33	1252.74	807.02	3.4595	3.5900
768508578627	1267.62	801.03	1256.94	817.80	3.4409	3.5925
768508586961	1266.68	810.00	1253.18	820.26	3.4655	3.5988
768508595294	1263.31	806.38	1254.92	813.89	3.4527	3.5925
768508603628	1265.04	796.92	1249.28	808.83	3.4343	3.6064
768508611960	1262.50	805.22	1254.85	802.52	3.4495	3.5803
768508620293	1267.84	813.32	1249.08	822.35	3.4408	3.5981
768508628626	1275.49	808.67	1250.64	816.05	3.4245	3.5753
768508636960	1268.83	796.59	1253.17	808.45	3.4403	3.5824
768508645291	1271.87	824.36	1252.51	831.31	3.4599	3.5764
768508653629	1270.60	787.72	1252.45	813.37	3.4032	3.5835
768508661963	1269.37	805.65	1248.40	832.97	3.4031	3.5926
768508670298	1270.34	807.77	1259.45	792.04	3.4333	3.5352
768508678631	1267.06	802.16	1254.04	798.96	3.4548	3.5496
768508686965	1272.13	802.28	1249.99	828.86	3.4352	3.5810
768508695295	1267.50	806.69	1254.84	806.32	3.4074	3.5701
768508703628	1277.51	796.98	1256.45	805.83	3.4046	3.5696
768508711963	1274.51	776.28	1248.68	816.18	3.3950	3.5714
768508720297	1274.28	791.81	1256.81	826.17	3.4471	3.5675
768508728630	1350.24	722.42	1322.81	792.01	3.3640	3.5599
768508736963	1405.53	704.73	1384.53	732.74	3.3669	3.5096
768508745297	1442.27	695.29	1409.95	697.21	3.3621	3.4630
768508753630	1453.99	680.09	1429.28	689.32	3.3824	3.4892
768508761963	1442.36	672.24	1415.30	680.60	3.3784	3.4733
768508770294	1445.27	678.06	1420.99	685.21	3.3841	3.4948
768508778627	1441.68	668.11	1414.49	679.36	3.3735	3.4876
768508786967	1436.36	654.30	1423.76	668.71	3.3846	3.5035
768508795301	1434.52	659.48	1416.05	654.58	3.3965	3.4482
768508803634	1440.25	666.97	1422.98	668.16	3.3932	3.4640
768508811967	1440.45	673.01	1417.92	682.89	3.3865	3.4830
768508820301	1442.72	674.57	1420.05	692.13	3.4048	3.4998
768508828634	1440.44	675.48	1424.08	695.14	3.3891	3.4831
768508836968	1438.59	677.00	1419.80	687.61	3.4047	3.4867
768508845301	1432.78	664.21	1415.14	675.75	3.3884	3.4916
768508853633	1440.42	650.83	1414.37	662.48	3.3783	3.4806
768508861967	1433.78	670.35	1418.00	680.15	3.3746	3.4878
768508870300	1436.89	660.78	1416.51	688.53	3.3938	3.4747
768508878633	1436.95	657.43	1417.70	667.32	3.3920	3.4682
768508886967	1436.84	686.93	1420.95	671.48	3.4000	3.4634
768508895300	1434.44	664.06	1418.16	690.47	3.3962	3.4744
768508903633	1434.41	651.30	1416.80	693.93	3.3765	3.4870
768508911967	1438.39	655.36	1419.49	696.52	3.3828	3.4872
768508920305	1444.21	658.91	1420.37	692.50	3.3855	3.4826
768508928638	1433.35	665.43	1426.14	671.39	3.3797	3.4764
768508936971	1434.84	661.35	1423.35	657.73	3.3832	3.4680
768508945304	1433.18	643.49	1422.40	683.45	3.3670	3.4749
768508953637	1430.09	676.03	1418.25	681.29	3.3845	3.4814
768508961970	1448.47	653.88	1425.03	650.52	3.3825	3.4640
768508970304	1378.83	673.68	1362.72	675.90	3.3832	3.4751
768508978635	1247.26	740.68	1242.42	698.34	3.4124	3.4854
768508986971	1185.31	711.16	1173.94	782.98	3.3075	3.5958
768508995304	1134.50	781.91	1118.49	819.74	3.3861	3.5994
768509003635	1112.57	809.71	1093.59	805.78	3.3767	3.5700
768509011969	1130.85	798.34	1124.96	804.52	3.3840	3.5923
768509020303	1122.48	779.09	1110.83	813.51	3.3874	3.5755
768509028634	1125.52	794.73	1104.81	827.91	3.3959	3.5744
768509036967	1124.70	794.52	1098.43	809.28	3.3953	3.5776
768509045303	1125.94	795.68	1108.79	801.38	3.3898	3.5837
