t	gaze_point_LX	gaze_point_LY	gaze_point_RX	gaze_point_RY	pupil_diameter_L	pupil_diameter_R
2171304327138	1288.75	714.82	1254.17	697.57	3.6058	3.0722
2171304335471	1285.79	714.28	1256.86	687.47	3.5959	3.0658
2171304343804	1286.17	719.29	1250.61	692.35	3.6075	3.0894
2171304352137	1287.70	713.27	1252.70	694.98	3.6094	3.0722
2171304360470	1286.63	714.45	1252.61	692.49	3.6036	3.0716
2171304368804	1290.47	711.28	1257.31	687.78	3.5892	3.0561
2171304377137	1286.93	713.59	1247.02	697.63	3.5972	3.0898
2171304385470	1287.13	716.61	1251.56	691.28	3.6063	3.0736
2171304393804	1287.70	703.51	1253.01	694.35	3.5824	3.0839
2171304402137	1290.83	713.34	1252.89	698.19	3.6000	3.0887
2171304410470	1286.18	704.72	1252.65	698.28	3.5953	3.0792
2171304418813	1287.24	709.64	1253.05	693.98	3.5965	3.0835
2171304427145	1289.37	709.34	1251.35	686.56	3.5982	3.0699
2171304435478	1285.71	714.48	1258.03	685.80	3.5928	3.0577
2171304443811	1286.12	711.48	1254.23	684.37	3.6048	3.0560
2171304452145	1287.21	701.72	1249.20	688.58	3.5789	3.0804
2171304460478	1278.28	713.18	1250.77	691.07	3.5917	3.0695
2171304468811	1283.76	705.02	1248.75	691.22	3.5979	3.0739
2171304477145	1284.05	702.61	1255.00	690.47	3.5933	3.0679
2171304485478	1280.29	715.44	1253.84	688.15	3.6054	3.0820
2171304493812	1287.15	716.88	1258.01	695.01	3.6248	3.0718
2171304502145	1278.74	713.07	1254.47	694.17	3.6040	3.0781
2171304510477	1280.10	705.55	1262.64	697.59	3.6122	3.0748
2171304518811	1288.28	714.31	1253.63	705.73	3.6145	3.0861
2171304527144	1301.81	717.10	1272.69	757.41	3.5765	3.1413
2171304535477	1285.85	742.11	1260.06	711.69	3.6231	3.0427
2171304543811	1291.73	728.89	1264.16	726.10	3.6160	3.0951
2171304552149	1290.47	725.40	1256.50	719.77	3.6081	3.0948
2171304560482	1286.56	736.98	1258.39	730.29	3.6261	3.1046
2171304568815	1286.90	732.82	1263.62	741.28	3.6202	3.1239
2171304577149	1289.38	727.41	1263.65	768.36	3.6142	3.1752
2171304585482	1287.23	727.37	1261.98	724.00	3.6125	3.0805
2171304593814	1288.05	722.91	1264.80	715.53	3.6219	3.0711
2171304602148	1287.46	730.20	1256.74	699.84	3.6281	3.0633
2171304610481	1286.60	726.61	1257.59	712.30	3.6173	3.0690
2171304618815	1287.91	717.07	1260.30	708.51	3.6117	3.0686
2171304627148	1284.97	727.14	1258.44	716.20	3.6129	3.0736
2171304635481	1285.42	727.41	1256.37	708.29	3.6497	3.0753
2171304643815	1288.35	729.08	1259.86	712.41	3.6270	3.0850
2171304652148	1283.31	726.80	1257.91	712.42	3.6196	3.1001
2171304660481	1284.82	728.97	1253.58	724.70	3.6248	3.1136
2171304668814	1278.35	723.58	1258.39	737.66	3.6214	3.1463
2171304677150	1286.84	729.17	1261.01	738.62	3.6357	3.1358
2171304685484	1282.21	711.91	1261.36	736.88	3.6028	3.1407
2171304693817	1284.29	726.11	1259.09	737.63	3.6315	3.1377
2171304702151	1286.45	731.09	1265.39	715.56	3.6427	3.0859
2171304710484	1283.32	718.21	1259.52	730.50	3.6147	3.1348
2171304718817	1282.35	723.34	1259.07	697.63	3.6381	3.0684
2171304727151	1279.29	728.94	1258.62	722.72	3.6496	3.1199
2171304735484	1286.01	724.73	1258.32	730.13	3.6384	3.1404
2171304743818	1286.32	724.62	1254.45	714.55	3.6264	3.1242
2171304752150	1285.30	724.27	1256.92	704.01	3.6409	3.0893
2171304760483	1283.87	721.34	1255.55	753.06	3.6315	3.2016
2171304768817	1281.97	728.93	1258.80	704.14	3.6439	3.0959
2171304777149	1287.47	726.99	1259.06	704.13	3.6592	3.1013
2171304785483	1286.47	721.68	1254.04	730.95	3.6390	3.1516
2171304793817	1289.87	728.00	1258.72	706.69	3.6493	3.1057
2171304802149	1285.48	727.84	1258.80	712.81	3.6588	3.1179
2171304810488	1285.96	721.71	1255.31	702.61	3.6528	3.0950
2171304818821	1284.60	723.97	1263.45	719.39	3.6576	3.1381
2171304827155	1282.00	723.55	1257.79	719.60	3.6552	3.1362
2171304835487	1284.03	730.46	1253.83	731.22	3.6740	3.1696
2171304843820	1284.20	725.73	1257.08	733.98	3.6823	3.1740
2171304852154	1281.53	726.08	1253.88	741.32	3.6708	3.1873
2171304860487	1285.21	730.00	1256.86	709.24	3.6667	3.1390
2171304868821	1285.45	724.42	1258.13	716.91	3.6677	3.1473
2171304877154	1286.71	724.83	1252.96	729.44	3.6696	3.1657
2171304885487	1280.61	726.08	1255.74	732.42	3.6547	3.1699
2171304893821	1290.30	730.84	1253.79	752.47	3.6693	3.2354
2171304902153	1292.23	724.51	1256.19	736.63	3.6675	3.1845
2171304910486	1288.07	727.23	1259.12	690.96	3.6645	3.0952
2171304918819	1294.73	720.54	1256.73	697.41	3.6644	3.1152
2171304927152	1280.74	725.27	1262.47	732.71	3.6810	3.1865
2171304935486	1284.10	727.37	1255.46	706.68	3.6998	3.1198
2171304943824	1290.53	726.33	1256.24	704.99	3.6837	3.1178
2171304952158	1285.45	733.99	1258.65	750.78	3.7027	3.2172
2171304960491	1287.67	731.68	1265.07	716.82	3.6918	3.1460
2171304968824	1285.26	728.45	1256.73	733.77	3.6873	3.1760
2171304977158	1282.87	727.73	1258.31	739.25	3.6937	3.1858
2171304985491	1287.41	732.14	1258.09	731.48	3.7226	3.1783
2171304993824	1290.68	724.42	1253.91	751.98	3.6946	3.2120
2171305002157	1291.76	727.90	1256.47	724.81	3.6985	3.1629
2171305010490	1286.49	720.66	1255.30	711.13	3.6939	3.1434
2171305018823	1289.36	728.47	1258.40	726.19	3.6893	3.1614
2171305027156	1288.40	720.38	1261.20	734.83	3.6887	3.1812
2171305035490	1288.32	730.07	1265.03	707.71	3.7041	3.1288
2171305043823	1284.58	730.14	1265.22	709.65	3.6811	3.1126
2171305052156	1286.02	722.96	1263.37	723.64	3.6616	3.1210
2171305060490	1285.75	727.19	1260.00	724.97	3.6488	3.0973
2171305068829	1288.25	744.18	1265.13	790.49	3.5986	3.1219
2171305077162	1271.76	786.11	1253.47	779.29	3.5355	3.0088
2171305085495	1464.83	976.98	NaN	NaN	2.5083	NaN
2171305093828	NaN	NaN	NaN	NaN	NaN	NaN
2171305102162	NaN	NaN	NaN	NaN	NaN	NaN
2171305110494	NaN	NaN	NaN	NaN	NaN	NaN
2171305118828	NaN	NaN	NaN	NaN	NaN	NaN
2171305127161	NaN	NaN	NaN	NaN	NaN	NaN
2171305135495	NaN	NaN	NaN	NaN	NaN	NaN
2171305143828	NaN	NaN	NaN	NaN	NaN	NaN
2171305152161	NaN	NaN	NaN	NaN	NaN	NaN
2171305160493	NaN	NaN	NaN	NaN	NaN	NaN
2171305168827	NaN	NaN	NaN	NaN	NaN	NaN
2171305177161	NaN	NaN	NaN	NaN	NaN	NaN
2171305185493	NaN	NaN	NaN	NaN	NaN	NaN
2171305193827	NaN	NaN	NaN	NaN	NaN	NaN
2171305202162	NaN	NaN	NaN	NaN	NaN	NaN
2171305210494	NaN	NaN	NaN	NaN	NaN	NaN
2171305218828	NaN	NaN	NaN	NaN	NaN	NaN
2171305227162	NaN	NaN	NaN	NaN	NaN	NaN
2171305235494	1265.58	956.84	NaN	NaN	2.9905	NaN
2171305243827	1235.37	869.71	982.34	834.70	3.1810	2.0030
2171305252161	1239.71	821.77	1198.68	743.45	3.2200	2.7803
2171305260494	1236.52	842.33	1090.55	820.45	3.2119	2.3874
2171305268827	1237.28	809.69	1203.02	826.69	3.1961	2.7090
2171305277160	1244.25	813.65	1218.28	865.36	3.2332	2.8204
2171305285494	1243.73	800.46	1225.35	820.09	3.2079	2.7269
2171305293827	1252.99	809.46	1221.11	808.49	3.2245	2.7631
2171305302161	1246.01	811.26	1213.67	799.33	3.2355	2.7475
2171305310494	1250.09	806.86	1216.17	796.00	3.2479	2.7398
2171305318826	1246.34	796.93	1221.52	795.92	3.2442	2.7462
2171305327159	1246.90	788.13	1217.32	789.01	3.2409	2.7572
2171305335500	1246.91	787.79	1216.72	781.73	3.2357	2.7602
2171305343833	1248.77	789.36	1214.54	785.62	3.2514	2.7710
2171305352166	1246.09	773.23	1220.45	780.85	3.2270	2.7560
2171305360500	1241.88	784.78	1222.48	780.06	3.2327	2.7708
2171305368833	1245.20	781.00	1224.15	772.95	3.2074	2.7640
2171305377166	1253.93	793.79	1218.52	772.38	3.2492	2.7663
2171305385500	1249.91	794.09	1224.89	773.73	3.2445	2.7704
2171305393832	1249.97	794.88	1215.47	773.86	3.2644	2.7727
2171305402165	1251.54	789.92	1222.28	775.69	3.2451	2.7611
2171305410499	1254.06	787.66	1222.47	783.72	3.2378	2.7647
2171305418832	1248.25	783.56	1225.65	781.77	3.2312	2.7576
2171305427165	1254.87	776.54	1221.48	781.33	3.2128	2.7542
2171305435498	1255.63	788.39	1222.21	777.99	3.2310	2.7605
2171305443832	1249.09	779.91	1220.18	782.85	3.2264	2.7558
2171305452165	1222.89	810.35	1194.27	797.97	3.2292	2.7434
2171305460499	1199.57	826.33	1159.62	806.23	3.2468	2.7372
2171305468837	1224.36	820.12	1177.70	829.46	3.2514	2.7695
2171305477170	1217.12	818.35	1173.92	815.59	3.2462	2.7713
2171305485503	1217.57	819.45	1179.38	820.66	3.2343	2.7855
2171305493836	1215.80	825.94	1178.04	812.39	3.2551	2.7827
2171305502169	1212.19	827.18	1181.54	802.88	3.2711	2.7522
2171305510503	1216.61	820.76	1180.83	844.14	3.2327	2.8203
2171305518836	1216.65	819.97	1174.32	833.48	3.2707	2.8128
2171305527169	1215.01	818.94	1182.54	836.23	3.2413	2.8202
2171305535502	1219.27	823.14	1173.38	829.59	3.2668	2.7932
2171305543836	1213.87	819.26	1184.47	806.47	3.2541	2.7621
2171305552169	1207.62	828.49	1182.89	831.25	3.2535	2.8286
2171305560501	1211.28	827.13	1184.39	799.34	3.2731	2.7540
2171305568835	1213.88	826.61	1184.60	815.36	3.2794	2.7913
2171305577168	1218.60	824.47	1179.50	799.31	3.2810	2.7551
2171305585501	1214.22	820.93	1178.04	821.93	3.2694	2.8032
2171305593839	1214.18	824.52	1176.51	837.08	3.2726	2.8265
2171305602172	1216.49	824.49	1180.38	837.54	3.2874	2.8482
2171305610506	1215.57	813.81	1178.10	815.51	3.2652	2.8001
2171305618839	1211.88	823.80	1169.37	821.80	3.2945	2.8166
2171305627172	1211.49	824.23	1174.85	814.53	3.2979	2.7953
2171305635504	1208.63	824.37	1183.77	830.00	3.2774	2.8278
2171305643838	1211.70	822.49	1178.91	819.10	3.2875	2.8004
2171305652171	1211.49	825.24	1182.92	831.52	3.3000	2.8417
2171305660505	1210.31	828.15	1184.36	839.36	3.3019	2.8663
2171305668838	1212.03	834.38	1190.26	796.53	3.3191	2.7823
2171305677171	1220.81	828.31	1186.39	824.71	3.3188	2.8443
2171305685504	1213.56	826.00	1185.12	816.23	3.2960	2.8250
2171305693838	1215.13	830.64	1190.44	817.11	3.3237	2.8228
2171305702171	1208.85	825.11	1187.28	799.83	3.3317	2.7708
2171305710505	1217.59	824.02	1200.57	865.38	3.3274	2.9426
2171305718837	1263.92	728.10	1259.56	731.16	3.3213	2.8324
2171305727175	1314.91	627.43	1331.41	684.00	3.2780	2.8791
2171305735508	1322.95	623.36	1321.91	651.80	3.3005	2.8711
2171305743842	1307.66	621.62	1307.21	643.31	3.3089	2.8788
2171305752175	1323.44	631.12	1315.75	652.83	3.3084	2.8931
2171305760508	1326.89	625.08	1309.87	644.49	3.3107	2.8955
2171305768841	1328.16	624.70	1312.37	648.43	3.3219	2.8923
2171305777175	1325.59	630.28	1314.74	653.58	3.3367	2.9095
2171305785509	1333.20	651.71	1309.24	655.09	3.3813	2.9052
2171305793842	1336.57	621.45	1309.25	652.76	3.3233	2.9156
2171305802174	1326.66	618.69	1311.86	650.50	3.3343	2.8961
2171305810508	1334.05	618.90	1316.02	653.99	3.3253	2.9227
2171305818840	1335.52	618.74	1314.28	653.03	3.3264	2.9205
2171305827174	1328.96	610.62	1311.51	658.26	3.3157	2.9284
2171305835507	1329.27	606.66	1308.89	654.63	3.3227	2.9318
2171305843840	1329.38	610.35	1315.86	649.45	3.3412	2.9213
2171305852174	1324.76	606.50	1308.87	661.06	3.3052	2.9346
2171305860513	1322.46	616.21	1309.64	662.26	3.3503	2.9344
2171305868846	1329.61	619.74	1308.91	661.89	3.3399	2.9433
2171305877178	1325.80	605.42	1308.75	659.38	3.3330	2.9337
2171305885512	1326.26	614.60	1308.90	659.15	3.3456	2.9479
2171305893845	1322.56	614.66	1309.93	658.23	3.3515	2.9494
2171305902178	1282.37	692.14	1273.57	669.17	3.4361	2.9304
2171305910512	1180.40	751.62	1173.33	720.18	3.4296	2.8972
2171305918844	1141.84	780.16	1147.08	758.04	3.3962	2.8857
2171305927178	1205.26	767.03	1180.05	761.04	3.4160	2.9043
2171305935511	1171.18	768.46	1166.46	748.52	3.4055	2.9226
2171305943844	1176.22	775.11	1160.45	766.62	3.4030	2.9180
2171305952178	1171.58	776.27	1164.09	768.34	3.4020	2.9099
2171305960510	1165.53	778.93	1161.16	767.95	3.4152	2.9165
2171305968844	1173.58	778.54	1159.90	766.78	3.4074	2.9153
2171305977177	1170.58	777.15	1164.85	759.86	3.4065	2.9211
2171305985510	1177.30	771.27	1158.91	760.03	3.4189	2.9325
2171305993848	1168.46	765.93	1155.17	752.47	3.4005	2.9130
2171306002182	1169.79	784.93	1153.11	773.63	3.4329	2.9520
2171306010515	1177.64	783.63	1154.64	748.20	3.4194	2.8941
2171306018849	1172.77	785.47	1158.35	766.58	3.4259	2.9193
2171306027182	1171.06	783.95	1160.50	749.91	3.4239	2.9104
2171306035515	1169.70	787.17	1152.41	757.96	3.4275	2.9400
2171306043847	1171.77	781.08	1160.61	761.64	3.4213	2.9376
2171306052181	1175.35	787.47	1163.67	758.14	3.4368	2.9249
2171306060514	1171.13	786.90	1165.15	765.07	3.4375	2.9305
2171306068848	1170.23	785.25	1157.16	751.49	3.4394	2.9023
2171306077181	1172.04	782.85	1164.17	756.63	3.4208	2.9246
2171306085514	1173.71	767.51	1154.54	753.69	3.4034	2.9177
2171306093847	1173.50	776.75	1160.73	751.20	3.4137	2.9055
2171306102181	1180.52	778.65	1166.12	764.69	3.4192	2.9275
2171306110514	1170.00	778.92	1158.76	758.08	3.4239	2.9363
2171306118851	1171.81	780.31	1158.57	766.23	3.4202	2.9475
2171306127185	1174.55	792.05	1158.24	764.25	3.4559	2.9226
2171306135518	1172.42	774.55	1160.18	774.60	3.4095	2.9560
2171306143851	1158.11	768.79	1147.66	752.35	3.4366	2.9526
2171306152185	1145.90	742.11	1139.57	718.58	3.4430	2.9335
2171306160518	1154.55	745.06	1146.07	749.90	3.4178	2.9550
2171306168852	1156.74	763.02	1143.24	742.89	3.4590	2.9530
2171306177184	1155.97	757.38	1147.92	733.73	3.4608	2.9466
2171306185518	1153.46	747.02	1148.76	736.75	3.4215	2.9608
2171306193851	1154.72	749.85	1142.22	738.24	3.4483	2.9472
2171306202184	1149.76	737.95	1148.59	740.40	3.4148	2.9521
2171306210517	1152.67	751.84	1148.55	735.25	3.4541	2.9565
2171306218850	1150.55	749.95	1141.10	737.92	3.4401	2.9678
2171306227184	1147.49	759.32	1151.54	741.64	3.4692	2.9640
2171306235517	1159.61	750.33	1144.57	746.91	3.4447	2.9880
2171306243851	1155.28	748.20	1139.96	740.86	3.4438	2.9773
2171306252188	1152.65	757.01	1141.64	726.74	3.4668	2.9486
2171306260521	1153.42	763.27	1137.44	737.81	3.4850	2.9858
2171306268854	1152.55	755.86	1137.83	729.22	3.4687	2.9736
2171306277188	1157.93	756.54	1136.50	724.69	3.4667	2.9637
2171306285520	1152.94	758.31	1138.80	739.87	3.4819	2.9895
2171306293853	1159.85	755.47	1138.11	734.10	3.4724	2.9820
2171306302186	1156.10	757.06	1142.54	746.17	3.4903	2.9990
2171306310520	1158.07	748.11	1150.13	741.37	3.4698	2.9962
2171306318853	1154.27	756.14	1144.08	750.20	3.4966	3.0207
2171306327187	1151.32	746.42	1146.72	744.50	3.4946	3.0030
2171306335520	1151.39	748.32	1147.91	755.42	3.4857	3.0040
2171306343853	1151.29	743.68	1141.85	733.01	3.4766	2.9673
2171306352186	1156.38	757.71	1143.57	746.63	3.5087	2.9987
2171306360520	1149.59	753.55	1146.19	743.70	3.5049	2.9926
2171306368853	1150.98	751.46	1142.31	750.90	3.4812	3.0192
2171306377185	1153.53	746.57	1146.72	741.32	3.4609	2.9968
2171306385524	1150.64	750.45	1147.53	745.90	3.4889	3.0027
2171306393857	1147.51	747.93	1150.41	746.25	3.4799	3.0084
2171306402190	1154.87	747.04	1147.24	742.97	3.4952	2.9918
2171306410524	1155.66	752.68	1143.29	743.62	3.4917	3.0130
2171306418857	1150.60	745.74	1145.06	741.56	3.4787	2.9948
2171306427190	1161.45	735.51	1159.87	737.37	3.4918	3.0145
2171306435524	1241.64	636.09	1258.46	678.16	3.4503	3.0409
2171306443856	1283.78	601.45	1304.37	657.10	3.4393	3.0225
2171306452190	1320.86	599.67	1329.93	628.11	3.4664	2.9982
2171306460523	1314.17	600.66	1321.47	628.68	3.4835	3.0198
2171306468857	1317.36	598.32	1327.45	632.73	3.4496	3.0127
2171306477189	1331.59	588.23	1326.02	635.65	3.4456	3.0302
2171306485523	1323.08	583.77	1322.24	633.56	3.4391	3.0217
2171306493856	1330.21	586.94	1321.52	642.06	3.4493	3.0165
2171306502189	1330.54	583.90	1323.11	635.81	3.4448	3.0194
2171306510528	1330.62	598.34	1321.55	632.54	3.4734	3.0151
2171306518861	1327.38	582.55	1323.21	634.49	3.4371	3.0181
2171306527193	1326.51	587.76	1325.43	627.82	3.4525	3.0108
2171306535527	1323.14	594.94	1319.27	629.01	3.4628	3.0200
2171306543860	1330.19	602.88	1325.59	627.63	3.4907	3.0132
2171306552194	1320.47	592.53	1324.24	628.86	3.4512	3.0323
2171306560527	1322.71	589.07	1326.07	626.12	3.4493	2.9993
2171306568860	1329.31	587.98	1324.11	629.85	3.4496	3.0125
2171306577194	1327.23	589.27	1323.74	626.50	3.4433	3.0057
2171306585527	1327.32	584.91	1324.28	629.35	3.4412	3.0061
2171306593860	1333.16	587.84	1322.16	624.69	3.4307	2.9997
2171306602193	1293.38	599.22	1289.62	664.52	3.4157	3.0231
2171306610526	1175.13	746.81	1186.96	717.33	3.5222	2.9855
2171306618859	1124.01	789.34	1136.64	789.79	3.4933	2.9878
2171306627192	1172.29	816.41	1166.23	811.03	3.5006	3.0232
2171306635526	1165.68	779.21	1167.23	785.10	3.5087	3.0222
2171306643862	1149.54	798.15	1145.18	808.89	3.4735	3.0184
2171306652196	1155.66	804.14	1146.39	829.64	3.5028	3.0430
2171306660529	1153.89	799.94	1150.86	818.77	3.4883	3.0239
2171306668862	1155.08	801.58	1152.45	814.08	3.4774	3.0281
2171306677196	1159.53	814.75	1150.47	781.34	3.5155	2.9566
2171306685528	1153.24	798.61	1144.01	796.06	3.4696	2.9774
2171306693861	1160.65	799.50	1146.57	807.06	3.4878	3.0167
2171306702195	1152.80	799.56	1151.07	830.39	3.4857	3.0563
2171306710527	1159.21	798.96	1152.93	836.83	3.4850	3.0815
2171306718861	1152.82	802.50	1147.00	831.63	3.5114	3.0421
2171306727194	1151.77	800.76	1152.21	820.40	3.5096	3.0174
2171306735528	1157.05	797.00	1149.45	848.28	3.4887	3.1061
2171306743861	1154.56	797.81	1148.20	849.44	3.4790	3.1046
2171306752194	1153.90	802.72	1150.81	837.91	3.4927	3.0785
2171306760528	1158.01	802.84	1144.99	805.08	3.4882	3.0150
2171306768860	1153.49	805.87	1150.09	804.34	3.4920	3.0199
2171306777200	1158.88	795.47	1146.31	825.05	3.4859	3.0466
2171306785533	1156.68	799.75	1150.05	796.83	3.4925	3.0038
2171306793866	1159.09	808.99	1148.55	781.96	3.5099	2.9651
2171306802199	1155.39	797.67	1146.38	787.65	3.5032	2.9766
2171306810531	1155.43	805.39	1146.75	806.07	3.5160	3.0278
2171306818865	1152.33	801.84	1150.55	808.06	3.5131	3.0251
2171306827199	1153.76	798.17	1144.89	790.78	3.5033	2.9968
2171306835531	1152.04	795.52	1149.78	828.20	3.5022	3.0769
2171306843865	1152.32	793.48	1143.35	793.55	3.5065	3.0073
2171306852197	1160.49	799.06	1146.08	817.65	3.5164	3.0603
2171306860531	1154.49	806.45	1145.79	808.04	3.5300	3.0443
2171306868864	1158.30	803.56	1148.22	778.27	3.5328	2.9795
2171306877197	1180.90	818.65	1172.97	841.86	3.5388	3.0862
2171306885531	1192.95	841.70	1182.67	871.22	3.5326	3.0772
2171306893864	1186.07	832.87	1166.49	818.67	3.5403	3.0166
2171306902198	1185.64	827.95	1170.94	833.12	3.5562	3.0317
2171306910536	1184.95	824.86	1173.15	845.76	3.5258	3.0566
2171306918869	1183.00	837.09	1172.10	848.38	3.5475	3.0650
2171306927202	1185.48	830.21	1171.71	862.11	3.5589	3.0962
2171306935534	1190.41	825.81	1169.81	840.78	3.5466	3.0603
2171306943868	1189.05	820.26	1170.28	848.77	3.5375	3.0701
2171306952202	1189.17	830.88	1168.87	835.59	3.5572	3.0529
2171306960534	1184.34	830.85	1175.25	850.28	3.5605	3.0669
2171306968868	1186.43	823.41	1169.44	858.68	3.5457	3.0900
2171306977201	1190.40	821.37	1171.34	859.22	3.5440	3.1129
2171306985535	1188.40	834.90	1169.30	846.00	3.5609	3.0817
2171306993868	1192.57	826.58	1170.63	841.74	3.5491	3.0668
2171307002201	1185.03	832.55	1174.49	840.47	3.5672	3.0594
2171307010534	1186.67	826.54	1172.27	837.52	3.5685	3.0659
2171307018867	1183.21	826.53	1164.22	838.05	3.5665	3.0708
2171307027201	1179.33	838.71	1167.09	839.97	3.5651	3.0809
2171307035538	1185.40	831.77	1174.16	843.26	3.5721	3.0624
2171307043871	1181.61	832.61	1165.14	854.13	3.5741	3.0905
2171307052205	1183.76	832.25	1166.93	853.39	3.5855	3.0823
2171307060537	1183.09	835.41	1167.94	846.31	3.5735	3.0750
2171307068871	1183.24	835.57	1170.50	840.88	3.5753	3.0582
2171307077204	1180.04	829.83	1177.54	832.41	3.5647	3.0415
2171307085537	1184.83	837.79	1167.92	822.41	3.5807	3.0380
2171307093870	1184.71	834.13	1165.25	818.12	3.5673	3.0082
2171307102203	1180.48	833.09	1171.58	819.23	3.5833	3.0140
2171307110537	1180.95	831.87	1171.09	840.39	3.5788	3.0714
2171307118870	1188.06	837.92	1170.03	843.05	3.5912	3.0328
2171307127203	1180.46	837.26	1171.95	843.77	3.5809	3.0517
2171307135537	1183.31	833.96	1169.66	855.43	3.5776	3.0709
2171307143870	1180.56	833.92	1172.61	848.04	3.5711	3.0663
2171307152203	1186.86	826.06	1166.78	841.04	3.5645	3.0672
2171307160537	1181.29	841.01	1165.94	843.11	3.5759	3.0467
2171307168877	1184.78	840.37	1169.05	807.81	3.5873	2.9767
2171307177211	1181.57	834.37	1172.85	845.96	3.5686	3.0459
2171307185543	1182.76	834.41	1167.01	838.49	3.5763	3.0454
2171307193877	1183.71	835.68	1171.91	832.17	3.5739	3.0303
2171307202210	1181.27	838.13	1168.28	814.83	3.5870	3.0146
2171307210543	1181.06	838.38	1169.71	830.59	3.5792	3.0201
2171307218877	1180.04	841.93	1168.52	825.33	3.5841	3.0291
2171307227210	1177.78	834.13	1165.37	826.42	3.5730	3.0265
2171307235544	1179.17	836.96	1166.78	806.50	3.5833	2.9793
2171307243877	1180.28	835.80	1170.61	809.87	3.5841	2.9939
2171307252209	1176.50	838.01	1170.84	820.53	3.5723	3.0093
2171307260543	1180.90	833.39	1168.22	836.03	3.5688	3.0671
2171307268876	1175.11	828.77	1172.03	804.96	3.5717	2.9932
2171307277209	1175.32	837.79	1162.64	824.88	3.5926	3.0295
2171307285543	1164.09	839.52	1170.26	837.78	3.5800	3.0472
2171307293876	1173.55	839.78	1164.90	839.13	3.6071	3.0758
2171307302211	1173.16	831.60	1164.34	800.71	3.5830	3.0087
2171307310544	1176.30	836.26	1162.25	813.83	3.6081	3.0302
2171307318878	1175.70	840.87	1168.11	825.62	3.5938	3.0479
2171307327211	1174.63	836.88	1160.38	759.28	3.5857	2.9276
2171307335543	1174.35	835.13	1165.86	759.65	3.6062	2.9301
2171307343877	1169.29	837.69	1170.38	839.11	3.5849	3.0845
2171307352210	1213.44	770.28	1220.05	789.54	3.6027	3.1064
2171307360544	1265.40	639.07	1313.87	660.34	3.5896	3.0844
2171307368877	1291.54	639.03	1312.80	638.55	3.6333	3.0862
2171307377210	1273.83	599.70	1296.15	616.57	3.5781	3.0816
2171307385544	1282.11	576.83	1308.23	595.27	3.5736	3.0922
2171307393876	1290.32	569.19	1306.23	601.78	3.5580	3.0920
2171307402210	1296.75	598.29	1302.55	601.32	3.5978	3.0963
2171307410543	1294.88	569.19	1304.65	605.51	3.5469	3.0926
2171307418875	1293.38	589.22	1302.40	608.48	3.5829	3.1040
2171307427209	1304.58	591.35	1304.15	614.07	3.5735	3.1013
2171307435547	1297.44	574.79	1303.67	612.56	3.5574	3.1042
2171307443881	1298.62	595.69	1308.10	604.51	3.5971	3.0872
2171307452214	1300.88	587.94	1303.72	607.93	3.5709	3.1049
2171307460547	1299.35	587.53	1304.22	605.52	3.5849	3.0891
2171307468881	1302.57	589.74	1302.02	611.10	3.5816	3.0908
2171307477214	1301.38	580.15	1302.52	607.91	3.5824	3.0916
2171307485547	1303.26	595.79	1301.98	615.02	3.6136	3.0847
2171307493880	1297.52	593.95	1301.42	608.09	3.6083	3.0737
2171307502213	1301.92	591.39	1304.76	604.38	3.5909	3.0849
2171307510547	1298.34	584.59	1298.16	609.58	3.5701	3.0817
2171307518879	1296.15	577.50	1299.66	609.86	3.5722	3.0912
2171307527213	1298.00	574.97	1304.48	602.88	3.5548	3.0872
2171307535546	1298.68	576.51	1303.48	606.99	3.5619	3.0956
2171307543879	1302.24	565.11	1305.54	609.89	3.5480	3.0876
2171307552213	1300.34	557.87	1306.14	614.06	3.5418	3.0916
2171307560551	1294.46	617.40	1304.88	610.63	3.6465	3.0823
2171307568885	1298.45	580.35	1299.32	605.46	3.5747	3.0691
2171307577217	1293.04	582.12	1306.86	611.86	3.5731	3.0938
2171307585550	1301.57	576.99	1304.38	604.99	3.5455	3.0806
2171307593884	1282.33	585.60	1295.41	617.13	3.5653	3.0885
2171307602217	1200.79	648.83	1210.93	625.07	3.6231	3.0809
2171307610550	1175.27	655.48	1200.64	653.92	3.6156	3.0876
2171307618884	1219.26	635.43	1220.30	657.84	3.5668	3.0743
2171307627217	1202.42	644.44	1206.74	639.16	3.6056	3.0800
2171307635550	1207.20	660.64	1211.77	654.86	3.6231	3.0903
2171307643883	1200.62	624.05	1201.79	649.20	3.5540	3.0658
2171307652216	1196.24	609.70	1207.70	646.16	3.5305	3.0758
2171307660550	1200.03	615.69	1207.95	646.71	3.5185	3.0627
2171307668883	1200.06	601.38	1209.96	642.89	3.5178	3.0657
2171307677216	1202.14	619.33	1212.29	641.92	3.5456	3.0690
2171307685549	1196.31	642.48	1208.65	637.50	3.5823	3.0571
2171307693887	1199.81	632.91	1206.58	641.57	3.5589	3.0681
2171307702220	1200.16	620.79	1207.63	637.81	3.5382	3.0419
2171307710553	1200.07	614.68	1202.87	639.17	3.5300	3.0554
2171307718887	1196.92	626.24	1203.14	643.83	3.5448	3.0502
2171307727219	1201.32	609.22	1207.44	646.67	3.5086	3.0602
2171307735552	1204.98	597.77	1205.60	649.51	3.4943	3.0641
2171307743886	1203.41	679.63	1200.19	644.61	3.6499	3.0474
