t	gaze_point_LX	gaze_point_LY	gaze_point_RX	gaze_point_RY	pupil_diameter_L	pupil_diameter_R
876009890135	1587.74	805.16	1587.95	812.56	3.8822	4.1135
876009898468	1580.37	822.81	1596.24	815.70	3.8742	4.1271
876009906802	1702.49	1199.90	1800.71	1222.31	2.8772	3.1407
876009915135	NaN	NaN	NaN	NaN	NaN	NaN
876009923468	NaN	NaN	NaN	NaN	NaN	NaN
876009931802	NaN	NaN	NaN	NaN	NaN	NaN
876009940134	NaN	NaN	NaN	NaN	NaN	NaN
876009948468	NaN	NaN	NaN	NaN	NaN	NaN
876009956802	NaN	NaN	NaN	NaN	NaN	NaN
876009965135	NaN	NaN	NaN	NaN	NaN	NaN
876009973467	NaN	NaN	NaN	NaN	NaN	NaN
876009981801	NaN	NaN	NaN	NaN	NaN	NaN
876009990133	NaN	NaN	NaN	NaN	NaN	NaN
876009998467	NaN	NaN	NaN	NaN	NaN	NaN
876010006804	NaN	NaN	NaN	NaN	NaN	NaN
876010015137	NaN	NaN	NaN	NaN	NaN	NaN
876010023471	NaN	NaN	NaN	NaN	NaN	NaN
876010031805	NaN	NaN	NaN	NaN	NaN	NaN
876010040138	NaN	NaN	NaN	NaN	NaN	NaN
876010048470	NaN	NaN	NaN	NaN	NaN	NaN
876010056804	NaN	NaN	NaN	NaN	NaN	NaN
876010065136	NaN	NaN	NaN	NaN	NaN	NaN
876010073470	NaN	NaN	NaN	NaN	NaN	NaN
876010081803	NaN	NaN	NaN	NaN	NaN	NaN
876010090136	NaN	NaN	NaN	NaN	NaN	NaN
876010098470	NaN	NaN	NaN	NaN	NaN	NaN
876010106804	NaN	NaN	NaN	NaN	NaN	NaN
876010115137	NaN	NaN	NaN	NaN	NaN	NaN
876010123470	NaN	NaN	NaN	NaN	NaN	NaN
876010131806	NaN	NaN	NaN	NaN	NaN	NaN
876010140138	NaN	NaN	NaN	NaN	NaN	NaN
876010148472	NaN	NaN	NaN	NaN	NaN	NaN
876010156805	NaN	NaN	NaN	NaN	NaN	NaN
876010165138	NaN	NaN	NaN	NaN	NaN	NaN
876010173472	NaN	NaN	NaN	NaN	NaN	NaN
876010181806	NaN	NaN	NaN	NaN	NaN	NaN
876010190139	NaN	NaN	NaN	NaN	NaN	NaN
876010198472	NaN	NaN	NaN	NaN	NaN	NaN
876010206805	NaN	NaN	NaN	NaN	NaN	NaN
876010215137	NaN	NaN	NaN	NaN	NaN	NaN
876010223471	NaN	NaN	NaN	NaN	NaN	NaN
876010231804	NaN	NaN	NaN	NaN	NaN	NaN
876010240137	NaN	NaN	NaN	NaN	NaN	NaN
876010248471	NaN	NaN	NaN	NaN	NaN	NaN
876010256804	NaN	NaN	NaN	NaN	NaN	NaN
876010265146	NaN	NaN	NaN	NaN	NaN	NaN
876010273479	NaN	NaN	NaN	NaN	NaN	NaN
876010281812	NaN	NaN	NaN	NaN	NaN	NaN
876010290145	NaN	NaN	NaN	NaN	NaN	NaN
876010298478	NaN	NaN	NaN	NaN	NaN	NaN
876010306811	NaN	NaN	NaN	NaN	NaN	NaN
876010315144	NaN	NaN	NaN	NaN	NaN	NaN
876010323478	NaN	NaN	NaN	NaN	NaN	NaN
876010331811	NaN	NaN	NaN	NaN	NaN	NaN
876010340145	NaN	NaN	NaN	NaN	NaN	NaN
876010348478	NaN	NaN	NaN	NaN	NaN	NaN
876010356811	NaN	NaN	NaN	NaN	NaN	NaN
876010365144	NaN	NaN	NaN	NaN	NaN	NaN
876010373477	NaN	NaN	NaN	NaN	NaN	NaN
876010381810	1528.33	1067.10	NaN	NaN	2.9976	NaN
876010390143	1326.81	985.65	1396.01	1326.94	3.5142	2.5391
876010398481	1315.30	928.54	1390.71	1250.67	3.5569	2.7289
876010406814	1331.80	850.02	1314.70	1153.86	3.7106	3.0453
876010415148	1328.99	805.08	1387.64	1097.57	3.8009	3.2669
876010423481	1323.10	760.08	1392.08	1045.83	3.8691	3.5715
876010431814	1318.68	736.61	1335.14	1004.36	3.9123	3.6716
876010440148	1316.67	715.67	1334.32	962.02	3.9510	3.8043
876010448480	1315.12	713.10	1352.40	893.27	3.9671	3.9039
876010456813	1311.40	694.90	1371.62	876.82	4.0009	3.9339
876010465147	1313.38	689.49	1354.13	853.42	3.9925	3.9771
876010473480	1313.73	682.28	1344.44	850.46	4.0130	4.0012
876010481813	1318.88	679.93	1341.69	834.26	4.0356	4.0137
876010490146	1318.21	687.05	1356.06	803.07	4.0186	4.0475
876010498479	1318.50	704.24	1351.66	801.85	3.9996	4.0880
876010506813	1319.98	709.24	1356.60	775.36	4.0033	4.1098
876010515146	1326.02	709.33	1363.48	784.32	4.0141	4.1229
876010523479	1324.78	708.41	1362.13	790.67	4.0212	4.1157
876010531817	1317.55	687.98	1352.54	798.17	4.0474	4.1006
876010540151	1309.15	692.22	1356.38	819.88	4.0645	4.0714
876010548484	1324.10	787.66	1408.07	930.55	3.9262	3.8161
876010556817	1516.26	1093.68	1579.48	1165.73	3.1509	3.1552
876010565151	NaN	NaN	1499.76	1393.19	NaN	1.5022
876010573483	NaN	NaN	NaN	NaN	NaN	NaN
876010581817	NaN	NaN	NaN	NaN	NaN	NaN
876010590150	NaN	NaN	NaN	NaN	NaN	NaN
876010598484	NaN	NaN	NaN	NaN	NaN	NaN
876010606816	NaN	NaN	NaN	NaN	NaN	NaN
876010615150	NaN	NaN	NaN	NaN	NaN	NaN
876010623483	NaN	NaN	NaN	NaN	NaN	NaN
876010631816	NaN	NaN	NaN	NaN	NaN	NaN
876010640149	NaN	NaN	NaN	NaN	NaN	NaN
876010648483	NaN	NaN	NaN	NaN	NaN	NaN
876010656818	NaN	NaN	NaN	NaN	NaN	NaN
876010665151	NaN	NaN	NaN	NaN	NaN	NaN
876010673485	NaN	NaN	NaN	NaN	NaN	NaN
876010681817	NaN	NaN	NaN	NaN	NaN	NaN
876010690150	NaN	NaN	NaN	NaN	NaN	NaN
876010698484	NaN	NaN	NaN	NaN	NaN	NaN
876010706817	NaN	NaN	NaN	NaN	NaN	NaN
876010715150	NaN	NaN	NaN	NaN	NaN	NaN
876010723483	NaN	NaN	NaN	NaN	NaN	NaN
876010731817	NaN	NaN	NaN	NaN	NaN	NaN
876010740150	NaN	NaN	NaN	NaN	NaN	NaN
876010748483	NaN	NaN	NaN	NaN	NaN	NaN
876010756817	NaN	NaN	NaN	NaN	NaN	NaN
876010765149	1411.44	1308.35	NaN	NaN	2.5995	NaN
876010773482	NaN	NaN	NaN	NaN	NaN	NaN
876010781816	1307.96	1093.45	NaN	NaN	3.4727	NaN
876010790155	1211.72	1014.17	1242.62	1279.05	3.7152	3.0158
876010798488	1231.80	922.63	NaN	NaN	3.8916	NaN
876010806822	1236.36	874.69	1374.75	1088.81	3.9722	3.6495
876010815155	1226.85	814.54	1271.00	1029.75	4.0391	3.8920
876010823488	1228.47	788.91	1280.21	986.35	4.1145	3.9625
876010831822	1217.34	755.27	1270.24	941.13	4.1354	4.0377
876010840154	1212.57	733.25	1258.75	893.73	4.1734	4.1375
876010848488	1216.77	733.47	1273.87	840.70	4.1635	4.1822
876010856821	1218.25	746.12	1263.63	824.11	4.1263	4.2184
876010865154	1216.91	766.38	1266.30	810.23	4.0928	4.2259
876010873488	1223.28	769.74	1274.14	775.67	4.0690	4.2621
876010881821	1223.13	773.33	1265.77	768.48	4.0617	4.2740
876010890154	1222.78	768.32	1258.00	767.06	4.0619	4.2800
876010898488	1217.22	769.12	1261.98	739.97	4.0514	4.2935
876010906821	1219.98	760.52	1257.53	734.11	4.0499	4.2867
876010915154	1224.53	760.28	1246.10	730.74	4.0422	4.2898
876010923492	1221.11	761.62	1248.41	723.99	4.0325	4.3002
876010931825	1220.33	754.79	1262.24	738.45	4.0165	4.2661
876010940158	1220.08	760.98	1265.54	729.43	4.0180	4.2808
876010948490	1224.11	756.83	1273.11	735.70	4.0119	4.2514
876010956823	1221.49	755.51	1257.84	729.54	3.9990	4.2664
876010965158	1225.04	757.72	1270.29	734.74	3.9944	4.2505
876010973490	1222.75	775.92	1279.68	762.13	3.9705	4.1959
876010981825	1219.03	767.19	1340.09	925.69	3.9776	3.8099
876010990158	1206.01	1169.45	1494.19	1296.35	3.0063	2.9940
876010998492	NaN	NaN	NaN	NaN	NaN	NaN
876011006824	NaN	NaN	NaN	NaN	NaN	NaN
876011015157	NaN	NaN	NaN	NaN	NaN	NaN
876011023491	NaN	NaN	NaN	NaN	NaN	NaN
876011031823	NaN	NaN	NaN	NaN	NaN	NaN
876011040157	NaN	NaN	NaN	NaN	NaN	NaN
876011048490	NaN	NaN	NaN	NaN	NaN	NaN
876011056827	NaN	NaN	NaN	NaN	NaN	NaN
876011065161	NaN	NaN	NaN	NaN	NaN	NaN
876011073495	NaN	NaN	NaN	NaN	NaN	NaN
876011081827	NaN	NaN	NaN	NaN	NaN	NaN
876011090160	NaN	NaN	NaN	NaN	NaN	NaN
876011098494	NaN	NaN	NaN	NaN	NaN	NaN
876011106827	NaN	NaN	NaN	NaN	NaN	NaN
876011115160	NaN	NaN	NaN	NaN	NaN	NaN
876011123493	NaN	NaN	NaN	NaN	NaN	NaN
876011131826	NaN	NaN	NaN	NaN	NaN	NaN
876011140160	NaN	NaN	NaN	NaN	NaN	NaN
876011148493	NaN	NaN	NaN	NaN	NaN	NaN
876011156827	NaN	NaN	NaN	NaN	NaN	NaN
876011165159	NaN	NaN	NaN	NaN	NaN	NaN
876011173493	NaN	NaN	NaN	NaN	NaN	NaN
876011181832	NaN	NaN	1448.93	1514.21	NaN	1.8967
876011190165	1341.64	1140.87	NaN	NaN	2.6588	NaN
876011198498	1448.41	1054.50	1179.98	1346.79	3.0452	2.4925
876011206831	1277.84	966.62	1197.30	1225.54	3.5262	2.7511
876011215165	1269.96	885.09	1317.92	1140.39	3.6757	3.0448
876011223498	1252.85	822.48	1329.57	1080.94	3.7700	3.4241
876011231831	1257.63	771.05	1283.24	989.64	3.8381	3.6461
876011240164	1247.34	731.46	1268.04	941.34	3.8929	3.7209
876011248498	1242.04	711.78	1286.73	882.88	3.9487	3.8395
876011256831	1244.33	707.66	1277.95	846.98	3.9585	3.8999
876011265164	1244.39	702.22	1285.57	805.36	3.9467	3.9567
876011273497	1248.40	728.32	1292.29	777.45	3.8998	4.0149
876011281831	1253.64	744.22	1290.40	758.46	3.9091	4.0293
876011290164	1254.79	738.10	1293.27	732.06	3.9029	4.0725
876011298497	1255.87	728.94	1295.71	713.11	3.8981	4.0856
876011306831	1253.42	730.60	1295.45	711.46	3.9080	4.1066
876011315169	1253.60	730.26	1290.20	716.53	3.9063	4.1016
876011323501	1252.71	728.50	1290.90	697.03	3.9087	4.1115
876011331835	1255.40	729.58	1289.06	684.27	3.9066	4.1378
876011340168	1251.72	725.35	1277.38	676.85	3.9080	4.1587
876011348501	1256.49	724.71	1266.89	675.77	3.9042	4.1386
876011356835	1255.97	723.27	1278.53	676.73	3.8939	4.1175
876011365168	1248.14	732.88	1277.26	704.33	3.9082	4.1094
876011373501	1254.95	733.14	1276.57	721.74	3.9132	4.0831
876011381835	1248.17	715.62	1278.40	717.74	3.9018	4.0706
876011390168	1251.88	725.52	1276.10	723.26	3.9193	4.0724
876011398500	1248.18	708.68	1277.36	720.23	3.9155	4.0673
876011406834	1249.21	712.92	1267.94	727.78	3.9177	4.0713
876011415167	1249.04	709.79	1272.34	726.34	3.9143	4.0753
876011423500	1248.20	716.87	1286.04	726.57	3.9181	4.0667
876011431834	1252.27	711.14	1279.79	727.89	3.9206	4.0771
876011440167	1250.59	718.71	1278.44	730.38	3.9344	4.0735
876011448505	1253.16	706.90	1277.27	729.45	3.9256	4.0755
876011456839	1255.50	709.09	1277.24	720.83	3.9362	4.0866
876011465172	1249.14	718.89	1271.70	729.54	3.9431	4.0909
876011473505	1251.37	715.71	1273.87	728.55	3.9274	4.0924
876011481838	1253.12	721.83	1274.73	725.87	3.9360	4.0983
876011490171	1256.13	726.11	1282.17	721.82	3.9363	4.0970
876011498504	1248.02	725.78	1274.35	727.90	3.9590	4.0987
876011506838	1256.29	716.91	1272.24	728.58	3.9585	4.1074
876011515171	1243.70	727.20	1272.48	730.13	3.9642	4.1141
876011523504	1251.87	729.92	1273.66	725.38	3.9686	4.1145
876011531838	1250.69	730.85	1277.41	721.34	3.9648	4.1049
876011540171	1258.00	724.85	1276.14	716.48	3.9697	4.1172
876011548504	1254.69	719.31	1272.09	730.12	3.9662	4.1279
876011556837	1255.21	706.55	1278.10	724.33	3.9525	4.1255
876011565170	1251.71	722.75	1275.66	716.23	3.9940	4.1175
876011573507	1250.04	713.80	1271.00	716.38	3.9639	4.1187
876011581841	1256.30	713.49	1272.69	722.69	3.9780	4.1308
876011590174	1247.44	720.02	1276.62	719.65	3.9777	4.1391
876011598505	1253.41	704.44	1273.50	721.65	3.9789	4.1413
876011606838	1248.62	701.52	1274.76	718.99	3.9778	4.1427
876011615172	1253.68	714.00	1270.29	729.17	3.9963	4.1479
876011623505	1250.48	711.01	1263.46	719.16	3.9724	4.1432
876011631840	1249.41	721.54	1259.43	732.03	3.9804	4.1572
876011640172	1255.29	726.15	1259.65	727.05	3.9858	4.1564
876011648506	1251.50	721.31	1260.88	726.32	3.9924	4.1609
876011656840	1253.93	715.13	1262.92	730.83	3.9912	4.1704
876011665172	1252.04	711.92	1271.97	718.31	3.9768	4.1516
876011673506	1251.18	719.68	1259.59	729.94	3.9870	4.1727
876011681840	1254.53	723.15	1260.75	724.26	3.9814	4.1653
876011690173	1255.89	725.51	1263.92	719.42	3.9887	4.1674
876011698506	1253.64	728.06	1268.91	722.80	3.9968	4.1637
876011706845	1255.66	725.53	1269.47	716.85	3.9901	4.1730
876011715176	1251.15	718.18	1260.66	722.63	3.9746	4.1821
876011723510	1250.68	721.30	1265.14	723.23	3.9924	4.1771
876011731843	1251.06	706.08	1261.20	718.60	3.9767	4.1911
876011740177	1249.68	710.02	1261.06	722.08	3.9792	4.1929
876011748510	1250.73	708.47	1260.11	720.57	3.9958	4.1775
876011756843	1258.01	720.94	1262.50	715.85	3.9901	4.1752
876011765177	1253.53	712.89	1257.48	716.89	3.9980	4.1826
876011773510	1251.06	720.74	1255.17	717.61	4.0033	4.1826
876011781844	1259.35	721.31	1257.30	714.04	4.0056	4.1805
876011790177	1257.67	722.90	1256.15	727.48	3.9785	4.1921
876011798509	1251.37	728.20	1255.56	731.16	4.0001	4.1787
876011806842	1257.94	729.05	1265.90	728.45	3.9878	4.1791
876011815175	1254.69	723.90	1265.60	725.48	3.9748	4.1787
876011823509	1255.63	728.92	1262.58	724.92	3.9967	4.1749
876011831842	1250.42	725.36	1263.93	728.40	3.9900	4.1689
876011840180	1250.43	727.37	1263.72	722.85	3.9914	4.1795
876011848514	1245.70	721.10	1261.89	722.81	3.9738	4.1790
876011856847	1256.11	723.06	1265.47	716.57	3.9723	4.1853
876011865180	1260.57	715.93	1271.71	712.68	3.9804	4.1863
876011873513	1262.17	705.51	1270.56	723.02	3.9906	4.1877
876011881846	1261.35	717.94	1268.39	721.63	3.9810	4.1789
876011890179	1259.00	705.56	1277.46	720.35	3.9854	4.1753
876011898513	1257.66	704.81	1266.78	724.09	3.9898	4.1705
876011906846	1254.19	714.89	1276.64	728.41	3.9843	4.1805
876011915179	1260.03	706.30	1272.85	720.93	3.9821	4.1878
876011923513	1256.38	713.01	1273.90	712.41	3.9709	4.1743
876011931846	1259.11	705.82	1265.70	710.69	3.9673	4.1691
876011940179	1253.74	723.56	1265.23	716.26	3.9835	4.1768
876011948513	1255.50	723.96	1262.72	721.07	3.9692	4.1741
876011956845	1253.27	709.24	1258.79	719.35	3.9604	4.1794
876011965178	1261.27	709.63	1257.21	717.11	3.9618	4.1730
876011973516	1259.41	710.48	1262.74	713.75	3.9668	4.1740
876011981849	1253.67	702.83	1261.55	718.84	3.9650	4.1800
876011990182	1263.24	715.61	1272.28	712.73	3.9696	4.1798
876011998516	1259.02	707.31	1267.25	708.36	3.9675	4.1820
876012006849	1257.01	715.95	1272.60	713.72	3.9667	4.1841
876012015183	1251.40	716.73	1280.26	719.91	3.9681	4.1890
876012023515	1257.50	707.89	1280.01	708.21	3.9354	4.1779
876012031848	1253.86	721.56	1278.88	711.68	3.9473	4.1849
876012040182	1260.72	728.57	1283.35	706.19	3.9554	4.1732
876012048514	1259.08	724.37	1288.26	711.95	3.9424	4.1835
876012056848	1263.16	729.77	1283.67	710.70	3.9586	4.1789
876012065181	1260.87	727.13	1281.06	706.21	3.9393	4.1765
876012073514	1254.15	725.54	1286.32	713.06	3.9282	4.1631
876012081848	1252.48	721.23	1280.10	708.80	3.9181	4.1550
876012090181	1252.81	720.81	1283.65	705.54	3.9007	4.1568
876012098518	1252.44	711.05	1279.38	705.27	3.9050	4.1574
876012106852	1253.15	706.85	1272.06	705.71	3.8914	4.1343
876012115184	1249.46	722.21	1286.16	702.99	3.8991	4.1169
876012123517	1249.89	719.31	1279.63	702.03	3.8701	4.1104
876012131851	1252.99	720.02	1287.99	695.03	3.8409	4.0925
876012140184	1258.00	721.61	1287.91	705.15	3.8232	4.0890
876012148515	1255.89	713.79	1283.49	699.44	3.8258	4.0496
876012156849	1251.20	703.28	1275.27	699.91	3.7940	4.0578
876012165182	1251.45	712.20	1276.72	694.04	3.7972	4.0354
876012173517	1247.85	710.31	1275.57	688.82	3.7557	4.0174
876012181851	1250.95	726.56	1280.15	698.30	3.7605	4.0077
876012190184	1270.91	735.50	1281.72	709.95	3.7420	3.9939
876012198516	1270.63	731.24	1280.11	725.40	3.7222	3.9805
876012206850	1265.36	727.40	1274.56	716.91	3.7065	3.9685
876012215183	1260.57	737.01	1275.87	718.46	3.7218	3.9585
876012223517	1266.88	739.53	1273.83	716.95	3.6914	3.9535
876012231857	1268.45	738.78	1278.90	713.66	3.6814	3.9309
876012240191	1268.76	745.68	1284.19	712.53	3.6850	3.9108
876012248524	1267.12	755.64	1282.85	716.65	3.6888	3.9096
876012256857	1263.71	755.37	1280.32	724.64	3.6706	3.9082
876012265191	1262.48	743.68	1278.60	722.07	3.6448	3.8910
876012273522	1263.52	740.13	1283.50	724.46	3.6369	3.8917
876012281856	1264.25	754.20	1277.41	724.25	3.6452	3.8970
876012290190	1263.93	749.25	1285.48	711.67	3.6543	3.8732
876012298522	1267.85	751.61	1287.41	713.09	3.6551	3.8669
876012306856	1271.25	749.75	1279.69	713.67	3.6478	3.8712
876012315189	1270.56	754.61	1285.99	710.45	3.6443	3.8852
876012323523	1264.15	746.01	1279.71	709.48	3.6282	3.8658
876012331856	1263.87	754.04	1279.27	709.72	3.6509	3.8714
876012340189	1267.76	740.71	1282.38	721.73	3.6428	3.8769
876012348523	1271.28	751.30	1282.94	717.25	3.6468	3.8645
876012356855	1269.36	742.83	1275.94	713.04	3.6340	3.8646
876012365192	1301.53	732.45	1299.50	714.77	3.6373	3.8706
876012373526	1326.88	707.62	1342.33	669.16	3.6516	3.8668
876012381859	1323.72	715.94	1329.45	678.27	3.6608	3.8710
876012390192	1311.13	696.35	1328.25	665.18	3.6606	3.8670
876012398525	1327.04	712.64	1332.94	674.02	3.6670	3.8765
876012406859	1321.62	716.44	1324.22	671.78	3.6666	3.8759
876012415192	1321.01	715.16	1322.89	681.18	3.6826	3.8889
876012423525	1320.54	710.16	1324.62	677.24	3.6715	3.8899
876012431858	1310.38	719.10	1326.07	675.62	3.6908	3.8858
876012440191	1325.58	706.70	1326.75	681.93	3.6782	3.9000
876012448525	1326.56	702.69	1333.81	669.96	3.6829	3.8837
876012456858	1322.32	714.82	1330.36	669.57	3.6835	3.8899
876012465191	1325.95	707.60	1328.39	681.35	3.6893	3.9036
876012473525	1325.49	701.10	1325.07	675.68	3.6909	3.8932
876012481858	1325.60	697.21	1322.53	668.41	3.7097	3.9058
876012490191	1321.77	697.52	1327.32	672.03	3.7034	3.9235
876012498528	1319.48	684.44	1321.33	667.63	3.6918	3.9076
876012506861	1325.19	696.25	1328.97	674.45	3.7114	3.9155
876012515193	1326.70	697.12	1324.53	676.59	3.7203	3.9282
876012523526	1322.79	693.42	1333.17	678.59	3.7232	3.9327
876012531860	1324.03	695.73	1327.36	676.22	3.7191	3.9420
876012540193	1329.64	709.66	1333.68	675.35	3.7355	3.9518
876012548526	1391.63	666.69	1419.51	646.79	3.7327	3.9513
876012556860	1438.00	651.21	1461.63	631.66	3.7366	3.9563
876012565193	1441.76	651.94	1452.95	627.92	3.7544	3.9420
876012573527	1432.45	648.12	1447.73	631.12	3.7470	3.9642
876012581860	1443.34	651.11	1458.78	622.24	3.7670	3.9647
876012590192	1445.40	651.01	1452.63	619.60	3.7580	3.9743
876012598526	1450.61	653.09	1452.01	622.14	3.7851	3.9701
876012606858	1444.67	654.83	1453.78	622.74	3.7786	3.9773
876012615192	1439.85	658.40	1447.25	616.68	3.7654	3.9763
876012623533	1435.09	647.05	1443.64	625.21	3.7732	3.9935
876012631865	1439.54	644.29	1443.62	622.75	3.7845	3.9785
876012640199	1444.41	643.31	1449.20	619.16	3.7835	3.9838
876012648532	1446.09	652.37	1449.36	620.90	3.7934	3.9840
876012656866	1444.41	640.72	1453.04	617.93	3.7972	3.9871
876012665199	1439.15	637.90	1456.25	628.61	3.7778	4.0008
876012673531	1440.63	656.96	1457.14	626.25	3.7823	3.9980
876012681865	1436.03	650.94	1453.18	629.66	3.7789	4.0156
876012690198	1435.42	635.29	1459.00	628.17	3.7814	4.0112
876012698531	1436.23	644.90	1454.52	632.69	3.8025	4.0101
876012706865	1444.73	657.81	1460.60	631.24	3.8052	4.0266
876012715198	1438.03	663.30	1458.04	624.49	3.7991	4.0231
876012723532	1441.87	657.51	1454.15	619.25	3.7850	4.0270
876012731864	1438.78	652.99	1459.55	627.31	3.7939	4.0398
876012740198	1437.34	637.70	1452.27	632.29	3.7986	4.0320
876012748531	1438.45	645.64	1459.65	635.97	3.8203	4.0333
876012756867	1441.77	653.17	1463.91	631.76	3.8119	4.0356
876012765201	1439.54	664.33	1457.58	633.76	3.8016	4.0386
876012773534	1437.85	662.75	1452.45	629.25	3.8110	4.0364
876012781868	1430.87	649.24	1456.57	624.20	3.8005	4.0289
876012790201	1456.05	643.81	1462.64	636.46	3.8023	4.0685
876012798534	1516.78	674.15	1545.97	646.19	3.8221	4.0683
876012806868	1498.28	663.08	1523.98	648.62	3.7939	4.0618
876012815201	1498.54	668.55	1520.15	645.80	3.8116	4.0724
876012823535	1501.17	669.51	1526.05	648.65	3.8058	4.0531
876012831867	1511.84	656.39	1523.92	650.28	3.8024	4.0633
876012840200	1501.08	650.04	1518.51	652.52	3.7999	4.0738
876012848534	1510.14	650.09	1526.34	647.08	3.8171	4.0807
876012856866	1504.28	652.81	1524.01	653.62	3.8053	4.0742
876012865200	1505.51	656.31	1529.92	646.00	3.8152	4.0667
876012873533	1501.01	653.75	1523.87	646.30	3.8094	4.0741
876012881866	1508.00	649.97	1521.50	648.21	3.8181	4.0764
876012890205	1501.49	656.31	1524.90	650.78	3.8187	4.0771
876012898538	1500.88	645.11	1522.04	651.36	3.8082	4.0842
876012906871	1497.64	648.57	1520.30	654.54	3.8044	4.0851
876012915204	1503.49	648.04	1522.35	654.73	3.7963	4.0887
876012923537	1505.98	656.69	1515.44	661.85	3.8144	4.0932
876012931871	1509.59	651.82	1523.63	653.69	3.8088	4.0800
876012940204	1506.15	651.48	1520.91	654.02	3.7949	4.0960
876012948537	1500.01	659.11	1522.05	656.15	3.8014	4.0823
876012956871	1494.69	674.90	1526.47	655.30	3.8343	4.0811
876012965204	1501.45	658.18	1525.18	654.95	3.8075	4.0784
876012973537	1500.94	655.82	1523.71	653.34	3.8076	4.0691
876012981870	1505.73	646.43	1524.33	648.24	3.7799	4.0673
876012990203	1499.78	655.18	1522.91	660.61	3.7947	4.0861
876012998536	1510.48	662.07	1517.42	656.69	3.8048	4.0837
876013006869	1498.12	664.80	1523.09	654.87	3.8007	4.0847
876013015208	1487.47	665.21	1510.11	667.34	3.7984	4.0621
876013023541	1448.71	692.57	1469.28	679.27	3.8000	4.0837
876013031875	1481.60	675.99	1484.57	670.54	3.8007	4.0811
876013040208	1469.99	664.90	1483.24	681.10	3.7886	4.0734
876013048541	1467.12	666.52	1489.65	673.01	3.7893	4.0770
876013056875	1469.81	690.28	1493.48	675.40	3.7910	4.0678
876013065207	1467.85	675.54	1487.74	672.87	3.7700	4.0673
876013073540	1468.76	687.54	1491.93	674.77	3.7736	4.0639
876013081874	1474.27	706.77	1486.90	676.14	3.7904	4.0663
876013090206	1466.07	689.05	1486.20	672.54	3.7760	4.0717
876013098540	1469.87	695.03	1483.87	674.46	3.7755	4.0587
876013106873	1466.11	683.44	1484.74	672.52	3.7712	4.0483
876013115207	1464.15	688.71	1481.62	669.70	3.7567	4.0391
876013123540	1461.72	685.00	1479.60	672.07	3.7606	4.0526
876013131873	1463.43	682.53	1475.96	672.27	3.7853	4.0427
876013140207	1464.63	646.43	1481.66	677.60	3.7305	4.0536
876013148543	1471.09	666.67	1480.52	676.04	3.7488	4.0477
876013156877	1457.83	670.73	1470.92	677.86	3.7570	4.0322
876013165210	1468.36	671.36	1473.24	681.80	3.7557	4.0549
876013173543	1465.52	674.52	1485.19	672.95	3.7556	4.0404
876013181877	1461.25	667.81	1474.70	678.04	3.7576	4.0428
876013190209	1466.49	667.27	1477.20	675.25	3.7563	4.0349
876013198543	1471.75	670.24	1478.77	671.46	3.7526	4.0433
876013206877	1460.00	677.47	1474.43	675.29	3.7427	4.0360
876013215209	1468.72	676.70	1480.66	671.51	3.7566	4.0407
876013223543	1455.90	691.98	1480.43	672.65	3.7613	4.0417
876013231875	1459.41	689.05	1478.84	673.36	3.7564	4.0353
876013240209	1459.22	692.88	1483.52	672.14	3.7534	4.0243
876013248542	1462.97	679.13	1487.19	672.15	3.7360	4.0317
876013256875	1463.97	672.33	1482.79	675.58	3.7361	4.0448
876013265209	1464.99	669.11	1475.11	680.18	3.7136	4.0390
876013273542	1462.13	678.37	1484.95	673.52	3.7414	4.0251
876013281885	1453.36	676.48	1480.17	670.06	3.7375	4.0399
876013290218	1423.48	661.61	1443.01	669.72	3.7263	4.0357
876013298551	1432.45	661.43	1452.88	666.53	3.7240	4.0298
876013306884	1437.20	668.74	1454.35	675.93	3.7430	4.0257
876013315216	1439.16	650.09	1456.50	666.46	3.7148	4.0158
876013323550	1439.41	670.57	1459.05	671.06	3.7202	4.0320
876013331884	1439.74	664.65	1458.81	670.62	3.7162	4.0283
876013340216	1436.13	656.60	1453.57	672.14	3.7015	4.0161
876013348550	1441.71	666.83	1464.12	672.39	3.7171	4.0174
876013356883	1439.54	678.75	1460.21	668.99	3.7241	4.0008
876013365217	1440.42	661.24	1461.01	663.27	3.6990	3.9967
876013373550	1438.59	660.56	1456.13	669.57	3.6937	3.9932
876013381883	1430.38	658.88	1453.03	662.60	3.6963	4.0040
876013390216	1438.87	647.34	1457.58	667.32	3.6848	3.9858
876013398549	1436.18	648.22	1455.04	663.24	3.6759	3.9802
876013406882	1431.80	663.35	1454.14	667.39	3.6981	3.9792
876013415217	1436.36	655.68	1451.11	668.26	3.6809	3.9795
876013423550	1437.20	653.74	1448.71	663.71	3.6664	3.9739
876013431883	1436.23	670.08	1452.98	664.90	3.6871	3.9722
876013440216	1434.63	668.97	1452.73	665.56	3.6822	3.9562
876013448550	1434.97	678.43	1451.13	666.68	3.6778	3.9555
876013456883	1445.61	667.82	1456.51	660.45	3.6652	3.9570
876013465215	1445.97	681.45	1457.70	661.38	3.6675	3.9551
876013473549	1435.13	683.94	1456.13	662.27	3.6656	3.9557
876013481882	1436.42	682.21	1455.70	671.24	3.6614	3.9631
876013490216	1434.54	672.91	1453.51	667.53	3.6528	3.9523
876013498549	1441.80	673.13	1453.27	669.97	3.6456	3.9476
876013506882	1432.94	671.69	1455.68	669.72	3.6693	3.9422
876013515216	1439.58	665.19	1454.58	665.09	3.6577	3.9373
876013523549	1438.36	661.85	1455.65	669.47	3.6633	3.9358
876013531882	1426.46	659.31	1442.80	646.86	3.6750	3.9236
876013540220	1432.40	650.58	1452.72	649.14	3.6369	3.9241
876013548552	1434.84	664.21	1452.71	648.26	3.6405	3.9216
876013556885	1431.90	666.55	1451.68	645.24	3.6566	3.9130
876013565218	1431.16	666.54	1458.86	647.08	3.6514	3.9062
876013573552	1433.01	646.76	1459.82	645.62	3.6096	3.9036
876013581885	1428.94	646.64	1458.35	649.78	3.6191	3.8983
876013590218	1433.62	658.67	1457.16	646.05	3.6401	3.8839
876013598552	1426.18	643.18	1451.06	648.78	3.6201	3.8851
876013606885	1432.12	652.91	1442.01	658.28	3.6229	3.8915
876013615219	1435.48	659.66	1449.55	658.00	3.6254	3.8951
876013623551	1430.05	635.73	1450.54	650.66	3.5936	3.8867
876013631884	1433.42	654.82	1441.81	655.34	3.6149	3.8785
876013640218	1427.66	646.54	1451.08	648.42	3.6011	3.8791
876013648551	1434.98	665.73	1443.99	656.48	3.6194	3.8711
876013656884	1426.36	646.31	1451.63	652.03	3.5932	3.8610
876013665218	1428.38	646.38	1443.92	649.92	3.5807	3.8658
876013673552	1428.59	654.70	1441.94	648.19	3.5892	3.8523
876013681886	1426.43	668.28	1444.54	647.83	3.6149	3.8664
876013690219	1429.73	670.84	1446.16	650.89	3.5942	3.8577
876013698553	1430.47	668.92	1443.69	637.60	3.6055	3.8490
876013706885	1432.27	667.74	1442.17	653.31	3.5803	3.8623
876013715218	1425.13	659.58	1441.25	642.28	3.5961	3.8497
876013723552	1427.90	662.87	1442.79	642.05	3.5824	3.8383
876013731885	1425.01	659.39	1441.42	651.00	3.5655	3.8504
876013740219	1430.22	658.17	1444.99	659.45	3.5739	3.8495
876013748552	1421.05	655.43	1446.34	656.79	3.5868	3.8309
876013756885	1429.48	641.16	1448.05	645.43	3.5739	3.8232
876013765219	1432.71	651.22	1450.26	656.26	3.5722	3.8413
876013773551	1437.00	638.07	1454.18	654.55	3.5604	3.8213
876013781884	1430.94	654.27	1449.24	656.90	3.5959	3.8406
876013790218	1430.15	650.65	1450.98	654.06	3.5729	3.8279
876013798550	1439.94	635.89	1453.54	664.45	3.5526	3.8397
876013806892	1435.85	633.82	1455.18	649.20	3.5419	3.8242
876013815225	1475.28	647.09	1494.24	661.54	3.5772	3.8334
876013823559	1468.74	644.55	1499.50	656.37	3.5655	3.8154
876013831892	1460.24	649.98	1494.57	651.74	3.5816	3.8182
876013840225	1469.06	638.88	1488.55	651.91	3.5718	3.8123
876013848559	1468.38	633.39	1487.54	663.16	3.5683	3.8241
876013856892	1466.83	643.81	1490.50	661.96	3.5802	3.8271
876013865225	1474.78	630.77	1490.80	662.97	3.5520	3.8306
876013873558	1469.59	652.17	1491.13	664.08	3.5792	3.8286
876013881891	1468.61	655.63	1491.25	658.24	3.5720	3.8227
876013890225	1470.02	654.54	1488.35	659.01	3.5737	3.8222
876013898557	1470.64	664.76	1493.52	664.24	3.5892	3.8384
876013906891	1463.47	659.28	1481.58	660.31	3.5869	3.8199
876013915224	1471.77	660.83	1488.66	653.51	3.5871	3.8273
876013923557	1471.90	651.12	1498.23	651.09	3.5717	3.8202
876013931891	1474.00	666.62	1492.85	656.78	3.6017	3.8140
876013940229	1472.25	657.16	1494.24	662.87	3.5809	3.8336
876013948563	1474.48	650.96	1494.47	671.71	3.5742	3.8513
876013956896	1474.42	659.79	1489.03	663.90	3.6075	3.8295
876013965229	1471.70	641.00	1488.54	657.33	3.5898	3.8260
876013973563	1474.71	646.42	1489.86	663.64	3.6056	3.8409
876013981896	1472.11	649.30	1497.17	659.66	3.6038	3.8231
876013990229	1478.05	641.76	1489.16	666.85	3.5884	3.8484
876013998563	1476.56	645.26	1492.00	668.68	3.5976	3.8462
876014006896	1464.72	640.52	1491.35	666.14	3.5873	3.8466
876014015229	1474.68	654.92	1486.62	658.25	3.6103	3.8296
876014023561	1476.44	654.69	1485.20	656.11	3.5971	3.8364
876014031895	1464.20	660.58	1489.24	658.70	3.5903	3.8418
876014040228	1468.28	666.94	1486.21	664.55	3.6080	3.8623
876014048561	1472.06	666.82	1489.17	663.17	3.5991	3.8505
876014056895	1470.34	664.30	1489.14	659.67	3.5925	3.8484
876014065230	1472.49	668.89	1498.43	661.47	3.6058	3.8512
876014073564	1532.31	671.11	1552.18	690.15	3.5977	3.8531
876014081897	1509.95	674.78	1532.32	676.08	3.5980	3.8545
876014090230	1507.48	675.34	1535.43	676.37	3.6134	3.8368
876014098563	1512.20	667.34	1535.73	676.57	3.6018	3.8497
876014106896	1510.42	652.26	1530.99	678.89	3.5865	3.8359
876014115229	1508.56	659.67	1527.14	685.75	3.6055	3.8445
876014123563	1512.94	668.33	1527.86	687.27	3.6158	3.8404
876014131896	1510.15	653.42	1535.37	681.99	3.5963	3.8511
876014140229	1515.20	663.71	1528.35	689.94	3.6189	3.8567
876014148562	1512.54	658.74	1527.97	682.37	3.5942	3.8313
876014156896	1508.98	661.36	1528.76	676.01	3.6017	3.8384
876014165229	1516.49	670.48	1533.39	683.52	3.6130	3.8279
876014173562	1512.66	658.93	1525.82	678.34	3.5887	3.8300
876014181895	1512.94	661.18	1528.58	687.64	3.5939	3.8461
876014190228	1511.92	656.61	1531.28	680.41	3.5895	3.8340
876014198568	1514.88	670.16	1532.36	679.24	3.6033	3.8361
876014206901	1508.98	667.73	1530.89	682.35	3.5860	3.8436
876014215234	1505.59	669.00	1525.24	682.48	3.5936	3.8417
876014223568	1511.91	673.08	1530.69	682.31	3.5845	3.8441
876014231900	1507.37	676.53	1523.55	678.87	3.6035	3.8410
876014240234	1511.87	668.40	1523.91	688.06	3.5867	3.8314
876014248568	1508.12	663.27	1524.24	684.04	3.5846	3.8388
876014256899	1515.78	658.82	1522.26	683.88	3.5651	3.8477
876014265233	1513.88	668.98	1532.63	682.42	3.5704	3.8288
876014273566	1511.74	666.98	1522.25	685.11	3.5929	3.8395
876014281900	1512.13	666.34	1527.01	678.50	3.5687	3.8227
876014290233	1511.93	669.47	1523.00	681.31	3.5864	3.8219
876014298566	1514.86	649.67	1526.57	685.77	3.5790	3.8234
876014306900	1520.09	654.52	1523.97	682.82	3.5742	3.8192
876014315233	1518.63	663.34	1526.81	681.14	3.5902	3.8214
876014323567	1523.04	659.63	1534.37	688.79	3.5927	3.8250
876014331905	1517.04	648.93	1525.38	682.36	3.5665	3.8326
876014340237	1519.70	651.36	1529.21	687.57	3.5782	3.8260
876014348571	1518.20	667.93	1520.20	688.15	3.5814	3.8368
876014356903	1511.65	656.79	1519.92	681.04	3.5841	3.8290
876014365237	1515.19	654.26	1523.27	691.23	3.5806	3.8444
876014373571	1520.30	662.39	1522.66	683.55	3.5945	3.8280
876014381903	1510.16	659.82	1516.33	689.35	3.5835	3.8361
876014390237	1515.46	675.96	1518.30	685.24	3.6056	3.8401
876014398570	1517.71	666.42	1522.68	677.55	3.5921	3.8280
876014406904	1512.85	674.34	1522.92	683.76	3.5957	3.8262
876014415237	1513.90	665.84	1528.58	681.09	3.5970	3.8350
876014423569	1509.66	666.05	1532.46	680.99	3.5848	3.8279
876014431903	1508.79	669.36	1521.64	677.74	3.5932	3.8236
876014440236	1489.73	665.25	1505.90	676.35	3.5868	3.8540
876014448570	1476.14	674.89	1492.14	672.56	3.6124	3.8246
876014456907	1486.37	648.10	1496.56	676.99	3.5649	3.8453
876014465240	1481.91	666.91	1492.83	677.45	3.6059	3.8429
876014473573	1481.35	664.66	1496.01	675.83	3.5899	3.8433
876014481906	1474.86	670.87	1493.80	674.94	3.6240	3.8416
876014490240	1475.53	683.98	1492.67	682.84	3.6134	3.8488
876014498572	1480.90	672.30	1490.84	679.19	3.6014	3.8573
876014506905	1474.25	676.19	1495.03	674.96	3.5962	3.8502
876014515239	1476.72	677.04	1494.34	673.87	3.6073	3.8496
876014523572	1477.94	665.46	1497.92	675.15	3.5959	3.8374
876014531906	1480.07	674.84	1492.29	674.24	3.6007	3.8501
876014540239	1474.01	661.36	1496.77	680.77	3.5767	3.8558
876014548572	1474.89	665.86	1500.02	691.42	3.6060	3.8566
876014556906	1480.77	659.04	1491.68	670.38	3.5886	3.8373
876014565239	1481.56	658.55	1498.20	668.95	3.5732	3.8358
876014573572	1477.37	678.69	1496.99	678.71	3.6047	3.8464
876014581905	1476.14	661.88	1498.65	666.27	3.5832	3.8365
876014590243	1474.77	667.41	1496.14	677.61	3.5852	3.8532
876014598576	1473.49	678.82	1490.57	666.45	3.6031	3.8435
876014606909	1470.89	661.72	1489.21	675.46	3.5875	3.8450
876014615243	1475.20	657.70	1493.65	675.40	3.5795	3.8360
876014623576	1478.33	658.64	1487.09	688.09	3.6006	3.8470
876014631909	1472.31	675.78	1487.23	689.92	3.6064	3.8518
876014640243	1473.62	664.66	1493.51	677.62	3.5839	3.8558
876014648576	1476.24	669.31	1493.91	678.59	3.5932	3.8477
876014656909	1470.33	672.92	1498.40	676.11	3.5992	3.8478
876014665242	1476.10	667.89	1493.33	686.32	3.5833	3.8645
876014673575	1476.39	682.02	1499.25	683.20	3.6002	3.8588
876014681909	1472.73	675.39	1495.23	679.18	3.5967	3.8458
876014690242	1471.42	679.99	1493.94	691.94	3.6115	3.8477
876014698575	1451.08	661.98	1472.76	675.68	3.5825	3.8353
876014706909	1415.76	646.35	1441.32	670.60	3.5875	3.8397
876014715242	1446.11	654.60	1456.20	673.69	3.6009	3.8412
876014723580	1435.52	652.06	1455.84	671.46	3.5722	3.8469
876014731913	1435.12	654.15	1446.65	673.65	3.5862	3.8368
876014740246	1430.73	666.43	1453.64	671.93	3.6073	3.8441
876014748579	1430.25	662.53	1455.32	674.30	3.6088	3.8363
876014756912	1437.52	658.01	1445.55	680.03	3.5943	3.8416
876014765246	1429.87	653.87	1453.51	665.38	3.5934	3.8318
876014773579	1435.70	652.89	1453.94	675.78	3.5663	3.8447
876014781913	1431.46	649.51	1455.19	669.81	3.5904	3.8471
876014790246	1432.46	658.04	1443.98	673.15	3.5983	3.8398
876014798579	1435.54	661.67	1453.96	675.76	3.5950	3.8443
876014806913	1437.16	663.34	1450.75	678.00	3.6042	3.8565
