t	gaze_point_LX	gaze_point_LY	gaze_point_RX	gaze_point_RY	pupil_diameter_L	pupil_diameter_R
2418161191728	1091.22	683.67	1089.02	711.53	3.3510	3.6483
2418161200061	1095.60	686.19	1092.31	677.36	3.3441	3.5952
2418161208395	1096.14	678.33	1096.54	693.95	3.3278	3.6056
2418161216728	1092.83	671.12	1094.18	700.39	3.3165	3.5914
2418161225061	1109.92	671.02	1129.63	729.15	3.3029	3.6397
2418161233395	1215.22	723.24	1218.08	723.18	3.4125	3.6711
2418161241729	1271.00	659.57	1278.84	724.51	3.3164	3.6209
2418161250063	1254.30	683.23	1262.72	739.08	3.3372	3.6319
2418161258397	1271.45	702.17	1259.03	744.49	3.3542	3.5994
2418161266730	1276.50	725.45	1268.22	742.86	3.3639	3.5698
2418161275062	1280.81	756.95	1277.19	749.37	3.3889	3.5537
2418161283395	1280.57	826.68	NaN	NaN	3.3583	NaN
2418161291729	1336.06	1264.07	NaN	NaN	3.4735	NaN
2418161300062	NaN	NaN	NaN	NaN	NaN	NaN
2418161308396	NaN	NaN	NaN	NaN	NaN	NaN
2418161316728	NaN	NaN	NaN	NaN	NaN	NaN
2418161325062	NaN	NaN	NaN	NaN	NaN	NaN
2418161333395	NaN	NaN	NaN	NaN	NaN	NaN
2418161341728	NaN	NaN	NaN	NaN	NaN	NaN
2418161350062	NaN	NaN	NaN	NaN	NaN	NaN
2418161358394	NaN	NaN	NaN	NaN	NaN	NaN
2418161366728	NaN	NaN	NaN	NaN	NaN	NaN
2418161375067	NaN	NaN	NaN	NaN	NaN	NaN
2418161383400	NaN	NaN	NaN	NaN	NaN	NaN
2418161391734	NaN	NaN	NaN	NaN	NaN	NaN
2418161400067	NaN	NaN	NaN	NaN	NaN	NaN
2418161408400	NaN	NaN	NaN	NaN	NaN	NaN
2418161416733	NaN	NaN	NaN	NaN	NaN	NaN
2418161425067	1306.33	889.57	NaN	NaN	3.3382	NaN
2418161433400	1270.90	812.23	NaN	NaN	3.3535	NaN
2418161441733	1271.31	760.44	NaN	NaN	3.3734	NaN
2418161450066	1278.46	752.93	NaN	NaN	3.4381	NaN
2418161458399	1278.51	737.39	NaN	NaN	3.4365	NaN
2418161466733	1273.64	751.95	NaN	NaN	3.4295	NaN
2418161475066	1285.00	786.32	1269.31	829.36	3.4737	3.5692
2418161483399	1288.76	788.33	1285.89	709.52	3.4806	3.5050
2418161491734	1279.91	785.89	1271.77	713.55	3.4826	3.6326
2418161500068	1286.28	739.75	1278.65	718.57	3.3964	3.6300
2418161508403	1275.46	763.66	1283.10	688.42	3.4694	3.5891
2418161516736	1281.09	772.92	1269.97	758.84	3.5183	3.6121
2418161525071	1278.33	771.90	1278.37	762.40	3.5252	3.5802
2418161533404	1285.61	766.14	1285.19	796.47	3.5293	3.6524
2418161541736	1277.47	774.18	1286.97	725.99	3.5420	3.5233
2418161550071	1280.24	763.26	1280.66	746.20	3.5524	3.5643
2418161558402	1289.16	765.24	1280.22	770.73	3.5728	3.6765
2418161566736	1286.31	758.61	1278.34	771.22	3.5647	3.6885
2418161575069	1279.49	762.14	1273.35	773.47	3.5585	3.7151
2418161583402	1281.22	760.49	1275.66	742.45	3.5771	3.6686
2418161591736	1277.47	753.98	1285.22	715.73	3.5881	3.6307
2418161600069	1280.35	762.44	1287.40	735.05	3.6032	3.6618
2418161608402	1275.87	757.58	1286.77	758.17	3.6143	3.7539
2418161616735	1283.24	757.21	1289.14	728.29	3.6241	3.6808
2418161625068	1285.71	758.05	1284.66	703.16	3.6320	3.6602
2418161633406	1288.30	748.27	1286.62	724.09	3.6399	3.6837
2418161641740	1282.84	750.52	1281.39	720.56	3.6640	3.7016
2418161650073	1287.53	749.49	1276.92	723.42	3.6598	3.7143
2418161658406	1284.90	746.42	1272.30	729.93	3.6738	3.7311
2418161666740	1284.06	751.95	1279.48	731.82	3.6828	3.7405
2418161675073	1282.42	751.27	1278.68	728.03	3.6701	3.7491
2418161683406	1279.25	760.81	1276.20	732.02	3.6927	3.7865
2418161691740	1282.24	769.67	1278.15	701.26	3.6995	3.7374
2418161700072	1282.56	732.40	1284.97	731.69	3.6253	3.7304
2418161708405	1287.53	784.22	1280.98	713.02	3.6690	3.7601
2418161716738	1298.04	881.91	NaN	NaN	3.6196	NaN
2418161725072	NaN	NaN	NaN	NaN	NaN	NaN
2418161733405	NaN	NaN	NaN	NaN	NaN	NaN
2418161741739	NaN	NaN	NaN	NaN	NaN	NaN
2418161750071	NaN	NaN	NaN	NaN	NaN	NaN
2418161758405	NaN	NaN	NaN	NaN	NaN	NaN
2418161766743	NaN	NaN	NaN	NaN	NaN	NaN
2418161775076	NaN	NaN	NaN	NaN	NaN	NaN
2418161783409	NaN	NaN	NaN	NaN	NaN	NaN
2418161791743	NaN	NaN	NaN	NaN	NaN	NaN
2418161800076	NaN	NaN	NaN	NaN	NaN	NaN
2418161808409	NaN	NaN	NaN	NaN	NaN	NaN
2418161816743	NaN	NaN	NaN	NaN	NaN	NaN
2418161825075	NaN	NaN	NaN	NaN	NaN	NaN
2418161833409	NaN	NaN	NaN	NaN	NaN	NaN
2418161841742	NaN	NaN	NaN	NaN	NaN	NaN
2418161850075	1442.78	892.91	NaN	NaN	3.1126	NaN
2418161858409	1318.27	867.67	NaN	NaN	3.6202	NaN
2418161866742	1297.87	802.62	1332.81	818.19	3.7698	3.6202
2418161875075	1299.70	730.46	1308.18	784.88	3.7404	3.7775
2418161883408	1300.69	759.27	1289.62	738.93	3.7343	3.8703
2418161891742	1306.09	770.31	1284.88	699.47	3.7437	3.9395
2418161900080	1309.50	791.16	1280.73	701.42	3.7941	3.9390
2418161908413	1302.27	756.16	1291.16	741.51	3.7329	3.8970
2418161916746	1306.71	780.21	1294.86	734.05	3.7804	3.8786
2418161925079	1298.72	774.61	1299.02	739.14	3.7764	3.8730
2418161933413	1297.89	747.62	1299.07	747.98	3.7324	3.8916
2418161941746	1291.21	737.97	1289.48	750.42	3.7143	3.8768
2418161950080	1293.14	758.30	1295.58	750.71	3.7608	3.8884
2418161958412	1298.91	753.54	1301.42	744.90	3.7409	3.8627
2418161966746	1296.82	754.78	1291.15	744.91	3.7406	3.8537
2418161975079	1295.35	723.60	1296.75	739.36	3.6309	3.8266
2418161983412	1306.87	775.44	1285.93	745.46	3.7141	3.8506
2418161991745	1309.18	775.01	1296.53	717.80	3.6801	3.8002
2418162000078	1304.26	773.14	1289.89	721.48	3.6655	3.8097
2418162008412	1304.98	763.41	1292.44	724.19	3.6590	3.7810
2418162016745	1303.39	751.70	1283.90	741.48	3.6382	3.7837
2418162025078	1314.59	757.05	1283.53	735.07	3.6214	3.7588
2418162033416	1308.26	760.25	1293.10	733.10	3.5890	3.7381
2418162041749	1299.74	747.59	1288.16	731.25	3.5551	3.7203
2418162050082	1297.10	748.30	1285.66	750.23	3.5344	3.7659
2418162058414	1302.20	760.50	1297.52	743.47	3.5511	3.7322
2418162066748	1304.20	762.96	1295.62	752.82	3.5651	3.7468
2418162075080	1309.85	757.10	1287.61	765.11	3.5184	3.7821
2418162083414	1303.54	754.73	1294.81	755.73	3.5248	3.7670
2418162091747	1299.19	759.06	1291.90	745.23	3.5543	3.7417
2418162100080	1301.41	756.98	1287.18	733.56	3.5174	3.7085
2418162108414	1301.71	770.64	1287.74	719.27	3.5025	3.6466
2418162116747	1329.13	778.34	1319.86	770.23	3.5043	3.6743
2418162125080	1432.50	810.57	1424.85	796.55	3.4542	3.6225
2418162133413	1487.92	835.56	1477.16	861.20	3.4200	3.6027
2418162141746	1510.59	853.05	1498.36	852.10	3.4643	3.5946
2418162150080	1494.04	840.68	1465.64	844.91	3.4315	3.5920
2418162158416	1504.67	834.55	1484.26	841.08	3.3966	3.5867
2418162166749	1508.63	839.82	1488.23	847.26	3.4010	3.5910
2418162175082	1498.73	827.55	1485.36	837.87	3.3886	3.5858
2418162183415	1499.57	843.99	1486.16	839.86	3.4175	3.5934
2418162191749	1504.14	844.70	1483.52	833.31	3.3900	3.5879
2418162200083	1512.07	846.04	1483.57	839.68	3.3940	3.5894
2418162208415	1508.98	849.32	1493.50	835.11	3.3960	3.5602
2418162216748	1498.86	853.11	1487.49	856.09	3.3977	3.5786
2418162225082	1508.02	843.63	1484.94	870.47	3.3934	3.5998
2418162233415	1507.62	843.34	1483.18	848.17	3.3988	3.5899
2418162241748	1505.95	844.46	1489.50	837.49	3.4137	3.5868
2418162250082	1502.97	831.45	1483.10	829.78	3.3801	3.5936
2418162258414	1510.74	846.35	1483.00	821.06	3.4226	3.5793
2418162266748	1515.51	854.20	1485.25	824.95	3.4179	3.5899
2418162275082	1500.53	853.58	1486.58	845.62	3.4196	3.6004
2418162283415	1510.81	835.23	1474.40	860.44	3.3956	3.5976
2418162291754	1516.78	832.88	1488.89	851.02	3.3920	3.5930
2418162300087	1510.92	852.00	1489.12	844.94	3.4117	3.6073
2418162308420	1504.90	841.31	1481.09	825.83	3.4156	3.6184
2418162316753	1518.95	829.83	1485.48	828.63	3.3943	3.6151
2418162325087	1507.98	849.21	1490.93	845.70	3.4278	3.6149
2418162333420	1510.50	856.42	1490.22	843.22	3.4138	3.6054
2418162341753	1517.33	844.14	1479.81	845.37	3.4072	3.6379
2418162350086	1514.67	852.27	1492.30	835.81	3.4345	3.6326
2418162358420	1507.09	856.07	1485.10	832.16	3.4288	3.6476
2418162366753	1520.03	860.96	1483.35	834.78	3.4687	3.6574
2418162375087	1517.79	836.18	1491.82	856.63	3.4252	3.6559
2418162383419	1513.98	841.08	1488.17	840.29	3.4541	3.6626
2418162391752	1511.76	843.77	1496.15	824.38	3.4495	3.6566
2418162400085	1503.93	835.55	1489.28	836.34	3.4393	3.6820
2418162408419	1497.80	843.38	1484.74	840.74	3.4532	3.6699
2418162416752	1508.75	844.16	1485.52	835.90	3.4701	3.6749
2418162425090	1501.49	851.77	1480.02	833.29	3.4727	3.6759
2418162433423	1506.29	848.77	1482.58	847.96	3.4664	3.6818
2418162441757	1498.60	849.98	1481.97	843.39	3.4319	3.6722
2418162450090	1498.79	849.63	1490.33	846.17	3.4658	3.6946
2418162458424	1508.21	843.03	1497.05	846.77	3.4638	3.7050
2418162466756	1509.02	844.93	1498.11	837.25	3.4673	3.7097
2418162475089	1516.16	848.35	1497.94	827.76	3.4781	3.6931
2418162483422	1508.04	843.98	1490.93	813.75	3.4605	3.6720
2418162491756	1516.71	850.74	1496.25	828.89	3.4791	3.6986
2418162500091	1514.31	845.60	1500.02	829.43	3.4663	3.6792
2418162508424	1516.62	847.87	1513.67	839.84	3.4781	3.6868
2418162516756	1579.63	803.48	1556.11	790.48	3.4776	3.6844
2418162525091	1575.99	781.24	1560.79	779.50	3.4616	3.6828
2418162533425	1559.31	786.61	1551.55	756.54	3.5226	3.6510
2418162541756	1555.00	812.62	1557.39	778.00	3.5409	3.6928
2418162550095	1561.60	805.29	1562.72	778.75	3.5258	3.6588
2418162558429	1559.81	794.51	1566.13	781.03	3.5224	3.6846
2418162566762	1565.89	798.83	1566.44	777.76	3.4897	3.6809
2418162575095	1565.75	795.82	1543.66	777.52	3.4940	3.7041
2418162583429	1558.14	798.61	1547.31	755.76	3.5394	3.6699
2418162591762	1577.33	782.13	1549.71	785.38	3.4888	3.6752
2418162600097	1575.64	795.29	1538.48	776.55	3.4953	3.6830
2418162608430	1571.44	780.38	1543.31	762.45	3.4917	3.6905
2418162616764	1574.30	769.29	1548.86	749.42	3.4706	3.6579
2418162625095	1574.64	786.45	1555.85	758.84	3.4966	3.6388
2418162633428	1577.80	767.62	1554.59	774.57	3.4603	3.6554
2418162641761	1574.75	780.01	1558.80	770.37	3.4610	3.6322
2418162650094	1566.12	808.11	1572.54	738.27	3.5281	3.6025
2418162658428	1570.06	775.81	1556.60	756.29	3.4544	3.6253
2418162666761	1561.24	788.66	1547.63	755.00	3.5078	3.6308
2418162675094	1564.04	790.05	1548.07	753.33	3.5074	3.5977
2418162683428	1574.88	780.65	1553.70	768.02	3.4643	3.5925
2418162691762	1585.73	786.47	1571.10	745.98	3.4871	3.5650
2418162700095	1577.05	796.97	1569.69	754.53	3.4899	3.5612
2418162708429	1564.51	795.57	1559.26	757.65	3.4829	3.5862
2418162716762	1571.62	796.32	1547.04	754.20	3.4739	3.5760
2418162725094	1573.77	790.30	1544.00	759.64	3.4408	3.5841
2418162733428	1578.26	795.44	1544.75	775.11	3.4500	3.5927
2418162741761	1581.34	788.02	1546.02	775.52	3.4494	3.5442
2418162750094	1579.12	792.00	1557.28	787.88	3.4892	3.5513
2418162758429	1581.84	779.83	1553.89	772.36	3.4310	3.5415
2418162766763	1576.61	792.04	1553.27	792.55	3.4583	3.5665
2418162775096	1578.29	793.91	1548.13	778.36	3.4576	3.5423
2418162783430	1573.89	789.05	1543.89	787.47	3.4470	3.5581
2418162791763	1572.80	787.57	1536.53	795.06	3.4439	3.5520
2418162800096	1573.28	793.12	1553.18	746.90	3.4467	3.4924
2418162808429	1577.74	790.20	1539.64	781.73	3.4468	3.5713
2418162816768	1583.96	773.97	1548.23	776.15	3.3993	3.5544
2418162825101	1587.39	755.20	1546.88	774.69	3.3780	3.5526
2418162833435	1612.89	717.13	1610.74	726.27	3.3802	3.5549
2418162841767	1597.46	676.67	1586.18	672.81	3.3774	3.5124
2418162850101	1592.91	663.69	1572.36	696.94	3.3799	3.5359
2418162858435	1607.73	656.35	1575.36	666.21	3.3452	3.4985
2418162866768	1604.43	660.18	1574.99	668.17	3.3508	3.5377
2418162875101	1615.14	647.80	1582.14	678.29	3.3161	3.4893
2418162883434	1607.47	660.81	1577.17	691.49	3.3529	3.4909
2418162891767	1609.57	661.54	1577.39	683.28	3.3481	3.4810
2418162900100	1611.96	667.35	1577.64	686.81	3.3422	3.4861
2418162908433	1611.93	667.90	1577.02	678.56	3.3582	3.4621
2418162916767	1610.26	668.39	1578.75	669.80	3.3489	3.4958
2418162925100	1604.36	669.10	1581.20	649.88	3.3412	3.4539
2418162933433	1603.31	649.17	1562.83	672.11	3.3192	3.4837
2418162941766	1601.06	653.99	1560.43	689.70	3.3370	3.5090
2418162950105	1598.77	654.93	1570.26	678.38	3.3339	3.4553
2418162958439	1592.34	641.69	1579.99	670.50	3.2899	3.4430
2418162966772	1601.21	649.86	1591.39	668.57	3.3157	3.4367
2418162975105	1606.99	663.68	1585.24	695.91	3.3373	3.4888
2418162983438	1599.20	675.09	1574.86	680.95	3.3314	3.4493
2418162991770	1585.93	665.81	1560.42	674.68	3.3049	3.4400
2418163000104	1593.70	675.04	1572.40	689.86	3.3513	3.4932
2418163008437	1602.12	654.64	1590.43	663.07	3.2935	3.4536
2418163016771	1603.82	651.35	1581.93	647.65	3.3066	3.4344
2418163025104	1593.87	646.45	1573.81	641.86	3.2869	3.4245
2418163033437	1593.68	643.32	1574.63	657.07	3.2815	3.4381
2418163041771	1603.90	647.00	1575.48	661.27	3.2996	3.4453
2418163050104	1605.70	659.84	1592.39	645.33	3.3208	3.4249
2418163058437	1600.55	650.09	1579.88	660.63	3.2976	3.4551
2418163066770	1597.64	650.95	1575.62	669.35	3.3040	3.4542
2418163075108	1590.54	667.56	1572.55	659.06	3.3258	3.4438
2418163083441	1588.66	662.73	1569.00	652.02	3.3044	3.4006
2418163091774	1587.21	662.59	1567.70	672.80	3.3277	3.4475
2418163100108	1595.99	649.58	1568.37	659.85	3.2863	3.4186
2418163108441	1596.95	659.18	1571.82	665.71	3.3082	3.4440
2418163116775	1593.77	648.88	1564.88	663.35	3.2971	3.4511
2418163125108	1593.94	642.58	1580.70	656.23	3.2799	3.4202
2418163133441	1597.59	645.67	1575.13	658.82	3.3021	3.4056
2418163141774	1592.97	648.72	1570.37	685.45	3.3054	3.4514
2418163150107	1594.10	639.56	1574.29	679.66	3.3053	3.4201
2418163158440	1594.99	641.18	1574.24	667.83	3.2925	3.4106
2418163166773	1593.14	643.93	1569.00	678.85	3.2891	3.4349
2418163175107	1593.81	652.11	1568.97	677.53	3.3127	3.4384
2418163183440	1562.76	650.90	1544.27	701.04	3.2976	3.5026
2418163191773	1412.86	674.98	1428.94	706.68	3.3577	3.5265
2418163200107	1279.45	705.95	1306.78	701.54	3.4103	3.5568
2418163208445	1172.39	695.19	1204.38	718.80	3.3239	3.5413
2418163216778	1085.76	637.90	1123.88	709.36	3.2280	3.5596
2418163225111	949.81	651.91	1000.41	653.18	3.2398	3.4953
2418163233445	982.96	674.02	1000.84	683.17	3.2768	3.5176
2418163241778	981.91	651.62	999.82	660.58	3.2546	3.5070
2418163250111	969.30	656.81	994.57	695.54	3.2773	3.5751
2418163258444	974.28	655.16	995.56	671.06	3.2586	3.5072
2418163266778	988.53	661.48	997.44	675.59	3.2710	3.5413
2418163275111	985.17	637.80	987.51	665.43	3.2481	3.5209
2418163283444	986.64	648.49	995.86	677.79	3.2633	3.5496
2418163291778	976.65	641.40	995.44	666.17	3.2481	3.5179
2418163300111	982.16	652.39	992.40	674.67	3.2512	3.5195
2418163308444	985.90	652.54	994.41	689.48	3.2494	3.5410
2418163316777	979.31	635.00	995.35	661.10	3.2534	3.5215
2418163325110	987.68	654.00	998.31	680.55	3.2545	3.5516
2418163333443	984.76	655.49	996.24	675.87	3.2563	3.5326
2418163341779	982.16	644.93	996.03	655.96	3.2543	3.5358
2418163350113	978.32	648.38	992.85	676.14	3.2461	3.5270
2418163358447	977.54	635.83	994.34	682.91	3.2394	3.5674
2418163366780	979.42	649.19	1004.71	681.94	3.2597	3.5885
2418163375113	975.99	665.67	1003.48	697.30	3.2502	3.6181
2418163383445	983.48	667.65	998.61	679.58	3.2730	3.5576
2418163391780	981.06	647.95	985.01	662.83	3.2296	3.5424
2418163400113	985.36	660.39	999.11	654.21	3.2542	3.5372
2418163408446	992.66	669.59	1001.55	668.99	3.3080	3.5446
2418163416779	971.86	636.14	1002.90	694.05	3.2278	3.5842
2418163425111	982.75	636.53	987.53	677.63	3.2582	3.5587
2418163433444	987.99	628.22	1005.26	671.16	3.2506	3.5454
2418163441777	979.77	648.41	992.27	676.61	3.2794	3.5898
2418163450110	987.94	642.53	1007.51	667.46	3.2731	3.5665
2418163458446	987.18	643.26	992.22	666.63	3.2563	3.5441
2418163466778	982.93	641.23	992.44	673.00	3.2468	3.5468
2418163475115	997.61	652.12	1005.58	682.25	3.2852	3.5986
2418163483449	987.03	653.23	996.22	689.90	3.2727	3.5822
2418163491781	972.18	637.38	994.28	679.96	3.2413	3.5696
2418163500114	985.19	643.36	993.17	652.44	3.2836	3.5442
2418163508450	991.92	649.59	997.96	651.82	3.2707	3.5308
2418163516781	985.31	669.95	999.80	660.53	3.3010	3.5627
2418163525115	989.46	655.01	998.93	676.67	3.2827	3.5940
2418163533448	973.80	667.69	998.81	678.88	3.2899	3.5622
2418163541781	993.30	644.14	994.26	673.89	3.2925	3.5977
2418163550114	980.90	667.99	997.45	670.35	3.2960	3.5665
2418163558448	978.36	655.06	999.08	671.73	3.3268	3.5599
2418163566781	976.58	658.34	1005.84	685.14	3.3108	3.5995
2418163575114	978.14	643.21	1004.97	682.97	3.2874	3.6119
2418163583447	978.52	645.55	1002.08	687.30	3.2943	3.5777
2418163591780	978.77	643.04	1000.97	684.99	3.3098	3.5777
2418163600119	971.34	646.11	998.83	689.05	3.3255	3.6068
2418163608453	992.37	669.14	1002.18	672.15	3.3386	3.6118
2418163616786	988.58	627.43	994.71	703.37	3.2750	3.6325
2418163625120	986.45	663.87	992.03	665.69	3.3365	3.6167
2418163633453	980.57	638.27	997.19	684.55	3.3216	3.5910
2418163641786	974.51	665.07	1001.71	648.59	3.3539	3.6094
2418163650119	1007.31	622.83	1012.97	640.81	3.3220	3.6054
2418163658453	1016.15	581.99	1029.93	564.67	3.3569	3.5740
2418163666785	999.12	570.04	1004.76	588.46	3.3688	3.6145
2418163675118	1011.30	588.03	1011.08	600.18	3.3745	3.6067
2418163683452	1003.43	572.53	1015.31	570.56	3.3772	3.5963
2418163691785	1006.10	580.12	1011.81	578.16	3.3777	3.5963
2418163700119	1003.91	558.96	1011.45	561.23	3.3618	3.5873
2418163708452	1014.66	581.27	1012.07	574.78	3.3900	3.6067
2418163716785	1005.69	552.08	1010.64	558.58	3.3587	3.6158
2418163725119	1008.80	574.01	1015.99	560.19	3.3654	3.6164
2418163733454	1009.41	561.43	1015.86	600.83	3.3665	3.6368
2418163741788	1006.41	562.96	1011.50	588.79	3.3687	3.6339
2418163750121	1007.64	578.43	1005.93	566.61	3.4025	3.5854
2418163758453	1003.89	574.21	1010.12	560.46	3.4037	3.6281
2418163766787	1002.88	570.18	1012.80	548.27	3.4080	3.6074
2418163775120	1009.05	586.93	1003.23	564.89	3.4091	3.6309
2418163783454	1005.83	584.90	1012.72	560.74	3.4210	3.6314
2418163791787	1008.15	560.83	1007.96	542.63	3.3897	3.6248
2418163800120	1003.67	569.61	1007.17	548.69	3.4402	3.6200
2418163808453	1003.13	575.02	1011.09	556.42	3.4236	3.6341
2418163816787	1009.28	551.22	1010.02	553.04	3.3856	3.6408
2418163825121	1014.87	583.14	1007.36	544.38	3.4250	3.6424
2418163833453	993.21	579.23	1012.03	560.66	3.4069	3.6382
2418163841786	1003.18	573.50	1010.68	586.39	3.4242	3.6818
2418163850119	1008.62	576.67	1018.10	569.80	3.4285	3.6785
2418163858453	1003.91	580.88	1013.54	543.25	3.4152	3.6327
2418163866791	1001.15	570.73	1011.01	559.33	3.4151	3.6181
2418163875125	1003.45	573.90	1013.44	576.05	3.4114	3.6492
2418163883457	1003.57	594.12	1015.49	582.88	3.4217	3.6713
2418163891791	1016.68	563.33	1022.61	561.26	3.3951	3.6318
2418163900125	1006.29	564.71	1012.34	550.42	3.3893	3.6245
2418163908458	996.46	575.87	1001.42	545.69	3.3990	3.6315
2418163916791	999.51	576.79	1014.06	540.21	3.4067	3.6345
2418163925123	1002.57	574.57	1018.45	531.67	3.4164	3.6227
2418163933456	1007.64	560.24	1008.62	533.69	3.4079	3.6099
2418163941792	1003.56	582.43	1007.12	547.04	3.4146	3.6305
2418163950126	1005.73	576.72	1013.61	540.53	3.4139	3.6293
2418163958459	995.93	583.01	1020.41	537.97	3.4276	3.6241
2418163966792	1004.09	553.31	1010.06	545.84	3.3835	3.6254
2418163975125	1003.67	575.52	1008.49	554.90	3.3983	3.6407
2418163983459	1000.04	576.69	1013.21	549.61	3.4149	3.6220
2418163991797	1011.82	574.12	1008.67	550.01	3.4021	3.6170
2418164000131	1004.45	564.70	1026.06	569.77	3.3901	3.6437
2418164008462	1071.85	497.72	1076.89	455.27	3.4313	3.6556
2418164016796	1076.07	474.72	1086.21	455.58	3.4241	3.6236
2418164025129	1066.30	448.45	1068.91	442.09	3.4409	3.6601
2418164033463	1075.01	445.42	1083.99	441.34	3.4507	3.6172
2418164041796	1072.89	463.59	1073.18	450.42	3.4397	3.6519
2418164050129	1071.56	466.96	1079.85	440.58	3.4522	3.6416
2418164058462	1083.63	472.85	1094.27	447.06	3.4500	3.6433
2418164066796	1076.57	453.61	1064.87	430.57	3.4389	3.6389
2418164075129	1065.80	447.29	1087.58	429.83	3.4454	3.6369
2418164083463	1077.18	441.34	1083.72	434.14	3.4489	3.6426
2418164091795	1074.23	456.38	1069.85	418.99	3.4441	3.6361
2418164100128	1080.45	458.22	1093.94	430.08	3.4548	3.6340
2418164108462	1078.29	455.66	1087.10	448.33	3.4568	3.6542
2418164116795	1073.12	455.20	1072.67	448.72	3.4530	3.6385
2418164125132	1082.35	457.01	1084.71	434.90	3.4578	3.6424
2418164133465	1072.17	446.62	1091.97	423.55	3.4623	3.6467
2418164141799	1072.81	449.56	1087.09	438.18	3.4546	3.6550
2418164150133	1076.09	465.26	1076.84	448.08	3.4560	3.6523
2418164158466	1075.03	471.62	1079.03	424.55	3.4813	3.6519
2418164166799	1070.01	464.26	1080.48	411.58	3.4494	3.6602
2418164175131	1077.48	467.00	1082.48	420.98	3.4769	3.6504
2418164183464	1080.60	462.22	1094.98	432.47	3.4868	3.6420
2418164191798	1084.28	466.50	1080.04	435.35	3.4904	3.6530
2418164200131	1079.96	463.96	1073.96	437.33	3.4832	3.6537
2418164208465	1078.74	461.53	1068.81	433.14	3.4819	3.6488
2418164216798	1072.09	463.44	1072.48	440.72	3.4764	3.6559
2418164225131	1070.64	461.52	1075.88	443.70	3.4634	3.6446
2418164233465	1075.13	463.52	1085.46	442.38	3.4753	3.6323
2418164241798	1081.25	455.00	1088.67	447.69	3.4761	3.6671
2418164250131	1078.38	447.68	1087.86	449.85	3.4833	3.6768
2418164258471	1075.52	445.30	1084.65	447.26	3.4810	3.6790
2418164266804	1073.54	447.78	1079.29	446.52	3.4915	3.6748
2418164275137	1075.23	448.88	1081.15	444.57	3.4924	3.6684
2418164283471	1071.39	451.85	1081.61	436.47	3.4978	3.6738
2418164291804	1066.30	455.47	1071.89	426.96	3.4836	3.6647
2418164300137	1076.27	461.74	1068.20	414.93	3.4989	3.6697
2418164308470	1072.04	466.64	1070.29	425.07	3.4821	3.6673
2418164316804	1069.76	469.25	1083.58	445.13	3.5002	3.6533
2418164325137	1076.84	458.26	1090.12	444.05	3.4837	3.6800
2418164333471	1076.95	461.31	1076.27	446.45	3.4958	3.6732
2418164341803	1072.16	464.16	1073.54	445.41	3.5092	3.6635
2418164350136	1084.02	457.74	1079.50	448.08	3.5149	3.6709
2418164358470	1075.56	452.17	1077.53	445.31	3.4961	3.6664
2418164366803	1071.28	453.75	1077.28	442.17	3.5156	3.6596
2418164375136	1090.10	454.19	1078.93	435.35	3.4939	3.6693
2418164383469	1066.69	450.01	1075.71	427.49	3.5128	3.6788
2418164391805	1082.53	444.89	1080.56	421.98	3.4869	3.6747
2418164400139	1087.98	451.72	1080.27	416.21	3.5019	3.6642
2418164408473	1065.02	449.69	1084.11	426.37	3.5180	3.6681
2418164416806	1097.99	455.47	1118.75	434.67	3.5205	3.6788
2418164425139	1253.15	479.11	1249.79	462.74	3.5418	3.6910
2418164433471	1343.98	491.83	1360.39	466.70	3.5378	3.6679
2418164441805	1431.23	492.61	1443.40	458.87	3.5412	3.6328
2418164450140	1489.68	477.99	1506.88	450.11	3.5374	3.6388
2418164458474	1535.11	491.49	1549.56	445.58	3.5577	3.6304
2418164466807	1522.16	491.37	1509.14	458.06	3.5615	3.6432
2418164475140	1528.94	487.69	1531.22	461.63	3.5607	3.6449
2418164483472	1519.39	492.55	1510.81	466.22	3.5611	3.6486
2418164491807	1510.00	491.19	1516.35	470.37	3.5639	3.6388
2418164500140	1513.48	495.93	1521.95	476.64	3.5521	3.6424
2418164508471	1517.24	508.29	1526.41	485.73	3.5646	3.6620
2418164516809	1525.09	508.98	1527.18	475.38	3.5747	3.6671
2418164525143	1531.37	489.10	1526.59	454.46	3.5531	3.6403
2418164533476	1527.70	486.35	1530.99	448.92	3.5638	3.6274
2418164541810	1534.42	481.18	1527.44	460.46	3.5504	3.6505
2418164550143	1531.80	485.76	1529.41	471.27	3.5627	3.6534
2418164558476	1530.44	495.60	1519.53	473.65	3.5518	3.6565
2418164566811	1521.98	497.86	1526.99	471.43	3.5656	3.6629
2418164575144	1521.06	511.24	1527.90	466.14	3.5858	3.6545
