t	gaze_point_LX	gaze_point_LY	gaze_point_RX	gaze_point_RY	pupil_diameter_L	pupil_diameter_R
6878579747	1254.81	668.48	1300.24	712.56	2.8230	2.8466
6878588081	1242.76	701.34	1307.48	704.40	2.9069	2.8381
6878596414	1243.25	664.75	1304.97	699.48	2.8100	2.8291
6878604747	1251.80	694.20	1299.10	704.10	2.8649	2.8401
6878613080	1238.42	671.31	1305.65	695.17	2.8004	2.8549
6878621414	1255.50	736.18	1314.03	691.82	2.9282	2.8368
6878629753	1307.84	662.69	1344.69	684.84	2.7984	2.8647
6878638085	1309.84	654.98	1351.45	671.89	2.8142	2.8883
6878646418	1300.61	652.30	1329.05	677.16	2.8083	2.8700
6878654751	1304.21	668.61	1325.16	680.46	2.8387	2.8826
6878663084	1301.82	668.72	1329.11	684.14	2.8111	2.8953
6878671418	1295.26	649.94	1330.78	680.31	2.8194	2.8722
6878679751	1304.38	663.51	1328.87	677.51	2.8203	2.8631
6878688084	1307.13	654.91	1326.82	683.51	2.8145	2.8782
6878696418	1282.79	684.59	1327.39	690.88	2.8935	2.8782
6878704751	1294.93	663.44	1327.68	686.02	2.8461	2.8662
6878713085	1310.19	650.91	1331.90	687.30	2.8206	2.8678
6878721418	1298.39	661.89	1339.70	685.57	2.8342	2.8748
6878729751	1293.49	657.18	1338.29	688.76	2.8225	2.8668
6878738083	1311.37	668.28	1340.58	693.11	2.8559	2.8597
6878746417	1288.18	657.69	1325.56	672.79	2.8341	2.8318
6878754755	1245.96	675.39	1279.60	679.74	2.8438	2.8476
6878763087	1257.71	660.70	1279.09	685.30	2.8306	2.8666
6878771421	1266.46	661.10	1291.66	682.72	2.8064	2.8673
6878779754	1264.74	655.78	1287.14	672.59	2.7924	2.8555
6878788087	1254.29	661.29	1293.13	675.32	2.8052	2.8705
6878796421	1262.13	652.65	1298.04	682.16	2.8083	2.8724
6878804754	1266.62	653.32	1294.61	676.77	2.8174	2.8622
6878813087	1259.09	658.84	1304.76	673.90	2.8145	2.8720
6878821420	1263.98	682.26	1306.95	680.09	2.8638	2.8678
6878829753	1256.28	652.21	1294.46	683.51	2.8011	2.8670
6878838087	1256.57	667.45	1304.84	678.72	2.8749	2.8709
6878846420	1260.99	639.05	1295.60	689.10	2.8302	2.8829
6878854753	1266.67	652.31	1305.33	675.61	2.8152	2.8676
6878863086	1253.98	635.35	1302.60	688.20	2.8053	2.8831
6878871420	1257.18	645.89	1300.12	695.78	2.8440	2.8831
6878879754	1260.67	626.77	1299.54	693.17	2.8330	2.8932
6878888093	1264.90	635.23	1296.48	699.58	2.8514	2.8856
6878896427	1257.27	616.49	1290.64	699.78	2.8425	2.8911
6878904760	1267.70	641.22	1300.66	693.00	2.8579	2.8886
6878913092	1258.50	622.48	1290.77	694.06	2.8477	2.9007
6878921426	1248.04	634.79	1293.81	693.29	2.8475	2.8898
6878929759	1261.00	644.19	1304.21	683.35	2.8569	2.9104
6878938092	1261.10	635.74	1297.08	694.79	2.8654	2.9315
6878946426	1259.20	647.50	1303.09	687.62	2.8897	2.9111
6878954759	1265.80	658.82	1301.02	687.04	2.8785	2.9643
6878963093	1262.40	640.27	1302.70	685.56	2.8802	2.9110
6878971426	1260.85	646.55	1302.22	676.70	2.8679	2.9075
6878979759	1254.53	658.25	1290.97	684.52	2.8995	2.9242
6878988092	1260.23	641.35	1289.92	685.79	2.8859	2.9155
6878996425	1261.41	650.67	1297.85	687.88	2.8960	2.9530
6879004759	1250.22	644.54	1292.48	689.36	2.8732	2.9530
6879013091	1262.44	648.37	1295.40	688.89	2.9128	2.9507
6879021428	1262.71	643.92	1284.72	682.55	2.8826	2.9527
6879029761	1262.17	651.66	1291.84	677.96	2.9291	2.9661
6879038094	1246.58	629.28	1292.35	690.24	2.9208	2.9643
6879046428	1265.13	651.97	1296.39	691.72	2.9214	2.9890
6879054761	1255.69	629.01	1295.78	693.05	2.9379	2.9771
6879063094	1258.01	641.87	1294.05	691.98	2.9851	2.9796
6879071428	1267.20	628.42	1292.57	700.63	2.9445	2.9950
6879079761	1264.25	663.47	1291.81	681.35	3.0116	2.9881
6879088094	1257.14	650.83	1289.25	696.03	2.9991	3.0241
6879096426	1261.25	673.61	1301.20	683.61	3.0407	2.9851
6879104760	1257.59	623.25	1295.77	683.79	2.9643	3.0062
6879113093	1271.54	653.13	1306.82	673.84	3.0179	2.9767
6879121427	1254.35	678.69	1297.06	672.48	3.0331	3.0311
6879129760	1254.51	644.13	1300.27	671.35	2.9681	2.9940
6879138093	1257.99	699.97	1304.66	675.34	3.0728	3.0126
6879146432	1260.94	694.16	1301.37	676.98	3.0571	3.0542
6879154766	1255.07	704.45	1294.66	666.99	3.0691	3.0211
6879163099	1262.92	679.80	1305.21	668.32	3.0114	3.0165
6879171432	1262.79	680.45	1298.95	666.21	3.0480	3.0072
6879179765	1260.33	653.62	1301.34	680.14	2.9897	3.0567
6879188098	1266.98	693.45	1296.15	677.14	3.0858	3.0383
6879196432	1280.82	683.65	1309.84	675.71	3.0649	3.0185
6879204765	1292.20	664.99	1311.13	682.20	3.0415	3.0236
6879213099	1281.19	681.46	1306.68	696.80	3.0905	3.0463
6879221431	1267.41	658.92	1307.36	694.57	3.0930	3.0303
6879229765	1263.32	684.29	1296.75	684.14	3.1118	3.0857
6879238098	1277.86	666.72	1293.69	691.76	3.1139	3.0683
6879246431	1267.98	661.77	1290.44	686.25	3.1108	3.0675
6879254765	1268.72	669.71	1297.95	694.91	3.1049	3.0910
6879263097	1273.59	639.33	1296.33	688.80	3.0575	3.0846
6879271422	1272.35	659.52	1289.78	705.52	3.1055	3.1216
6879279758	1272.74	660.08	1296.19	692.92	3.1174	3.0970
6879288100	1281.79	644.36	1291.34	709.34	3.0969	3.1237
6879296434	1280.22	665.93	1295.36	710.57	3.1167	3.1257
6879304767	1271.61	677.61	1292.60	688.93	3.1481	3.0928
6879313092	1279.54	665.07	1285.54	708.35	3.0977	3.1714
6879321425	1289.79	676.99	1292.79	690.37	3.1343	3.1288
6879329767	1273.74	694.72	1291.20	692.64	3.1476	3.1302
6879338092	1274.76	715.69	1293.19	678.71	3.1849	3.0988
6879346432	1283.48	719.31	1312.68	678.35	3.1885	3.1062
6879354766	1274.80	711.22	1298.46	708.34	3.1569	3.1472
6879363099	1282.61	720.26	1310.75	677.94	3.1394	3.1212
6879371432	1283.08	737.31	1308.05	678.72	3.1599	3.0907
6879379766	1280.21	735.54	1304.96	699.69	3.1602	3.1505
6879388099	1280.98	752.29	1303.63	679.59	3.2195	3.1015
6879396432	1276.82	717.43	1302.69	708.11	3.1759	3.1715
6879404766	1272.46	740.66	1302.94	703.40	3.2119	3.1541
6879413105	1278.65	725.33	1288.63	724.94	3.1849	3.1706
6879421439	1277.71	708.43	1298.33	704.45	3.1564	3.1477
6879429772	1283.15	705.75	1295.56	714.53	3.1865	3.1750
6879438104	1270.56	699.94	1301.64	720.12	3.1880	3.1889
6879446437	1270.68	695.21	1299.14	717.16	3.2073	3.1592
6879454771	1276.50	710.62	1294.74	713.08	3.2011	3.2019
6879463105	1265.28	684.63	1294.25	703.04	3.1452	3.1541
6879471437	1272.68	708.49	1285.40	711.14	3.1894	3.1964
6879479771	1282.04	725.57	1291.61	700.93	3.1965	3.1916
6879488104	1271.61	706.18	1280.39	700.57	3.1891	3.2088
6879496437	1272.03	732.44	1292.05	673.78	3.2188	3.1533
6879504771	1271.54	736.46	1290.41	658.53	3.2424	3.1113
6879513104	1274.74	715.90	1293.31	664.73	3.1988	3.1325
6879521436	1276.07	720.52	1298.94	679.45	3.2247	3.1639
6879529770	1283.93	729.90	1286.89	692.44	3.2253	3.1925
6879538103	1275.35	725.13	1294.65	692.33	3.2412	3.2057
6879546441	1277.01	716.82	1304.02	658.66	3.2177	3.1266
6879554774	1276.10	725.91	1294.13	682.90	3.2099	3.1446
6879563107	1278.34	729.38	1299.31	693.24	3.1897	3.1775
6879571440	1280.10	738.08	1301.18	713.68	3.2456	3.1970
6879579774	1286.18	725.04	1298.55	718.10	3.2197	3.2056
6879588107	1273.78	710.55	1293.46	732.75	3.2040	3.2151
6879596440	1272.97	706.26	1297.80	719.23	3.2249	3.1945
6879604773	1280.82	704.47	1300.73	729.04	3.1922	3.2004
6879613097	1286.67	700.17	1302.67	724.15	3.1750	3.1686
6879621439	1276.51	713.15	1299.49	731.53	3.2245	3.1969
6879629773	1294.71	693.79	1297.02	714.19	3.2000	3.1454
6879638106	1269.31	696.86	1310.88	707.55	3.1847	3.1453
6879646439	1280.51	733.17	1290.90	753.10	3.2260	3.2262
6879654764	1276.91	714.02	1283.99	761.22	3.1864	3.2361
6879663106	1281.92	927.77	1293.82	925.31	2.9155	3.1191
6879671444	NaN	NaN	1182.78	1391.14	NaN	1.1828
6879679768	NaN	NaN	NaN	NaN	NaN	NaN
6879688110	NaN	NaN	NaN	NaN	NaN	NaN
6879696442	NaN	NaN	NaN	NaN	NaN	NaN
6879704776	NaN	NaN	NaN	NaN	NaN	NaN
6879713109	NaN	NaN	NaN	NaN	NaN	NaN
6879721443	NaN	NaN	NaN	NaN	NaN	NaN
6879729776	NaN	NaN	NaN	NaN	NaN	NaN
6879738109	NaN	NaN	NaN	NaN	NaN	NaN
6879746442	NaN	NaN	NaN	NaN	NaN	NaN
6879754775	NaN	NaN	NaN	NaN	NaN	NaN
6879763109	NaN	NaN	NaN	NaN	NaN	NaN
6879771443	NaN	NaN	NaN	NaN	NaN	NaN
6879779776	NaN	NaN	NaN	NaN	NaN	NaN
6879788108	NaN	NaN	NaN	NaN	NaN	NaN
6879796442	NaN	NaN	NaN	NaN	NaN	NaN
6879804778	NaN	NaN	NaN	NaN	NaN	NaN
6879813112	NaN	NaN	NaN	NaN	NaN	NaN
6879821445	NaN	NaN	NaN	NaN	NaN	NaN
6879829779	NaN	NaN	NaN	NaN	NaN	NaN
6879838112	NaN	NaN	NaN	NaN	NaN	NaN
6879846445	NaN	NaN	NaN	NaN	NaN	NaN
6879854779	NaN	NaN	NaN	NaN	NaN	NaN
6879863112	NaN	NaN	NaN	NaN	NaN	NaN
6879871445	NaN	NaN	NaN	NaN	NaN	NaN
6879879777	1312.30	1350.74	1171.77	1289.96	3.2053	2.7415
6879888111	1281.74	1018.27	1274.20	1065.20	3.0113	3.0706
6879896444	1264.19	767.99	1272.72	896.59	2.9433	3.1834
6879904777	1260.43	648.69	1289.92	753.41	3.0820	3.2085
6879913111	1259.98	550.60	1299.81	688.57	3.1240	3.2407
6879921436	1276.76	638.72	1289.01	688.26	3.1925	3.2938
6879929777	1273.61	624.54	1298.01	710.61	3.1615	3.2128
6879938117	1279.78	757.65	1286.85	732.96	3.2614	3.2804
6879946450	1269.62	742.38	1288.83	715.44	3.2433	3.2350
6879954784	1275.82	740.16	1285.89	717.81	3.2124	3.2667
6879963116	1278.16	744.11	1286.51	724.14	3.2466	3.2631
6879971450	1275.02	726.82	1285.00	724.13	3.2106	3.2871
6879979783	1279.85	719.88	1278.61	735.98	3.2354	3.2979
6879988116	1276.80	716.13	1278.82	733.08	3.2301	3.3036
6879996450	1278.77	728.01	1276.65	703.55	3.2187	3.2723
6880004783	1283.37	753.68	1277.85	726.71	3.2782	3.3042
6880013116	1286.48	735.61	1287.94	723.01	3.2398	3.3091
6880021449	1288.06	739.04	1280.76	724.22	3.2375	3.2987
6880029783	1286.00	722.51	1293.72	702.58	3.2219	3.2390
6880038116	1288.80	736.37	1297.01	702.51	3.2419	3.2546
6880046449	1285.66	730.76	1293.68	712.38	3.2287	3.2799
6880054782	1286.97	729.65	1298.00	703.38	3.2426	3.2411
6880063115	1293.33	725.60	1287.31	726.10	3.2557	3.3009
6880071453	1284.56	726.53	1287.42	722.85	3.2336	3.2921
6880079787	1282.84	736.34	1293.46	703.30	3.2660	3.2738
6880088112	1268.79	718.43	1298.52	704.50	3.2561	3.2582
6880096453	1285.67	710.75	1298.10	733.09	3.2594	3.3148
6880104786	1278.05	666.43	1298.25	722.54	3.2006	3.2765
6880113120	1285.35	694.15	1288.16	732.85	3.2801	3.2880
6880121453	1282.84	686.20	1275.56	768.37	3.2668	3.3548
6880129786	1280.55	697.35	1285.62	732.29	3.2752	3.2788
6880138119	1278.72	696.69	1289.25	728.67	3.2399	3.2845
6880146452	1273.71	700.11	1288.31	740.96	3.2505	3.3075
6880154786	1273.73	697.95	1291.46	741.06	3.2588	3.3113
6880163118	1278.14	696.80	1273.39	743.24	3.2808	3.3342
6880171452	1274.97	703.25	1283.83	728.86	3.3075	3.3012
6880179786	1269.36	700.50	1279.97	714.63	3.2734	3.3055
6880188119	1279.87	692.84	1276.39	710.69	3.2655	3.2964
6880196456	1278.78	721.47	1278.06	725.80	3.2735	3.3317
6880204789	1271.46	734.28	1279.72	721.05	3.3193	3.3205
6880213122	1281.92	725.38	1282.56	725.89	3.2927	3.3432
6880221456	1276.31	722.76	1290.36	709.78	3.2928	3.3040
6880229788	1274.23	716.20	1296.26	715.50	3.2818	3.2935
6880238122	1273.78	719.69	1294.17	703.37	3.2969	3.2869
6880246455	1277.16	713.08	1301.69	700.98	3.2787	3.2484
6880254788	1274.02	699.53	1295.58	738.37	3.2648	3.3193
6880263122	1278.96	707.62	1301.81	719.48	3.2709	3.2698
6880271455	1280.43	693.32	1307.33	714.52	3.2612	3.2331
6880279789	1288.71	712.29	1301.31	737.41	3.2719	3.2861
6880288122	1282.73	701.59	1299.53	746.32	3.2618	3.2903
6880296455	1282.86	697.37	1293.16	744.18	3.2557	3.2740
6880304789	1284.89	693.79	1298.60	737.75	3.2094	3.2616
6880313120	1285.40	700.39	1290.75	752.97	3.2397	3.3038
6880321454	1287.01	684.53	1289.89	741.62	3.2279	3.2702
6880329793	1289.36	703.97	1297.33	741.08	3.2112	3.2469
6880338126	1281.27	695.97	1299.24	721.42	3.2177	3.2258
6880346459	1282.37	690.64	1304.65	723.14	3.2327	3.2355
6880354792	1283.00	705.24	1294.53	719.50	3.2286	3.2191
6880363126	1279.22	702.49	1291.82	705.90	3.2236	3.2084
6880371459	1272.00	711.35	1291.83	697.86	3.2434	3.1914
6880379792	1292.16	699.74	1295.38	685.08	3.1734	3.1716
6880388125	1282.42	722.56	1284.94	709.60	3.2319	3.2248
6880396459	1285.04	700.68	1285.92	683.60	3.1758	3.1887
6880404791	1277.89	722.43	1281.71	716.69	3.2713	3.2368
6880413125	1280.04	712.65	1279.26	709.23	3.1939	3.2211
6880421458	1279.70	720.13	1282.96	715.14	3.2214	3.2415
6880429791	1278.99	718.86	1277.99	726.24	3.2379	3.2522
6880438124	1278.95	710.51	1277.05	723.40	3.2081	3.2464
6880446458	1279.65	702.22	1285.59	728.20	3.2299	3.2399
6880454791	1277.22	713.59	1284.17	725.05	3.2457	3.2016
6880463129	1273.19	702.36	1284.06	743.21	3.2560	3.2375
6880471463	1283.68	699.48	1289.12	727.42	3.2445	3.2391
6880479796	1276.96	680.12	1288.11	727.66	3.1928	3.2277
6880488129	1286.69	695.85	1289.07	744.11	3.2235	3.2472
6880496462	1292.73	713.56	1291.53	743.08	3.2711	3.2459
6880504795	1278.29	698.63	1294.16	735.15	3.2323	3.2294
6880513128	1288.20	699.09	1290.33	738.43	3.1978	3.2459
6880521462	1291.15	700.97	1288.62	745.91	3.2384	3.2411
6880529796	1293.32	661.91	1284.26	752.14	3.1736	3.2689
6880538129	1292.01	720.57	1291.28	745.21	3.2791	3.2602
6880546462	1298.71	691.24	1290.71	719.15	3.2164	3.1866
6880554795	1282.49	687.97	1294.29	734.12	3.2365	3.2331
6880563128	1282.93	673.82	1296.87	735.63	3.2016	3.2360
6880571462	1293.05	717.38	1296.64	727.89	3.2547	3.2358
6880579795	1289.63	707.88	1290.75	726.42	3.2537	3.2416
6880588121	1278.59	710.64	1291.66	734.18	3.2617	3.2432
6880596463	1283.61	712.11	1293.69	703.02	3.2352	3.2343
6880604796	1288.22	724.34	1282.76	727.49	3.2496	3.2405
6880613130	1279.82	725.94	1291.06	725.49	3.2775	3.2344
6880621463	1285.12	711.87	1282.03	727.82	3.2313	3.2518
6880629796	1270.84	694.35	1293.85	719.10	3.2394	3.2135
6880638121	1286.84	691.83	1288.68	746.17	3.2201	3.2505
6880646463	1284.50	690.64	1295.61	719.10	3.2092	3.2089
6880654796	1287.47	683.52	1292.18	723.28	3.2167	3.2032
6880663129	1278.24	683.41	1282.21	737.94	3.2254	3.2581
6880671462	1284.52	695.89	1291.45	734.77	3.2269	3.2332
6880679795	1268.54	705.78	1286.91	730.50	3.2516	3.2287
6880688128	1274.13	707.52	1299.84	743.65	3.2312	3.2217
6880696462	1279.32	705.63	1287.65	727.08	3.2436	3.2190
6880704795	1280.53	698.81	1290.20	748.50	3.2232	3.2641
6880713128	1279.74	709.65	1293.22	726.11	3.2725	3.2388
6880721470	1276.68	687.00	1293.64	727.00	3.2077	3.2148
6880729803	1280.77	709.37	1291.83	723.87	3.2251	3.2450
6880738137	1284.73	706.60	1295.99	718.34	3.2328	3.2383
6880746470	1278.23	710.76	1289.99	730.33	3.2309	3.2511
6880754802	1290.34	737.15	1291.22	715.99	3.2358	3.2767
6880763135	1281.05	729.70	1290.85	705.79	3.2393	3.2549
6880771469	1271.28	719.82	1273.22	713.72	3.2362	3.2203
6880779802	1209.72	758.37	1225.74	709.80	3.2831	3.2590
6880788136	1177.60	713.41	1183.75	756.59	3.2392	3.3252
6880796469	1188.81	715.79	1199.35	744.93	3.2195	3.2644
6880804802	1209.88	719.92	1213.89	760.04	3.2378	3.2870
6880813135	1209.73	713.10	1213.48	738.00	3.2142	3.2370
6880821469	1204.01	732.63	1206.32	738.13	3.2756	3.2668
6880829802	1199.57	710.96	1199.23	753.87	3.1763	3.2888
6880838134	1197.95	716.80	1204.31	732.63	3.1887	3.2491
6880846467	1197.72	715.62	1204.39	738.80	3.2317	3.2735
6880854806	1198.14	717.61	1203.33	739.70	3.1855	3.2170
6880863140	1203.48	709.60	1200.84	730.83	3.1398	3.2365
6880871473	1212.12	729.96	1209.34	738.55	3.2098	3.2201
6880879806	1206.04	722.83	1205.74	746.86	3.1633	3.1737
6880888139	1201.96	718.35	1203.04	736.28	3.1326	3.1863
6880896472	1197.98	686.67	1202.53	745.44	3.1346	3.1806
6880904806	1188.33	683.63	1204.49	718.90	3.0901	3.0975
6880913140	1203.64	712.72	1209.83	737.74	3.1638	3.1350
6880921472	1203.68	702.73	1216.65	699.81	3.1446	3.0667
6880929805	1190.23	727.71	1212.94	750.36	3.1796	3.1419
6880938138	1191.63	682.17	1216.84	700.51	3.0647	3.0393
6880946472	1188.25	709.92	1213.28	705.88	3.1108	3.0775
6880954797	1197.66	704.49	1212.43	736.50	3.0879	3.1241
6880963138	1198.19	698.74	1218.89	711.51	3.0820	3.0605
6880971471	1193.60	701.04	1228.03	711.68	3.0674	3.0701
6880979796	1192.63	706.21	1219.36	713.05	3.1198	3.0575
6880988142	1187.33	655.29	1221.68	698.72	2.9942	2.9980
6880996467	1215.28	682.41	1240.53	695.70	3.0558	3.0264
6881004800	1285.77	693.75	1317.41	698.01	3.1632	3.0001
6881013141	1323.32	665.58	1350.17	692.39	3.0351	3.0233
6881021474	1322.03	623.89	1338.72	680.41	3.0096	3.0221
6881029808	1307.75	676.34	1331.43	688.12	3.0982	3.0300
6881038141	1306.93	693.39	1336.81	696.06	3.1292	3.0167
6881046474	1322.81	666.14	1345.15	688.06	3.0875	3.0145
6881054808	1319.70	665.71	1340.73	689.42	3.0794	3.0268
6881063141	1315.45	666.47	1353.70	677.14	3.0726	3.0339
6881071475	1319.66	678.33	1347.64	679.22	3.1016	3.0070
6881079808	1319.38	706.14	1343.42	672.06	3.0947	3.0272
6881088141	1322.95	712.76	1351.66	680.40	3.1378	3.0305
6881096474	1324.62	728.52	1344.46	669.03	3.1705	3.0609
6881104807	1315.21	722.80	1350.24	666.83	3.1382	3.0230
6881113145	1306.56	730.70	1347.07	671.74	3.1664	3.0689
6881121478	1328.70	726.02	1348.69	664.12	3.1566	3.0509
6881129811	1315.51	725.01	1347.72	669.04	3.1806	3.0500
6881138144	1321.64	726.19	1345.35	674.45	3.1495	3.0546
6881146477	1324.95	720.54	1347.09	668.72	3.1502	3.0616
6881154811	1323.24	719.54	1347.45	670.44	3.1779	3.0776
6881163144	1317.13	704.77	1335.41	668.64	3.1595	3.0673
6881171477	1328.46	713.98	1338.97	675.58	3.1935	3.0796
6881179811	1331.47	705.74	1340.08	686.61	3.1728	3.0920
6881188143	1328.93	676.48	1337.24	676.90	3.1398	3.0919
6881196477	1327.00	675.95	1339.52	672.80	3.1363	3.0875
6881204810	1325.15	700.02	1335.64	691.70	3.2018	3.1273
6881213143	1317.50	694.28	1334.14	704.23	3.1808	3.1698
6881221476	1311.77	710.50	1332.01	677.19	3.2343	3.1433
6881229810	1313.28	694.17	1328.95	704.46	3.1787	3.1537
6881238143	1392.55	708.22	1427.56	702.90	3.2388	3.1827
6881246483	1490.79	679.02	1525.49	690.41	3.1550	3.1777
6881254807	1520.23	698.88	1543.69	670.83	3.1996	3.1406
6881263149	1545.90	724.85	1550.51	673.43	3.2288	3.1601
6881271482	1520.08	734.20	1525.50	680.24	3.2773	3.1682
6881279815	1526.42	700.05	1535.19	680.04	3.2264	3.1979
6881288148	1535.08	722.10	1544.84	690.40	3.2542	3.2088
6881296481	1528.16	736.84	1546.90	681.07	3.2897	3.1896
6881304815	1537.47	724.01	1544.67	676.46	3.2448	3.1976
6881313148	1540.26	720.92	1536.05	683.09	3.2581	3.1874
6881321482	1534.59	735.76	1536.17	680.03	3.2744	3.1837
6881329815	1528.80	737.47	1548.14	684.97	3.2950	3.2052
6881338148	1541.72	723.20	1536.80	689.22	3.2537	3.2191
6881346481	1529.77	716.18	1529.85	695.96	3.2511	3.2355
6881354815	1530.83	725.85	1542.41	685.63	3.2823	3.2302
6881363139	1536.60	725.78	1534.75	700.64	3.2598	3.2478
6881371481	1525.19	731.26	1536.39	693.58	3.3021	3.2650
6881379818	1540.64	733.55	1533.88	710.58	3.2838	3.2626
6881388151	1538.76	725.33	1538.72	697.46	3.2987	3.2404
6881396484	1534.24	747.45	1535.68	694.66	3.3396	3.2606
6881404818	1539.38	723.27	1540.69	699.68	3.2951	3.2491
6881413151	1531.02	726.13	1539.18	698.88	3.2924	3.2830
6881421484	1530.23	746.83	1546.11	690.86	3.3488	3.2925
6881429809	1533.78	735.43	1541.93	701.55	3.3306	3.3142
6881438142	1528.41	733.44	1538.38	704.92	3.3648	3.3187
6881446485	1533.85	756.04	1523.19	695.55	3.3816	3.3104
6881454817	1532.23	737.50	1540.07	695.41	3.3475	3.2985
6881463150	1538.42	727.25	1542.64	700.06	3.3335	3.3244
6881471483	1528.01	751.18	1536.84	707.31	3.3376	3.3486
6881479816	1532.72	748.87	1537.77	703.50	3.3907	3.3327
6881488150	1518.93	737.57	1536.70	694.33	3.3361	3.3198
6881496475	1537.71	753.22	1537.60	703.96	3.4038	3.3501
6881504816	1530.22	752.80	1536.69	702.72	3.3800	3.3426
6881513146	1540.45	742.75	1536.80	710.13	3.4046	3.3641
6881521488	1527.21	749.77	1530.94	688.18	3.3943	3.3396
6881529822	1524.63	751.06	1544.94	699.50	3.4039	3.3614
6881538146	1529.97	748.84	1539.12	700.43	3.4346	3.3715
6881546487	1526.68	746.57	1545.30	696.19	3.4120	3.3490
6881554820	1525.58	736.09	1547.68	714.23	3.3932	3.3669
6881563154	1525.55	724.86	1533.82	731.62	3.3813	3.4465
6881571488	1529.82	744.93	1545.23	718.38	3.3948	3.3897
6881579812	1534.43	754.26	1541.02	704.19	3.4115	3.3775
6881588154	1525.43	738.88	1541.45	732.94	3.3979	3.4454
6881596487	1535.95	756.23	1543.42	725.54	3.4671	3.4164
6881604820	1519.48	725.56	1554.08	714.28	3.3872	3.3992
6881613154	1545.10	751.46	1556.81	729.16	3.4447	3.4436
6881621487	1573.41	746.79	1580.19	690.22	3.4505	3.3884
6881629819	1556.21	755.32	1578.80	698.22	3.4655	3.4100
6881638158	1552.02	715.22	1565.61	694.01	3.4209	3.3851
6881646491	1569.17	722.96	1571.07	683.56	3.4433	3.3968
6881654825	1555.37	741.56	1568.30	695.28	3.5020	3.4068
6881663158	1552.01	726.27	1573.35	695.49	3.4600	3.4161
6881671491	1562.46	723.50	1574.25	688.33	3.4552	3.4007
6881679824	1559.56	738.94	1570.28	693.94	3.4814	3.4249
6881688149	1559.09	730.52	1569.69	712.00	3.4531	3.4468
6881696491	1552.94	735.36	1568.95	704.92	3.4410	3.4221
6881704825	1554.71	763.07	1573.59	715.09	3.4886	3.4325
6881713148	1557.79	735.33	1567.85	720.52	3.4590	3.4454
6881721481	1565.59	742.57	1574.11	722.86	3.4741	3.4360
6881729823	1555.38	726.29	1577.73	738.05	3.4257	3.4400
6881738149	1553.65	735.60	1562.69	741.59	3.4399	3.4615
6881746490	1506.48	690.37	1551.28	631.45	3.4721	3.3885
6881754823	1404.26	537.75	1451.53	585.89	3.3687	3.4511
6881763157	1375.90	549.67	1394.69	566.60	3.3848	3.4646
6881771494	1337.26	497.12	1348.41	513.39	3.3505	3.4991
6881779828	1326.57	473.99	1339.38	503.01	3.3735	3.5289
6881788161	1329.31	485.18	1347.99	516.04	3.4065	3.5029
6881796494	1332.70	472.17	1348.17	506.51	3.3872	3.4795
6881804826	1325.37	459.97	1350.85	508.35	3.3809	3.4864
6881813159	1326.37	458.36	1342.34	516.25	3.3776	3.5125
6881821493	1330.81	456.28	1344.83	523.62	3.4340	3.5118
6881829827	1321.27	469.16	1354.84	516.40	3.4010	3.4769
6881838160	1325.43	461.74	1348.25	515.93	3.3804	3.5048
6881846493	1320.36	462.53	1339.53	516.88	3.4226	3.5018
6881854826	1315.21	459.00	1347.35	505.88	3.4026	3.5096
6881863160	1323.11	460.01	1343.79	506.06	3.4047	3.5404
6881871493	1323.38	448.25	1343.33	493.29	3.4012	3.4977
6881879818	1318.01	460.76	1340.41	501.81	3.3977	3.5202
6881888158	1318.76	471.79	1338.54	501.67	3.4193	3.5335
6881896492	1323.25	461.37	1344.59	506.65	3.3841	3.4939
6881904832	1321.31	467.22	1344.66	492.16	3.4251	3.5186
6881913165	1315.85	469.47	1342.83	493.03	3.4184	3.5115
6881921498	1320.04	463.83	1347.00	488.81	3.4226	3.4898
6881929831	1323.13	465.97	1343.93	491.39	3.4138	3.5237
6881938164	1327.24	466.91	1338.55	501.21	3.4181	3.5098
6881946498	1323.62	465.83	1347.96	499.54	3.4272	3.5084
6881954832	1319.53	463.80	1345.53	500.20	3.4242	3.5140
6881963165	1316.13	464.00	1346.36	507.81	3.3921	3.5255
6881971498	1330.78	451.05	1351.25	505.82	3.3938	3.5073
6881979830	1313.76	462.52	1347.60	512.76	3.4087	3.5319
6881988164	1331.17	455.95	1346.57	503.48	3.4223	3.5057
6881996497	1313.60	470.03	1343.76	513.61	3.4274	3.4928
6882004830	1320.20	456.93	1342.50	513.93	3.4133	3.4944
6882013163	1328.09	464.66	1351.42	511.71	3.4236	3.5004
6882021497	1322.78	465.58	1352.81	508.77	3.4604	3.5093
6882029834	1307.92	485.40	1351.60	518.73	3.4140	3.5198
6882038167	1297.47	535.85	1329.55	578.56	3.3736	3.4584
6882046500	1275.43	644.65	1292.80	592.47	3.4401	3.4248
6882054833	1253.71	690.24	1263.77	729.86	3.4656	3.5202
6882063165	1280.94	762.08	1278.83	760.60	3.4540	3.5224
6882071499	1296.10	762.94	1299.64	775.11	3.4926	3.5457
6882079832	1286.10	751.45	1290.46	755.62	3.5072	3.5574
6882088165	1281.64	765.61	1290.57	764.01	3.5233	3.5313
6882096499	1284.85	767.21	1283.23	769.34	3.4901	3.5041
6882104832	1287.18	778.08	1284.74	777.22	3.5144	3.5249
6882113166	1275.57	765.00	1289.95	792.86	3.4614	3.5726
6882121499	1281.53	766.56	1293.29	781.99	3.4909	3.5098
6882129832	1285.83	764.28	1295.06	788.61	3.4970	3.5214
6882138165	1294.10	755.35	1300.19	796.23	3.5009	3.5516
6882146499	1285.67	746.97	1299.35	790.19	3.4637	3.5262
6882154832	1287.57	748.86	1297.60	799.68	3.4587	3.5459
6882163170	1287.29	755.94	1297.45	801.76	3.4987	3.5684
6882171503	1286.70	770.16	1303.29	809.28	3.5053	3.5603
6882179836	1286.84	780.65	1299.75	808.08	3.4819	3.5600
6882188169	1277.60	796.22	1300.85	798.98	3.5260	3.5348
6882196495	1278.66	801.33	1301.34	800.19	3.4921	3.5384
6882204836	1275.59	720.48	1303.00	686.62	3.5595	3.4964
6882213169	1281.89	843.48	1328.40	946.97	3.3251	3.2545
6882221503	1469.04	1143.07	1214.08	1219.26	2.3062	1.9423
6882229836	NaN	NaN	NaN	NaN	NaN	NaN
6882238160	NaN	NaN	NaN	NaN	NaN	NaN
6882246493	NaN	NaN	NaN	NaN	NaN	NaN
6882254827	NaN	NaN	NaN	NaN	NaN	NaN
6882263160	NaN	NaN	NaN	NaN	NaN	NaN
6882271494	NaN	NaN	NaN	NaN	NaN	NaN
6882279835	NaN	NaN	NaN	NaN	NaN	NaN
6882288169	NaN	NaN	NaN	NaN	NaN	NaN
6882296508	NaN	NaN	NaN	NaN	NaN	NaN
6882304841	NaN	NaN	NaN	NaN	NaN	NaN
6882313175	NaN	NaN	NaN	NaN	NaN	NaN
6882321508	NaN	NaN	NaN	NaN	NaN	NaN
6882329840	NaN	NaN	NaN	NaN	NaN	NaN
6882338174	1357.38	1218.61	NaN	NaN	1.8518	NaN
6882346507	1388.75	1142.24	1483.59	1200.59	2.1268	2.3324
6882354840	1267.19	1029.20	NaN	NaN	2.8169	NaN
6882363165	1289.55	968.35	1305.57	1009.65	3.0759	3.1634
6882371507	1283.40	909.61	1299.06	912.43	3.2186	3.2646
6882379840	1292.17	837.96	1306.60	859.76	3.3804	3.4236
6882388165	1288.24	801.81	1302.22	812.60	3.5004	3.5157
6882396507	1282.31	729.32	1309.48	768.51	3.5557	3.5629
6882404840	1290.45	688.18	1315.11	748.27	3.6081	3.5600
6882413172	1275.29	634.78	1305.49	721.33	3.5778	3.5950
6882421497	1284.08	650.46	1297.55	752.49	3.6225	3.6124
6882429835	1288.16	710.06	1303.57	779.25	3.5369	3.6030
6882438177	1285.00	729.39	1303.32	793.48	3.6037	3.6185
6882446502	1292.25	744.07	1303.03	798.78	3.5596	3.5672
6882454835	1286.77	751.64	1298.96	807.08	3.5471	3.6030
6882463177	1291.95	749.15	1307.02	797.19	3.5615	3.6167
6882471510	1296.35	747.57	1301.19	797.13	3.5758	3.6073
6882479843	1286.95	745.87	1315.73	784.78	3.5621	3.5908
6882488177	1291.64	738.83	1300.29	792.27	3.5320	3.6088
6882496510	1295.94	751.13	1304.51	785.18	3.5855	3.6024
6882504842	1299.42	739.43	1297.94	777.73	3.5793	3.6132
6882513176	1294.95	734.84	1298.89	777.88	3.5549	3.6322
6882521509	1293.03	758.25	1303.62	782.34	3.6205	3.6252
6882529842	1295.12	732.03	1299.14	790.96	3.5864	3.6644
6882538175	1298.63	743.67	1300.84	787.32	3.6048	3.6204
6882546508	1295.38	753.45	1302.37	799.37	3.6380	3.6556
6882554846	1293.75	742.41	1307.55	786.44	3.5787	3.6422
6882563179	1296.62	755.69	1305.66	791.48	3.6445	3.6501
6882571512	1288.65	753.44	1311.39	773.27	3.6050	3.6086
6882579845	1300.83	759.67	1305.74	792.68	3.6336	3.6706
6882588177	1289.76	749.93	1307.29	797.44	3.5916	3.6700
6882596511	1296.11	737.04	1307.45	793.29	3.6258	3.6624
6882604844	1302.85	746.67	1300.40	803.52	3.6338	3.6752
6882613177	1306.22	729.16	1302.38	785.05	3.6065	3.6460
6882621511	1299.40	738.53	1304.93	783.84	3.6381	3.6635
6882629844	1301.62	726.02	1305.40	782.46	3.6027	3.6678
6882638177	1297.45	757.73	1301.41	772.91	3.6765	3.6652
6882646510	1297.00	733.75	1305.27	764.77	3.6506	3.6611
6882654844	1289.24	725.55	1298.58	760.59	3.6232	3.6660
6882663178	1304.59	742.53	1306.11	767.90	3.6418	3.6850
6882671511	1299.36	731.95	1301.78	769.99	3.6466	3.6826
6882679843	1294.57	729.92	1306.21	782.67	3.6253	3.7028
6882688182	1300.04	726.11	1299.45	778.00	3.6431	3.6735
6882696514	1291.63	704.91	1308.09	785.94	3.5957	3.6856
6882704848	1301.24	743.73	1301.20	782.82	3.6334	3.6847
6882713181	1300.49	744.29	1303.16	789.84	3.6302	3.6859
6882721506	1297.87	756.20	1298.26	785.50	3.6439	3.6781
6882729848	1303.08	759.13	1304.75	791.33	3.6479	3.6612
6882738181	1295.76	763.67	1308.85	798.41	3.6584	3.6956
6882746514	1258.84	758.87	1270.09	793.26	3.6432	3.6699
6882754848	1226.99	748.23	1237.85	768.72	3.6368	3.6910
6882763180	1247.52	739.54	1246.75	771.04	3.6150	3.6983
6882771513	1252.82	733.13	1256.40	776.30	3.6148	3.6865
6882779847	1252.46	735.58	1259.61	776.89	3.6046	3.6712
6882788180	1254.55	738.78	1262.13	765.44	3.6415	3.6801
6882796514	1245.28	714.98	1257.61	769.13	3.6090	3.6852
6882804847	1247.02	732.56	1249.20	765.78	3.6130	3.6669
6882813180	1246.05	720.94	1250.93	766.35	3.6049	3.6779
6882821519	1249.83	724.07	1252.24	762.14	3.5992	3.6807
6882829852	1251.57	725.00	1256.99	774.10	3.6003	3.6781
6882838185	1250.73	727.36	1257.21	767.61	3.5909	3.6621
6882846519	1247.06	739.05	1260.00	784.77	3.6141	3.6861
6882854851	1250.10	750.81	1263.29	772.99	3.6066	3.6808
6882863184	1251.41	742.79	1257.98	782.20	3.5973	3.6667
6882871518	1252.87	761.17	1266.11	771.24	3.6300	3.6692
6882879850	1242.99	741.97	1258.62	774.14	3.6122	3.6850
6882888184	1247.02	739.38	1256.96	751.07	3.5809	3.6270
6882896518	1245.56	745.56	1256.86	765.54	3.6012	3.6562
6882904843	1242.22	746.97	1254.12	765.98	3.6091	3.6570
6882913175	1254.47	749.75	1253.35	753.60	3.5764	3.6228
6882921509	1248.75	742.69	1245.00	769.56	3.6004	3.6616
6882929843	1248.84	746.72	1244.38	769.85	3.5995	3.6524
6882938175	1241.48	741.27	1248.79	757.14	3.5949	3.6405
6882946508	1249.41	756.00	1241.12	767.90	3.5856	3.6622
6882954855	1246.30	747.37	1249.42	759.93	3.5984	3.6569
6882963179	1249.28	740.24	1250.45	761.47	3.5807	3.6351
6882971522	1245.80	745.26	1241.37	761.96	3.6013	3.6206
6882979855	1249.71	737.87	1250.47	754.04	3.5876	3.6015
6882988180	1251.32	740.59	1248.45	765.65	3.5761	3.6397
6882996521	1243.40	734.31	1252.84	757.72	3.5477	3.6028
6883004846	1240.18	734.17	1255.47	760.79	3.5317	3.5990
6883013180	1253.05	731.52	1248.54	755.64	3.5457	3.6104
6883021522	1246.06	746.45	1258.82	763.44	3.5721	3.6093
6883029853	1253.60	743.03	1252.26	759.68	3.5786	3.6116
6883038187	1247.88	728.77	1249.97	755.89	3.5240	3.5967
6883046520	1249.22	747.59	1248.86	758.70	3.5808	3.5977
6883054854	1294.46	754.31	1296.08	776.72	3.5627	3.5976
6883063187	1327.01	732.03	1356.61	747.31	3.5454	3.5797
6883071520	1347.30	745.98	1350.15	748.79	3.5621	3.5734
6883079857	1327.51	754.58	1341.38	732.86	3.5697	3.5301
6883088182	1322.77	731.63	1327.02	755.96	3.5258	3.5970
6883096516	1326.55	732.68	1336.53	752.24	3.5343	3.5766
6883104849	1323.58	741.37	1332.90	764.10	3.5327	3.6192
6883113181	1325.45	735.52	1333.19	748.08	3.5204	3.5876
6883121514	1339.57	746.32	1328.05	750.15	3.5500	3.5754
6883129848	1330.85	748.17	1332.08	753.99	3.5544	3.5783
6883138182	1334.81	748.44	1323.68	772.49	3.5385	3.6018
6883146515	1330.15	738.76	1328.43	750.86	3.5077	3.5620
6883154856	1331.86	744.97	1325.74	766.96	3.5194	3.5871
6883163181	1327.57	744.10	1335.02	765.51	3.5405	3.5755
6883171515	1337.85	754.09	1318.68	764.38	3.5780	3.6018
6883179857	1335.28	762.74	1328.12	770.62	3.5901	3.5958
6883188182	1328.81	741.11	1327.43	766.10	3.5265	3.5819
6883196523	1330.83	732.15	1326.35	771.34	3.4978	3.5811
6883204855	1329.45	743.09	1330.04	755.68	3.5341	3.5656
6883213196	1326.91	752.81	1322.53	783.62	3.5298	3.6225
6883221521	1331.75	741.35	1329.77	777.71	3.5163	3.6054
6883229854	1335.36	754.59	1333.70	767.34	3.5603	3.5971
6883238188	1331.37	738.14	1326.19	766.54	3.5418	3.6118
6883246521	1325.49	733.85	1329.94	758.26	3.5213	3.5913
6883254862	1329.69	736.87	1330.97	748.03	3.5177	3.5948
6883263188	1329.58	729.83	1342.65	743.15	3.5529	3.5619
6883271521	1329.60	728.53	1329.63	769.64	3.5345	3.6421
6883279854	1328.50	729.17	1334.40	746.62	3.5311	3.5748
6883288186	1324.36	742.42	1332.99	743.69	3.5639	3.5749
6883296519	1326.92	725.65	1339.74	739.13	3.5520	3.5626
6883304853	1328.78	726.80	1341.21	752.44	3.5443	3.5963
6883313187	1326.49	730.49	1337.76	746.33	3.5515	3.5728
6883321520	1325.15	738.05	1333.60	749.46	3.5370	3.5758
6883329853	1323.53	740.25	1341.08	754.97	3.5301	3.6049
6883338186	1325.22	735.45	1337.07	761.29	3.5117	3.6014
6883346524	1318.66	739.34	1336.87	753.95	3.5253	3.5935
6883354857	1305.32	743.54	1340.80	769.60	3.4692	3.6119
6883363191	1304.62	704.41	1341.24	687.58	3.5723	3.5624
6883371523	1313.86	839.68	1347.26	943.28	3.3242	3.3061
6883379856	1439.54	1107.41	NaN	NaN	2.4071	NaN
6883388198	NaN	NaN	NaN	NaN	NaN	NaN
6883396531	NaN	NaN	NaN	NaN	NaN	NaN
6883404864	NaN	NaN	NaN	NaN	NaN	NaN
6883413198	NaN	NaN	NaN	NaN	NaN	NaN
6883421531	NaN	NaN	NaN	NaN	NaN	NaN
6883429864	NaN	NaN	NaN	NaN	NaN	NaN
6883438198	NaN	NaN	NaN	NaN	NaN	NaN
6883446531	NaN	NaN	NaN	NaN	NaN	NaN
6883454865	NaN	NaN	NaN	NaN	NaN	NaN
6883463197	NaN	NaN	NaN	NaN	NaN	NaN
6883471534	NaN	NaN	NaN	NaN	NaN	NaN
