t	gaze_point_LX	gaze_point_LY	gaze_point_RX	gaze_point_RY	pupil_diameter_L	pupil_diameter_R
761324412671	1232.03	740.15	1213.95	740.21	2.4223	2.4184
761324421004	1250.94	752.17	1242.20	725.99	2.4572	2.3878
761324429338	1234.05	746.82	1226.20	732.93	2.4358	2.4076
761324437670	1242.43	742.75	1224.92	734.51	2.4342	2.3808
761324446006	1235.50	748.95	1226.09	727.19	2.4447	2.3805
761324454340	1239.91	746.67	1221.69	733.29	2.4402	2.4024
761324462673	1242.91	753.89	1227.08	736.79	2.4396	2.4029
761324471006	1234.17	749.82	1229.11	730.17	2.4323	2.3885
761324479340	1242.42	741.20	1224.66	735.51	2.4290	2.3893
761324487673	1240.31	744.86	1224.61	735.59	2.4352	2.3847
761324496006	1249.26	741.48	1229.09	743.90	2.4398	2.3832
761324504339	1232.67	738.54	1232.56	733.59	2.4511	2.3817
761324512672	1238.86	743.76	1228.01	735.53	2.4280	2.3819
761324521005	1260.59	739.82	1244.94	734.79	2.4437	2.3842
761324529339	1324.07	740.44	1304.48	715.21	2.4612	2.4006
761324537671	1292.51	739.81	1283.42	711.83	2.4698	2.4092
761324546005	1295.62	734.98	1286.96	707.96	2.4612	2.3902
761324554338	1307.36	739.56	1284.60	705.96	2.4552	2.3957
761324562671	1306.81	726.54	1291.58	705.16	2.4664	2.3986
761324571005	1308.84	731.07	1284.05	709.58	2.4489	2.4015
761324579342	1315.91	735.78	1291.08	699.92	2.4777	2.3935
761324587675	1306.81	739.58	1291.69	705.29	2.4856	2.3948
761324596008	1307.32	731.65	1294.08	716.48	2.4599	2.4176
761324604341	1307.81	736.83	1292.85	714.66	2.4826	2.4005
761324612674	1313.26	732.27	1295.47	719.56	2.4709	2.4253
761324621008	1310.29	734.11	1288.79	718.82	2.4730	2.4022
761324629341	1302.75	733.81	1297.17	719.91	2.4644	2.4076
761324637674	1315.69	742.64	1290.45	718.15	2.4796	2.4008
761324646008	1310.45	736.75	1287.72	726.82	2.4629	2.4022
761324654341	1303.41	730.12	1291.90	722.02	2.4572	2.3963
761324662674	1305.40	733.62	1292.33	724.77	2.4381	2.3885
761324671007	1310.13	729.18	1294.86	721.58	2.4505	2.4079
761324679340	1304.29	728.53	1294.59	713.53	2.4518	2.3961
761324687674	1315.16	746.63	1287.33	707.48	2.4795	2.3894
761324696007	1303.27	736.88	1295.32	708.93	2.4562	2.4179
761324704344	1296.64	735.44	1281.86	705.44	2.4783	2.4060
761324712677	1271.76	726.80	1251.24	692.28	2.4881	2.4193
761324721011	1292.70	719.37	1271.88	687.10	2.4454	2.3950
761324729344	1289.20	719.06	1271.63	696.84	2.4741	2.3929
761324737678	1280.95	732.46	1270.56	700.75	2.4872	2.3973
761324746010	1290.00	732.96	1270.03	700.20	2.4774	2.4064
761324754343	1290.19	730.30	1278.66	704.17	2.4742	2.4093
761324762676	1283.41	723.66	1266.56	702.81	2.4884	2.3930
761324771010	1287.68	728.63	1271.85	713.71	2.4871	2.4451
761324779343	1293.51	723.55	1274.17	715.50	2.4968	2.4353
761324787676	1285.17	722.47	1270.41	719.65	2.4811	2.4466
761324796010	1284.49	721.43	1271.63	702.87	2.4809	2.4356
761324804343	1290.86	721.17	1273.01	704.82	2.5052	2.4294
761324812677	1282.72	710.14	1269.67	696.47	2.4967	2.4237
761324821009	1285.34	730.08	1274.73	690.00	2.5104	2.4341
761324829342	1288.62	725.54	1270.02	691.26	2.5237	2.4372
761324837681	1286.37	718.77	1270.18	694.29	2.5042	2.4455
761324846015	1288.52	711.07	1277.13	691.91	2.5079	2.4455
761324854348	1281.40	706.52	1278.71	693.29	2.5180	2.4346
761324862682	1283.45	716.89	1279.07	691.21	2.5106	2.4408
761324871015	1297.51	721.32	1277.60	686.22	2.5362	2.4436
761324879348	1290.09	729.77	1278.44	698.06	2.5501	2.4577
761324887681	1281.44	723.30	1267.63	698.66	2.5276	2.4707
761324896015	1290.87	722.22	1272.22	706.58	2.5256	2.4647
761324904347	1285.61	726.90	1274.93	701.45	2.5373	2.4504
761324912680	1281.18	720.99	1274.20	714.76	2.5150	2.4431
761324921014	1283.81	730.11	1280.20	711.96	2.5307	2.4560
761324929347	1288.62	732.13	1273.11	708.52	2.5123	2.4766
761324937681	1288.83	726.01	1271.45	710.89	2.5339	2.4817
761324946014	1284.03	722.67	1283.35	700.43	2.5219	2.4714
761324954347	1283.61	723.30	1275.18	699.41	2.5294	2.4513
761324962680	1285.13	723.44	1279.72	695.42	2.5502	2.4597
761324971018	1282.98	719.76	1273.64	694.81	2.5295	2.4597
761324979350	1286.84	716.36	1277.55	696.52	2.5303	2.4602
761324987684	1293.38	729.79	1274.50	692.70	2.5612	2.4492
761324996016	1284.56	723.71	1268.11	698.86	2.5480	2.4694
761325004350	1287.41	724.96	1274.87	707.72	2.5262	2.4846
761325012684	1283.58	725.68	1280.71	707.92	2.5396	2.4634
761325021017	1281.79	729.51	1271.41	707.24	2.5577	2.4723
761325029350	1281.11	729.35	1275.47	709.99	2.5454	2.4664
761325037683	1283.64	724.20	1278.57	706.19	2.5322	2.4668
761325046016	1290.76	727.01	1275.00	714.44	2.5534	2.5035
761325054349	1288.44	725.04	1273.01	704.29	2.5492	2.4701
761325062683	1274.44	729.45	1267.18	713.32	2.5527	2.4702
761325071016	1282.82	725.94	1272.01	707.28	2.5758	2.4712
761325079349	1285.27	729.57	1269.93	703.63	2.5593	2.4666
761325087682	1286.72	727.23	1280.92	708.29	2.5609	2.4736
761325096020	1286.72	730.15	1269.42	706.39	2.5627	2.4866
761325104353	1284.85	731.92	1277.55	713.44	2.5542	2.4783
761325112687	1288.60	729.21	1268.31	711.73	2.5594	2.4772
761325121019	1285.28	721.77	1270.38	716.56	2.5615	2.5099
761325129352	1281.17	725.99	1273.23	721.42	2.5788	2.5205
761325137686	1281.78	722.28	1271.50	714.96	2.5913	2.5004
761325146019	1285.40	714.79	1268.68	711.81	2.5401	2.5039
761325154352	1285.54	715.85	1278.35	726.55	2.5704	2.5264
761325162685	1287.08	719.08	1278.00	730.53	2.5739	2.5185
761325171018	1277.75	712.56	1277.15	711.34	2.5607	2.5077
761325179352	1279.12	712.09	1274.48	711.90	2.5825	2.5062
761325187685	1284.17	724.59	1284.12	720.51	2.5927	2.5239
761325196019	1286.31	722.44	1276.37	713.06	2.5687	2.5069
761325204352	1283.89	718.23	1277.05	706.64	2.5959	2.4919
761325212684	1283.70	718.45	1277.09	715.56	2.5994	2.5368
761325221018	1275.75	720.60	1275.88	721.83	2.6001	2.5335
761325229355	1282.65	721.77	1277.52	726.32	2.5922	2.5430
761325237688	1280.51	728.05	1272.39	723.64	2.6028	2.5402
761325246021	1277.50	718.94	1272.42	721.56	2.6101	2.5259
761325254355	1279.18	726.04	1276.91	716.78	2.6233	2.5463
761325262688	1285.21	728.96	1276.25	718.80	2.6178	2.5293
761325271022	1285.52	722.57	1271.92	715.71	2.6295	2.5442
761325279355	1285.29	721.08	1275.05	709.97	2.6176	2.5369
761325287687	1286.66	723.20	1275.56	711.39	2.6223	2.5464
761325296020	1276.52	717.50	1271.13	707.15	2.6299	2.5534
761325304354	1279.92	730.13	1271.79	712.52	2.6402	2.5549
761325312687	1275.74	734.47	1277.95	720.69	2.6490	2.5805
761325321021	1282.66	723.41	1271.89	710.56	2.6256	2.5472
761325329354	1282.94	716.66	1281.59	711.48	2.6437	2.5553
761325337687	1281.76	710.24	1278.60	726.90	2.6360	2.5825
761325346021	1277.64	709.41	1285.04	718.54	2.6598	2.5839
761325354354	1274.64	707.51	1277.48	707.96	2.6563	2.5681
761325362692	1280.29	712.65	1278.11	720.77	2.6544	2.5556
761325371025	1286.50	707.00	1276.57	713.37	2.6448	2.5618
761325379359	1280.06	712.21	1285.14	713.19	2.6279	2.5707
761325387692	1283.61	729.10	1280.05	713.77	2.6441	2.5838
761325396026	1281.46	728.79	1268.31	702.91	2.6520	2.5795
761325404359	1276.68	712.67	1287.52	704.86	2.6558	2.5732
761325412692	1278.14	724.65	1284.27	708.29	2.6816	2.5955
761325421025	1289.15	723.77	1273.77	704.31	2.6555	2.5735
761325429359	1284.50	721.52	1281.58	710.83	2.6678	2.5680
761325437691	1281.74	722.70	1285.87	715.73	2.6465	2.5712
761325446025	1280.82	725.55	1285.85	713.36	2.6552	2.5666
761325454357	1278.78	724.72	1280.87	713.92	2.6580	2.5589
761325462691	1271.42	713.46	1278.95	712.61	2.6325	2.5314
761325471025	1280.47	710.16	1285.53	698.79	2.6178	2.5336
761325479358	1273.54	709.01	1279.81	720.16	2.6275	2.5428
761325487691	1273.82	708.62	1283.51	705.79	2.6188	2.5225
761325496029	1272.28	711.78	1292.64	713.55	2.5942	2.5176
761325504362	1283.35	719.97	1281.66	728.71	2.5858	2.5031
761325512695	1217.35	711.28	1225.38	717.16	2.5733	2.5153
761325521029	1205.82	723.08	1210.08	725.01	2.5658	2.4675
761325529362	1182.49	718.92	1190.10	715.81	2.5601	2.4832
761325537695	1136.97	710.44	1145.56	716.14	2.5213	2.4706
761325546028	1130.01	723.72	1128.87	724.25	2.5308	2.4319
761325554362	1120.55	722.88	1125.43	720.51	2.5005	2.4348
761325562695	1125.45	716.62	1133.10	717.85	2.5143	2.4116
761325571029	1126.60	715.02	1118.08	718.26	2.4932	2.4167
761325579362	1118.64	713.21	1129.17	707.85	2.4962	2.4008
761325587695	1128.09	711.23	1128.95	704.68	2.4774	2.4007
761325596028	1120.71	713.83	1123.80	707.61	2.4629	2.3980
761325604360	1130.89	714.02	1134.45	710.43	2.4638	2.4001
761325612694	1125.20	711.82	1127.04	717.85	2.4302	2.3865
761325621031	1116.78	717.12	1124.69	719.09	2.4375	2.3648
761325629363	1123.87	712.62	1121.82	723.98	2.4153	2.3683
761325637697	1122.08	718.31	1122.60	729.98	2.4379	2.3821
761325646031	1121.92	722.33	1121.49	720.64	2.4453	2.3528
761325654364	1123.18	726.41	1126.57	725.41	2.4342	2.3446
761325662697	1131.84	733.18	1130.19	728.54	2.4472	2.3505
761325671029	1121.60	727.61	1119.64	722.88	2.4100	2.3623
761325679362	1122.05	711.50	1124.02	722.02	2.4148	2.3563
761325687696	1127.39	709.01	1131.32	711.73	2.3987	2.3444
761325696029	1126.35	707.09	1129.91	703.33	2.4021	2.3383
761325704363	1129.65	703.77	1124.90	702.96	2.4016	2.3429
761325712696	1130.61	721.18	1126.23	708.25	2.3923	2.3331
761325721029	1124.91	712.44	1126.61	704.54	2.4017	2.3297
761325729363	1124.34	710.01	1124.24	712.20	2.3868	2.3235
761325737696	1065.79	712.23	1061.45	716.10	2.4302	2.3409
761325746028	1041.06	708.44	1024.45	721.88	2.4185	2.3553
761325754366	1043.94	715.35	1036.60	694.79	2.4067	2.3378
761325762700	1030.88	721.40	1030.57	691.89	2.4149	2.3208
761325771033	1040.18	715.94	1032.15	702.20	2.4053	2.3347
761325779366	1028.26	718.22	1018.65	703.95	2.4016	2.3484
761325787700	1030.67	719.06	1026.80	693.21	2.3717	2.3443
761325796033	1030.99	716.97	1022.34	695.78	2.3820	2.3530
761325804366	1025.14	723.04	1028.02	701.86	2.3862	2.3307
761325812700	1035.89	715.96	1025.92	713.32	2.3845	2.3215
761325821032	1035.51	711.94	1014.59	713.78	2.4069	2.3358
761325829365	1036.80	705.32	1020.90	711.45	2.3968	2.3197
761325837699	1036.44	693.50	1016.72	707.02	2.4033	2.3330
761325846032	1041.25	692.32	1018.73	713.34	2.3887	2.3221
761325854366	1039.01	700.75	1017.68	710.11	2.3977	2.3350
761325862699	1039.84	705.65	1025.61	716.70	2.4080	2.3232
761325871032	1040.05	696.74	1020.91	711.13	2.3926	2.3290
761325879366	1037.22	703.03	1018.49	716.65	2.3905	2.3283
761325887705	1036.62	709.86	1019.36	710.22	2.4056	2.3204
761325896038	1035.92	707.41	1024.96	711.93	2.4046	2.3158
761325904371	1037.94	704.59	1014.10	705.39	2.3748	2.3131
761325912704	1039.19	708.78	1025.29	697.03	2.4066	2.3062
761325921037	1034.19	714.35	1023.93	704.36	2.4084	2.3186
761325929370	1040.56	704.77	1019.51	705.05	2.4039	2.3051
761325937704	1035.14	708.19	1016.04	710.24	2.3912	2.3254
761325946037	1038.07	704.34	1019.79	718.09	2.3952	2.3159
761325954370	1032.68	698.57	1022.58	713.70	2.3816	2.2998
761325962704	1027.03	696.43	1016.25	706.73	2.3777	2.3069
761325971037	1036.56	692.21	1018.39	708.23	2.3762	2.3243
761325979370	1033.61	701.61	1012.31	719.84	2.3935	2.3024
761325987703	1016.19	679.02	996.85	634.59	2.4126	2.3544
761325996036	1033.78	624.66	1018.35	626.72	2.4291	2.3371
761326004370	1024.52	621.58	1001.44	609.48	2.4084	2.3275
761326012702	1027.01	619.53	1006.92	612.48	2.3874	2.3288
761326021039	1030.61	634.35	1004.58	617.55	2.3927	2.3284
761326029372	1025.42	630.72	995.46	608.08	2.4205	2.3595
761326037706	1033.46	612.41	1005.86	606.42	2.3831	2.3323
761326046039	1022.53	622.97	994.02	607.40	2.4070	2.3558
761326054371	1024.97	627.11	1004.60	612.58	2.4199	2.3354
761326062705	1021.10	622.32	996.93	601.45	2.3972	2.3307
761326071038	1025.77	638.75	998.54	618.92	2.4029	2.3435
761326079372	1025.74	625.85	1007.15	617.95	2.3819	2.3257
761326087704	1012.21	618.22	1002.13	618.65	2.4003	2.3353
761326096038	1019.03	609.63	1003.38	617.35	2.3909	2.3440
761326104372	1020.71	611.45	1008.68	620.96	2.3904	2.3481
761326112704	1019.61	616.05	991.75	617.53	2.4216	2.3117
761326121038	1021.58	614.64	1000.16	620.80	2.4039	2.3428
761326129370	1023.77	632.34	1002.85	617.30	2.4037	2.3310
761326137703	1018.06	627.42	1002.61	613.30	2.4110	2.3378
761326146042	1020.25	627.47	997.04	613.72	2.3997	2.3456
761326154375	1021.20	640.62	998.33	605.20	2.4098	2.3419
761326162709	1017.87	635.60	1004.02	600.52	2.3975	2.3405
761326171042	1017.18	624.79	1012.99	596.37	2.4098	2.3421
761326179376	1016.72	640.98	1004.52	599.94	2.4296	2.3478
761326187708	1020.56	627.47	1006.74	605.33	2.4186	2.3457
761326196042	1012.72	630.31	999.85	603.77	2.4100	2.3474
761326204375	1024.20	634.14	1002.99	600.41	2.4220	2.3438
761326212707	1024.49	634.85	1001.01	609.33	2.4137	2.3380
761326221041	1029.25	636.23	997.71	610.23	2.4150	2.3429
761326229374	1022.67	628.14	1004.32	615.54	2.4239	2.3497
761326237707	1021.94	631.21	1000.84	613.63	2.4306	2.3484
761326246041	1018.51	628.15	1002.74	599.55	2.3918	2.3312
761326254374	1019.85	630.04	1001.75	608.43	2.4061	2.3338
761326262708	1024.19	631.52	1006.60	597.86	2.4224	2.3493
761326271041	1023.30	632.74	1001.91	605.02	2.4016	2.3434
761326279380	1023.43	650.19	1007.23	634.20	2.3917	2.3206
761326287712	1032.82	661.25	1039.00	675.36	2.3684	2.2632
761326296046	NaN	NaN	1051.74	662.00	NaN	2.2735
761326304379	NaN	NaN	NaN	NaN	NaN	NaN
761326312712	NaN	NaN	NaN	NaN	NaN	NaN
761326321046	NaN	NaN	NaN	NaN	NaN	NaN
761326329379	NaN	NaN	NaN	NaN	NaN	NaN
761326337713	NaN	NaN	NaN	NaN	NaN	NaN
761326346046	NaN	NaN	NaN	NaN	NaN	NaN
761326354379	NaN	NaN	NaN	NaN	NaN	NaN
761326362712	NaN	NaN	NaN	NaN	NaN	NaN
761326371045	NaN	NaN	NaN	NaN	NaN	NaN
761326379378	NaN	NaN	NaN	NaN	NaN	NaN
761326387711	NaN	NaN	NaN	NaN	NaN	NaN
761326396045	NaN	NaN	NaN	NaN	NaN	NaN
761326404378	NaN	NaN	NaN	NaN	NaN	NaN
761326412716	NaN	NaN	1025.24	648.48	NaN	2.3043
761326421049	NaN	NaN	999.59	656.00	NaN	2.2996
761326429382	1105.24	782.88	1010.17	674.84	1.8150	2.2899
761326437714	1012.79	658.07	1007.66	693.97	2.3088	2.2574
761326446048	1010.69	673.20	1008.18	695.83	2.2981	2.2416
761326454381	1016.11	677.30	1004.54	687.79	2.3046	2.2850
761326462715	1018.61	689.28	999.22	679.12	2.2988	2.2914
761326471048	1016.96	709.34	1004.39	666.82	2.3055	2.3353
761326479381	1014.14	710.07	995.39	644.12	2.3339	2.3262
761326487715	1021.50	699.05	1012.68	649.29	2.3335	2.3212
761326496048	1022.98	699.17	999.80	648.84	2.3432	2.3580
761326504381	1021.15	702.14	1002.65	646.52	2.3501	2.3524
761326512713	1023.01	686.23	1012.37	652.18	2.3562	2.3481
761326521046	1020.93	686.63	1000.49	652.22	2.3867	2.3395
761326529380	1025.13	683.54	1004.18	645.16	2.3815	2.3461
761326537717	1022.24	681.81	1006.19	653.18	2.3951	2.3542
761326546050	1026.97	674.62	1002.52	659.98	2.3900	2.3536
761326554384	1029.91	677.96	998.21	652.41	2.4032	2.3404
761326562718	1025.82	656.71	1008.65	653.60	2.3857	2.3009
761326571051	1028.83	662.36	1005.97	651.72	2.3696	2.3330
761326579384	1019.10	658.90	998.57	654.76	2.3794	2.3471
761326587718	1028.47	660.76	1002.80	653.27	2.3929	2.3385
761326596049	1022.45	655.46	1002.09	644.16	2.3895	2.3302
761326604383	1026.68	654.29	1001.03	648.45	2.3656	2.3232
761326612717	1026.05	665.43	999.81	650.00	2.4104	2.3283
761326621049	1028.32	658.68	1002.95	653.33	2.3832	2.3392
761326629383	1021.39	666.80	999.97	654.73	2.3769	2.3179
761326637717	1030.03	664.16	1002.75	653.54	2.3817	2.3233
761326646050	1031.09	683.67	998.05	653.85	2.3993	2.3266
761326654383	1031.19	669.65	1002.44	659.44	2.3858	2.3280
761326662717	1034.88	668.52	1011.20	656.22	2.3867	2.3200
761326671055	1034.43	672.23	1001.63	651.65	2.3928	2.3185
761326679388	1030.48	675.86	1003.49	659.46	2.3825	2.3299
761326687722	1033.65	673.20	1008.26	649.72	2.3815	2.3165
761326696055	1027.05	678.62	1004.17	657.45	2.3802	2.3303
761326704388	1038.98	671.01	1005.19	659.45	2.3766	2.3345
761326712722	1034.92	670.56	1003.05	661.16	2.3926	2.3235
761326721054	1028.67	670.82	1004.18	654.35	2.3848	2.3163
761326729388	1031.28	674.98	1004.16	655.21	2.4076	2.3352
761326737722	1039.45	669.87	1001.60	647.99	2.3853	2.3352
761326746054	1034.21	674.35	1005.07	658.01	2.3898	2.3495
761326754387	1029.17	678.36	1004.73	661.74	2.4141	2.3471
761326762720	1024.53	670.97	1002.88	658.38	2.3967	2.3502
761326771053	1029.88	666.01	1009.75	657.42	2.4073	2.3263
761326779387	1029.74	678.52	1007.50	654.65	2.4180	2.3284
761326787720	1035.61	673.23	1008.88	652.03	2.4136	2.3309
761326796053	1035.78	670.04	1012.91	660.97	2.4060	2.3464
761326804391	1033.19	668.26	1006.27	658.82	2.4153	2.3358
761326812724	1038.64	667.80	1007.95	655.24	2.3994	2.3393
761326821057	1038.48	673.99	1011.36	658.84	2.4112	2.3398
761326829390	1033.76	677.92	1007.66	650.35	2.4218	2.3422
761326837723	1034.81	677.98	1008.39	661.43	2.4096	2.3464
761326846057	1035.70	678.41	1001.29	662.19	2.4012	2.3434
761326854390	1034.18	670.01	1003.02	660.17	2.3963	2.3388
761326862723	1043.04	668.21	1006.05	666.54	2.3981	2.3438
761326871057	1040.94	669.33	1003.94	667.34	2.3961	2.3362
761326879390	1043.07	671.67	1005.97	659.03	2.3846	2.3406
761326887723	1038.08	668.14	1002.45	657.55	2.4109	2.3246
761326896056	1032.57	672.48	1007.20	658.19	2.4025	2.3199
761326904389	1036.82	674.30	1003.59	659.15	2.3953	2.3370
761326912722	1036.61	672.02	1003.47	659.05	2.4254	2.3299
761326921055	1021.88	637.95	995.26	614.61	2.4128	2.3612
761326929389	1012.98	603.58	1002.65	591.83	2.4165	2.3699
761326937727	1015.21	612.42	1009.80	588.90	2.4037	2.3334
761326946061	1019.16	614.90	993.32	585.54	2.4029	2.3475
761326954394	1016.13	605.78	1003.87	588.35	2.4093	2.3495
761326962727	1016.25	602.44	1004.23	585.68	2.4160	2.3535
761326971061	1012.66	608.54	1005.57	592.00	2.4048	2.3552
761326979393	1018.22	599.80	1000.98	590.01	2.3979	2.3509
761326987726	1020.40	608.52	1000.12	588.47	2.4075	2.3162
761326996060	1022.71	609.03	996.72	583.91	2.4034	2.3244
761327004393	1020.85	613.40	999.45	592.57	2.4169	2.3368
761327012726	1019.94	613.46	998.90	582.91	2.3986	2.3419
761327021060	1017.66	615.05	1004.52	590.74	2.4186	2.3218
761327029393	1026.99	619.76	999.35	585.34	2.4011	2.3267
761327037726	1024.35	609.81	1001.25	592.38	2.3913	2.3540
761327046059	1031.89	601.10	1008.18	592.45	2.3891	2.3263
761327054392	1029.16	600.44	999.05	594.83	2.3930	2.3098
761327062729	1025.73	594.47	997.78	592.17	2.3846	2.3220
761327071063	1028.95	605.14	1005.92	578.59	2.3915	2.3149
761327079396	1029.46	600.74	1002.77	587.08	2.3900	2.3213
761327087729	1029.92	600.28	1003.79	591.95	2.3957	2.3224
761327096063	1029.86	602.81	1002.82	587.87	2.3788	2.3262
761327104396	1030.53	601.37	1002.76	604.37	2.4087	2.3268
761327112729	1024.33	601.99	992.39	604.54	2.4089	2.3194
761327121063	1029.17	603.98	1001.44	610.86	2.3801	2.3127
761327129395	1030.83	595.90	1005.66	610.43	2.3855	2.3120
761327137728	1024.81	598.58	1000.06	607.76	2.3858	2.3300
761327146062	1030.33	601.78	1003.35	604.83	2.3913	2.3369
761327154395	1024.79	605.74	1001.69	594.59	2.3770	2.3245
761327162728	1024.80	598.83	1001.14	590.74	2.3980	2.3165
761327171062	1030.00	601.11	999.73	590.99	2.3887	2.3073
761327179394	1030.04	602.95	1006.63	593.93	2.3840	2.3086
761327187728	1024.41	601.92	998.55	585.37	2.3782	2.2962
761327196069	1024.05	597.32	1009.26	585.43	2.3717	2.2979
761327204401	1028.55	603.73	1007.38	592.02	2.3863	2.2973
761327212734	1025.46	601.29	1001.36	586.04	2.3812	2.2978
761327221067	1028.57	605.41	1005.04	593.41	2.3723	2.2902
761327229400	1033.01	601.71	1005.18	599.27	2.3882	2.3141
761327237734	1031.43	607.30	1002.47	606.56	2.3717	2.3008
761327246068	1023.98	613.49	999.13	608.68	2.3867	2.2981
761327254400	1024.69	660.01	1005.79	648.48	2.3653	2.2855
761327262734	1030.59	707.50	1014.53	695.03	2.3564	2.2603
761327271067	1034.10	737.66	1029.36	744.53	2.3275	2.2382
761327279401	1022.47	743.70	1011.65	729.92	2.3345	2.2479
761327287733	1029.24	732.83	1019.45	742.05	2.3381	2.2675
761327296066	1037.60	750.52	1015.69	755.70	2.3327	2.2895
761327304399	1030.35	754.96	1020.90	756.18	2.3376	2.2658
761327312733	1032.12	750.38	1019.34	751.53	2.3419	2.2693
761327321067	1029.65	758.79	1020.77	753.08	2.3387	2.2724
761327329403	1021.46	761.72	1009.11	752.15	2.3280	2.2556
761327337736	1035.41	752.47	1014.35	757.00	2.3431	2.2535
761327346069	1037.23	754.18	1018.09	761.90	2.3322	2.2679
761327354402	1034.79	755.38	1018.57	756.75	2.3363	2.2586
761327362735	1040.72	744.03	1022.03	757.47	2.3059	2.2647
761327371068	1036.72	746.18	1023.67	753.24	2.3181	2.2749
761327379401	1035.03	762.46	1014.03	752.18	2.3465	2.2505
761327387735	1031.60	744.98	1006.29	744.86	2.3178	2.2415
761327396068	1028.08	753.83	1015.96	743.57	2.3240	2.2575
761327404402	1039.99	751.17	1019.02	748.15	2.3380	2.2659
761327412735	1034.21	751.52	1015.45	752.56	2.3076	2.2672
761327421068	1043.57	759.02	1021.08	743.56	2.3491	2.2453
761327429401	1037.20	750.23	1021.26	745.66	2.3519	2.2558
761327437734	1038.21	754.30	1020.61	759.42	2.3376	2.2615
761327446067	1032.80	749.02	1020.98	751.89	2.3263	2.2552
761327454400	1031.84	759.01	1017.46	751.01	2.3189	2.2611
761327462737	1033.28	758.98	1012.51	749.48	2.3337	2.2630
761327471070	1037.34	742.64	1018.51	755.20	2.3222	2.2487
761327479403	1032.67	755.34	1023.42	750.65	2.3429	2.2585
761327487737	1029.23	745.48	1025.15	752.05	2.3495	2.2745
761327496070	1041.85	744.89	1014.31	737.96	2.3451	2.2680
761327504403	1035.13	739.57	1022.33	742.25	2.3431	2.2525
761327512736	1036.43	740.66	1009.32	745.14	2.3426	2.2544
761327521069	1034.31	742.26	1027.61	739.06	2.3373	2.2511
761327529403	1035.82	748.94	1015.03	747.34	2.3499	2.2695
761327537736	1029.57	755.50	1019.48	747.23	2.3292	2.2543
761327546069	1037.82	754.47	1023.69	749.85	2.3468	2.2800
761327554402	1038.72	751.57	1013.78	754.45	2.3259	2.2589
761327562736	1032.35	759.31	1023.14	756.99	2.3514	2.2455
761327571069	1031.69	755.63	1019.44	756.96	2.3616	2.2753
761327579402	1033.43	751.27	1020.59	746.70	2.3526	2.2717
761327587740	1032.16	756.70	1023.93	748.58	2.3189	2.2575
761327596074	1035.03	750.40	1021.16	748.95	2.3323	2.2753
761327604407	1041.87	754.56	1024.79	741.47	2.3485	2.2488
761327612741	1036.34	746.34	1019.94	744.80	2.3443	2.2495
761327621074	1040.96	748.06	1032.98	741.52	2.3413	2.2550
761327629407	1156.27	743.92	1131.50	738.93	2.3242	2.2694
761327637740	1232.14	736.60	1200.61	728.91	2.3509	2.2713
761327646074	1257.57	728.91	1228.18	726.22	2.3218	2.2756
761327654408	1268.75	727.53	1263.70	718.69	2.3498	2.2687
761327662740	1256.74	738.62	1257.55	725.63	2.3577	2.2679
761327671073	1276.66	728.34	1266.23	733.36	2.3244	2.2724
761327679406	1278.30	729.67	1265.57	727.03	2.3351	2.2582
761327687739	1265.87	733.15	1269.94	726.56	2.3312	2.2516
761327696073	1271.84	726.47	1266.87	730.67	2.3183	2.2743
761327704406	1274.91	730.04	1269.25	725.18	2.3517	2.2463
761327712739	1274.98	731.61	1274.60	727.77	2.3276	2.2654
761327721078	1277.59	731.36	1267.08	728.62	2.3594	2.2700
761327729411	1276.72	729.14	1277.35	727.32	2.3375	2.2518
761327737745	1276.95	733.12	1274.36	729.99	2.3708	2.2573
761327746077	1274.87	734.70	1269.45	729.55	2.3537	2.2505
761327754410	1278.84	730.88	1268.76	730.63	2.3669	2.2536
761327762743	1277.62	735.62	1265.29	732.22	2.3367	2.2514
761327771077	1271.53	723.91	1271.59	737.82	2.3289	2.2779
761327779411	1281.94	730.59	1269.42	732.91	2.3438	2.2681
761327787743	1278.16	733.08	1280.73	734.97	2.3445	2.2654
761327796077	1276.48	736.53	1263.20	740.99	2.3620	2.2673
761327804410	1274.73	738.30	1277.59	731.69	2.3503	2.2535
761327812743	1276.02	733.58	1277.79	730.27	2.3521	2.2684
761327821076	1273.43	733.07	1271.11	723.54	2.3575	2.2462
761327829409	1280.60	732.80	1275.89	723.23	2.3441	2.2513
761327837742	1279.24	736.13	1271.77	726.22	2.3297	2.2485
761327846076	1272.75	733.01	1275.32	714.93	2.3344	2.2459
761327854414	1281.10	737.44	1271.41	727.34	2.3465	2.2498
761327862748	1274.96	734.95	1268.92	724.13	2.3491	2.2531
761327871081	1279.98	738.57	1269.56	727.66	2.3423	2.2459
761327879414	1273.18	733.80	1271.73	728.26	2.3529	2.2367
761327887747	1273.11	730.91	1274.51	735.98	2.3344	2.2561
761327896080	1274.86	725.21	1269.99	739.91	2.3484	2.2630
761327904413	1269.51	732.88	1265.59	740.96	2.3315	2.2553
761327912746	1273.52	734.18	1274.82	734.47	2.3550	2.2492
761327921080	1272.98	730.29	1266.97	745.63	2.3491	2.2465
761327929413	1307.00	740.16	1286.17	738.34	2.3354	2.2554
761327937746	1419.34	746.97	1386.54	747.12	2.3399	2.2778
761327946080	1527.64	741.53	1481.22	763.20	2.3383	2.2955
761327954413	1608.69	751.10	1559.59	788.22	2.3465	2.2849
761327962746	1647.38	784.78	1603.56	791.68	2.3621	2.2822
761327971079	1609.59	789.59	1591.30	786.11	2.3548	2.2685
761327979415	1638.57	791.03	1618.64	784.03	2.3738	2.2588
761327987749	1635.52	796.24	1608.02	783.20	2.3296	2.2636
761327996082	1629.54	797.01	1607.09	801.58	2.3276	2.2707
761328004415	1627.71	801.22	1612.35	813.16	2.3392	2.2852
761328012748	1637.64	806.19	1603.31	808.59	2.3358	2.2794
761328021082	1634.75	806.12	1614.58	812.68	2.3412	2.2961
761328029415	1637.32	813.82	1605.21	807.55	2.3416	2.2751
761328037748	1633.57	811.90	1608.34	806.99	2.3431	2.2738
761328046082	1627.17	803.90	1611.17	821.06	2.3292	2.2830
761328054414	1634.09	808.61	1601.64	826.04	2.3301	2.3118
761328062747	1633.29	811.81	1603.49	823.59	2.3642	2.2948
761328071081	1620.72	811.66	1607.36	823.01	2.3519	2.2903
761328079414	1632.88	813.74	1615.60	815.81	2.3422	2.2760
761328087747	1636.70	815.87	1613.08	816.64	2.3246	2.2756
761328096080	1631.27	808.84	1620.66	812.05	2.3372	2.2654
761328104414	1632.14	808.53	1612.23	812.82	2.3349	2.2799
761328112755	1635.31	812.20	1611.24	799.82	2.3481	2.2633
761328121087	1625.15	819.18	1612.59	813.87	2.3392	2.2863
761328129420	1628.83	815.39	1618.65	811.09	2.3250	2.2653
