t	gaze_point_LX	gaze_point_LY	gaze_point_RX	gaze_point_RY	pupil_diameter_L	pupil_diameter_R
525260370724	1098.65	595.50	1095.29	642.76	3.9171	4.3614
525260379058	1101.35	591.00	1092.66	633.31	3.9252	4.3454
525260387392	1103.93	598.86	1091.75	634.00	3.9320	4.3393
525260395725	1106.15	590.83	1092.45	633.58	3.9342	4.3517
525260404058	1110.03	593.67	1090.64	633.59	3.9319	4.3586
525260412391	1105.24	588.98	1091.63	621.85	3.9367	4.3406
525260420724	1114.39	592.27	1092.82	633.37	3.9447	4.3627
525260429057	1117.51	591.16	1100.08	631.17	3.9337	4.3496
525260437391	1166.22	619.92	1169.19	675.43	3.9273	4.3594
525260445725	1229.86	697.04	1223.95	698.44	3.9840	4.3476
525260454058	1266.82	708.27	1243.67	711.03	3.9928	4.3362
525260462391	1284.31	707.71	1263.09	719.09	4.0081	4.3382
525260470725	1270.71	719.96	1254.19	709.11	4.0331	4.3306
525260479058	1270.31	683.66	1264.43	712.23	3.9763	4.3426
525260487392	1279.14	717.82	1264.41	717.07	4.0373	4.3521
525260495724	1283.36	726.86	1263.70	721.21	4.0297	4.3505
525260504057	1280.37	716.47	1263.17	732.82	4.0237	4.3773
525260512390	1279.75	716.98	1262.11	727.51	4.0334	4.3622
525260520723	1281.04	722.28	1260.80	725.76	4.0409	4.3725
525260529057	1284.65	725.61	1256.08	723.81	4.0375	4.3758
525260537390	1282.57	723.95	1262.24	713.81	4.0565	4.3561
525260545723	1279.72	720.23	1258.36	719.99	4.0507	4.3728
525260554057	1283.29	731.53	1253.92	721.62	4.0587	4.3856
525260562390	1281.78	721.68	1257.00	720.25	4.0434	4.3674
525260570724	1283.74	716.26	1252.79	719.77	4.0647	4.3866
525260579061	1282.24	713.10	1256.20	717.61	4.0496	4.3828
525260587394	1290.43	726.64	1256.33	718.25	4.0758	4.3824
525260595728	1279.91	721.68	1252.80	725.14	4.0821	4.3844
525260604061	1289.20	718.02	1252.83	723.94	4.0858	4.3963
525260612394	1292.15	725.53	1244.71	725.76	4.1023	4.4014
525260620727	1288.70	724.22	1251.96	733.62	4.0964	4.4174
525260629061	1287.26	721.11	1249.41	728.88	4.0836	4.3910
525260637394	1287.47	729.77	1250.87	728.19	4.1034	4.4036
525260645727	1283.44	728.76	1245.64	733.32	4.1024	4.4213
525260654061	1283.32	716.80	1248.69	724.82	4.0996	4.4200
525260662393	1284.38	726.55	1246.01	715.64	4.1069	4.4171
525260670726	1290.17	725.21	1248.80	714.66	4.1279	4.4143
525260679060	1288.61	731.18	1243.20	719.57	4.1269	4.4294
525260687393	1286.11	726.83	1249.46	716.42	4.1227	4.4313
525260695727	1289.47	736.40	1248.15	714.45	4.1478	4.4391
525260704064	1285.21	735.12	1248.00	718.72	4.1587	4.4509
525260712397	1287.91	731.33	1245.63	720.87	4.1530	4.4483
525260720731	1289.99	727.54	1247.43	720.09	4.1479	4.4623
525260729063	1292.29	728.79	1248.22	709.11	4.1543	4.4497
525260737396	1294.01	729.34	1245.65	720.83	4.1763	4.4853
525260745729	1294.58	730.20	1244.83	721.06	4.1719	4.4791
525260754062	1290.41	728.82	1245.31	727.78	4.1803	4.4949
525260762396	1289.69	727.99	1239.21	723.00	4.1825	4.4732
525260770729	1291.67	731.32	1247.38	723.98	4.1849	4.4980
525260779063	1286.65	730.81	1241.67	724.39	4.1880	4.4998
525260787396	1287.95	722.98	1241.55	726.53	4.1929	4.5118
525260795729	1286.51	729.02	1247.22	724.97	4.1958	4.5025
525260804063	1289.89	728.31	1244.68	725.21	4.2091	4.5306
525260812395	1291.25	726.03	1241.81	725.20	4.2091	4.5338
525260820729	1290.90	724.36	1246.20	724.15	4.1962	4.5547
525260829061	1285.06	730.11	1241.38	722.26	4.2175	4.5590
525260837400	1285.18	737.06	1242.88	721.46	4.2238	4.5490
525260845734	1288.08	729.80	1240.35	726.10	4.2138	4.5636
525260854066	1286.56	728.47	1246.43	721.85	4.2297	4.5598
525260862400	1290.82	728.06	1243.66	723.93	4.2147	4.5576
525260870733	1286.54	733.47	1241.39	717.24	4.2311	4.5544
525260879066	1289.80	733.72	1240.11	729.21	4.2463	4.5776
525260887400	1288.67	734.95	1239.15	725.44	4.2434	4.5814
525260895732	1288.96	726.88	1247.21	728.21	4.2419	4.5724
525260904066	1289.20	731.57	1240.96	727.76	4.2413	4.5929
525260912399	1279.89	725.14	1241.17	727.68	4.2423	4.5883
525260920732	1289.41	729.65	1245.35	730.10	4.2487	4.5954
525260929066	1287.75	736.80	1243.64	734.81	4.2592	4.6141
525260937399	1286.69	729.30	1242.64	720.82	4.2579	4.5907
525260945733	1289.29	734.45	1248.69	726.03	4.2527	4.6076
525260954065	1287.98	734.18	1241.17	725.58	4.2688	4.6305
525260962399	1293.76	728.62	1243.06	725.75	4.2686	4.6212
525260970737	1291.05	733.23	1245.59	728.60	4.2622	4.6136
525260979070	1287.04	735.33	1248.48	730.18	4.2775	4.6357
525260987404	1287.54	735.36	1244.50	721.21	4.2794	4.6216
525260995737	1290.60	728.90	1239.17	725.92	4.2628	4.6325
525261004071	1286.74	733.16	1248.22	730.54	4.2612	4.6394
525261012404	1278.67	717.40	1246.60	711.34	4.2797	4.6216
525261020737	1253.66	674.37	1244.84	672.14	4.2558	4.6236
525261029071	1237.27	581.94	1209.56	629.97	4.1478	4.6003
525261037404	1229.28	557.47	1202.49	604.01	4.1426	4.5983
525261045736	1234.45	597.54	1200.24	610.37	4.1772	4.5781
525261054070	1239.66	592.64	1199.79	619.74	4.1342	4.5677
525261062403	1231.76	574.04	1196.59	616.97	4.1133	4.5522
525261070736	1232.97	579.83	1194.12	608.53	4.1078	4.5125
525261079069	1233.97	571.73	1193.45	603.81	4.0703	4.5035
525261087403	1230.05	570.88	1190.54	610.97	4.0585	4.4889
525261095740	1235.65	578.76	1200.35	600.48	4.0522	4.4536
525261104073	1233.45	579.52	1200.28	600.00	4.0282	4.4290
525261112408	1232.80	579.20	1195.77	593.71	4.0229	4.3804
525261120741	1231.71	588.63	1195.88	605.09	4.0070	4.3888
525261129073	1233.06	587.56	1200.96	590.50	3.9995	4.3421
525261137407	1229.64	580.02	1200.24	568.69	3.9791	4.2860
525261145740	1231.50	581.27	1200.97	592.11	3.9515	4.3079
525261154074	1231.96	577.88	1201.18	575.61	3.9395	4.2861
525261162407	1229.70	578.58	1205.45	562.36	3.9391	4.2198
525261170740	1235.35	586.02	1204.80	564.74	3.9518	4.2033
525261179073	1227.84	578.72	1203.70	579.35	3.8979	4.2188
525261187407	1236.06	575.76	1203.70	577.77	3.8931	4.2039
525261195740	1229.50	574.86	1208.69	563.97	3.8820	4.1566
525261204073	1230.63	582.77	1209.96	563.53	3.8809	4.1632
525261212406	1228.14	576.82	1210.95	564.57	3.8706	4.1534
525261220739	1233.11	579.04	1206.19	570.24	3.8615	4.1503
525261229074	1231.39	574.84	1209.74	560.79	3.8400	4.1123
525261237408	1228.17	585.79	1206.47	565.74	3.8386	4.1206
525261245741	1244.32	591.13	1236.68	585.84	3.8375	4.1089
525261254074	1286.40	591.59	1284.17	593.51	3.8073	4.0907
525261262408	1314.35	611.68	1296.86	650.59	3.7971	4.1334
525261270741	1323.19	624.00	1305.82	660.01	3.7683	4.1209
525261279073	1313.36	629.57	1295.24	649.97	3.7939	4.0996
525261287407	1324.44	630.85	1304.41	635.21	3.7788	4.0852
525261295740	1322.43	625.90	1311.79	626.07	3.7679	4.0354
525261304073	1325.02	639.22	1305.91	629.33	3.7625	4.0281
525261312406	1322.03	629.38	1309.14	637.74	3.7434	4.0117
525261320740	1327.04	635.98	1310.17	626.94	3.7396	4.0173
525261329074	1323.35	632.95	1310.24	620.40	3.7372	3.9934
525261337406	1318.88	636.04	1313.28	636.30	3.7274	4.0193
525261345740	1322.52	637.03	1309.04	633.43	3.7468	4.0012
525261354072	1319.20	639.61	1309.92	636.13	3.7403	4.0019
525261362413	1322.00	634.88	1312.98	636.19	3.7461	3.9754
525261370747	1318.61	636.40	1308.88	643.09	3.7213	4.0051
525261379080	1315.49	626.56	1315.10	631.86	3.7040	3.9540
525261387413	1319.94	627.51	1317.65	639.35	3.7127	3.9682
525261395747	1316.21	622.46	1308.75	632.94	3.6914	3.9674
525261404080	1318.13	614.50	1312.50	633.45	3.6931	3.9448
525261412414	1316.01	619.05	1316.86	628.78	3.7107	3.9335
525261420747	1315.47	612.01	1314.43	638.39	3.6985	3.9246
525261429080	1309.20	623.45	1302.81	660.48	3.6634	3.8859
525261437412	1317.37	659.39	1289.47	738.15	3.6552	3.8611
525261445746	1331.71	789.93	NaN	NaN	3.5486	NaN
525261454079	NaN	NaN	NaN	NaN	NaN	NaN
525261462413	NaN	NaN	NaN	NaN	NaN	NaN
525261470746	NaN	NaN	NaN	NaN	NaN	NaN
525261479079	NaN	NaN	NaN	NaN	NaN	NaN
525261487412	NaN	NaN	NaN	NaN	NaN	NaN
525261495750	NaN	NaN	NaN	NaN	NaN	NaN
525261504083	NaN	NaN	NaN	NaN	NaN	NaN
525261512416	NaN	NaN	NaN	NaN	NaN	NaN
525261520749	NaN	NaN	NaN	NaN	NaN	NaN
525261529082	NaN	NaN	NaN	NaN	NaN	NaN
525261537415	NaN	NaN	NaN	NaN	NaN	NaN
525261545749	NaN	NaN	NaN	NaN	NaN	NaN
525261554082	NaN	NaN	NaN	NaN	NaN	NaN
525261562415	1429.18	905.68	NaN	NaN	3.5354	NaN
525261570749	1409.23	777.73	NaN	NaN	3.5755	NaN
525261579082	1399.81	688.46	1374.52	914.40	3.5915	3.6783
525261587415	1400.91	709.06	1378.81	855.68	3.6677	3.8140
525261595748	1398.76	695.40	1370.41	786.57	3.6035	3.8578
525261604081	1399.61	738.64	1379.01	741.41	3.7127	3.9016
525261612415	1402.41	732.27	1381.66	743.26	3.7099	3.9691
525261620754	1397.14	725.64	1381.99	741.69	3.7082	3.9418
525261629087	1403.60	726.24	1383.95	744.07	3.7200	3.9637
525261637420	1406.60	723.96	1388.98	735.73	3.7508	3.9766
525261645754	1407.92	700.43	1392.90	730.67	3.7249	3.9832
525261654087	1403.39	684.59	1392.06	729.86	3.6769	3.9969
525261662421	1405.97	722.03	1401.72	725.18	3.7739	4.0154
525261670753	1402.19	718.96	1400.23	720.31	3.7716	4.0370
525261679086	1406.33	709.65	1400.03	725.52	3.7670	4.0531
525261687420	1404.32	703.56	1403.11	721.28	3.7758	4.0527
525261695753	1406.81	700.08	1404.87	719.50	3.7876	4.0642
525261704086	1412.03	696.23	1411.49	712.78	3.7902	4.0667
525261712420	1406.71	689.75	1406.59	723.16	3.7943	4.0925
525261720753	1407.83	667.02	1403.58	724.06	3.7485	4.1077
525261729086	1402.22	699.47	1400.27	726.13	3.8100	4.1117
525261737420	1411.00	684.48	1402.55	733.14	3.7949	4.1387
525261745752	1409.49	709.34	1403.72	718.80	3.8610	4.1169
525261754089	1405.54	702.82	1410.94	720.50	3.8574	4.1410
525261762423	1407.74	684.46	1408.36	721.97	3.8197	4.1493
525261770756	1408.72	713.70	1410.58	721.66	3.9066	4.1611
525261779089	1411.84	700.19	1411.36	713.27	3.8784	4.1639
525261787422	1405.69	699.36	1405.98	730.31	3.8820	4.1916
525261795756	1408.73	727.22	1406.65	724.21	3.9472	4.1978
525261804089	1412.44	713.08	1400.84	735.06	3.9334	4.2270
525261812422	1408.49	688.01	1402.18	726.71	3.8801	4.2259
525261820755	1410.47	713.29	1394.78	731.02	3.9372	4.2217
525261829088	1413.34	724.06	1396.61	741.22	3.9769	4.2512
525261837422	1408.05	711.15	1398.41	740.40	3.9497	4.2538
525261845754	1411.23	708.64	1398.99	738.63	3.9457	4.2532
525261854088	1408.00	704.22	1398.58	731.97	3.9448	4.2487
525261862421	1409.03	713.19	1394.78	737.77	3.9719	4.2766
525261870755	1410.03	711.75	1397.49	741.26	3.9814	4.2873
525261879088	1410.56	715.59	1395.79	741.56	3.9667	4.2978
525261887426	1408.31	717.64	1401.57	735.36	3.9776	4.2891
525261895758	1408.08	720.59	1400.11	740.60	4.0048	4.2941
525261904091	1411.91	717.33	1400.47	740.25	3.9805	4.3151
525261912424	1409.29	712.23	1403.07	733.29	3.9757	4.2895
525261920758	1409.16	718.89	1403.95	734.66	3.9828	4.3076
525261929091	1411.61	718.78	1399.07	735.31	4.0024	4.3010
525261937424	1407.40	714.35	1401.67	735.74	3.9737	4.3100
525261945757	1413.86	724.40	1400.47	742.96	4.0003	4.3129
525261954091	1411.68	715.65	1402.71	738.14	3.9896	4.3033
525261962425	1410.11	715.28	1400.60	743.59	3.9785	4.3165
525261970758	1407.82	723.56	1399.39	739.18	3.9831	4.3084
525261979090	1406.13	714.42	1399.23	740.24	3.9591	4.2929
525261987423	1411.86	719.61	1394.79	741.60	3.9821	4.3097
525261995756	1413.50	708.14	1395.31	742.81	3.9616	4.3074
525262004090	1406.32	710.37	1400.57	726.55	3.9478	4.2893
525262012424	1409.06	721.51	1398.54	741.19	3.9718	4.3072
525262020761	1413.00	719.13	1399.01	739.43	3.9664	4.2896
525262029095	1404.85	702.30	1395.36	735.57	3.9361	4.2990
525262037429	1410.54	707.66	1393.52	745.22	3.9417	4.3133
525262045762	1406.85	709.06	1396.75	746.01	3.9442	4.3314
525262054094	1406.72	722.64	1396.35	738.43	3.9564	4.3023
525262062427	1405.20	700.84	1402.77	730.75	3.9215	4.2770
525262070760	1407.85	709.63	1396.10	731.12	3.9518	4.2967
525262079094	1403.63	690.75	1402.13	727.29	3.8951	4.2620
525262087427	1404.62	701.98	1400.30	735.52	3.9216	4.2825
525262095761	1401.57	698.00	1400.46	733.26	3.8980	4.2705
525262104094	1406.14	724.67	1399.13	739.01	3.9755	4.2714
525262112427	1406.38	703.50	1398.42	727.90	3.9072	4.2627
525262120761	1407.13	699.48	1394.73	742.82	3.8934	4.2608
525262129094	1404.16	696.05	1395.54	729.18	3.8945	4.2374
525262137426	1387.38	665.20	1375.82	715.49	3.8458	4.2418
525262145764	1328.92	652.88	1322.81	686.33	3.8525	4.2556
525262154098	1293.60	648.83	1298.04	686.71	3.8208	4.2428
525262162431	1269.84	637.74	1266.12	671.95	3.8050	4.2299
525262170764	1253.23	627.61	1249.83	681.85	3.8329	4.2319
525262179098	1257.54	627.93	1251.22	687.27	3.8180	4.2323
525262187431	1256.96	630.55	1249.81	689.16	3.8108	4.2305
525262195764	1259.44	630.72	1246.35	689.80	3.8218	4.2336
525262204098	1256.41	634.52	1243.96	685.23	3.8077	4.2160
525262212430	1257.33	635.86	1243.58	682.36	3.7959	4.2139
525262220764	1254.55	636.94	1247.55	674.89	3.7949	4.1963
525262229097	1257.20	643.08	1242.28	676.74	3.8010	4.1968
525262237430	1249.13	635.99	1240.90	681.20	3.7810	4.2029
525262245763	1255.77	641.79	1243.50	678.77	3.7951	4.2043
525262254097	1257.02	638.07	1240.41	679.00	3.7622	4.1988
525262262430	1253.38	636.96	1246.56	674.52	3.7691	4.1768
525262270763	1254.41	640.28	1238.16	682.83	3.7558	4.1870
525262279105	1255.06	631.60	1248.05	680.07	3.7678	4.1607
525262287437	1251.73	633.43	1239.91	672.04	3.7506	4.1668
525262295771	1253.95	632.26	1245.22	682.59	3.7511	4.1679
525262304104	1252.30	631.34	1244.94	662.42	3.7448	4.1167
525262312437	1253.82	633.94	1244.55	672.73	3.7332	4.1434
525262320771	1253.25	633.24	1242.34	674.75	3.7450	4.1311
525262329103	1255.76	637.99	1234.83	673.82	3.7391	4.1463
525262337437	1249.44	635.02	1240.86	674.34	3.7332	4.1179
525262345770	1252.02	639.73	1250.37	649.90	3.7244	4.0749
525262354104	1250.46	639.17	1244.61	676.53	3.7028	4.1295
525262362437	1256.50	642.76	1248.62	649.28	3.7171	4.0717
525262370769	1252.67	636.24	1247.16	665.41	3.7113	4.0902
525262379102	1249.00	637.72	1245.18	662.54	3.6967	4.0825
525262387436	1250.75	640.44	1249.44	667.37	3.6851	4.0937
525262395769	1247.96	638.04	1245.70	674.46	3.6837	4.0826
525262404103	1250.46	633.38	1249.67	668.24	3.6767	4.0636
525262412437	1248.84	640.35	1255.09	665.99	3.6918	4.0490
525262420770	1237.99	612.30	1245.60	612.44	3.6891	4.0009
525262429104	1216.92	584.07	1224.51	569.57	3.7034	3.9926
525262437437	1212.00	596.45	1204.34	576.50	3.7037	3.9989
525262445770	1202.93	595.02	1198.44	575.61	3.6878	3.9884
525262454102	1211.70	594.78	1199.42	575.63	3.6844	3.9798
525262462436	1204.45	592.18	1198.50	575.70	3.6917	3.9987
525262470769	1203.05	590.95	1195.82	570.00	3.6780	3.9838
525262479103	1208.13	589.15	1193.43	573.21	3.6863	3.9758
525262487436	1206.82	588.94	1192.62	573.71	3.6752	3.9715
525262495769	1203.61	587.78	1193.17	573.61	3.6731	3.9709
525262504102	1207.29	585.72	1196.27	573.51	3.6650	3.9573
525262512436	1205.90	586.74	1192.48	576.42	3.6732	3.9633
525262520768	1207.40	590.56	1197.78	573.83	3.6561	3.9605
525262529102	1207.83	586.64	1195.13	570.86	3.6421	3.9538
525262537441	1208.18	587.89	1196.84	575.33	3.6484	3.9523
525262545774	1208.56	591.14	1192.89	575.76	3.6478	3.9560
525262554107	1206.14	589.35	1192.44	573.97	3.6587	3.9529
525262562441	1207.36	586.41	1197.25	572.01	3.6490	3.9335
525262570775	1204.82	581.00	1194.33	573.00	3.6420	3.9363
525262579107	1205.95	586.55	1192.30	574.86	3.6378	3.9522
525262587441	1203.79	585.14	1192.97	575.43	3.6316	3.9481
525262595774	1206.36	593.00	1194.19	573.63	3.6343	3.9317
525262604106	1202.82	583.33	1191.17	576.36	3.6276	3.9420
525262612440	1200.27	590.59	1194.76	574.39	3.6352	3.9293
525262620773	1202.99	588.02	1196.85	575.13	3.6162	3.9227
525262629107	1199.35	588.90	1192.64	575.11	3.6182	3.9034
525262637440	1199.82	583.92	1195.41	576.13	3.6109	3.9107
525262645773	1201.80	590.92	1196.31	572.03	3.6093	3.9054
525262654107	1202.51	589.64	1193.16	578.34	3.5956	3.9005
525262662440	1204.15	595.09	1198.38	577.18	3.6188	3.8931
525262670777	1204.81	591.43	1195.58	574.89	3.5990	3.8884
525262679110	1203.53	590.99	1194.94	580.06	3.6027	3.8785
525262687443	1201.41	596.76	1198.01	580.42	3.5922	3.8816
525262695776	1200.29	596.01	1199.23	574.19	3.5810	3.8703
525262704109	1205.88	622.26	1198.08	603.02	3.5802	3.8409
525262712443	1212.43	658.98	1208.58	685.73	3.5260	3.9010
525262720776	1225.19	687.09	1226.26	730.92	3.4897	3.8818
525262729109	1235.82	742.91	1235.12	795.69	3.4721	3.8848
525262737443	1231.58	777.36	1224.02	799.11	3.5229	3.8884
525262745776	1235.31	735.12	1226.52	788.28	3.4518	3.8807
525262754109	1232.32	765.42	1232.50	790.99	3.4995	3.8724
525262762442	1238.21	773.00	1236.14	792.36	3.5244	3.8645
525262770775	1231.99	766.86	1234.25	799.32	3.5008	3.8655
525262779109	1232.06	752.28	1226.20	799.58	3.4511	3.8657
525262787442	1236.40	772.77	1227.82	801.99	3.4895	3.8585
525262795775	1233.56	777.34	1225.07	803.05	3.5061	3.8482
525262804113	1225.65	737.76	1227.45	806.78	3.4000	3.8514
525262812447	1228.34	751.16	1230.93	799.00	3.4297	3.8289
525262820780	1229.30	738.28	1230.20	801.27	3.4137	3.8602
525262829113	1232.17	765.83	1236.64	791.36	3.4666	3.8199
525262837446	1235.15	775.82	1233.89	797.42	3.4768	3.8230
525262845779	1233.14	765.51	1235.74	797.44	3.4555	3.8268
525262854112	1231.21	766.76	1235.13	793.83	3.4650	3.8171
525262862446	1226.46	753.03	1231.98	795.25	3.4430	3.8335
525262870779	1230.50	773.53	1236.54	795.76	3.4767	3.8415
525262879113	1226.11	742.65	1237.99	797.65	3.4115	3.8334
525262887446	1231.85	743.77	1239.00	793.80	3.4178	3.8326
525262895779	1221.78	744.64	1240.88	795.82	3.4185	3.8405
525262904113	1232.85	760.32	1243.23	791.60	3.4678	3.8339
525262912445	1228.52	743.17	1240.79	795.20	3.4345	3.8245
525262920778	1232.38	764.17	1236.32	801.76	3.4754	3.8282
525262929111	1226.12	749.25	1236.61	800.62	3.4462	3.8413
525262937449	1229.96	759.43	1237.12	801.67	3.4708	3.8312
525262945783	1232.49	757.98	1242.36	799.35	3.4620	3.8346
525262954117	1233.43	767.18	1236.57	803.12	3.5018	3.8372
525262962450	1234.97	781.29	1241.99	806.69	3.5187	3.8424
525262970783	1238.12	753.00	1240.77	801.88	3.4713	3.8504
525262979116	1228.20	756.69	1241.38	801.09	3.4830	3.8362
525262987449	1232.50	744.49	1242.41	797.51	3.4613	3.8566
525262995782	1231.01	760.82	1244.06	797.00	3.5051	3.8578
525263004116	1233.34	740.57	1238.32	797.89	3.4644	3.8533
525263012448	1234.64	762.66	1234.81	800.40	3.5088	3.8668
525263020782	1228.53	759.71	1236.57	800.82	3.5012	3.8667
525263029116	1239.36	761.69	1236.54	795.19	3.5368	3.8569
525263037449	1232.10	740.48	1237.20	791.14	3.4707	3.8575
525263045782	1236.84	764.88	1234.08	796.17	3.5252	3.8717
525263054115	1230.45	759.50	1235.54	790.62	3.5270	3.8673
525263062453	1228.43	746.82	1236.62	795.92	3.5069	3.8730
525263070786	1232.62	774.67	1242.67	797.10	3.5723	3.8600
525263079120	1237.39	776.38	1234.11	797.00	3.5768	3.8642
525263087453	1236.16	776.80	1237.59	799.07	3.5810	3.8733
525263095786	1234.98	746.63	1238.52	802.75	3.5179	3.8826
525263104119	1235.12	761.69	1232.67	803.39	3.5474	3.8943
525263112452	1233.99	776.10	1240.21	801.89	3.5951	3.8844
525263120786	1232.86	759.89	1233.91	805.75	3.5617	3.8979
525263129119	1238.49	777.55	1238.53	797.70	3.5922	3.8742
525263137452	1233.79	753.34	1233.56	806.54	3.5595	3.8997
525263145785	1235.58	753.80	1238.44	797.60	3.5457	3.8874
525263154118	1235.42	776.07	1236.22	800.75	3.6004	3.8871
525263162452	1231.98	770.24	1234.99	796.25	3.5949	3.8913
525263170785	1244.54	703.32	1249.04	776.17	3.5108	3.8855
525263179118	1272.35	699.66	1280.89	733.41	3.5523	3.8762
525263187451	1284.43	694.68	1311.49	720.04	3.5479	3.8619
525263195789	1300.90	674.83	1328.88	722.34	3.5612	3.8424
525263204122	1312.10	681.36	1336.48	712.84	3.5604	3.8179
525263212456	1322.52	675.33	1342.96	705.41	3.5329	3.7300
525263220788	1331.44	759.72	NaN	NaN	3.4207	NaN
525263229121	NaN	NaN	NaN	NaN	NaN	NaN
525263237455	NaN	NaN	NaN	NaN	NaN	NaN
525263245788	NaN	NaN	NaN	NaN	NaN	NaN
525263254121	NaN	NaN	NaN	NaN	NaN	NaN
525263262454	NaN	NaN	NaN	NaN	NaN	NaN
525263270788	NaN	NaN	NaN	NaN	NaN	NaN
525263279121	NaN	NaN	NaN	NaN	NaN	NaN
525263287454	NaN	NaN	NaN	NaN	NaN	NaN
525263295787	1366.46	872.96	1355.62	1262.48	2.4591	3.9376
525263304120	1339.47	865.40	NaN	NaN	3.1899	NaN
525263312453	1335.45	826.55	1348.58	869.89	3.3391	3.6279
525263320787	1350.18	768.20	1342.26	784.12	3.4149	3.6730
525263329124	1341.73	693.02	1329.22	756.36	3.5042	3.7968
525263337457	1342.00	633.83	1340.51	661.81	3.5659	3.7641
525263345791	1334.73	646.58	1337.98	657.97	3.5514	3.7996
525263354124	1340.66	647.28	1333.90	670.53	3.5578	3.8030
525263362458	1340.01	642.47	1337.29	669.99	3.5750	3.8060
525263370791	1336.69	642.29	1335.87	670.85	3.5660	3.8337
525263379123	1341.74	647.02	1334.02	662.87	3.5924	3.8321
525263387457	1344.39	642.40	1338.80	658.46	3.6163	3.8353
525263395789	1346.19	642.00	1340.68	649.70	3.6166	3.8559
525263404123	1342.34	643.09	1337.15	632.74	3.6308	3.8489
525263412457	1343.82	641.78	1333.83	622.66	3.6527	3.8624
525263420790	1344.29	640.74	1340.16	618.91	3.6372	3.8719
525263429123	1343.53	643.49	1339.51	618.59	3.6462	3.8836
525263437457	1339.84	642.57	1340.86	614.26	3.6325	3.8631
525263445790	1343.66	637.44	1339.19	609.42	3.6400	3.8619
525263454122	1341.01	643.90	1334.97	617.48	3.6429	3.8737
525263462461	1342.75	632.27	1335.77	614.98	3.6328	3.8783
525263470794	1338.44	635.03	1338.04	615.59	3.6371	3.8743
525263479127	1338.51	638.91	1340.53	613.91	3.6410	3.8580
525263487461	1336.39	635.47	1336.61	616.08	3.6422	3.8670
525263495794	1336.71	634.79	1340.02	616.09	3.6296	3.8895
525263504127	1340.16	636.01	1347.17	615.57	3.6383	3.8821
525263512460	1337.76	634.57	1339.75	623.20	3.6476	3.8962
525263520793	1340.04	636.58	1340.86	615.93	3.6470	3.8905
525263529126	1340.87	633.08	1341.53	617.08	3.6459	3.9016
525263537460	1343.38	631.88	1339.40	623.12	3.6409	3.8907
525263545793	1337.61	634.68	1341.14	634.07	3.6560	3.9004
525263554126	1335.04	633.24	1339.23	638.88	3.6457	3.9102
525263562460	1337.30	640.06	1346.21	644.39	3.6786	3.9064
525263570793	1340.46	634.37	1336.78	634.89	3.6634	3.9072
525263579126	1343.43	631.88	1339.81	638.02	3.6736	3.9058
525263587463	1339.39	639.07	1334.67	651.06	3.6694	3.9349
525263595796	1339.02	645.21	1335.69	638.24	3.6872	3.9101
525263604130	1338.03	641.56	1331.59	653.25	3.6889	3.9482
525263612462	1339.92	640.73	1338.06	636.36	3.6826	3.9086
525263620795	1338.45	631.22	1334.32	642.94	3.6865	3.9357
525263629129	1339.73	635.94	1335.26	635.09	3.6812	3.9236
525263637463	1339.48	633.36	1332.59	638.52	3.6864	3.9531
525263645796	1342.55	634.41	1333.07	622.11	3.6742	3.9125
525263654129	1342.59	632.81	1334.44	619.77	3.6959	3.8959
525263662462	1342.32	633.94	1332.71	633.81	3.7023	3.9303
525263670796	1340.92	633.46	1333.11	623.27	3.7108	3.9166
525263679129	1337.44	631.11	1331.81	633.27	3.6892	3.9383
525263687461	1343.65	631.55	1335.42	637.73	3.7043	3.9492
525263695794	1342.46	641.11	1330.49	658.21	3.6965	3.9939
525263704128	1341.66	640.95	1342.04	646.70	3.6990	3.9685
525263712461	1341.37	643.75	1340.33	646.85	3.7092	3.9543
525263720799	1340.95	641.45	1336.13	638.67	3.6984	3.9447
525263729133	1345.66	638.10	1338.57	647.09	3.7129	3.9608
525263737466	1341.41	640.51	1332.04	657.08	3.7206	3.9909
525263745799	1339.29	636.43	1332.43	643.35	3.7013	3.9700
