t	gaze_point_LX	gaze_point_LY	gaze_point_RX	gaze_point_RY	pupil_diameter_L	pupil_diameter_R
875597922385	1082.06	655.39	1108.52	651.61	3.9230	4.0538
875597930718	1088.72	663.10	1107.03	663.89	3.9161	4.0670
875597939051	1092.93	670.87	1114.44	670.81	3.9160	4.0597
875597947385	1083.87	836.09	1105.76	783.31	3.6821	3.9099
875597955718	NaN	NaN	932.03	1292.90	NaN	2.5319
875597964052	NaN	NaN	NaN	NaN	NaN	NaN
875597972387	NaN	NaN	NaN	NaN	NaN	NaN
875597980718	NaN	NaN	NaN	NaN	NaN	NaN
875597989050	NaN	NaN	NaN	NaN	NaN	NaN
875597997384	NaN	NaN	NaN	NaN	NaN	NaN
875598005717	NaN	NaN	NaN	NaN	NaN	NaN
875598014050	NaN	NaN	NaN	NaN	NaN	NaN
875598022384	NaN	NaN	NaN	NaN	NaN	NaN
875598030717	NaN	NaN	NaN	NaN	NaN	NaN
875598039056	NaN	NaN	NaN	NaN	NaN	NaN
875598047389	NaN	NaN	NaN	NaN	NaN	NaN
875598055722	NaN	NaN	NaN	NaN	NaN	NaN
875598064055	NaN	NaN	NaN	NaN	NaN	NaN
875598072388	NaN	NaN	NaN	NaN	NaN	NaN
875598080721	NaN	NaN	NaN	NaN	NaN	NaN
875598089054	NaN	NaN	NaN	NaN	NaN	NaN
875598097388	NaN	NaN	NaN	NaN	NaN	NaN
875598105721	NaN	NaN	NaN	NaN	NaN	NaN
875598114054	NaN	NaN	NaN	NaN	NaN	NaN
875598122388	NaN	NaN	NaN	NaN	NaN	NaN
875598130721	NaN	NaN	NaN	NaN	NaN	NaN
875598139055	NaN	NaN	NaN	NaN	NaN	NaN
875598147387	NaN	NaN	NaN	NaN	NaN	NaN
875598155720	NaN	NaN	NaN	NaN	NaN	NaN
875598164058	NaN	NaN	NaN	NaN	NaN	NaN
875598172392	NaN	NaN	NaN	NaN	NaN	NaN
875598180725	NaN	NaN	NaN	NaN	NaN	NaN
875598189058	NaN	NaN	NaN	NaN	NaN	NaN
875598197392	NaN	NaN	NaN	NaN	NaN	NaN
875598205725	NaN	NaN	1262.48	1648.22	NaN	2.2756
875598214059	NaN	NaN	NaN	NaN	NaN	NaN
875598222391	1053.68	1359.22	NaN	NaN	3.0896	NaN
875598230724	1142.20	1252.05	NaN	NaN	3.5248	NaN
875598239057	1202.46	1207.04	1429.53	1432.78	3.4930	3.1567
875598247390	1135.61	1154.42	1072.96	1330.50	3.6700	3.5242
875598255726	1166.21	1100.45	1186.60	1278.15	3.7922	3.6784
875598264059	1172.74	1047.07	1113.11	1213.18	3.8871	3.6958
875598272392	1155.35	1003.59	1180.33	1165.08	3.9322	3.9022
875598280726	1154.97	991.44	1190.38	1128.74	3.9674	3.9615
875598289060	1162.59	974.23	1184.09	1110.55	3.9973	4.0128
875598297397	1157.29	966.69	1174.93	1093.06	4.0275	4.0335
875598305729	1152.77	946.00	1195.40	1075.36	4.0460	4.0839
875598314063	1153.56	942.66	1187.27	1068.64	4.0503	4.0804
875598322395	1162.01	948.47	1175.78	1078.31	4.0481	4.0649
875598330729	1161.84	970.36	1192.24	1102.05	4.0255	4.0252
875598339062	1177.92	1040.00	1173.10	1131.22	3.8849	3.9578
875598347396	1184.75	1244.40	1309.92	1362.13	3.5179	3.4311
875598355729	NaN	NaN	1460.45	1683.60	NaN	2.3066
875598364063	NaN	NaN	NaN	NaN	NaN	NaN
875598372396	NaN	NaN	NaN	NaN	NaN	NaN
875598380728	NaN	NaN	NaN	NaN	NaN	NaN
875598389061	NaN	NaN	NaN	NaN	NaN	NaN
875598397394	NaN	NaN	NaN	NaN	NaN	NaN
875598405728	NaN	NaN	NaN	NaN	NaN	NaN
875598414061	NaN	NaN	NaN	NaN	NaN	NaN
875598422398	NaN	NaN	NaN	NaN	NaN	NaN
875598430731	NaN	NaN	NaN	NaN	NaN	NaN
875598439064	NaN	NaN	NaN	NaN	NaN	NaN
875598447398	NaN	NaN	NaN	NaN	NaN	NaN
875598455730	NaN	NaN	NaN	NaN	NaN	NaN
875598464063	NaN	NaN	NaN	NaN	NaN	NaN
875598472396	NaN	NaN	NaN	NaN	NaN	NaN
875598480730	NaN	NaN	NaN	NaN	NaN	NaN
875598489063	NaN	NaN	NaN	NaN	NaN	NaN
875598497396	NaN	NaN	NaN	NaN	NaN	NaN
875598505730	NaN	NaN	NaN	NaN	NaN	NaN
875598514063	NaN	NaN	NaN	NaN	NaN	NaN
875598522397	NaN	NaN	NaN	NaN	NaN	NaN
875598530730	NaN	NaN	NaN	NaN	NaN	NaN
875598539062	NaN	NaN	NaN	NaN	NaN	NaN
875598547395	NaN	NaN	NaN	NaN	NaN	NaN
875598555734	NaN	NaN	NaN	NaN	NaN	NaN
875598564067	NaN	NaN	NaN	NaN	NaN	NaN
875598572401	NaN	NaN	NaN	NaN	NaN	NaN
875598580734	NaN	NaN	NaN	NaN	NaN	NaN
875598589067	NaN	NaN	NaN	NaN	NaN	NaN
875598597401	NaN	NaN	NaN	NaN	NaN	NaN
875598605734	NaN	NaN	NaN	NaN	NaN	NaN
875598614066	NaN	NaN	NaN	NaN	NaN	NaN
875598622399	NaN	NaN	NaN	NaN	NaN	NaN
875598630733	NaN	NaN	NaN	NaN	NaN	NaN
875598639066	NaN	NaN	NaN	NaN	NaN	NaN
875598647400	NaN	NaN	NaN	NaN	NaN	NaN
875598655733	NaN	NaN	NaN	NaN	NaN	NaN
875598664066	NaN	NaN	NaN	NaN	NaN	NaN
875598672400	NaN	NaN	NaN	NaN	NaN	NaN
875598680733	NaN	NaN	NaN	NaN	NaN	NaN
875598689073	NaN	NaN	NaN	NaN	NaN	NaN
875598697405	NaN	NaN	NaN	NaN	NaN	NaN
875598705736	NaN	NaN	NaN	NaN	NaN	NaN
875598714070	NaN	NaN	NaN	NaN	NaN	NaN
875598722403	NaN	NaN	NaN	NaN	NaN	NaN
875598730739	NaN	NaN	NaN	NaN	NaN	NaN
875598739070	NaN	NaN	NaN	NaN	NaN	NaN
875598747404	NaN	NaN	NaN	NaN	NaN	NaN
875598755739	NaN	NaN	NaN	NaN	NaN	NaN
875598764072	NaN	NaN	NaN	NaN	NaN	NaN
875598772404	NaN	NaN	NaN	NaN	NaN	NaN
875598780737	NaN	NaN	NaN	NaN	NaN	NaN
875598789071	NaN	NaN	NaN	NaN	NaN	NaN
875598797403	NaN	NaN	NaN	NaN	NaN	NaN
875598805736	NaN	NaN	NaN	NaN	NaN	NaN
875598814069	NaN	NaN	NaN	NaN	NaN	NaN
875598822409	NaN	NaN	NaN	NaN	NaN	NaN
875598830742	NaN	NaN	NaN	NaN	NaN	NaN
875598839078	NaN	NaN	NaN	NaN	NaN	NaN
875598847411	NaN	NaN	NaN	NaN	NaN	NaN
875598855743	NaN	NaN	NaN	NaN	NaN	NaN
875598864077	NaN	NaN	NaN	NaN	NaN	NaN
875598872411	NaN	NaN	NaN	NaN	NaN	NaN
875598880744	NaN	NaN	NaN	NaN	NaN	NaN
875598889077	NaN	NaN	NaN	NaN	NaN	NaN
875598897338	NaN	NaN	NaN	NaN	NaN	NaN
875598905600	NaN	NaN	NaN	NaN	NaN	NaN
875598913933	NaN	NaN	NaN	NaN	NaN	NaN
875598922267	NaN	NaN	NaN	NaN	NaN	NaN
875598930599	NaN	NaN	NaN	NaN	NaN	NaN
875598938932	NaN	NaN	NaN	NaN	NaN	NaN
875598947266	NaN	NaN	NaN	NaN	NaN	NaN
875598955647	NaN	NaN	NaN	NaN	NaN	NaN
875598964028	NaN	NaN	NaN	NaN	NaN	NaN
875598972411	NaN	NaN	NaN	NaN	NaN	NaN
875598980745	NaN	NaN	NaN	NaN	NaN	NaN
875598989078	NaN	NaN	NaN	NaN	NaN	NaN
875598997411	NaN	NaN	NaN	NaN	NaN	NaN
875599005744	NaN	NaN	NaN	NaN	NaN	NaN
875599014077	NaN	NaN	NaN	NaN	NaN	NaN
875599022410	NaN	NaN	NaN	NaN	NaN	NaN
875599030743	NaN	NaN	NaN	NaN	NaN	NaN
875599039077	NaN	NaN	NaN	NaN	NaN	NaN
875599047410	NaN	NaN	NaN	NaN	NaN	NaN
875599055744	NaN	NaN	NaN	NaN	NaN	NaN
875599064077	NaN	NaN	1089.19	1724.73	NaN	1.3063
875599072410	NaN	NaN	1006.87	1336.88	NaN	2.4501
875599080747	NaN	NaN	NaN	NaN	NaN	NaN
875599089080	NaN	NaN	1302.30	1109.95	NaN	3.3944
875599097413	NaN	NaN	1297.52	1033.00	NaN	3.5452
875599105746	1242.59	937.97	1328.06	960.50	3.4529	3.6298
875599114080	1241.61	838.23	1303.43	911.71	3.6337	3.7175
875599122413	1238.62	812.26	1304.76	873.61	3.6693	3.7574
875599130747	1231.46	791.79	1303.43	836.64	3.6844	3.7911
875599139080	1230.39	792.71	1287.87	799.50	3.6935	3.8164
875599147413	1237.19	804.95	1291.02	786.92	3.6662	3.8497
875599155747	1241.52	798.76	1289.19	773.92	3.6372	3.8345
875599164079	1245.59	805.62	1292.95	749.35	3.6200	3.8721
875599172412	1241.97	809.59	1303.05	764.61	3.6274	3.8421
875599180746	1243.08	808.16	1291.73	785.71	3.6060	3.7831
875599189077	1238.34	801.48	1294.85	772.41	3.5950	3.7776
875599197410	1242.18	790.36	1287.90	787.52	3.5962	3.7582
875599205746	1247.42	776.33	1284.40	775.62	3.5733	3.7478
875599214082	1257.59	777.92	1289.55	789.77	3.5718	3.7561
875599222415	1271.69	771.79	1287.93	788.47	3.5639	3.7501
875599230749	1265.00	777.16	1297.75	791.70	3.5621	3.7444
875599239082	1256.92	786.33	1285.57	788.37	3.5705	3.7334
875599247416	1246.85	789.83	1275.28	773.96	3.5586	3.7018
875599255750	1252.30	786.05	1293.13	764.39	3.5658	3.7242
875599264083	1258.31	782.69	1301.85	776.46	3.5617	3.7198
875599272416	1263.23	773.02	1275.45	778.09	3.5548	3.7065
875599280750	1249.88	777.30	1274.85	783.76	3.5388	3.7095
875599289083	1256.37	742.48	1287.50	761.56	3.5546	3.7004
875599297416	1239.85	708.96	1262.84	701.57	3.5595	3.6918
875599305750	1251.44	686.32	1261.75	694.06	3.5601	3.6859
875599314083	1252.55	702.81	1269.64	706.50	3.5340	3.6990
875599322415	1248.88	693.19	1274.67	698.96	3.5470	3.7107
875599330749	1241.26	690.12	1271.80	678.60	3.5751	3.6873
875599339082	1253.52	704.17	1268.10	685.93	3.5772	3.7027
875599347420	1254.97	705.45	1261.04	666.60	3.5605	3.6821
875599355754	1251.92	716.33	1245.49	698.37	3.5765	3.7162
875599364087	1249.61	695.14	1263.10	691.19	3.5782	3.7047
875599372420	1255.37	678.49	1266.32	690.91	3.5839	3.7307
875599380754	1247.39	686.61	1259.26	694.63	3.5819	3.7280
875599389087	1252.21	700.39	1271.44	678.48	3.6006	3.7160
875599397420	1247.66	708.63	1256.50	680.06	3.6063	3.7243
875599405753	1248.06	700.96	1269.34	685.71	3.5979	3.7295
875599414086	1256.30	686.44	1259.71	680.95	3.5952	3.7428
875599422419	1242.94	676.88	1267.17	688.16	3.5998	3.7486
875599430753	1243.98	696.18	1266.44	696.34	3.6210	3.7657
875599439086	1246.38	692.49	1256.74	694.32	3.6257	3.7776
875599447419	1254.46	682.07	1240.87	690.38	3.6349	3.7634
875599455753	1250.12	697.03	1253.04	687.37	3.6209	3.7848
875599464086	1242.89	686.36	1261.64	677.71	3.6463	3.7844
875599472422	1253.34	698.06	1261.71	687.15	3.6547	3.8043
875599480755	1258.40	683.92	1260.66	690.43	3.6741	3.8134
875599489088	1251.59	685.73	1268.70	694.07	3.6907	3.8177
875599497421	1246.27	696.47	1256.76	693.56	3.6873	3.8233
875599505755	1242.02	700.63	1253.66	687.76	3.7010	3.8510
875599514088	1242.04	676.53	1255.37	700.25	3.6992	3.8488
875599522421	1248.66	686.53	1254.59	692.23	3.7066	3.8779
875599530754	1256.70	694.63	1253.23	698.10	3.7253	3.8758
875599539088	1248.54	687.56	1264.52	699.22	3.7493	3.9059
875599547421	1252.03	697.51	1271.57	694.13	3.7558	3.8990
875599555753	1251.07	704.18	1270.72	688.89	3.7608	3.8971
875599564087	1253.11	700.42	1268.88	692.47	3.7656	3.9212
875599572420	1256.01	686.94	1269.05	694.87	3.7984	3.9363
875599580753	1252.92	702.93	1265.44	698.70	3.8015	3.9612
875599589087	1240.87	687.99	1259.38	695.05	3.8025	3.9650
875599597420	1249.77	704.96	1257.62	694.90	3.8038	3.9595
875599605757	1249.86	687.57	1261.46	699.55	3.8289	3.9884
875599614091	1259.17	690.74	1265.66	700.44	3.8274	3.9940
875599622424	1250.47	690.54	1254.28	696.39	3.8225	4.0025
875599630757	1248.00	698.36	1265.44	690.73	3.8555	4.0049
875599639090	1245.11	680.61	1257.64	703.02	3.8808	4.0284
875599647423	1253.97	703.60	1256.84	702.44	3.8728	4.0450
875599655756	1252.08	680.52	1269.17	688.72	3.8663	4.0363
875599664090	1251.74	681.20	1254.59	701.61	3.8974	4.0610
875599672423	1242.49	678.42	1260.68	694.74	3.8674	4.0634
875599680756	1246.26	685.58	1254.31	708.24	3.9017	4.0904
875599689090	1242.66	688.60	1251.76	698.10	3.9179	4.0967
875599697423	1244.38	680.73	1252.75	700.93	3.9348	4.0988
875599705756	1240.78	686.81	1250.78	700.40	3.9372	4.1149
875599714088	1239.71	683.73	1251.51	699.84	3.9441	4.1151
875599722422	1243.17	665.76	1255.99	705.27	3.9398	4.1183
875599730755	1242.31	674.83	1265.86	707.64	3.9443	4.1358
875599739095	1252.30	703.58	1261.50	693.41	3.9678	4.1436
875599747429	1247.12	694.20	1261.74	704.35	3.9821	4.1458
875599755762	1248.50	675.84	1257.41	705.67	3.9798	4.1713
875599764096	1243.64	684.10	1261.43	697.94	3.9967	4.1756
875599772429	1246.19	688.37	1259.10	707.71	4.0124	4.2028
875599780762	1251.65	692.23	1263.32	710.03	3.9970	4.1991
875599789096	1247.62	677.76	1258.78	703.69	3.9945	4.1940
875599797427	1247.14	677.53	1258.43	704.59	4.0210	4.2172
875599805761	1247.97	679.83	1258.24	700.65	4.0286	4.2179
875599814094	1244.19	682.76	1254.44	705.14	4.0275	4.2204
875599822427	1242.31	690.96	1256.13	701.01	4.0438	4.2345
875599830761	1247.67	686.42	1257.79	701.91	4.0566	4.2336
875599839094	1239.56	689.61	1262.54	702.62	4.0561	4.2440
875599847428	1244.81	685.25	1270.40	700.93	4.0662	4.2429
875599855761	1243.68	670.58	1269.03	701.38	4.0522	4.2497
875599864095	1236.01	684.74	1262.37	705.33	4.0578	4.2526
875599872432	1240.14	694.71	1258.88	700.08	4.0676	4.2705
875599880765	1246.34	695.60	1260.00	698.86	4.0893	4.2615
875599889098	1245.07	698.41	1258.49	703.55	4.0826	4.2772
875599897431	1244.55	699.05	1253.50	708.52	4.0919	4.2942
875599905765	1250.40	692.88	1260.96	701.93	4.0864	4.2906
875599914098	1241.35	688.79	1261.22	704.63	4.0890	4.2962
875599922431	1241.55	695.31	1262.38	699.35	4.0952	4.2937
875599930765	1248.77	704.49	1260.61	701.08	4.1244	4.3026
875599939099	1237.42	684.08	1258.36	700.45	4.1121	4.3161
875599947432	1244.72	683.60	1259.12	700.23	4.1199	4.3157
875599955764	1240.34	687.12	1259.08	703.25	4.1163	4.3313
875599964098	1237.94	687.90	1251.62	701.61	4.1290	4.3356
875599972430	1247.58	680.52	1253.75	701.85	4.1441	4.3388
875599980764	1246.05	699.28	1257.07	702.99	4.1440	4.3503
875599989098	1244.97	697.40	1261.22	699.79	4.1395	4.3483
875599997435	1244.13	702.37	1257.87	695.59	4.1521	4.3503
875600005769	1245.69	700.17	1258.09	700.28	4.1583	4.3597
875600014103	1242.75	696.08	1258.92	694.43	4.1719	4.3726
875600022436	1242.91	683.03	1255.97	698.40	4.1554	4.3692
875600030768	1241.86	700.14	1253.84	694.30	4.1841	4.3788
875600039101	1239.24	684.07	1255.98	687.02	4.1541	4.3554
875600047435	1239.02	686.64	1256.61	694.43	4.1538	4.3545
875600055768	1241.29	691.16	1253.72	693.08	4.1589	4.3670
875600064101	1242.20	700.41	1257.38	689.84	4.1378	4.3550
875600072434	1237.99	700.07	1262.27	688.95	4.1367	4.3369
875600080768	1237.41	698.92	1258.29	693.78	4.1256	4.3334
875600089101	1238.09	686.27	1255.28	696.44	4.1176	4.3100
875600097435	1244.23	672.65	1257.20	701.16	4.0946	4.2961
875600105767	1240.98	689.48	1261.48	687.17	4.0704	4.2796
875600114100	1236.14	693.46	1262.47	688.41	4.0546	4.2608
875600122433	1238.88	680.63	1258.19	690.65	4.0439	4.2457
875600130768	1239.47	675.50	1263.61	697.78	4.0116	4.2192
875600139102	1246.18	680.94	1266.33	690.19	4.0000	4.2104
875600147436	1243.26	680.50	1267.42	689.56	3.9661	4.1874
875600155769	1242.65	671.71	1272.84	689.76	3.9414	4.1645
875600164102	1235.32	694.79	1256.22	692.99	3.9340	4.1403
875600172435	1207.37	752.73	1228.16	738.96	3.9141	4.1283
875600180769	1206.79	737.00	1232.51	748.42	3.9139	4.1159
875600189101	1212.77	733.70	1236.54	738.42	3.9056	4.1087
875600197435	1209.69	752.02	1230.87	743.60	3.8742	4.0813
875600205768	1219.67	758.33	1233.23	743.12	3.8801	4.0599
875600214101	1217.28	752.39	1231.83	742.81	3.8385	4.0496
875600222434	1215.32	756.30	1236.31	737.88	3.8380	4.0406
875600230768	1220.20	755.77	1230.77	739.48	3.8304	4.0181
875600239101	1207.00	761.23	1233.92	741.12	3.8438	4.0173
875600247434	1212.03	765.34	1233.56	741.38	3.8206	4.0031
875600255768	1198.74	765.93	1231.41	747.40	3.8447	3.9965
875600264108	1208.48	763.71	1231.74	744.73	3.8191	3.9880
875600272441	1203.50	751.82	1229.04	749.07	3.7984	3.9819
875600280774	1208.02	748.31	1230.60	738.14	3.8002	3.9729
875600289108	1200.92	752.88	1232.46	741.88	3.8154	3.9672
875600297441	1214.63	740.60	1225.76	740.79	3.7768	3.9606
875600305774	1217.40	743.41	1228.67	736.50	3.7658	3.9481
875600314108	1217.59	754.07	1230.80	739.82	3.7730	3.9365
875600322442	1217.44	759.12	1230.69	745.86	3.7605	3.9426
875600330774	1209.19	764.98	1231.20	741.76	3.7684	3.9368
875600339108	1216.44	759.79	1235.89	758.45	3.7632	3.9220
875600347441	1238.74	838.84	1231.38	829.64	3.7568	3.9306
875600355774	1219.38	838.48	1233.13	816.51	3.7783	3.9366
875600364107	1211.29	824.32	1229.90	813.06	3.7641	3.9187
875600372441	1215.92	825.50	1234.52	819.21	3.7454	3.9137
875600380774	1209.40	811.63	1235.19	814.86	3.7546	3.9101
875600389107	1208.72	819.29	1231.79	818.86	3.7676	3.9171
875600397445	1215.90	822.69	1242.74	809.99	3.7361	3.9049
875600405777	1221.35	829.31	1242.33	824.32	3.7381	3.9073
875600414111	1220.67	835.28	1246.94	813.59	3.7238	3.9143
875600422444	1209.84	833.62	1245.07	817.88	3.7324	3.9084
875600430777	1214.40	836.59	1244.20	816.69	3.7209	3.9057
875600439110	1214.09	834.53	1243.80	814.41	3.7224	3.9093
875600447443	1217.40	828.74	1251.52	814.23	3.7138	3.8914
875600455777	1216.61	839.23	1248.79	816.49	3.7246	3.8914
875600464110	1209.47	810.23	1247.74	820.11	3.7001	3.9033
875600472443	1212.88	824.20	1238.67	820.09	3.7260	3.9024
875600480777	1212.59	818.54	1248.68	820.70	3.7273	3.8913
875600489110	1211.23	810.00	1261.03	813.26	3.7228	3.8868
875600497444	1209.67	815.00	1244.99	826.60	3.7239	3.9105
875600505776	1220.08	820.85	1252.13	824.96	3.7146	3.8881
875600514109	1217.47	815.51	1252.89	824.86	3.7197	3.8927
875600522447	1215.20	815.44	1252.96	823.06	3.7285	3.8962
875600530779	1209.46	820.53	1254.45	815.76	3.7339	3.8852
875600539113	1213.76	816.93	1235.75	829.68	3.7178	3.9073
875600547447	1202.26	827.77	1238.07	827.59	3.7211	3.9028
875600555779	1211.31	835.90	1247.36	821.94	3.7284	3.9068
875600564113	1204.53	829.87	1248.63	825.84	3.7112	3.8911
875600572446	1215.01	831.22	1238.59	821.55	3.7320	3.8942
875600580779	1211.29	833.92	1247.54	817.53	3.7328	3.8835
875600589112	1215.01	824.28	1237.78	824.46	3.7122	3.9124
875600597445	1215.63	816.39	1233.27	825.90	3.7252	3.9140
875600605779	1211.45	823.36	1244.80	825.35	3.7327	3.9092
875600614112	1214.97	834.12	1234.16	828.90	3.7310	3.9282
875600622445	1215.52	827.31	1236.50	837.12	3.7202	3.9078
875600630779	1216.88	845.41	1236.33	833.01	3.7337	3.9160
875600639112	1210.27	835.37	1236.39	840.08	3.7236	3.9245
875600647445	1220.16	847.83	1235.72	830.85	3.7334	3.9233
875600655783	1218.34	837.58	1252.50	841.04	3.6996	3.9321
875600664117	1242.93	852.27	1296.13	847.17	3.7218	3.9081
875600672450	1244.01	860.84	1288.05	848.24	3.7236	3.9170
875600680783	1242.94	859.50	1290.13	844.33	3.7283	3.9095
875600689117	1245.24	854.33	1284.02	846.71	3.7158	3.9169
875600697450	1244.36	854.40	1278.68	853.03	3.7109	3.9149
875600705784	1244.87	858.84	1284.99	854.81	3.7244	3.9178
875600714117	1240.40	845.93	1285.59	850.61	3.7150	3.9098
875600722450	1246.68	852.33	1281.71	852.01	3.7277	3.9162
875600730784	1243.97	851.15	1284.18	859.50	3.7226	3.9258
875600739116	1245.12	844.40	1282.49	856.53	3.7177	3.9118
875600747449	1245.18	836.44	1284.69	847.37	3.6948	3.9245
875600755783	1244.39	856.84	1291.27	857.37	3.7110	3.9174
875600764116	1236.42	846.63	1295.83	861.02	3.7055	3.9173
875600772449	1241.17	853.93	1298.55	861.26	3.7292	3.9240
875600780782	1243.82	851.30	1294.66	859.80	3.7244	3.9230
875600789120	1243.21	851.98	1294.82	860.16	3.7279	3.9206
875600797453	1242.92	849.30	1288.38	857.21	3.7247	3.9274
875600805786	1238.12	837.80	1298.31	864.38	3.7159	3.9327
875600814119	1244.82	846.23	1290.30	858.54	3.7177	3.9242
875600822452	1244.86	847.36	1291.15	859.16	3.7189	3.9162
875600830786	1249.16	846.43	1294.00	856.48	3.7244	3.9291
875600839119	1243.88	851.99	1291.39	859.14	3.7196	3.9312
875600847452	1247.33	847.35	1280.45	860.80	3.7141	3.9151
875600855786	1249.16	847.41	1280.16	856.26	3.7236	3.9324
875600864119	1252.20	847.59	1280.72	859.92	3.7094	3.9342
875600872452	1245.17	857.42	1282.31	861.84	3.7048	3.9368
875600880786	1248.15	855.92	1278.87	864.78	3.7200	3.9408
875600889118	1254.54	858.34	1286.59	858.53	3.7238	3.9309
875600897451	1240.87	865.34	1282.04	859.30	3.7139	3.9229
875600905784	1247.45	848.80	1278.91	863.38	3.7030	3.9329
875600914118	1251.32	846.25	1281.26	859.08	3.7061	3.9277
875600922456	1248.82	854.46	1283.94	864.21	3.7032	3.9355
875600930789	1244.19	849.69	1280.92	866.87	3.7024	3.9323
875600939123	1238.47	848.19	1285.94	872.09	3.7005	3.9461
875600947456	1240.12	845.03	1289.42	859.04	3.6805	3.9311
875600955790	1239.21	851.43	1291.54	861.45	3.7042	3.9275
875600964123	1239.64	846.18	1291.05	858.83	3.7012	3.9221
875600972455	1239.29	859.91	1290.84	859.38	3.7191	3.9246
875600980789	1260.34	868.15	1294.59	858.97	3.6941	3.9275
875600989121	1309.07	848.76	1349.89	854.32	3.6888	3.9212
875600997455	1294.68	839.37	1339.39	846.55	3.6707	3.9077
875601005789	1291.86	829.62	1338.45	851.66	3.6622	3.9126
875601014121	1287.97	840.99	1341.09	847.21	3.6740	3.9015
875601022455	1291.88	828.47	1341.69	851.37	3.6493	3.9060
875601030788	1289.92	840.73	1345.84	848.49	3.6707	3.9031
875601039122	1293.77	840.04	1341.32	852.06	3.6577	3.9089
875601047458	1296.83	833.01	1346.44	846.02	3.6394	3.8937
875601055790	1298.90	827.36	1343.73	855.23	3.6340	3.9102
875601064124	1297.07	836.29	1335.99	857.60	3.6517	3.9057
875601072457	1295.79	840.17	1338.26	850.40	3.6560	3.8907
875601080790	1305.03	847.46	1338.47	849.09	3.6612	3.8931
875601089124	1299.78	837.99	1335.91	853.20	3.6563	3.8991
875601097457	1292.17	842.50	1337.64	854.03	3.6537	3.8971
875601105790	1304.10	836.57	1342.99	856.56	3.6525	3.8965
875601114123	1305.38	850.13	1340.45	855.53	3.6521	3.8870
875601122457	1299.11	848.62	1338.51	853.40	3.6567	3.9015
875601130790	1302.42	834.49	1343.63	855.66	3.6133	3.8912
875601139122	1304.14	843.81	1344.10	856.12	3.6231	3.8939
875601147456	1299.34	851.85	1343.39	853.30	3.6605	3.8993
875601155789	1300.20	837.74	1347.54	850.73	3.6381	3.8911
875601164123	1292.49	839.35	1343.37	849.73	3.6417	3.8893
875601172456	1297.95	830.03	1341.14	854.07	3.6226	3.8956
875601180795	1292.43	842.87	1343.27	854.20	3.6531	3.8968
875601189129	1323.46	826.88	1362.33	862.94	3.6152	3.8948
875601197462	1335.12	842.71	1385.77	862.90	3.6238	3.8767
875601205795	1328.90	844.20	1366.42	859.31	3.6396	3.8790
875601214128	1342.10	843.63	1367.39	868.92	3.6181	3.8887
875601222461	1335.85	855.87	1372.21	869.97	3.6293	3.8819
875601230794	1345.36	850.77	1372.38	864.90	3.6124	3.8766
875601239127	1344.19	857.33	1373.16	861.96	3.6067	3.8703
875601247461	1349.49	846.00	1374.19	860.16	3.5932	3.8724
875601255794	1339.86	850.64	1375.26	860.17	3.6040	3.8762
875601264127	1344.29	862.27	1375.42	863.74	3.6149	3.8796
875601272461	1351.24	846.94	1367.72	859.85	3.5938	3.8722
875601280794	1348.24	843.34	1377.95	863.26	3.5789	3.8745
875601289127	1347.23	841.43	1375.71	857.25	3.5805	3.8772
875601297460	1332.81	844.99	1370.29	862.81	3.6198	3.8718
875601305798	1344.22	837.08	1370.22	864.15	3.5898	3.8678
875601314132	1341.71	834.83	1386.36	857.03	3.5971	3.8457
875601322465	1342.35	833.49	1375.02	863.98	3.5987	3.8632
875601330798	1335.52	827.73	1383.68	854.30	3.6059	3.8499
875601339132	1344.41	837.46	1382.96	867.50	3.6136	3.8731
875601347465	1336.88	832.74	1387.18	856.93	3.5963	3.8565
875601355798	1335.73	831.73	1380.72	869.49	3.5947	3.8757
875601364130	1345.36	830.12	1377.05	862.21	3.6120	3.8615
875601372464	1341.64	835.16	1392.13	855.60	3.6047	3.8547
875601380797	1345.74	836.88	1386.88	864.13	3.6147	3.8484
875601389130	1338.50	835.61	1388.21	858.39	3.6132	3.8531
875601397464	1338.20	847.63	1382.70	858.82	3.6138	3.8664
875601405797	1353.13	850.28	1384.87	858.88	3.6174	3.8842
875601414131	1345.45	843.23	1383.75	856.15	3.6130	3.8582
875601422464	1342.96	851.97	1385.21	859.43	3.6316	3.8733
875601430797	1342.47	847.62	1380.93	857.96	3.6224	3.8761
875601439136	1343.47	860.92	1377.50	866.09	3.6171	3.8909
875601447467	1349.20	846.96	1386.02	849.62	3.6180	3.8830
875601455801	1344.07	846.76	1377.33	859.56	3.6446	3.8904
875601464135	1346.88	844.05	1383.18	854.75	3.6244	3.8841
875601472467	1350.03	840.64	1381.59	856.70	3.6194	3.8785
875601480801	1349.73	832.69	1381.29	865.49	3.6284	3.8978
875601489134	1350.60	831.67	1379.62	861.21	3.6416	3.8994
875601497468	1350.83	830.28	1372.26	866.25	3.6335	3.8919
875601505801	1355.04	828.49	1387.88	857.66	3.6515	3.9015
875601514134	1343.95	834.69	1377.92	855.81	3.6655	3.9070
875601522467	1350.95	840.60	1378.89	860.95	3.6829	3.9064
875601530800	1341.02	827.67	1388.69	860.67	3.6554	3.9013
875601539134	1350.24	837.93	1382.70	866.71	3.6724	3.9252
875601547467	1347.75	844.37	1382.49	867.09	3.6756	3.9299
875601555800	1348.06	846.97	1385.51	863.63	3.6805	3.9261
875601564134	1346.48	838.74	1383.76	867.79	3.6673	3.9250
875601572472	1345.38	851.14	1379.69	867.10	3.6892	3.9288
875601580806	1350.34	833.28	1384.29	861.88	3.6721	3.9414
875601589140	1342.09	836.87	1377.85	864.39	3.6531	3.9470
875601597472	1349.51	842.79	1378.63	863.89	3.6703	3.9428
875601605805	1346.90	849.64	1378.69	861.96	3.6870	3.9400
875601614138	1343.31	837.64	1387.68	866.89	3.6719	3.9461
875601622472	1351.29	837.08	1380.95	865.55	3.6697	3.9592
875601630805	1355.13	855.21	1377.88	865.38	3.7027	3.9467
875601639138	1354.70	851.81	1384.91	867.51	3.6985	3.9480
875601647472	1354.00	844.20	1379.12	869.35	3.6827	3.9578
875601655805	1355.34	832.49	1377.07	865.47	3.6702	3.9511
875601664138	1348.44	839.82	1380.97	869.93	3.6977	3.9684
875601672472	1341.20	845.64	1380.23	872.03	3.7070	3.9654
875601680804	1348.53	836.42	1386.49	866.41	3.6927	3.9572
875601689137	1347.88	834.54	1377.33	866.09	3.6935	3.9657
875601697470	1347.57	836.05	1383.04	864.14	3.7039	3.9651
875601705808	1343.92	838.74	1378.18	871.33	3.7008	3.9732
875601714141	1356.03	838.60	1380.27	868.74	3.6886	3.9572
875601722474	1347.24	827.34	1377.03	867.92	3.6816	3.9616
875601730808	1346.96	851.97	1383.45	865.57	3.7204	3.9618
875601739141	1342.44	838.73	1379.16	866.80	3.6994	3.9668
875601747475	1357.46	841.99	1374.10	867.84	3.6909	3.9687
875601755808	1348.02	851.66	1377.47	864.93	3.7219	3.9633
875601764140	1327.55	852.63	1360.29	869.26	3.7136	3.9638
875601772474	1255.42	871.78	1314.72	890.98	3.7164	3.9530
875601780807	1262.74	880.55	1283.15	905.77	3.7180	3.9790
875601789140	1264.41	898.29	1299.78	893.80	3.7208	3.9745
875601797474	1265.81	880.41	1294.02	887.87	3.7122	3.9650
875601805807	1259.64	891.98	1289.33	901.69	3.7287	3.9679
875601814140	1261.57	893.89	1295.16	896.01	3.7387	3.9620
875601822473	1257.78	882.83	1304.75	893.56	3.7278	3.9667
875601830807	1262.08	887.01	1299.48	897.51	3.7301	3.9743
875601839142	1261.27	881.87	1288.56	893.28	3.7216	3.9703
875601847475	1259.79	881.37	1297.33	897.10	3.7239	3.9665
875601855809	1257.31	883.02	1305.11	896.98	3.7231	3.9648
875601864140	1256.44	886.76	1288.47	901.45	3.7247	3.9784
875601872474	1261.71	889.19	1289.04	905.37	3.7276	3.9838
875601880807	1256.22	892.46	1289.37	904.46	3.7338	3.9864
875601889140	1253.47	894.76	1285.68	899.46	3.7274	3.9675
875601897474	1256.61	889.21	1291.86	893.61	3.7243	3.9762
875601905806	1258.73	891.62	1289.03	905.14	3.7464	3.9746
875601914139	1254.83	887.98	1287.76	902.93	3.7407	3.9809
875601922473	1258.35	886.70	1297.70	896.94	3.7468	3.9730
875601930805	1260.14	882.12	1297.86	894.92	3.7439	3.9608
875601939139	1260.01	882.76	1293.00	906.10	3.7573	3.9829
875601947472	1255.53	877.56	1287.24	903.35	3.7341	3.9817
875601955806	1251.46	885.52	1287.59	903.89	3.7464	3.9781
875601964147	1256.88	895.43	1282.14	906.56	3.7761	3.9807
875601972480	1254.75	888.91	1280.47	902.54	3.7475	3.9991
875601980814	1258.66	886.16	1287.78	907.63	3.7446	3.9756
875601989147	1257.25	893.77	1290.61	908.59	3.7422	3.9760
875601997480	1261.28	894.88	1291.40	904.11	3.7483	3.9795
875602005813	1258.17	900.03	1293.52	907.31	3.7475	3.9737
875602014146	1259.17	900.38	1296.08	906.15	3.7205	3.9565
875602022480	1259.28	904.98	1287.65	925.81	3.7312	3.9508
875602030812	1255.38	901.52	1283.88	933.81	3.7218	3.9311
875602039146	1257.44	895.79	1283.06	918.88	3.7137	3.9587
875602047480	1248.59	926.78	1285.84	902.18	3.6623	3.9653
875602055813	1255.04	997.29	1286.82	932.81	3.5827	3.9131
875602064146	1252.25	1057.39	1292.14	958.61	3.5312	3.8554
875602072476	1250.84	1090.32	1297.19	974.40	3.4655	3.8285
875602080811	1263.62	1087.52	1302.62	979.40	3.4511	3.8074
875602089145	1297.92	1134.71	1294.01	985.67	3.2987	3.8054
875602097481	NaN	NaN	1237.87	981.94	NaN	3.7862
875602105813	1187.10	1125.54	1220.82	953.12	3.3034	3.8220
875602114147	1196.81	1089.35	1235.61	931.00	3.3871	3.8583
875602122480	1191.24	1042.37	1221.17	913.05	3.4886	3.8916
875602130814	1184.88	1010.06	1219.75	886.12	3.5381	3.9291
875602139147	1185.27	978.25	1225.05	871.77	3.5742	3.9348
875602147480	1177.80	954.67	1221.43	874.07	3.5782	3.9355
875602155812	1178.23	932.51	1215.92	888.27	3.6248	3.9073
875602164146	1175.61	909.87	1213.11	908.63	3.6467	3.8840
875602172480	1178.74	902.64	1213.50	908.71	3.6752	3.8746
875602180813	1170.98	887.37	1211.11	910.86	3.6975	3.8649
875602189146	1179.62	889.86	1213.39	912.36	3.7063	3.8818
875602197479	1179.03	893.74	1209.36	904.09	3.6898	3.8682
875602205812	1181.42	892.11	1214.22	898.58	3.6788	3.8670
875602214146	1175.30	884.97	1208.33	898.85	3.6652	3.8732
875602222479	1174.90	880.71	1207.50	904.68	3.6525	3.8718
875602230816	1176.93	885.81	1207.13	896.29	3.6621	3.8815
875602239150	1175.55	891.05	1211.50	897.86	3.6618	3.8686
875602247483	1176.10	881.26	1206.60	892.70	3.6409	3.8609
875602255816	1172.17	888.25	1214.63	886.79	3.6650	3.8567
875602264150	1183.64	890.63	1211.20	890.44	3.6665	3.8715
875602272483	1185.88	885.75	1211.43	893.58	3.6400	3.8684
875602280816	1176.54	883.48	1215.26	892.20	3.6452	3.8688
875602289150	1181.42	889.50	1220.07	889.09	3.6471	3.8672
875602297483	1173.36	887.63	1210.24	892.04	3.6502	3.8790
875602305816	1178.51	887.18	1226.63	888.23	3.6340	3.8559
875602314149	1174.71	891.14	1223.34	894.16	3.6421	3.8564
875602322482	1179.59	883.09	1227.43	888.80	3.6356	3.8534
875602330815	1178.71	885.83	1224.00	885.79	3.6350	3.8467
875602339149	1173.86	888.64	1225.21	887.69	3.6441	3.8331
875602347482	1175.83	884.34	1219.14	888.84	3.6394	3.8409
875602355815	1180.71	872.56	1219.11	890.53	3.6372	3.8463
875602364154	1177.12	871.38	1216.36	891.88	3.6372	3.8411
875602372487	1178.36	867.72	1215.93	889.72	3.6328	3.8351
875602380820	1176.84	863.42	1219.38	885.72	3.6114	3.8090
875602389153	1179.07	866.91	1222.28	889.06	3.6255	3.8243
875602397486	1174.57	865.86	1214.06	885.58	3.6206	3.8302
875602405819	1179.68	864.66	1226.09	886.47	3.6133	3.8316
875602414153	1178.32	866.53	1212.43	885.77	3.6364	3.8304
875602422486	1184.01	872.26	1210.09	890.36	3.6335	3.8318
875602430820	1181.39	870.73	1217.28	889.70	3.6250	3.8222
875602439153	1181.20	888.60	1212.56	885.64	3.6276	3.8349
875602447486	1177.37	881.40	1219.23	886.66	3.6297	3.8273
875602455819	1178.08	882.76	1219.86	891.64	3.6314	3.8445
875602464152	1182.78	881.14	1214.17	896.08	3.6283	3.8596
875602472485	1182.70	892.79	1211.71	891.32	3.6613	3.8484
875602480818	1181.44	883.76	1210.81	886.43	3.6388	3.8413
875602489155	1154.89	850.26	1213.84	844.47	3.6428	3.8438
875602497489	1149.35	846.49	1195.33	842.75	3.6544	3.8444
875602505822	1161.80	840.11	1201.87	843.78	3.6445	3.8525
875602514156	1162.88	843.16	1201.35	846.66	3.6497	3.8630
875602522489	1156.43	833.01	1206.63	840.78	3.6579	3.8551
875602530822	1160.88	833.01	1200.62	845.63	3.6497	3.8717
875602539155	1164.83	831.89	1199.69	845.89	3.6715	3.8810
875602547488	1161.19	830.30	1200.27	846.10	3.6692	3.8679
875602555822	1163.04	826.06	1193.50	850.91	3.6814	3.8862
875602564154	1162.31	816.60	1191.89	849.43	3.6732	3.8831
875602572488	1163.41	832.21	1197.21	849.71	3.6906	3.8916
875602580821	1164.26	838.18	1187.70	851.51	3.6992	3.9241
875602589154	1156.58	836.35	1198.47	849.70	3.7110	3.9106
875602597488	1154.88	839.31	1200.89	842.75	3.7074	3.9055
875602605821	1161.87	841.49	1194.97	847.62	3.7108	3.9219
875602614154	1165.22	843.91	1191.71	847.28	3.7516	3.9362
875602622492	1153.62	843.97	1191.00	853.49	3.7566	3.9468
875602630825	1161.92	836.03	1196.25	846.56	3.7496	3.9315
875602639159	1158.89	842.85	1189.38	848.65	3.7606	3.9554
875602647492	1157.72	835.81	1187.88	845.51	3.7631	3.9569
875602655825	1155.65	831.04	1190.04	850.06	3.7597	3.9679
875602664158	1166.16	834.93	1187.62	848.62	3.7634	3.9643
875602672492	1161.99	844.78	1192.45	847.59	3.7756	3.9742
875602680826	1163.08	851.84	1191.73	859.00	3.7834	3.9868
875602689158	1163.70	854.92	1191.07	847.93	3.7898	3.9881
875602697492	1160.64	855.65	1195.41	852.07	3.7945	3.9828
875602705824	1161.28	852.51	1193.59	855.30	3.7806	3.9843
875602714157	1152.80	836.55	1196.39	854.53	3.7801	3.9832
875602722491	1152.46	842.23	1191.18	858.48	3.7944	3.9775
875602730824	1154.69	836.44	1192.16	852.92	3.7828	3.9892
875602739157	1163.09	842.21	1184.42	857.53	3.7956	3.9724
875602747491	1164.39	820.72	1200.21	823.27	3.7945	3.9847
875602755828	1186.50	740.66	1229.91	746.76	3.7783	3.9780
875602764162	1173.85	754.54	1215.19	757.58	3.7628	3.9458
875602772495	1172.65	751.53	1206.69	753.39	3.7435	3.9467
875602780827	1187.80	745.87	1206.66	758.37	3.7596	3.9600
875602789160	1177.45	755.09	1211.71	749.64	3.7519	3.9400
875602797494	1187.02	746.66	1208.80	764.07	3.7385	3.9445
875602805827	1189.46	735.70	1207.63	757.31	3.7397	3.9336
