t	gaze_point_LX	gaze_point_LY	gaze_point_RX	gaze_point_RY	pupil_diameter_L	pupil_diameter_R
875568780058	1512.81	652.46	1542.70	676.89	4.0312	4.2767
875568788391	1498.89	657.52	1546.96	674.28	4.0292	4.2752
875568796724	1465.31	647.37	1494.33	659.39	4.0352	4.2747
875568805060	1354.56	616.25	1417.39	626.46	4.0365	4.2498
875568813393	1300.88	704.66	1373.56	661.05	3.8449	4.1327
875568821726	NaN	NaN	NaN	NaN	NaN	NaN
875568830058	NaN	NaN	NaN	NaN	NaN	NaN
875568838392	NaN	NaN	NaN	NaN	NaN	NaN
875568846725	NaN	NaN	NaN	NaN	NaN	NaN
875568855059	NaN	NaN	NaN	NaN	NaN	NaN
875568863392	NaN	NaN	NaN	NaN	NaN	NaN
875568871725	NaN	NaN	NaN	NaN	NaN	NaN
875568880059	NaN	NaN	NaN	NaN	NaN	NaN
875568888391	NaN	NaN	NaN	NaN	NaN	NaN
875568896725	NaN	NaN	NaN	NaN	NaN	NaN
875568905058	NaN	NaN	NaN	NaN	NaN	NaN
875568913390	NaN	NaN	NaN	NaN	NaN	NaN
875568921724	NaN	NaN	NaN	NaN	NaN	NaN
875568930058	NaN	NaN	NaN	NaN	NaN	NaN
875568938396	NaN	NaN	NaN	NaN	NaN	NaN
875568946729	NaN	NaN	NaN	NaN	NaN	NaN
875568955063	NaN	NaN	NaN	NaN	NaN	NaN
875568963396	NaN	NaN	578.26	698.22	NaN	4.0007
875568971729	NaN	NaN	567.89	358.71	NaN	4.1092
875568980062	462.84	791.23	541.59	183.05	3.4363	4.2553
875568988394	515.50	455.13	563.32	188.92	3.7430	4.2638
875568996728	477.35	317.18	562.27	243.91	3.9302	4.2338
875569005061	504.63	246.26	574.83	232.23	4.0642	4.2179
875569013395	519.39	290.61	560.76	245.97	3.9803	4.2406
875569021728	523.08	308.06	564.39	250.98	3.9750	4.2562
875569030062	519.20	306.44	567.59	250.22	4.0018	4.2691
875569038394	524.27	297.08	553.93	232.65	3.9935	4.2445
875569046728	522.55	288.01	561.82	222.46	3.9966	4.2538
875569055062	516.38	287.42	549.39	231.94	4.0010	4.2936
875569063399	530.22	297.69	550.92	227.53	4.0353	4.2868
875569071731	520.04	294.16	562.14	226.15	4.0376	4.2918
875569080065	519.75	295.28	547.11	217.84	4.0319	4.2658
875569088397	517.74	291.53	554.05	233.41	4.0358	4.2985
875569096731	522.68	291.40	560.47	224.61	4.0412	4.2953
875569105064	527.51	303.02	557.48	230.70	4.0612	4.2882
875569113397	531.21	287.78	571.55	223.43	4.0491	4.2715
875569121731	527.42	296.46	557.94	222.97	4.0359	4.2817
875569130064	532.93	293.67	567.51	227.35	4.0491	4.2933
875569138398	530.62	297.05	546.93	223.37	4.0738	4.3059
875569146730	541.69	293.10	547.32	218.76	4.0597	4.3058
875569155063	539.87	302.69	544.36	227.69	4.0876	4.3040
875569163397	534.03	291.66	547.43	227.83	4.0546	4.3006
875569171730	545.23	288.78	563.30	225.60	4.0513	4.2792
875569180063	551.34	260.63	567.37	260.45	4.1473	4.2775
875569188396	646.08	908.43	584.82	348.79	3.4262	4.1670
875569196735	NaN	NaN	NaN	NaN	NaN	NaN
875569205068	NaN	NaN	NaN	NaN	NaN	NaN
875569213402	NaN	NaN	NaN	NaN	NaN	NaN
875569221734	NaN	NaN	NaN	NaN	NaN	NaN
875569230067	NaN	NaN	NaN	NaN	NaN	NaN
875569238401	NaN	NaN	NaN	NaN	NaN	NaN
875569246734	NaN	NaN	NaN	NaN	NaN	NaN
875569255067	NaN	NaN	NaN	NaN	NaN	NaN
875569263400	NaN	NaN	NaN	NaN	NaN	NaN
875569271734	NaN	NaN	NaN	NaN	NaN	NaN
875569280067	NaN	NaN	NaN	NaN	NaN	NaN
875569288400	NaN	NaN	NaN	NaN	NaN	NaN
875569296734	NaN	NaN	727.66	600.37	NaN	4.0956
875569305066	NaN	NaN	717.25	200.78	NaN	4.2386
875569313400	658.45	600.19	708.57	67.70	3.7407	4.4178
875569321733	621.31	253.93	705.10	8.36	3.9360	4.5048
875569330071	663.16	119.42	715.17	94.92	4.1817	4.3674
875569338404	675.68	93.86	708.16	104.32	4.2492	4.3723
875569346738	687.75	148.11	705.28	112.86	4.0788	4.3868
875569355071	686.02	157.70	711.56	105.99	4.1410	4.4029
875569363404	674.94	165.14	720.24	119.90	4.1638	4.4186
875569371737	676.60	161.03	712.73	100.70	4.2047	4.4150
875569380070	683.02	158.90	711.83	113.96	4.2082	4.4339
875569388404	681.32	153.76	707.86	94.84	4.1667	4.4084
875569396736	677.60	160.76	706.30	97.06	4.2017	4.4330
875569405070	672.22	158.56	712.89	93.93	4.2220	4.4421
875569413404	673.62	154.38	694.41	100.20	4.2160	4.4441
875569421736	671.57	142.78	708.43	89.84	4.2254	4.4564
875569430070	673.68	147.21	709.33	98.04	4.2379	4.4674
875569438404	676.25	151.66	707.38	97.69	4.2493	4.4831
875569446736	684.65	154.97	694.24	107.37	4.2378	4.4643
875569455070	683.68	150.29	708.77	97.43	4.2315	4.4570
875569463407	690.12	163.55	716.71	115.62	4.2210	4.4655
875569471740	692.09	170.00	719.20	137.15	4.2368	4.4546
875569480073	668.78	325.65	752.64	123.69	3.9401	4.5004
875569488406	NaN	NaN	753.55	697.82	NaN	4.1628
875569496740	NaN	NaN	NaN	NaN	NaN	NaN
875569505073	NaN	NaN	NaN	NaN	NaN	NaN
875569513406	NaN	NaN	NaN	NaN	NaN	NaN
875569521740	NaN	NaN	NaN	NaN	NaN	NaN
875569530073	NaN	NaN	NaN	NaN	NaN	NaN
875569538405	NaN	NaN	NaN	NaN	NaN	NaN
875569546739	NaN	NaN	NaN	NaN	NaN	NaN
875569555072	NaN	NaN	NaN	NaN	NaN	NaN
875569563405	NaN	NaN	NaN	NaN	NaN	NaN
875569571739	NaN	NaN	NaN	NaN	NaN	NaN
875569580072	NaN	NaN	NaN	NaN	NaN	NaN
875569588409	NaN	NaN	NaN	NaN	NaN	NaN
875569596743	NaN	NaN	NaN	NaN	NaN	NaN
875569605076	NaN	NaN	NaN	NaN	NaN	NaN
875569613408	NaN	NaN	NaN	NaN	NaN	NaN
875569621741	NaN	NaN	655.99	1018.47	NaN	2.3822
875569630075	NaN	NaN	NaN	NaN	NaN	NaN
875569638408	NaN	NaN	NaN	NaN	NaN	NaN
875569646742	NaN	NaN	NaN	NaN	NaN	NaN
875569655075	NaN	NaN	1163.85	687.64	NaN	4.1871
875569663408	NaN	NaN	1158.39	504.00	NaN	4.2264
875569671741	1158.51	673.93	1173.49	403.77	4.0271	4.3517
875569680075	1130.61	608.29	1154.17	374.35	4.2504	4.4620
875569688408	1126.34	384.81	1150.44	326.01	4.2046	4.5428
875569696740	1114.98	322.92	1154.65	296.17	4.2519	4.5562
875569705074	1123.50	335.44	1149.83	268.60	4.3626	4.5860
875569713407	1124.74	257.87	1153.84	352.43	4.3367	4.5094
875569721747	1117.94	299.84	1146.37	387.17	4.3646	4.4966
875569730080	1122.53	346.19	1161.51	372.12	4.2962	4.4468
875569738415	1128.70	385.01	1153.84	381.40	4.2924	4.4373
875569746748	1136.72	405.13	1164.66	378.55	4.3094	4.4406
875569755080	1136.01	290.55	1150.79	391.45	4.2936	4.4461
875569763413	1129.51	358.97	1147.26	310.70	4.3162	4.5564
875569771745	1161.02	823.91	1165.42	515.94	4.0165	4.2623
875569780081	1169.36	1102.92	1073.81	826.90	1.8542	2.8861
875569788412	NaN	NaN	NaN	NaN	NaN	NaN
875569796746	NaN	NaN	NaN	NaN	NaN	NaN
875569805079	NaN	NaN	NaN	NaN	NaN	NaN
875569813412	NaN	NaN	NaN	NaN	NaN	NaN
875569821745	NaN	NaN	NaN	NaN	NaN	NaN
875569830079	NaN	NaN	NaN	NaN	NaN	NaN
875569838412	NaN	NaN	NaN	NaN	NaN	NaN
875569846745	NaN	NaN	NaN	NaN	NaN	NaN
875569855083	NaN	NaN	NaN	NaN	NaN	NaN
875569863416	NaN	NaN	NaN	NaN	NaN	NaN
875569871750	NaN	NaN	NaN	NaN	NaN	NaN
875569880083	NaN	NaN	NaN	NaN	NaN	NaN
875569888416	NaN	NaN	NaN	NaN	NaN	NaN
875569896749	NaN	NaN	NaN	NaN	NaN	NaN
875569905083	NaN	NaN	NaN	NaN	NaN	NaN
875569913416	NaN	NaN	NaN	NaN	NaN	NaN
875569921749	NaN	NaN	NaN	NaN	NaN	NaN
875569930082	NaN	NaN	NaN	NaN	NaN	NaN
875569938415	NaN	NaN	NaN	NaN	NaN	NaN
875569946749	NaN	NaN	NaN	NaN	NaN	NaN
875569955082	NaN	NaN	NaN	NaN	NaN	NaN
875569963415	NaN	NaN	NaN	NaN	NaN	NaN
875569971748	NaN	NaN	NaN	NaN	NaN	NaN
875569980081	NaN	NaN	NaN	NaN	NaN	NaN
875569988419	NaN	NaN	NaN	NaN	NaN	NaN
875569996752	NaN	NaN	NaN	NaN	NaN	NaN
875570005084	NaN	NaN	NaN	NaN	NaN	NaN
875570013418	NaN	NaN	NaN	NaN	NaN	NaN
875570021752	NaN	NaN	NaN	NaN	NaN	NaN
875570030085	NaN	NaN	NaN	NaN	NaN	NaN
875570038418	NaN	NaN	NaN	NaN	NaN	NaN
875570046752	NaN	NaN	NaN	NaN	NaN	NaN
875570055084	NaN	NaN	NaN	NaN	NaN	NaN
875570063418	NaN	NaN	NaN	NaN	NaN	NaN
875570071751	NaN	NaN	NaN	NaN	NaN	NaN
875570080084	NaN	NaN	NaN	NaN	NaN	NaN
875570088417	NaN	NaN	NaN	NaN	NaN	NaN
875570096751	NaN	NaN	NaN	NaN	NaN	NaN
875570105084	NaN	NaN	NaN	NaN	NaN	NaN
875570113421	NaN	NaN	NaN	NaN	NaN	NaN
875570121755	NaN	NaN	NaN	NaN	NaN	NaN
875570130087	NaN	NaN	NaN	NaN	NaN	NaN
875570138421	NaN	NaN	NaN	NaN	NaN	NaN
875570146754	NaN	NaN	NaN	NaN	NaN	NaN
875570155087	NaN	NaN	NaN	NaN	NaN	NaN
875570163420	NaN	NaN	NaN	NaN	NaN	NaN
875570171754	NaN	NaN	NaN	NaN	NaN	NaN
875570180087	NaN	NaN	NaN	NaN	NaN	NaN
875570188420	NaN	NaN	NaN	NaN	NaN	NaN
875570196753	NaN	NaN	NaN	NaN	NaN	NaN
875570205087	NaN	NaN	NaN	NaN	NaN	NaN
875570213420	NaN	NaN	NaN	NaN	NaN	NaN
875570221753	NaN	NaN	NaN	NaN	NaN	NaN
875570230086	NaN	NaN	NaN	NaN	NaN	NaN
875570238419	NaN	NaN	NaN	NaN	NaN	NaN
875570246758	NaN	NaN	NaN	NaN	NaN	NaN
875570255092	NaN	NaN	NaN	NaN	NaN	NaN
875570263425	NaN	NaN	NaN	NaN	NaN	NaN
875570271758	NaN	NaN	NaN	NaN	NaN	NaN
875570280092	NaN	NaN	NaN	NaN	NaN	NaN
875570288425	NaN	NaN	NaN	NaN	NaN	NaN
875570296758	NaN	NaN	NaN	NaN	NaN	NaN
875570305091	NaN	NaN	NaN	NaN	NaN	NaN
875570313377	NaN	NaN	NaN	NaN	NaN	NaN
875570321662	NaN	NaN	NaN	NaN	NaN	NaN
875570329949	NaN	NaN	NaN	NaN	NaN	NaN
875570338282	NaN	NaN	NaN	NaN	NaN	NaN
875570346616	NaN	NaN	NaN	NaN	NaN	NaN
875570354949	NaN	NaN	NaN	NaN	NaN	NaN
875570363282	NaN	NaN	NaN	NaN	NaN	NaN
875570371650	NaN	NaN	NaN	NaN	NaN	NaN
875570380018	NaN	NaN	NaN	NaN	NaN	NaN
875570388386	NaN	NaN	NaN	NaN	NaN	NaN
875570396754	NaN	NaN	NaN	NaN	NaN	NaN
875570405088	NaN	NaN	NaN	NaN	NaN	NaN
875570413421	NaN	NaN	NaN	NaN	NaN	NaN
875570421754	NaN	NaN	NaN	NaN	NaN	NaN
875570430091	NaN	NaN	NaN	NaN	NaN	NaN
875570438425	NaN	NaN	NaN	NaN	NaN	NaN
875570446758	NaN	NaN	NaN	NaN	NaN	NaN
875570455092	NaN	NaN	NaN	NaN	NaN	NaN
875570463425	NaN	NaN	NaN	NaN	NaN	NaN
875570471758	NaN	NaN	NaN	NaN	NaN	NaN
875570480091	NaN	NaN	NaN	NaN	NaN	NaN
875570488424	NaN	NaN	NaN	NaN	NaN	NaN
875570496757	NaN	NaN	NaN	NaN	NaN	NaN
875570505095	NaN	NaN	NaN	NaN	NaN	NaN
875570513429	NaN	NaN	NaN	NaN	NaN	NaN
875570521762	NaN	NaN	NaN	NaN	NaN	NaN
875570530095	NaN	NaN	NaN	NaN	NaN	NaN
875570538428	NaN	NaN	NaN	NaN	NaN	NaN
875570546762	NaN	NaN	NaN	NaN	NaN	NaN
875570555095	NaN	NaN	NaN	NaN	NaN	NaN
875570563427	NaN	NaN	NaN	NaN	NaN	NaN
875570571761	NaN	NaN	NaN	NaN	NaN	NaN
875570580095	NaN	NaN	NaN	NaN	NaN	NaN
875570588427	NaN	NaN	NaN	NaN	NaN	NaN
875570596761	NaN	NaN	NaN	NaN	NaN	NaN
875570605095	NaN	NaN	NaN	NaN	NaN	NaN
875570613427	1886.12	1725.95	NaN	NaN	1.6615	NaN
875570621761	NaN	NaN	NaN	NaN	NaN	NaN
875570630094	NaN	NaN	NaN	NaN	NaN	NaN
875570638430	1166.00	1225.42	NaN	NaN	2.5130	NaN
875570646764	1276.22	987.20	NaN	NaN	3.2413	NaN
875570655097	1202.25	867.69	1419.37	1132.08	3.5037	3.1617
875570663430	1193.93	773.66	1309.26	971.03	3.6285	3.5626
875570671768	1195.25	754.70	1295.79	897.24	3.6366	3.6542
875570680102	1208.25	781.20	1297.70	801.86	3.5936	3.7658
875570688432	1209.77	775.29	1282.83	774.61	3.5822	3.7961
875570696766	1218.40	777.01	1276.84	732.21	3.5756	3.8129
875570705099	1224.45	771.54	1290.38	741.82	3.5561	3.8077
875570713432	1225.86	760.03	1277.12	751.51	3.5506	3.7635
875570721765	1220.60	752.53	1272.25	775.68	3.5450	3.7332
875570730098	1216.89	752.02	1271.46	776.02	3.5349	3.7271
875570738432	1223.06	750.30	1264.72	771.95	3.5306	3.7176
875570746765	1237.56	746.80	1263.08	774.51	3.5154	3.6938
875570755098	1234.71	739.32	1272.43	758.74	3.4975	3.6788
875570763434	1233.78	736.82	1265.82	761.10	3.4903	3.6655
875570771773	1241.34	739.37	1259.61	759.65	3.4894	3.6548
875570780106	1232.82	740.47	1254.48	758.10	3.4704	3.6361
875570788439	1233.02	747.02	1253.74	759.21	3.4705	3.6377
875570796772	1224.35	747.02	1253.16	762.15	3.4588	3.6277
875570805105	1231.65	753.02	1257.19	761.87	3.4496	3.6154
875570813439	1222.26	758.18	1253.39	749.38	3.4350	3.5898
875570821770	1227.61	769.97	1256.00	747.40	3.4450	3.5892
875570830103	1228.10	753.48	1253.32	742.27	3.4148	3.5824
875570838437	1237.57	768.27	1254.42	745.54	3.4216	3.5872
875570846770	1234.85	767.42	1254.34	752.00	3.3928	3.5622
875570855103	1242.72	788.73	1254.34	761.85	3.3926	3.5381
875570863437	1271.77	1049.67	1375.89	1134.60	3.0297	2.7598
875570871769	NaN	NaN	NaN	NaN	NaN	NaN
875570880102	NaN	NaN	NaN	NaN	NaN	NaN
875570888436	NaN	NaN	NaN	NaN	NaN	NaN
875570896769	NaN	NaN	NaN	NaN	NaN	NaN
875570905106	NaN	NaN	NaN	NaN	NaN	NaN
875570913439	NaN	NaN	NaN	NaN	NaN	NaN
875570921773	NaN	NaN	NaN	NaN	NaN	NaN
875570930108	NaN	NaN	NaN	NaN	NaN	NaN
875570938442	NaN	NaN	NaN	NaN	NaN	NaN
875570946774	NaN	NaN	NaN	NaN	NaN	NaN
875570955107	NaN	NaN	NaN	NaN	NaN	NaN
875570963441	NaN	NaN	NaN	NaN	NaN	NaN
875570971774	NaN	NaN	NaN	NaN	NaN	NaN
875570980107	NaN	NaN	NaN	NaN	NaN	NaN
875570988440	NaN	NaN	NaN	NaN	NaN	NaN
875570996773	NaN	NaN	NaN	NaN	NaN	NaN
875571005107	NaN	NaN	NaN	NaN	NaN	NaN
875571013440	NaN	NaN	NaN	NaN	NaN	NaN
875571021773	NaN	NaN	NaN	NaN	NaN	NaN
875571030111	NaN	NaN	NaN	NaN	NaN	NaN
875571038445	1394.49	1028.00	1170.68	1258.34	2.3655	1.7782
875571046776	1367.15	916.83	1228.19	1149.16	2.9016	2.1208
875571055109	1250.10	822.24	1191.13	1027.99	3.2462	2.8627
875571063442	1252.65	742.32	1259.29	934.77	3.3617	3.1868
875571071777	1244.13	690.89	1261.14	882.97	3.4311	3.3371
875571080111	1245.70	670.71	1269.66	795.14	3.4784	3.4095
875571088442	1255.52	683.96	1266.30	765.78	3.4664	3.5160
875571096778	1258.97	690.98	1260.83	717.74	3.4619	3.5671
875571105110	1258.84	695.45	1254.01	679.20	3.4730	3.6137
875571113444	1265.26	686.44	1260.24	659.52	3.4904	3.6562
875571121775	1260.41	685.29	1259.45	632.11	3.4966	3.6946
875571130108	1258.33	682.71	1252.59	618.36	3.5245	3.6989
875571138442	1265.20	672.93	1266.70	636.39	3.5187	3.7019
875571146775	1266.65	674.07	1254.79	671.29	3.5388	3.6806
875571155108	1266.78	671.02	1276.10	679.46	3.5572	3.6800
875571163449	1266.16	670.02	1262.59	684.33	3.5577	3.6916
875571171782	1262.76	673.06	1260.42	676.35	3.5687	3.6930
875571180114	1257.29	677.48	1270.75	666.87	3.5923	3.7014
875571188448	1260.09	665.63	1270.87	682.51	3.5849	3.7111
875571196781	1259.91	666.26	1274.54	673.30	3.6021	3.7210
875571205114	1256.33	665.72	1266.43	688.74	3.6100	3.7494
875571213448	1259.40	665.36	1271.40	690.63	3.6300	3.7544
875571221781	1261.54	663.69	1261.73	673.22	3.6319	3.7415
875571230114	1260.61	669.22	1262.01	689.55	3.6370	3.7736
875571238448	1262.13	671.03	1262.15	686.90	3.6514	3.7729
875571246781	1258.99	683.96	1256.09	687.47	3.6568	3.7769
875571255114	1260.49	687.16	1260.84	682.73	3.6624	3.7986
875571263446	1270.20	683.93	1257.61	670.70	3.6730	3.7975
875571271780	1266.04	681.59	1252.91	684.13	3.6735	3.8187
875571280115	1263.88	689.76	1263.23	684.08	3.7052	3.8239
875571288448	1262.93	685.96	1266.80	676.87	3.6884	3.8427
875571296784	1265.90	683.87	1265.38	691.95	3.7127	3.8524
875571305117	1258.97	684.17	1263.21	678.22	3.7067	3.8672
875571313450	1256.52	692.18	1262.15	684.02	3.7296	3.8570
875571321784	1261.48	674.69	1273.07	679.67	3.7287	3.8761
875571330117	1259.04	674.06	1274.35	692.41	3.7352	3.8933
875571338447	1258.93	676.07	1268.92	674.55	3.7705	3.8992
875571346781	1252.51	682.42	1264.39	678.11	3.7677	3.9062
875571355114	1258.96	679.44	1264.60	680.88	3.7663	3.9148
875571363447	1260.38	680.97	1262.89	683.69	3.7691	3.9327
875571371781	1261.53	695.18	1259.48	680.07	3.8058	3.9409
875571380114	1257.64	683.86	1256.99	685.23	3.7939	3.9561
875571388447	1261.61	683.56	1268.56	684.93	3.8157	3.9686
875571396781	1260.61	676.86	1279.06	695.30	3.8188	3.9750
875571405114	1252.92	673.06	1269.95	683.26	3.8182	3.9857
875571413446	1261.65	682.39	1283.62	681.53	3.8454	3.9992
875571421780	1265.65	670.85	1271.14	690.96	3.8292	3.9951
875571430118	1257.75	680.83	1259.68	685.48	3.8387	4.0029
875571438451	1262.42	683.84	1260.56	685.98	3.8457	4.0234
875571446785	1254.00	687.79	1267.37	685.99	3.8688	4.0199
875571455118	1253.76	697.07	1271.89	695.61	3.8758	4.0361
875571463451	1261.50	678.85	1270.13	692.61	3.8920	4.0537
875571471785	1267.45	680.39	1265.61	692.19	3.8860	4.0476
875571480118	1256.90	684.00	1256.11	679.78	3.8981	4.0520
875571488451	1253.30	692.83	1260.72	681.70	3.9034	4.0594
875571496784	1253.64	695.98	1269.29	690.22	3.9027	4.0813
875571505117	1258.80	693.59	1278.03	680.89	3.9102	4.0804
875571513450	1267.22	692.76	1269.68	684.12	3.9249	4.0878
875571521784	1265.12	691.94	1262.18	689.17	3.9088	4.1068
875571530117	1260.05	697.75	1262.51	684.81	3.9400	4.0966
875571538450	1268.26	693.54	1267.13	679.02	3.9219	4.0884
875571546784	1264.63	694.76	1259.32	694.26	3.9439	4.1277
875571555122	1262.56	694.42	1273.17	693.76	3.9380	4.1447
875571563455	1260.43	696.23	1276.56	693.48	3.9635	4.1345
875571571788	1253.60	698.45	1270.82	688.91	3.9878	4.1468
875571580121	1256.48	688.07	1260.52	678.27	3.9769	4.1419
875571588454	1252.54	683.64	1260.78	679.25	3.9743	4.1635
875571596788	1253.54	684.67	1260.79	682.89	3.9733	4.1502
875571605121	1264.27	691.16	1265.34	683.92	3.9926	4.1687
875571613454	1257.86	679.36	1265.20	689.34	3.9919	4.1636
875571621787	1258.59	684.71	1269.30	686.46	3.9974	4.1789
875571630120	1254.05	687.36	1258.35	683.54	3.9996	4.1940
875571638454	1252.86	674.39	1259.82	682.85	3.9923	4.1888
875571646787	1261.14	690.66	1247.55	683.59	4.0042	4.1889
875571655120	1263.15	700.10	1255.67	680.72	4.0324	4.1871
875571663453	1256.59	705.45	1257.87	675.91	4.0379	4.1788
875571671787	1260.88	695.96	1265.41	685.39	4.0069	4.2104
875571680120	1256.91	700.30	1265.96	676.98	4.0264	4.2095
875571688460	1258.37	708.54	1264.83	679.19	4.0318	4.2102
875571696794	1254.04	698.11	1270.16	679.96	4.0389	4.2181
875571705126	1263.75	688.72	1268.03	681.74	4.0345	4.2281
875571713460	1262.57	693.46	1267.55	688.58	4.0562	4.2374
875571721793	1262.31	696.42	1273.80	683.79	4.0549	4.2188
875571730125	1257.05	686.50	1270.77	687.14	4.0598	4.2339
875571738459	1263.41	689.67	1276.10	678.94	4.0482	4.2373
875571746793	1261.95	688.59	1277.11	678.15	4.0543	4.2309
875571755126	1257.45	708.55	1277.17	679.10	4.0478	4.2275
875571763459	1256.93	700.35	1271.29	682.82	4.0431	4.2359
875571771793	1264.78	699.56	1266.56	682.98	4.0369	4.2292
875571780126	1268.64	702.11	1268.54	681.90	4.0306	4.2427
875571788459	1280.09	717.86	1279.62	717.89	4.0290	4.2128
875571796792	1299.69	701.63	1310.36	715.30	4.0042	4.2004
875571805124	1282.35	711.04	1291.95	706.69	4.0081	4.1865
875571813458	1288.17	707.83	1294.95	700.23	3.9772	4.1677
875571821793	1283.59	722.25	1297.14	709.83	3.9740	4.1525
875571830126	1280.97	715.58	1298.54	708.15	3.9244	4.1409
875571838460	1286.71	720.02	1298.41	711.62	3.9195	4.1077
875571846795	1291.39	713.33	1303.05	710.24	3.8797	4.0856
875571855129	1296.83	717.82	1299.55	710.19	3.8588	4.0734
875571863461	1294.90	716.95	1300.33	710.64	3.8377	4.0537
875571871795	1298.70	721.08	1308.94	704.45	3.8333	4.0326
875571880128	1297.01	720.18	1305.46	702.15	3.8144	4.0131
875571888461	1285.86	727.35	1304.54	702.30	3.8155	3.9932
875571896794	1294.55	708.19	1305.50	697.84	3.7757	3.9673
875571905127	1280.98	718.40	1310.17	703.83	3.7840	3.9615
875571913461	1286.89	695.29	1301.60	702.21	3.7426	3.9453
875571921794	1291.07	700.75	1311.75	697.56	3.7449	3.9301
875571930128	1283.27	711.18	1314.71	697.88	3.7419	3.9293
875571938459	1292.84	710.03	1307.89	701.06	3.7352	3.9059
875571946792	1288.23	712.64	1306.59	699.43	3.7269	3.8899
875571955129	1296.06	707.45	1318.59	695.11	3.7117	3.8789
875571963462	1295.20	708.67	1303.02	688.76	3.7042	3.8666
875571971795	1290.55	706.06	1309.53	698.38	3.6933	3.8695
875571980130	1285.47	704.09	1301.57	695.71	3.7037	3.8588
875571988462	1285.13	701.12	1300.51	686.32	3.6871	3.8361
875571996797	1287.81	709.34	1302.85	697.34	3.6895	3.8465
875572005131	1288.50	725.42	1298.10	697.24	3.6859	3.8431
875572013464	1286.62	713.34	1298.12	688.81	3.6744	3.8161
875572021797	1291.48	710.89	1297.96	688.31	3.6705	3.8270
875572030130	1275.41	716.09	1295.29	691.09	3.6722	3.8192
875572038464	1341.22	709.03	1351.29	688.95	3.6844	3.8275
875572046796	1391.71	695.10	1425.08	660.91	3.6951	3.8094
875572055130	1378.90	663.67	1389.19	649.43	3.6858	3.8221
875572063463	1379.45	668.48	1394.79	658.27	3.6909	3.8019
875572071796	1381.86	653.98	1389.99	655.80	3.6899	3.8125
875572080137	1393.05	663.71	1388.90	652.63	3.6868	3.8205
875572088468	1388.44	684.50	1384.27	658.86	3.7081	3.8292
875572096801	1390.27	682.78	1386.33	654.86	3.6976	3.8223
875572105135	1385.46	689.31	1397.78	654.01	3.7044	3.8310
875572113467	1386.58	695.95	1396.68	658.66	3.7307	3.8329
875572121802	1380.51	676.28	1401.33	647.87	3.7082	3.8324
875572130135	1382.08	691.72	1403.01	656.14	3.7210	3.8496
875572138469	1376.73	680.72	1404.56	658.48	3.7286	3.8497
875572146802	1383.99	683.94	1393.97	653.79	3.7358	3.8563
875572155135	1386.83	666.73	1388.20	651.02	3.7362	3.8682
875572163469	1390.73	652.97	1392.61	654.43	3.7543	3.8773
875572171800	1391.30	662.90	1393.68	646.16	3.7695	3.8806
875572180134	1390.16	659.22	1391.02	650.51	3.7731	3.8863
875572188468	1380.27	672.16	1388.78	657.00	3.7918	3.9082
875572196801	1395.07	670.23	1398.45	663.90	3.7986	3.9176
875572205135	1391.76	664.51	1385.20	654.02	3.7986	3.9132
875572213470	1416.78	648.50	1398.88	665.87	3.8038	3.9344
875572221804	1490.33	638.50	1506.48	642.76	3.8073	3.9488
875572230137	1516.43	650.37	1523.47	636.87	3.8363	3.9483
875572238470	1503.98	645.84	1502.90	630.34	3.8277	3.9696
875572246802	1515.69	636.48	1508.25	635.81	3.8343	3.9541
875572255138	1516.40	628.62	1515.00	635.63	3.8506	3.9753
875572263471	1515.38	623.92	1515.39	629.55	3.8532	3.9623
875572271804	1511.78	620.57	1517.91	637.65	3.8692	3.9921
875572280136	1516.93	621.81	1513.38	635.16	3.8747	3.9895
875572288470	1515.66	619.95	1518.30	628.64	3.8763	4.0064
875572296803	1511.44	617.21	1511.61	634.17	3.8763	4.0210
875572305137	1512.31	626.59	1509.60	640.70	3.8905	4.0267
875572313469	1515.45	636.33	1516.13	643.72	3.8965	4.0431
875572321803	1514.29	642.67	1510.11	639.96	3.9077	4.0420
875572330136	1517.34	654.02	1510.01	643.84	3.9204	4.0497
875572338470	1511.61	659.74	1511.06	646.76	3.9137	4.0542
875572346808	1515.58	637.55	1510.40	639.00	3.8776	4.0750
875572355140	1508.98	642.43	1516.07	641.01	3.9207	4.0666
875572363473	1515.13	648.52	1511.67	646.08	3.9284	4.0814
875572371807	1518.49	650.90	1524.86	633.74	3.9174	4.0621
875572380140	1517.82	645.42	1517.24	649.85	3.9239	4.0854
875572388474	1515.70	649.70	1514.22	644.91	3.9295	4.0895
875572396807	1518.50	650.59	1518.32	642.70	3.9362	4.0893
875572405140	1520.90	655.79	1519.73	649.84	3.9481	4.1032
875572413474	1522.88	663.59	1520.51	647.51	3.9484	4.1075
875572421807	1526.96	666.01	1525.28	653.77	3.9484	4.1094
875572430140	1525.86	650.73	1525.75	654.11	3.9601	4.1179
875572438472	1522.80	652.30	1526.07	643.83	3.9696	4.1233
875572446806	1521.92	634.81	1508.97	638.19	3.9595	4.1012
875572455139	1528.92	593.79	1531.37	597.39	3.9819	4.1342
875572463472	1528.23	555.42	1531.78	552.40	3.9634	4.1104
875572471812	1528.69	562.05	1521.23	574.29	3.9593	4.1270
875572480145	1537.56	575.27	1520.38	567.80	3.9701	4.1219
875572488478	1528.61	561.98	1522.05	568.86	3.9719	4.1414
875572496812	1526.70	563.83	1522.67	572.46	3.9783	4.1466
875572505145	1528.43	573.30	1520.18	572.26	3.9749	4.1431
875572513478	1533.00	573.16	1519.77	576.53	3.9700	4.1494
875572521811	1531.98	570.42	1516.46	575.58	3.9685	4.1460
875572530144	1538.88	564.14	1521.02	569.59	3.9790	4.1439
875572538478	1533.89	570.05	1522.27	564.82	3.9858	4.1475
875572546811	1534.21	569.39	1525.59	565.35	3.9790	4.1443
875572555144	1536.06	571.05	1521.43	570.96	3.9915	4.1593
875572563477	1539.05	575.35	1517.42	568.01	3.9859	4.1648
875572571810	1535.51	576.66	1527.89	565.83	3.9872	4.1576
875572580144	1535.38	579.71	1519.10	571.63	3.9921	4.1737
875572588477	1537.94	577.02	1520.77	568.39	3.9838	4.1708
875572596808	1530.07	570.95	1527.90	571.87	3.9869	4.1645
875572605145	1536.34	567.97	1528.48	567.28	3.9859	4.1657
875572613478	1534.81	566.76	1523.53	576.65	3.9859	4.1746
875572621812	1528.91	568.47	1527.64	571.91	4.0041	4.1581
875572630145	1529.90	568.06	1527.35	571.50	4.0163	4.1673
875572638479	1523.82	560.42	1536.72	562.95	3.9929	4.1750
875572646811	1449.26	543.35	1462.82	522.49	4.0360	4.1581
875572655147	1391.84	506.93	1392.54	484.22	4.0347	4.1519
875572663481	1388.70	502.79	1382.59	479.80	4.0052	4.1660
875572671813	1394.20	501.24	1398.30	498.50	4.0070	4.1839
875572680146	1386.15	487.59	1392.41	488.17	3.9967	4.1651
875572688477	1392.12	502.86	1388.37	488.36	4.0092	4.1701
875572696812	1387.56	498.39	1383.29	495.18	4.0155	4.1646
875572705146	1388.49	494.97	1379.18	489.55	3.9860	4.1587
875572713480	1383.44	506.53	1382.58	488.56	4.0139	4.1748
875572721813	1393.82	513.52	1382.98	480.59	4.0053	4.1540
875572730146	1393.52	488.24	1386.18	480.28	3.9857	4.1459
875572738487	1386.77	489.83	1379.98	487.10	3.9867	4.1499
875572746820	1390.35	489.91	1379.23	484.14	3.9626	4.1345
875572755153	1384.34	500.15	1376.24	492.29	4.0061	4.1436
875572763487	1386.22	486.91	1384.54	482.38	3.9897	4.1541
875572771819	1389.12	484.23	1382.95	488.71	3.9684	4.1413
875572780153	1385.05	495.55	1384.94	486.32	3.9800	4.1290
875572788487	1389.84	506.47	1382.60	487.11	3.9951	4.1350
875572796820	1378.24	496.20	1387.60	483.78	3.9512	4.1356
875572805153	1388.47	502.44	1397.62	483.62	3.9771	4.1340
875572813486	1379.19	501.69	1386.86	492.53	3.9590	4.1463
875572821818	1384.28	511.88	1390.96	485.17	3.9813	4.1309
875572830152	1385.09	522.04	1387.02	473.87	3.9769	4.1183
875572838486	1388.81	502.74	1382.51	485.63	3.9402	4.1328
875572846819	1384.49	506.47	1387.06	488.67	3.9537	4.1503
875572855152	1382.43	509.20	1386.47	486.10	3.9744	4.1271
875572863485	1391.21	503.15	1376.50	484.79	3.9591	4.1339
875572871820	1392.09	501.78	1377.24	478.50	3.9608	4.1357
875572880153	1382.75	500.98	1380.70	477.26	3.9674	4.1344
875572888484	1387.38	500.12	1370.50	487.97	3.9650	4.1332
875572896817	1390.65	505.66	1384.23	482.52	3.9681	4.1437
875572905150	1386.60	503.76	1375.72	488.39	3.9608	4.1396
875572913483	1383.60	509.37	1377.50	487.62	3.9689	4.1316
875572921817	1296.21	537.90	1305.35	472.53	3.9885	4.1466
875572930150	1217.46	517.24	1230.38	470.58	3.9685	4.1324
875572938483	1202.12	528.00	1205.40	473.01	3.9633	4.1586
875572946816	1219.68	529.55	1220.57	488.18	3.9829	4.1758
875572955150	1214.36	525.03	1212.47	482.67	3.9717	4.1610
875572963483	1203.51	538.65	1207.45	474.26	3.9999	4.1468
875572971817	1205.42	523.47	1215.20	480.58	3.9686	4.1441
875572980148	1209.75	535.26	1208.15	473.35	3.9965	4.1348
875572988482	1206.53	523.55	1210.03	468.67	3.9728	4.1372
875572996819	1208.79	519.92	1208.81	477.06	3.9717	4.1375
875573005152	1204.16	511.87	1212.62	474.06	3.9716	4.1285
875573013485	1203.94	504.59	1207.92	486.06	3.9690	4.1284
875573021818	1195.77	510.82	1206.14	479.99	3.9748	4.1296
875573030152	1199.26	510.07	1207.21	488.39	3.9775	4.1499
875573038485	1202.18	523.10	1207.77	484.36	3.9995	4.1275
875573046819	1196.59	497.43	1209.78	476.02	3.9538	4.1190
875573055152	1194.22	521.95	1203.36	491.13	3.9903	4.1470
875573063484	1202.84	506.38	1211.14	477.00	3.9598	4.1310
875573071817	1201.86	524.22	1205.85	475.89	3.9773	4.1273
875573080151	1204.71	519.48	1208.39	485.56	3.9684	4.1354
875573088484	1197.72	514.99	1210.50	476.38	3.9477	4.1259
875573096818	1196.50	499.47	1209.62	475.16	3.9451	4.1340
875573105151	1199.10	522.14	1213.39	474.25	3.9681	4.1256
875573113484	1188.78	519.09	1190.27	487.65	3.9482	4.1272
875573121818	1100.51	544.80	1107.88	488.94	3.9762	4.1388
875573130156	1029.26	539.71	1037.45	484.62	3.9570	4.1275
875573138488	1045.81	546.49	1026.46	514.06	3.9588	4.1462
875573146821	1042.49	535.45	1054.23	497.45	3.9366	4.1555
875573155154	1024.91	554.59	1029.32	500.13	3.9637	4.1425
875573163488	1029.95	554.07	1033.17	493.60	3.9750	4.1282
875573171821	1029.92	555.80	1032.13	506.25	3.9668	4.1463
875573180155	1027.88	551.72	1029.81	501.11	3.9667	4.1366
875573188488	1022.67	565.67	1036.28	502.02	3.9710	4.1369
875573196821	1030.69	562.20	1034.96	504.12	3.9778	4.1457
875573205155	1021.15	547.79	1032.30	504.56	3.9381	4.1452
875573213487	1016.57	546.21	1031.95	509.49	3.9293	4.1370
875573221821	1016.21	534.76	1032.30	500.45	3.9240	4.1387
875573230153	1023.28	542.57	1037.40	502.25	3.9434	4.1291
875573238487	1015.54	554.24	1033.24	508.13	3.9435	4.1488
875573246821	1017.49	543.37	1032.30	504.28	3.9325	4.1227
875573255153	1014.46	565.52	1030.05	508.70	3.9597	4.1306
875573263493	1015.52	550.80	1029.71	510.91	3.9482	4.1264
875573271826	1017.85	556.76	1027.56	511.16	3.9427	4.1383
875573280160	1011.98	557.00	1035.53	502.39	3.9505	4.1307
875573288493	1015.37	538.67	1027.23	518.28	3.9164	4.1445
875573296826	1015.06	567.60	1029.68	503.81	3.9656	4.1378
875573305158	1020.19	552.42	1023.84	513.66	3.9436	4.1363
875573313492	1018.83	557.16	1031.48	508.81	3.9694	4.1251
875573321826	985.94	584.26	1005.47	545.68	3.9569	4.1186
875573330158	936.38	638.57	948.48	613.88	3.9299	4.1409
875573338492	963.83	634.38	978.24	643.29	3.9333	4.1403
875573346825	966.74	674.74	976.10	658.01	3.9404	4.1458
875573355159	958.43	664.26	969.45	648.50	3.9567	4.1537
875573363492	963.66	668.65	970.10	654.66	3.9516	4.1525
875573371825	964.93	674.65	966.14	652.99	3.9528	4.1405
875573380158	967.85	674.94	970.27	653.01	3.9530	4.1471
875573388491	971.64	669.57	967.00	656.67	3.9604	4.1423
875573396828	965.98	666.98	969.11	653.95	3.9512	4.1484
875573405161	973.66	670.19	970.26	664.45	3.9602	4.1569
875573413495	981.70	668.88	976.12	663.29	3.9510	4.1604
875573421828	967.71	684.01	973.40	661.41	3.9751	4.1508
875573430162	967.00	673.53	974.13	658.77	3.9665	4.1622
875573438495	962.30	680.45	973.47	665.00	3.9938	4.1580
875573446828	966.22	743.00	974.22	731.89	3.9991	4.1693
875573455161	987.89	826.38	997.51	832.57	4.0015	4.1902
875573463494	1000.57	860.59	1016.77	857.09	4.0056	4.1935
875573471827	1001.73	894.06	1020.46	877.72	4.0164	4.2016
875573480161	999.51	867.22	1023.21	857.71	4.0201	4.1953
875573488494	1004.63	880.85	1026.31	876.01	4.0184	4.1850
875573496827	999.83	882.20	1027.75	875.30	4.0163	4.2003
875573505161	997.75	877.20	1027.39	871.62	4.0132	4.1993
875573513494	1000.23	877.63	1027.99	875.18	4.0132	4.1974
875573521835	1000.43	873.62	1033.42	871.51	4.0185	4.2113
875573530168	995.25	881.48	1028.57	872.58	4.0267	4.1958
875573538501	996.62	885.78	1030.14	877.83	4.0215	4.2147
875573546834	997.53	891.85	1032.41	878.67	4.0305	4.2133
875573555168	1002.66	889.63	1029.56	873.10	4.0412	4.2084
875573563501	1003.74	894.36	1031.39	877.93	4.0305	4.2148
875573571834	1004.99	891.15	1030.44	875.46	4.0354	4.2106
875573580168	1004.31	888.64	1028.83	879.20	4.0368	4.2213
875573588501	999.08	886.20	1026.02	878.86	4.0421	4.2338
875573596834	1004.80	879.98	1025.06	870.72	4.0346	4.2264
875573605167	1009.24	892.64	1024.31	875.34	4.0499	4.2135
875573613500	1011.92	892.77	1024.24	880.42	4.0463	4.2193
875573621833	1006.84	884.06	1030.15	875.55	4.0558	4.2337
875573630167	1007.86	884.19	1025.70	876.50	4.0343	4.2356
875573638500	1008.83	885.86	1021.05	875.23	4.0633	4.2352
875573646833	1012.32	887.74	1020.61	877.29	4.0501	4.2373
875573655169	1006.28	885.90	1021.01	867.16	4.0516	4.2431
875573663502	1007.69	884.14	1026.88	874.00	4.0538	4.2296
875573671835	999.96	889.76	1032.84	874.01	4.0667	4.2495
875573680169	1014.79	888.21	1027.66	875.90	4.0713	4.2433
875573688501	1004.23	886.64	1030.46	874.48	4.0703	4.2488
875573696834	1007.05	896.57	1027.10	876.00	4.0797	4.2532
875573705168	1010.17	889.56	1029.48	879.93	4.0732	4.2467
875573713501	1011.18	886.03	1029.19	883.26	4.0715	4.2587
875573721834	1008.24	887.97	1027.07	878.77	4.0652	4.2545
875573730168	1005.72	892.25	1027.46	883.77	4.0755	4.2550
875573738501	1007.13	894.89	1030.34	879.74	4.0839	4.2611
875573746834	1027.49	884.34	1044.81	878.57	4.0715	4.2640
875573755168	1081.50	900.80	1122.04	894.42	4.0769	4.2552
875573763500	1079.99	915.57	1104.32	887.34	4.0962	4.2634
875573771833	1076.98	904.37	1096.64	897.02	4.0968	4.2594
875573780167	1077.92	906.87	1099.46	893.25	4.0867	4.2696
875573788505	1082.81	909.78	1105.32	893.99	4.0863	4.2684
875573796838	1086.72	911.44	1105.12	894.58	4.0835	4.2670
875573805172	1082.04	907.05	1101.26	897.02	4.0762	4.2567
875573813505	1083.78	905.17	1103.62	898.07	4.0690	4.2580
875573821838	1081.03	902.56	1104.42	898.73	4.0802	4.2595
875573830172	1082.50	907.08	1108.43	893.00	4.0793	4.2572
875573838505	1086.81	908.28	1104.55	899.30	4.0794	4.2513
875573846837	1084.30	913.16	1100.93	894.91	4.0866	4.2527
875573855171	1084.42	908.12	1102.30	896.38	4.0747	4.2550
875573863504	1082.67	904.79	1097.11	900.16	4.0676	4.2736
875573871837	1089.63	914.43	1103.95	896.58	4.0723	4.2635
875573880170	1085.55	905.97	1099.57	899.67	4.0710	4.2553
875573888504	1085.53	912.06	1101.16	897.25	4.0765	4.2516
875573896837	1082.18	915.69	1105.85	893.77	4.0782	4.2659
875573905171	1079.74	904.25	1104.80	894.20	4.0830	4.2591
875573913509	1080.94	909.93	1105.04	894.14	4.0838	4.2582
875573921841	1080.93	908.17	1105.76	893.04	4.0732	4.2531
875573930174	1080.62	911.70	1103.62	901.49	4.0887	4.2632
875573938508	1083.81	916.92	1105.00	898.59	4.0772	4.2546
875573946841	1087.46	913.17	1101.88	903.27	4.0830	4.2598
875573955174	1108.07	917.44	1132.11	907.65	4.0926	4.2685
875573963508	1171.04	899.15	1228.60	887.65	4.0853	4.2672
875573971841	1156.51	905.63	1196.33	891.73	4.0978	4.2600
875573980174	1153.34	891.53	1190.18	888.23	4.0814	4.2451
875573988508	1166.57	893.84	1197.63	893.66	4.0830	4.2538
875573996840	1166.71	897.11	1195.49	886.50	4.0982	4.2538
875574005173	1162.99	897.86	1197.98	885.26	4.0873	4.2523
875574013507	1158.42	893.13	1192.59	891.36	4.0711	4.2468
875574021840	1169.12	903.13	1196.03	888.14	4.0866	4.2478
875574030173	1156.09	887.75	1190.65	886.32	4.0687	4.2563
875574038507	1161.91	898.77	1188.33	890.44	4.0914	4.2466
875574046845	1162.83	904.08	1192.88	885.31	4.0901	4.2481
875574055178	1162.92	899.05	1189.43	887.01	4.0945	4.2408
875574063512	1170.51	898.51	1193.44	892.82	4.0908	4.2515
875574071845	1156.06	895.73	1192.33	891.92	4.0746	4.2431
875574080177	1160.75	899.85	1193.34	886.16	4.0785	4.2491
875574088511	1161.62	899.60	1191.67	890.79	4.0854	4.2487
875574096844	1159.06	896.14	1187.49	893.50	4.0923	4.2449
875574105177	1166.28	891.58	1186.38	895.40	4.0700	4.2402
875574113511	1153.05	892.95	1187.41	889.71	4.0582	4.2407
875574121844	1168.87	896.50	1188.01	893.89	4.0827	4.2489
875574130177	1159.56	898.73	1196.84	893.12	4.0659	4.2379
875574138511	1154.85	898.24	1190.73	893.87	4.0780	4.2331
875574146844	1235.63	882.68	1276.69	858.51	4.0708	4.2377
875574155176	1327.96	795.47	1409.12	790.49	4.0803	4.2460
875574163510	1433.82	703.40	1505.38	717.47	4.0573	4.2205
875574171845	1521.99	668.85	1591.05	671.45	4.0306	4.1974
875574180180	1593.86	655.39	1638.03	660.27	4.0607	4.1964
875574188516	1621.95	619.47	1675.42	617.21	4.0446	4.1971
875574196849	1613.42	630.33	1644.70	625.57	4.0356	4.1858
875574205182	1627.97	625.69	1644.43	637.41	4.0410	4.1848
875574213516	1630.59	631.78	1660.55	630.51	4.0237	4.1898
875574221849	1634.16	615.90	1652.23	636.66	4.0289	4.1708
875574230182	1635.77	625.38	1642.36	635.72	4.0123	4.1671
875574238515	1624.64	618.71	1653.12	634.82	4.0080	4.1681
875574246848	1631.14	627.92	1645.65	636.68	4.0120	4.1578
875574255181	1633.42	636.81	1655.79	634.37	4.0334	4.1586
875574263515	1633.90	628.74	1649.29	641.15	4.0137	4.1552
875574271848	1637.71	622.50	1653.83	630.59	3.9985	4.1490
875574280181	1637.26	629.29	1652.44	634.36	3.9786	4.1347
875574288515	1631.94	621.97	1650.73	641.32	3.9843	4.1436
875574296848	1631.14	625.34	1652.14	639.10	3.9853	4.1349
875574305181	1628.92	631.85	1652.81	634.50	3.9947	4.1150
875574313520	1638.02	624.58	1657.33	635.22	3.9698	4.1223
875574321853	1638.49	612.95	1650.55	639.04	3.9724	4.1199
875574330187	1635.70	626.79	1647.86	635.09	3.9706	4.1124
875574338521	1637.72	623.45	1654.89	635.16	3.9582	4.1176
875574346853	1639.04	623.94	1651.17	637.01	3.9655	4.1022
875574355186	1637.33	628.50	1654.34	631.11	3.9674	4.0940
875574363520	1641.55	627.66	1652.99	631.88	3.9429	4.1041
875574371853	1645.03	618.20	1654.37	636.53	3.9384	4.0863
875574380186	1635.67	614.38	1650.54	634.21	3.9215	4.0814
875574388520	1640.46	629.45	1654.67	629.08	3.9338	4.0825
875574396853	1640.73	624.36	1655.63	631.68	3.9310	4.0716
875574405186	1634.26	627.53	1658.75	633.23	3.9215	4.0613
875574413519	1640.73	619.97	1654.26	634.28	3.9185	4.0687
875574421852	1643.17	618.68	1649.54	636.53	3.9052	4.0537
875574430185	1643.28	619.70	1652.69	634.46	3.9030	4.0624
875574438522	1639.58	616.14	1651.88	637.14	3.8978	4.0657
875574446855	1644.66	616.08	1657.47	626.38	3.9050	4.0446
875574455188	1647.22	616.60	1650.77	636.06	3.9067	4.0374
875574463521	1648.76	611.25	1651.76	635.55	3.9050	4.0508
875574471855	1637.78	617.78	1649.88	629.83	3.9131	4.0322
875574480188	1642.55	611.84	1654.91	637.12	3.8920	4.0334
875574488521	1643.07	612.42	1647.57	632.65	3.8848	4.0317
875574496855	1640.66	601.23	1648.66	636.62	3.8717	4.0184
875574505187	1641.28	618.71	1649.90	633.15	3.8902	4.0143
875574513520	1644.34	621.29	1652.99	630.82	3.8867	4.0138
