t	gaze_point_LX	gaze_point_LY	gaze_point_RX	gaze_point_RY	pupil_diameter_L	pupil_diameter_R
4603007837	1109.53	813.73	1068.16	822.89	3.7969	4.2742
4603016170	1111.10	811.58	1073.09	821.83	3.7963	4.2786
4603024504	1112.71	821.26	1072.04	820.98	3.7945	4.2768
4603032838	1110.45	808.39	1069.12	820.32	3.7886	4.2701
4603041170	1138.54	791.47	1100.00	815.32	3.7602	4.2673
4603049504	1202.80	785.53	1163.59	794.24	3.7616	4.2114
4603057837	1210.51	757.29	1172.44	778.10	3.7742	4.2340
4603066170	1217.23	763.60	1186.93	770.28	3.7769	4.2139
4603074503	1225.94	756.38	1189.73	766.59	3.7721	4.2232
4603082836	1223.24	763.10	1182.18	770.83	3.7588	4.2161
4603091169	1233.68	752.60	1181.14	772.06	3.7546	4.2135
4603099510	1229.38	759.15	1199.75	770.10	3.7662	4.2046
4603107843	1231.91	764.62	1199.34	761.81	3.7648	4.1985
4603116177	1229.77	753.48	1197.47	770.85	3.7158	4.1990
4603124510	1234.66	753.63	1196.56	771.81	3.7360	4.1897
4603132843	1229.93	757.94	1200.32	766.76	3.7413	4.1774
4603141176	1226.79	752.99	1194.56	767.98	3.7370	4.1936
4603149510	1227.16	744.67	1195.50	765.01	3.7112	4.1790
4603157843	1221.52	752.58	1204.39	762.87	3.7204	4.1689
4603166175	1220.03	750.98	1204.16	761.72	3.7375	4.1751
4603174509	1221.93	741.26	1206.92	763.75	3.7161	4.1900
4603182842	1224.97	748.92	1203.36	754.44	3.7356	4.1634
4603191175	1220.55	749.95	1204.88	755.60	3.7406	4.1739
4603199509	1215.57	740.73	1205.73	760.79	3.7500	4.1878
4603207842	1212.72	742.71	1212.33	756.80	3.7215	4.1653
4603216175	1219.54	739.89	1209.72	751.05	3.7226	4.1617
4603224509	1221.66	743.90	1207.54	754.18	3.7187	4.1748
4603232846	1222.33	735.75	1217.81	750.28	3.7117	4.1630
4603241180	1227.74	734.71	1215.27	744.93	3.7352	4.1760
4603249513	1223.61	737.39	1207.87	753.10	3.7387	4.1747
4603257846	1224.59	739.69	1219.69	755.57	3.7319	4.1674
4603266179	1238.91	723.21	1225.82	748.52	3.7174	4.1694
4603274513	1251.83	713.77	1236.78	732.87	3.7281	4.1453
4603282846	1251.08	710.94	1234.84	731.53	3.7260	4.1618
4603291179	1240.69	715.70	1233.05	730.23	3.7423	4.1439
4603299513	1246.77	724.58	1234.03	732.86	3.7379	4.1625
4603307846	1245.42	721.87	1233.91	722.51	3.7595	4.1517
4603316178	1249.61	705.39	1237.25	724.06	3.7212	4.1506
4603324512	1242.10	715.46	1239.36	714.04	3.7344	4.1413
4603332845	1254.43	711.50	1244.18	723.92	3.7441	4.1514
4603341178	1252.80	708.35	1239.43	724.93	3.7249	4.1661
4603349512	1257.08	720.85	1249.02	719.98	3.7283	4.1495
4603357845	1256.73	715.55	1238.76	717.01	3.7442	4.1335
4603366183	1250.20	715.35	1237.75	722.47	3.7533	4.1632
4603374516	1260.11	713.47	1236.78	721.09	3.7325	4.1654
4603382849	1251.35	715.20	1226.53	715.06	3.7445	4.1630
4603391181	1251.53	708.88	1230.11	718.29	3.7238	4.1477
4603399514	1250.57	705.77	1227.56	720.90	3.7341	4.1611
4603407848	1253.52	705.37	1228.65	724.04	3.7131	4.1734
4603416181	1254.86	711.36	1227.31	717.61	3.7316	4.1614
4603424514	1251.45	707.82	1235.42	720.60	3.7249	4.1761
4603432848	1249.59	707.21	1234.65	720.92	3.7163	4.1632
4603441181	1254.73	707.03	1229.83	724.38	3.7362	4.1846
4603449515	1249.60	701.46	1232.60	713.43	3.7141	4.1617
4603457848	1256.79	701.17	1230.12	724.20	3.7367	4.1759
4603466181	1252.10	695.72	1235.15	717.31	3.7289	4.1648
4603474513	1250.64	710.67	1243.05	703.52	3.7502	4.1573
4603482847	1245.38	706.30	1240.94	703.44	3.7226	4.1544
4603491184	1245.19	698.58	1234.18	708.32	3.7205	4.1558
4603499516	1250.28	702.21	1232.82	709.90	3.7415	4.1510
4603507850	1260.51	714.69	1242.79	716.11	3.7493	4.1544
4603516183	1277.08	693.91	1267.77	705.83	3.7273	4.1622
4603524516	1272.89	680.33	1252.98	702.98	3.7123	4.1779
4603532850	1270.37	697.01	1254.31	706.54	3.7317	4.1642
4603541183	1274.15	708.00	1250.60	709.14	3.7554	4.2012
4603549515	1264.95	699.70	1259.04	697.98	3.7334	4.1883
4603557849	1277.43	704.15	1256.64	701.70	3.7422	4.1878
4603566182	1272.19	705.86	1264.32	698.81	3.7526	4.1707
4603574516	1273.79	699.81	1261.61	700.24	3.7420	4.1652
4603582849	1269.92	702.94	1259.58	698.17	3.7459	4.1619
4603591182	1266.96	703.48	1262.18	698.45	3.7207	4.1544
4603599515	1276.52	700.80	1259.33	706.49	3.7356	4.1900
4603607849	1277.66	699.18	1262.52	699.72	3.7390	4.1719
4603616183	1277.57	711.39	1256.11	698.82	3.7582	4.1626
4603624523	1278.36	690.87	1256.31	697.63	3.7409	4.1587
4603632856	1269.49	680.33	1252.78	700.58	3.7266	4.1654
4603641189	1274.31	702.26	1255.38	699.36	3.7594	4.1746
4603649522	1277.20	687.85	1253.75	707.03	3.7528	4.1701
4603657856	1271.74	688.35	1254.13	707.16	3.7508	4.1645
4603666189	1276.42	701.75	1252.30	701.42	3.7725	4.1649
4603674522	1261.98	691.74	1255.64	695.81	3.7452	4.1431
4603682856	1269.20	702.35	1262.74	689.46	3.7466	4.1485
4603691189	1266.07	698.63	1256.29	694.59	3.7561	4.1699
4603699523	1265.48	695.24	1261.73	699.92	3.7226	4.1565
4603707855	1272.67	692.16	1266.24	698.03	3.7400	4.1536
4603716188	1271.14	691.03	1263.97	696.14	3.7563	4.1505
4603724521	1273.85	703.72	1256.81	701.02	3.7737	4.1656
4603732855	1273.40	689.00	1256.93	697.93	3.7264	4.1581
4603741188	1277.53	709.57	1252.25	701.54	3.7805	4.1552
4603749521	1268.71	691.14	1253.02	698.17	3.7518	4.1455
4603757858	1272.66	690.07	1259.89	695.81	3.7627	4.1555
4603766191	1260.71	695.44	1256.64	693.95	3.7603	4.1472
4603774524	1262.59	682.93	1253.82	687.01	3.7545	4.1390
4603782858	1263.04	684.14	1260.88	695.44	3.7483	4.1596
4603791190	1261.15	692.43	1261.63	694.17	3.7752	4.1570
4603799523	1267.03	691.71	1257.22	696.23	3.7612	4.1594
4603807857	1263.73	674.57	1257.34	699.88	3.7482	4.1561
4603816190	1267.37	697.08	1254.89	698.71	3.7794	4.1628
4603824524	1262.43	691.75	1258.38	692.30	3.7856	4.1540
4603832857	1266.74	674.91	1258.11	685.40	3.7726	4.1543
4603841190	1265.95	693.84	1254.77	677.58	3.7844	4.1630
4603849523	1270.96	692.83	1261.79	693.32	3.7868	4.1604
4603857857	1269.07	692.44	1249.50	688.12	3.7750	4.1598
4603866189	1268.26	698.85	1257.13	698.76	3.7799	4.1543
4603874522	1269.86	690.64	1257.58	691.42	3.7834	4.1698
4603882856	1270.62	687.59	1265.06	698.14	3.7858	4.1823
4603891194	1264.02	677.75	1260.75	689.08	3.7719	4.1597
4603899527	1269.38	694.89	1267.84	687.49	3.7929	4.1649
4603907861	1265.98	698.06	1265.77	682.51	3.7961	4.1842
4603916194	1266.80	690.00	1267.49	678.19	3.8043	4.1681
4603924527	1266.32	685.98	1267.90	685.87	3.8089	4.1714
4603932860	1271.84	682.47	1271.48	688.18	3.7954	4.1850
4603941194	1262.39	675.49	1268.25	684.99	3.7937	4.1775
4603949527	1262.38	677.01	1270.97	694.71	3.8010	4.1912
4603957860	1267.08	682.37	1271.34	689.13	3.8015	4.1987
4603966193	1266.85	688.20	1269.25	692.53	3.8250	4.1960
4603974526	1264.01	686.53	1268.83	685.57	3.8224	4.2050
4603982859	1260.39	688.57	1264.21	681.88	3.8124	4.1981
4603991193	1267.04	686.26	1265.10	681.13	3.8151	4.1984
4603999526	1271.18	686.73	1271.77	680.83	3.8167	4.2119
4604007859	1277.04	684.78	1265.91	683.88	3.8191	4.1896
4604016198	1272.62	685.58	1264.74	690.81	3.8330	4.2191
4604024530	1276.06	679.26	1267.46	682.72	3.8173	4.1903
4604032864	1279.27	677.55	1275.43	680.96	3.8328	4.2037
4604041197	1269.83	677.85	1263.50	683.05	3.8139	4.2234
4604049530	1272.52	682.49	1268.59	687.37	3.8219	4.2293
4604057863	1272.22	693.80	1263.37	684.01	3.8501	4.2238
4604066197	1277.43	692.14	1266.38	684.90	3.8394	4.2194
4604074531	1287.99	703.88	1254.05	703.35	3.8315	4.2383
4604082863	1299.35	725.73	1243.57	727.20	3.8340	4.2123
4604091197	1315.41	746.09	1248.39	749.90	3.8065	4.1819
4604099529	1339.89	944.31	1258.45	851.78	3.6065	4.1011
4604107862	1389.44	1341.92	1188.72	1173.47	2.1351	3.4705
4604116196	NaN	NaN	1201.29	1618.78	NaN	1.7874
4604124529	NaN	NaN	NaN	NaN	NaN	NaN
4604132862	NaN	NaN	NaN	NaN	NaN	NaN
4604141196	NaN	NaN	NaN	NaN	NaN	NaN
4604149534	NaN	NaN	NaN	NaN	NaN	NaN
4604157867	NaN	NaN	NaN	NaN	NaN	NaN
4604166201	NaN	NaN	NaN	NaN	NaN	NaN
4604174535	NaN	NaN	NaN	NaN	NaN	NaN
4604182867	NaN	NaN	NaN	NaN	NaN	NaN
4604191200	NaN	NaN	NaN	NaN	NaN	NaN
4604199534	NaN	NaN	NaN	NaN	NaN	NaN
4604207866	NaN	NaN	1196.76	1575.91	NaN	1.6422
4604216200	NaN	NaN	NaN	NaN	NaN	NaN
4604224533	NaN	NaN	NaN	NaN	NaN	NaN
4604232866	NaN	NaN	959.46	1216.43	NaN	2.8521
4604241200	1192.84	1067.01	NaN	NaN	3.2153	NaN
4604249533	1245.74	925.30	1259.94	998.06	3.5449	3.7867
4604257866	1259.76	838.50	1271.32	912.87	3.6724	3.9270
4604266199	1267.16	771.16	1282.20	830.93	3.7624	4.0442
4604274532	1270.71	698.71	1292.85	777.43	3.8430	4.1567
4604282870	1276.63	693.87	1284.66	739.26	3.8682	4.2168
4604291203	1270.71	719.13	1280.78	703.28	3.8188	4.2492
4604299536	1274.09	728.10	1270.24	701.24	3.8443	4.2687
4604307869	1271.08	726.24	1260.31	703.42	3.8485	4.2656
4604316203	1261.66	733.44	1257.17	726.03	3.8490	4.2543
4604324536	1268.06	720.01	1254.52	726.58	3.8457	4.2498
4604332869	1275.00	715.17	1260.74	728.58	3.8324	4.2533
4604341202	1279.67	713.13	1268.06	732.78	3.8443	4.2624
4604349535	1280.11	705.12	1269.68	727.02	3.8493	4.2589
4604357869	1276.27	704.79	1269.41	713.95	3.8477	4.2509
4604366202	1284.66	698.42	1270.30	714.33	3.8530	4.2496
4604374535	1274.03	690.25	1261.60	713.15	3.8434	4.2586
4604382868	1274.25	694.05	1246.29	716.13	3.8411	4.2679
4604391201	1265.52	687.58	1247.98	696.40	3.8344	4.2438
4604399535	1266.27	695.80	1247.06	697.35	3.8688	4.2615
4604407869	1269.83	685.61	1244.28	695.13	3.8508	4.2588
4604416205	1267.70	688.33	1244.72	692.19	3.8581	4.2593
4604424538	1261.68	685.63	1243.93	690.40	3.8326	4.2544
4604432872	1267.27	701.92	1244.57	694.05	3.8598	4.2571
4604441205	1273.31	688.10	1242.22	693.39	3.8401	4.2518
4604449538	1264.82	685.37	1246.55	693.75	3.8279	4.2346
4604457872	1272.06	679.23	1253.51	689.20	3.8275	4.2449
4604466205	1272.94	689.93	1259.19	691.02	3.8408	4.2394
4604474538	1283.75	675.74	1254.14	696.08	3.8024	4.2541
4604482871	1278.14	678.88	1259.44	695.50	3.8207	4.2487
4604491205	1280.69	681.58	1260.51	696.15	3.8160	4.2494
4604499537	1281.76	678.77	1263.42	695.47	3.8096	4.2294
4604507871	1273.24	681.43	1267.25	689.64	3.8106	4.2267
4604516204	1278.98	683.85	1260.07	692.04	3.8246	4.2368
4604524537	1272.84	677.55	1260.97	687.23	3.8207	4.2230
4604532870	1274.17	678.84	1263.76	688.21	3.8140	4.2254
4604541210	1268.92	673.73	1263.11	683.61	3.7985	4.2264
4604549543	1269.36	670.99	1264.90	680.36	3.7943	4.2314
4604557876	1270.70	668.85	1259.32	676.20	3.7876	4.2167
4604566209	1268.21	660.76	1261.90	673.94	3.7791	4.2120
4604574542	1272.89	674.43	1250.58	681.79	3.7955	4.2270
4604582875	1269.42	673.97	1254.42	675.99	3.7914	4.2171
4604591208	1271.94	663.53	1246.08	679.52	3.7548	4.2044
4604599542	1272.22	678.91	1237.56	680.16	3.7603	4.2028
4604607876	1270.38	677.75	1238.77	681.88	3.7609	4.2140
4604616208	1261.66	673.13	1235.87	687.60	3.7453	4.2015
4604624542	1265.05	671.63	1250.08	681.88	3.7462	4.1830
4604632876	1264.95	669.65	1260.42	679.48	3.7389	4.1674
4604641209	1274.43	677.09	1260.15	684.06	3.7373	4.1854
4604649542	1278.46	677.66	1259.68	678.71	3.7475	4.1769
4604657875	1272.12	672.27	1258.74	684.52	3.7387	4.1662
4604666207	1280.18	683.99	1254.79	678.45	3.7363	4.1621
4604674547	1273.76	673.43	1249.44	675.59	3.7150	4.1554
4604682881	1269.89	683.31	1243.67	675.11	3.7331	4.1518
4604691214	1264.59	677.99	1241.11	674.36	3.7127	4.1572
4604699547	1260.22	688.55	1239.97	672.09	3.7266	4.1403
4604707880	1255.84	678.88	1240.14	674.42	3.7114	4.1413
4604716214	1257.93	676.92	1247.54	672.37	3.7079	4.1402
4604724547	1252.81	673.36	1246.32	674.96	3.7071	4.1506
4604732879	1255.73	677.56	1253.91	668.09	3.7071	4.1165
4604741213	1258.03	671.36	1246.88	676.26	3.7020	4.1254
4604749546	1256.72	666.33	1245.34	671.68	3.6710	4.1203
4604757880	1261.98	674.67	1248.29	673.61	3.7045	4.1085
4604766213	1262.98	656.73	1246.05	679.87	3.6663	4.1166
4604774546	1263.81	669.95	1236.45	674.42	3.7026	4.0960
4604782879	1261.33	673.93	1244.03	674.83	3.6977	4.1102
4604791213	1253.53	670.50	1254.21	667.94	3.6811	4.0951
4604799546	1258.95	671.82	1257.13	661.60	3.6732	4.0873
4604807883	1277.17	669.40	1261.59	668.68	3.6912	4.0940
4604816215	1268.32	664.57	1249.96	667.07	3.6690	4.0969
4604824549	1268.46	669.26	1245.09	659.60	3.6885	4.0891
4604832882	1260.23	654.60	1239.20	660.44	3.6449	4.0871
4604841216	1256.35	663.77	1242.42	664.46	3.6487	4.0978
4604849549	1261.14	661.45	1251.68	664.00	3.6453	4.0742
4604857882	1266.37	676.52	1256.09	659.98	3.6645	4.0588
4604866215	1260.59	670.89	1254.46	678.66	3.6532	4.0944
4604874549	1266.69	699.24	1257.01	678.97	3.6486	4.0585
4604882882	1280.16	700.82	1267.55	711.99	3.6454	4.0643
4604891215	1278.31	710.61	1261.15	710.34	3.6366	4.0339
4604899548	1274.57	702.27	1266.00	702.78	3.6497	4.0491
4604907881	1285.58	710.66	1258.68	706.98	3.6604	4.0432
4604916214	1279.83	709.44	1254.19	703.95	3.6520	4.0473
4604924548	1279.10	700.84	1253.56	690.97	3.6474	4.0381
4604932886	1278.73	703.66	1261.26	690.83	3.6586	4.0268
4604941219	1276.21	695.49	1259.34	699.03	3.6441	4.0501
4604949552	1271.46	698.98	1261.24	699.50	3.6354	4.0184
4604957886	1270.67	699.03	1259.74	702.67	3.6259	4.0296
4604966220	1273.81	693.84	1255.38	711.68	3.6226	4.0531
4604974552	1273.31	692.97	1261.41	694.96	3.6213	4.0472
4604982885	1274.09	695.54	1255.54	693.19	3.6345	4.0440
4604991219	1287.04	698.32	1257.39	694.41	3.6437	4.0359
4604999551	1281.22	697.01	1252.56	700.93	3.6306	4.0295
4605007885	1275.60	700.88	1254.71	711.10	3.6337	4.0290
4605016219	1281.05	711.28	1253.55	710.57	3.6267	4.0302
4605024552	1281.51	696.94	1255.17	707.06	3.6314	4.0255
4605032885	1281.28	700.71	1250.95	715.95	3.6317	4.0296
4605041218	1283.38	706.55	1254.64	712.44	3.6429	4.0251
4605049551	1280.04	698.37	1247.02	704.49	3.6293	4.0396
4605057884	1288.37	717.46	1247.90	711.25	3.6507	4.0378
4605066217	1274.92	696.96	1248.56	704.80	3.6244	4.0459
4605074551	1276.66	704.96	1249.56	694.94	3.6317	4.0345
4605082884	1271.44	701.71	1249.69	697.92	3.6617	4.0611
4605091218	1274.50	700.19	1249.36	689.79	3.6513	4.0420
4605099550	1283.18	695.94	1254.81	694.56	3.6429	4.0670
4605107884	1281.94	690.85	1260.28	699.86	3.6509	4.0542
4605116218	1281.19	691.16	1258.96	693.57	3.6468	4.0384
4605124551	1274.38	686.62	1263.33	691.89	3.6418	4.0649
4605132883	1280.19	687.82	1263.07	691.84	3.6707	4.0668
4605141216	1277.28	679.99	1263.34	693.35	3.6544	4.0621
4605149550	1273.72	679.04	1263.58	699.12	3.6656	4.0704
4605157883	1271.17	682.07	1260.08	693.79	3.6830	4.0688
4605166217	1273.46	680.95	1262.51	699.31	3.6654	4.0853
4605174549	1273.14	685.71	1257.51	696.71	3.6718	4.0762
4605182883	1278.51	693.82	1256.88	703.56	3.7029	4.0928
4605191217	1271.46	687.94	1257.28	706.25	3.6939	4.1095
4605199559	1268.98	680.15	1264.47	705.33	3.6889	4.1067
4605207891	1276.19	685.92	1259.17	690.71	3.6960	4.0956
4605216224	1284.50	681.46	1258.52	695.95	3.7042	4.1243
4605224557	1276.82	689.54	1250.40	687.84	3.7280	4.1184
4605232891	1281.32	680.35	1251.39	698.56	3.7112	4.1226
4605241224	1281.40	685.77	1255.90	686.26	3.7184	4.1218
4605249557	1277.89	687.75	1249.87	696.08	3.7248	4.1370
4605257891	1280.54	699.08	1244.12	693.87	3.7568	4.1406
4605266224	1281.27	686.24	1251.18	697.97	3.7352	4.1369
4605274558	1282.54	693.25	1246.26	695.99	3.7429	4.1396
4605282891	1275.68	690.15	1251.40	701.18	3.7407	4.1486
4605291223	1282.22	694.12	1249.90	698.44	3.7558	4.1486
4605299556	1276.31	698.35	1248.53	711.11	3.7387	4.1573
4605307890	1278.77	725.08	1243.26	730.49	3.7579	4.1719
4605316223	1289.09	725.11	1249.25	716.16	3.7987	4.1492
4605324562	1275.19	711.38	1240.97	719.87	3.7784	4.1746
4605332895	1277.47	699.94	1240.02	713.78	3.7649	4.1783
4605341228	1268.57	706.40	1236.76	715.61	3.7862	4.1879
4605349561	1273.80	696.24	1237.79	707.61	3.7718	4.1913
4605357895	1274.07	701.37	1243.61	711.53	3.7894	4.1960
4605366227	1276.08	702.05	1243.03	707.80	3.7888	4.1849
4605374561	1275.56	706.13	1241.35	707.83	3.8040	4.1973
4605382894	1268.83	700.96	1240.93	711.00	3.7941	4.2091
4605391227	1274.22	689.33	1241.97	708.43	3.7900	4.1899
4605399561	1278.81	702.94	1246.33	702.83	3.7949	4.2038
4605407894	1277.77	704.67	1247.59	712.13	3.8087	4.2137
4605416227	1278.91	695.04	1251.06	712.86	3.7954	4.2071
4605424560	1280.71	697.43	1247.15	717.73	3.7968	4.2184
4605432894	1276.47	701.25	1249.72	714.12	3.8073	4.2280
4605441227	1272.15	707.77	1249.69	713.69	3.7981	4.2239
4605449559	1276.80	710.91	1246.96	716.09	3.8214	4.2267
4605457898	1274.32	705.51	1251.29	708.65	3.8030	4.2294
4605466231	1272.19	704.04	1242.97	714.10	3.7987	4.2371
4605474565	1271.65	702.16	1251.12	712.67	3.7942	4.2232
4605482898	1285.93	713.65	1265.09	728.33	3.8049	4.2305
4605491231	1282.47	725.62	1253.93	730.73	3.8231	4.2340
4605499565	1280.61	706.52	1251.24	714.74	3.7902	4.2260
4605507898	1287.15	714.40	1250.92	725.44	3.8320	4.2303
4605516231	1283.90	715.44	1247.62	722.54	3.8093	4.2348
4605524563	1285.97	708.77	1254.14	718.96	3.8120	4.2391
4605532896	1290.80	709.66	1253.63	720.16	3.8142	4.2375
4605541230	1293.51	710.25	1259.75	727.35	3.8047	4.2393
4605549564	1296.52	713.17	1253.44	721.59	3.8168	4.2298
4605557897	1293.65	718.66	1258.57	729.34	3.8032	4.2393
4605566230	1291.52	714.52	1258.58	722.40	3.8036	4.2268
4605574563	1296.64	724.26	1252.41	740.36	3.7796	4.2277
4605582897	1322.06	768.54	1232.98	766.77	3.7700	4.2303
4605591235	1334.96	760.11	1247.42	771.05	3.7778	4.2447
4605599568	1362.35	1017.49	1268.15	1029.72	3.4582	3.8378
4605607900	1466.90	1367.27	1008.69	1395.25	2.0907	2.5887
4605616234	NaN	NaN	NaN	NaN	NaN	NaN
4605624568	NaN	NaN	NaN	NaN	NaN	NaN
4605632901	NaN	NaN	NaN	NaN	NaN	NaN
4605641234	NaN	NaN	NaN	NaN	NaN	NaN
4605649568	NaN	NaN	NaN	NaN	NaN	NaN
4605657901	NaN	NaN	NaN	NaN	NaN	NaN
4605666234	NaN	NaN	NaN	NaN	NaN	NaN
4605674567	NaN	NaN	NaN	NaN	NaN	NaN
4605682900	NaN	NaN	NaN	NaN	NaN	NaN
4605691233	NaN	NaN	NaN	NaN	NaN	NaN
4605699566	NaN	NaN	NaN	NaN	NaN	NaN
4605707900	NaN	NaN	NaN	NaN	NaN	NaN
4605716233	NaN	NaN	NaN	NaN	NaN	NaN
4605724571	NaN	NaN	NaN	NaN	NaN	NaN
4605732905	NaN	NaN	NaN	NaN	NaN	NaN
4605741238	1420.33	1457.28	NaN	NaN	1.4088	NaN
4605749571	NaN	NaN	NaN	NaN	NaN	NaN
4605757904	1296.92	1014.37	NaN	NaN	3.3226	NaN
4605766237	1295.63	886.33	1116.92	1027.01	3.5620	3.4402
4605774570	1296.89	795.27	1271.15	920.78	3.6395	3.8214
4605782904	1297.68	731.71	1277.40	851.96	3.7011	3.9283
4605791237	1298.82	744.94	1289.82	799.23	3.6722	4.0497
4605799570	1291.38	758.30	1291.88	753.24	3.6739	4.1026
4605807903	1288.36	762.22	1286.92	734.01	3.6910	4.1003
4605816237	1282.73	766.74	1279.92	756.62	3.6967	4.0807
4605824570	1291.73	765.93	1281.65	755.56	3.6904	4.0632
4605832903	1289.80	758.49	1278.45	766.70	3.6908	4.0653
4605841236	1289.15	745.35	1275.83	759.05	3.6872	4.0661
4605849569	1287.96	745.91	1271.95	748.13	3.6957	4.0627
4605857907	1297.62	742.98	1273.21	757.40	3.7107	4.0607
4605866240	1290.82	735.53	1269.44	755.29	3.6933	4.0673
4605874573	1291.11	734.37	1277.96	747.02	3.6873	4.0621
4605882907	1292.22	733.39	1270.28	748.27	3.7132	4.0570
4605891240	1296.16	726.30	1276.10	744.68	3.7017	4.0694
4605899573	1290.36	726.94	1272.71	738.10	3.6936	4.0585
4605907907	1292.06	734.71	1274.63	743.38	3.7181	4.0756
4605916240	1286.20	726.01	1278.97	740.43	3.6909	4.0678
4605924572	1284.32	728.12	1275.57	737.10	3.6886	4.0605
4605932906	1285.75	737.97	1271.88	734.81	3.7126	4.0543
4605941239	1282.20	721.04	1271.54	737.77	3.6781	4.0773
4605949572	1286.44	725.01	1274.28	732.00	3.6925	4.0713
4605957906	1284.92	730.63	1277.96	728.40	3.6913	4.0487
4605966239	1284.43	720.19	1264.32	727.75	3.6822	4.0541
4605974572	1283.44	727.24	1272.79	726.03	3.6765	4.0596
4605982910	1285.58	729.82	1262.69	725.99	3.6811	4.0592
4605991244	1284.52	725.68	1255.63	732.45	3.6575	4.0692
4605999576	1284.45	723.77	1261.68	723.04	3.6730	4.0551
4606007910	1280.47	730.70	1260.57	720.27	3.6556	4.0511
4606016243	1290.41	729.67	1266.73	717.41	3.6654	4.0483
4606024576	1284.57	720.98	1266.20	722.53	3.6415	4.0417
4606032909	1296.31	730.25	1267.84	728.21	3.6685	4.0627
4606041243	1297.01	743.07	1264.31	729.15	3.6982	4.0603
4606049576	1290.91	734.86	1262.10	726.81	3.6603	4.0418
4606057909	1292.05	730.60	1262.58	730.77	3.6534	4.0481
4606066242	1291.96	733.18	1266.42	722.12	3.6456	4.0336
4606074576	1295.78	734.26	1263.78	725.71	3.6441	4.0255
4606082908	1296.20	736.94	1261.13	727.32	3.6542	4.0104
4606091241	1301.34	737.48	1263.88	725.42	3.6444	4.0202
4606099575	1304.34	722.58	1253.72	731.13	3.6097	4.0312
4606107909	1306.55	731.93	1265.41	722.35	3.6204	4.0165
4606116248	1297.44	718.75	1258.02	719.72	3.6076	4.0079
4606124581	1304.22	719.61	1261.78	723.76	3.6020	4.0175
4606132914	1302.22	726.94	1259.29	709.93	3.6057	4.0078
4606141247	1299.56	729.77	1260.60	710.58	3.6176	4.0045
4606149581	1297.99	731.01	1260.44	709.45	3.6150	3.9819
4606157913	1297.16	734.44	1261.70	709.08	3.6059	3.9880
4606166246	1299.67	728.20	1262.14	701.01	3.5821	3.9647
4606174580	1292.03	730.59	1253.84	715.67	3.5812	3.9881
4606182913	1293.30	717.74	1252.24	713.31	3.5551	3.9573
4606191247	1293.42	732.14	1251.60	711.60	3.5795	3.9598
4606199580	1294.41	724.83	1248.51	712.29	3.5531	3.9527
4606207913	1297.48	728.73	1253.69	710.92	3.5586	3.9468
4606216246	1295.57	727.80	1244.94	703.07	3.5484	3.9278
4606224580	1302.73	728.77	1241.74	707.22	3.5537	3.9209
4606232913	1297.44	726.93	1244.99	709.34	3.5520	3.9174
4606241245	1297.27	733.88	1248.00	713.84	3.5528	3.9155
4606249582	1298.54	723.24	1247.86	704.03	3.5277	3.8963
4606257916	1299.80	725.68	1242.35	708.09	3.5167	3.8983
4606266248	1289.08	717.25	1247.76	705.29	3.5104	3.8811
4606274582	1290.53	739.33	1248.08	697.44	3.5112	3.8650
4606282915	1297.02	717.09	1248.44	700.33	3.5055	3.8707
4606291249	1299.14	726.47	1257.54	704.41	3.4942	3.8616
4606299582	1290.19	722.05	1251.44	703.38	3.4975	3.8585
4606307915	1300.34	728.05	1254.28	702.52	3.4976	3.8577
4606316248	1292.21	723.30	1260.71	700.81	3.4846	3.8453
4606324581	1292.95	712.22	1255.52	712.92	3.4783	3.8458
4606332914	1291.24	714.72	1252.23	710.77	3.4780	3.8202
4606341247	1284.67	721.34	1255.52	704.63	3.4788	3.8133
4606349581	1295.76	721.62	1248.37	710.07	3.4761	3.8019
4606357914	1294.84	720.98	1247.91	713.30	3.4690	3.7971
4606366247	1292.08	725.91	1249.52	702.22	3.4621	3.7879
4606374584	1296.76	733.93	1247.15	712.41	3.4743	3.7966
4606382917	1295.19	731.69	1247.49	705.45	3.4611	3.7677
4606391249	1289.37	720.28	1244.85	709.75	3.4415	3.7713
4606399583	1284.87	735.10	1251.04	715.14	3.4566	3.7782
4606407916	1293.37	721.11	1261.03	715.00	3.4373	3.7634
4606416249	1297.08	733.00	1256.26	718.64	3.4411	3.7540
4606424583	1301.52	727.17	1257.77	709.88	3.4258	3.7344
4606432916	1304.33	721.63	1262.38	701.96	3.4060	3.7261
4606441250	1306.76	722.61	1263.72	707.17	3.4166	3.7334
4606449583	1301.41	734.90	1255.00	710.53	3.4180	3.7251
4606457916	1303.63	726.85	1260.09	700.44	3.4055	3.7074
4606466250	1297.39	727.05	1255.13	688.69	3.3949	3.6881
4606474582	1298.93	718.61	1252.67	691.33	3.3651	3.7037
4606482915	1298.22	728.21	1255.41	691.41	3.3889	3.6989
4606491248	1310.68	720.82	1258.13	696.25	3.3570	3.7069
4606499582	1307.33	731.39	1258.40	685.60	3.3728	3.6869
4606507921	1304.43	733.51	1254.10	678.49	3.3636	3.6641
4606516255	1309.59	731.71	1255.37	691.63	3.3809	3.6695
4606524588	1299.22	731.58	1261.26	694.40	3.3751	3.6421
4606532921	1299.01	724.97	1253.08	704.56	3.3622	3.6484
4606541254	1290.88	710.22	1250.84	694.38	3.3432	3.6397
4606549587	1292.52	711.34	1253.99	694.68	3.3473	3.6237
4606557920	1293.42	723.70	1249.45	709.32	3.3365	3.6502
4606566254	1296.29	736.40	1248.76	703.55	3.3625	3.6170
4606574587	1288.69	698.43	1251.03	700.97	3.2980	3.6300
4606582920	1288.78	707.16	1247.15	695.69	3.3175	3.6174
4606591253	1289.13	699.64	1244.41	702.78	3.2956	3.6147
4606599587	1289.47	697.40	1246.21	692.79	3.2887	3.6024
4606607920	1285.92	710.28	1247.72	691.31	3.2815	3.5983
4606616253	1287.35	721.44	1244.91	691.21	3.3093	3.6156
4606624587	1286.05	713.61	1251.03	686.31	3.2868	3.6035
4606632919	1286.99	729.54	1245.92	699.56	3.3178	3.6070
4606641259	1287.20	730.00	1251.52	707.97	3.3088	3.6154
4606649592	1290.09	719.18	1252.44	691.16	3.2784	3.5914
4606657925	1295.45	725.97	1254.17	682.33	3.2985	3.5756
4606666258	1288.74	674.72	1257.79	685.50	3.1880	3.5695
4606674591	1301.64	721.30	1255.49	696.03	3.2921	3.5667
4606682925	1294.87	688.01	1255.99	693.14	3.2446	3.5539
4606691258	1292.76	694.75	1249.85	707.04	3.2421	3.5766
4606699592	1290.69	706.83	1255.67	706.15	3.2674	3.5705
4606707924	1293.83	683.48	1254.89	705.73	3.2133	3.5649
4606716257	1292.92	704.83	1250.51	692.80	3.2513	3.5547
4606724591	1280.71	701.24	1254.50	697.65	3.2403	3.5530
4606732924	1287.60	704.76	1258.06	689.62	3.2443	3.5363
4606741258	1282.08	710.76	1253.22	698.69	3.2622	3.5502
4606749591	1280.62	674.15	1249.16	686.03	3.1844	3.5296
4606757924	1285.73	720.25	1243.35	690.82	3.2430	3.5301
4606766257	1283.32	720.88	1243.93	695.99	3.2572	3.5680
4606774595	1285.51	720.80	1244.64	672.54	3.2811	3.5230
4606782929	1285.59	683.19	1244.83	686.99	3.2229	3.5428
4606791262	1296.03	711.18	1239.67	695.91	3.2399	3.5737
4606799594	1285.54	702.69	1242.41	695.06	3.2307	3.5491
4606807928	1282.44	689.13	1242.70	702.52	3.2214	3.5645
4606816261	1282.97	696.78	1240.45	683.62	3.2355	3.5383
4606824595	1288.84	724.07	1236.45	700.06	3.2694	3.5619
4606832928	1279.13	694.45	1240.67	700.69	3.2091	3.5564
4606841261	1285.38	716.51	1245.93	704.62	3.2495	3.5717
4606849594	1281.03	711.75	1250.78	698.15	3.2271	3.5616
4606857928	1280.34	716.10	1246.56	690.41	3.2493	3.5524
4606866260	1287.27	687.90	1255.56	688.18	3.2036	3.5527
4606874594	1286.21	708.90	1255.94	697.30	3.2287	3.5633
4606882927	1283.54	703.79	1251.97	701.27	3.2329	3.5744
4606891260	1286.20	711.62	1254.72	696.78	3.2505	3.5979
4606899596	1284.67	705.53	1249.27	677.96	3.2477	3.5547
4606907930	1278.95	709.58	1252.44	716.90	3.2659	3.6080
4606916263	1277.46	706.96	1249.65	680.54	3.2627	3.5559
4606924596	1277.36	690.04	1245.34	704.47	3.2446	3.5955
4606932930	1274.83	712.93	1243.29	661.06	3.2784	3.5232
4606941263	1276.97	707.89	1242.43	697.92	3.2965	3.5913
4606949596	1281.69	716.63	1250.48	686.70	3.3073	3.5868
4606957929	1280.27	714.39	1249.80	696.40	3.2996	3.5960
4606966262	1275.54	687.83	1252.73	689.70	3.2665	3.5941
4606974595	1278.32	712.75	1254.01	683.29	3.2852	3.5932
4606982929	1274.27	714.22	1257.21	695.02	3.3024	3.6138
4606991262	1272.64	709.85	1260.52	694.12	3.2903	3.6100
4606999595	1280.39	726.33	1256.39	701.06	3.3215	3.6243
4607007929	1286.06	737.31	1262.28	697.80	3.3541	3.6230
4607016262	1286.55	699.90	1254.91	689.39	3.2839	3.6063
4607024595	1290.95	713.79	1252.34	685.15	3.3212	3.5964
4607032935	1290.02	725.16	1247.28	694.52	3.3532	3.6156
4607041268	1293.10	719.45	1249.93	681.25	3.3512	3.5854
4607049601	1286.54	718.45	1248.89	685.95	3.3450	3.6117
4607057935	1290.55	727.65	1254.25	693.38	3.3528	3.6108
4607066268	1286.75	708.98	1251.80	689.66	3.3178	3.6079
4607074602	1288.15	727.74	1257.06	687.55	3.3633	3.6064
4607082935	1291.17	731.07	1256.98	688.19	3.3786	3.6053
4607091268	1285.04	722.83	1248.40	706.04	3.3677	3.6448
4607099601	1286.06	740.89	1253.52	687.03	3.3871	3.5992
4607107934	1284.28	724.27	1253.61	689.01	3.3555	3.6128
4607116267	1283.89	735.28	1257.86	692.28	3.3894	3.6017
4607124600	1280.45	739.17	1258.57	685.73	3.3807	3.5997
4607132934	1288.27	732.32	1260.83	695.31	3.3667	3.6235
4607141267	1286.66	729.31	1265.21	699.96	3.3735	3.6362
4607149601	1286.71	740.30	1266.82	688.61	3.3870	3.6208
4607157934	1289.18	738.42	1259.26	684.04	3.3956	3.6058
4607166271	1286.27	725.28	1263.44	695.80	3.3720	3.6190
4607174605	1289.08	727.84	1262.10	702.38	3.4016	3.6353
4607182936	1281.76	713.75	1260.41	703.45	3.3887	3.6563
4607191270	1286.10	718.75	1259.81	696.21	3.4041	3.6301
4607199604	1282.61	725.62	1253.93	698.99	3.4069	3.6327
4607207936	1282.89	718.72	1256.07	705.00	3.4001	3.6346
4607216270	1279.10	724.80	1260.98	700.03	3.4180	3.6329
4607224603	1277.67	725.54	1259.79	705.56	3.3997	3.6458
4607232936	1278.30	721.15	1262.36	696.22	3.3941	3.6293
4607241270	1289.64	732.56	1263.91	697.38	3.4244	3.6375
4607249603	1289.94	731.59	1265.68	692.01	3.4025	3.6299
4607257937	1291.62	745.15	1259.86	709.42	3.4489	3.6622
4607266269	1286.87	725.76	1254.73	698.97	3.4116	3.6381
4607274602	1282.67	733.41	1259.84	696.17	3.4233	3.6476
4607282936	1285.25	728.74	1258.02	693.41	3.4278	3.6312
4607291269	1286.71	724.91	1257.22	711.32	3.4323	3.6544
4607299613	1287.00	715.14	1257.36	696.78	3.4174	3.6461
4607307945	1289.34	718.01	1257.60	693.81	3.4328	3.6395
4607316279	1286.40	720.34	1257.58	699.83	3.4430	3.6379
4607324613	1289.52	721.59	1257.80	695.08	3.4549	3.6451
4607332945	1294.08	727.71	1261.26	695.95	3.4508	3.6493
4607341277	1295.33	723.33	1255.89	701.67	3.4569	3.6619
4607349610	1295.87	727.10	1265.16	690.85	3.4754	3.6503
4607357943	1291.21	729.35	1258.08	697.48	3.4626	3.6479
4607366277	1292.60	726.72	1269.29	707.44	3.4689	3.6707
4607374610	1282.57	728.48	1267.84	705.25	3.4717	3.6651
4607382943	1280.14	727.65	1266.75	695.31	3.4762	3.6675
4607391277	1285.08	719.42	1266.45	698.85	3.4940	3.6841
4607399610	1283.86	727.63	1264.06	700.55	3.5000	3.6716
4607407943	1283.15	724.61	1269.76	692.62	3.4964	3.6652
4607416277	1276.87	723.69	1264.50	696.87	3.4986	3.6662
4607424608	1285.34	724.94	1268.12	696.24	3.4922	3.6660
4607432941	1287.62	722.46	1267.03	690.18	3.4894	3.6539
4607441275	1281.35	717.98	1264.51	689.59	3.4920	3.6754
4607449608	1282.96	712.25	1260.95	684.10	3.4797	3.6737
4607457941	1278.17	719.90	1264.05	693.41	3.5018	3.6787
4607466275	1281.72	725.27	1264.84	692.62	3.5095	3.6738
4607474608	1286.08	719.96	1260.87	691.26	3.4940	3.6830
4607482941	1288.95	724.09	1265.73	690.95	3.5189	3.6879
4607491275	1281.14	722.34	1264.83	690.65	3.5099	3.6922
4607499607	1282.74	713.40	1271.48	692.03	3.5079	3.6850
4607507940	1284.78	706.63	1267.90	695.96	3.4889	3.7047
4607516274	1285.61	713.41	1270.46	688.69	3.5095	3.7049
4607524607	1282.66	713.48	1264.11	688.12	3.5183	3.6919
4607532940	1287.43	717.79	1268.23	692.67	3.5282	3.7054
4607541274	1286.42	725.06	1261.23	695.40	3.5524	3.7141
4607549607	1277.26	708.86	1268.74	688.26	3.5085	3.7139
4607557946	1289.72	724.75	1266.48	689.88	3.5580	3.7191
4607566280	1279.06	718.44	1273.40	697.75	3.5536	3.7454
4607574613	1283.28	720.98	1266.31	696.84	3.5663	3.7259
4607582945	1286.35	720.64	1270.51	692.84	3.5622	3.7480
4607591279	1290.80	725.07	1271.76	692.76	3.5505	3.7391
4607599612	1288.63	724.44	1267.95	702.15	3.5651	3.7683
4607607945	1295.02	727.97	1273.40	691.99	3.5781	3.7397
4607616278	1287.66	718.46	1263.56	702.88	3.5814	3.7554
4607624612	1285.68	717.31	1262.86	705.95	3.5766	3.7633
4607632945	1287.09	716.55	1266.50	699.40	3.5720	3.7734
4607641278	1287.20	710.67	1262.72	708.58	3.5788	3.7730
4607649612	1287.81	715.94	1260.09	704.05	3.5978	3.7768
4607657944	1278.85	718.43	1257.84	712.39	3.5977	3.7959
4607666277	1283.42	720.63	1258.70	701.34	3.6141	3.7841
4607674611	1288.29	720.83	1255.86	699.55	3.6333	3.8026
4607682944	1287.48	725.74	1265.96	692.41	3.6218	3.8096
4607691281	1283.56	714.45	1256.77	699.45	3.6064	3.8186
4607699615	1276.45	714.98	1259.71	689.20	3.6232	3.7984
4607707948	1277.01	706.68	1260.19	700.56	3.6126	3.8250
4607716281	1276.66	724.36	1259.45	696.91	3.6507	3.8283
4607724615	1285.75	725.07	1255.16	696.62	3.6482	3.8170
4607732948	1287.36	722.20	1265.88	701.10	3.6478	3.8431
4607741280	1290.20	707.95	1269.84	705.31	3.6242	3.8532
4607749614	1288.34	699.31	1263.28	702.09	3.6223	3.8517
4607757947	1282.82	703.34	1263.51	692.09	3.6337	3.8479
4607766280	1285.52	722.67	1269.06	696.53	3.6532	3.8607
4607774614	1291.64	710.51	1264.80	703.75	3.6272	3.8583
4607782947	1294.33	716.90	1267.16	700.87	3.6295	3.8620
4607791280	1296.76	718.42	1263.69	695.46	3.6474	3.8425
4607799614	1287.71	720.13	1263.09	694.45	3.6273	3.8462
4607807947	1302.29	674.43	1281.42	663.50	3.6118	3.8667
4607816284	1318.81	630.22	1299.72	633.20	3.6097	3.8548
4607824618	1313.04	613.43	1294.55	626.59	3.5611	3.8540
4607832951	1317.76	592.70	1294.96	614.44	3.5339	3.8257
4607841284	1323.51	624.83	1294.13	617.61	3.5879	3.8275
4607849618	1320.19	593.40	1285.96	615.41	3.5186	3.8289
4607857951	1313.74	600.92	1291.30	617.41	3.5146	3.8391
4607866284	1315.18	602.46	1291.32	600.79	3.5125	3.7792
4607874618	1314.85	613.68	1285.61	609.22	3.5266	3.7947
4607882951	1310.61	593.14	1288.13	637.83	3.4825	3.8463
4607891284	1321.13	606.46	1289.96	631.09	3.4952	3.8453
4607899617	1323.32	597.39	1289.11	628.11	3.4824	3.8069
4607907950	1322.66	578.04	1288.57	629.65	3.4490	3.8369
4607916283	1315.09	594.99	1292.45	619.68	3.4638	3.7831
4607924617	1313.77	598.37	1289.23	607.95	3.4657	3.7576
4607932950	1312.59	600.17	1289.13	617.05	3.4566	3.7952
4607941283	1317.46	621.99	1290.26	598.60	3.5036	3.7585
4607949622	1307.86	594.96	1283.06	636.71	3.4410	3.8271
4607957955	1316.61	592.65	1289.83	631.04	3.4241	3.8083
4607966288	1316.10	594.23	1283.00	628.77	3.4289	3.8155
4607974621	1318.46	593.34	1283.64	625.78	3.4357	3.7740
4607982954	1328.54	550.77	1300.96	564.49	3.4249	3.7778
4607991287	1344.03	509.20	1323.47	481.21	3.4563	3.7369
4607999621	1331.01	494.46	1306.61	473.72	3.4764	3.7296
4608007954	1342.08	488.26	1302.23	462.98	3.4613	3.7109
4608016287	1334.78	496.00	1302.50	470.30	3.4660	3.7163
4608024620	1335.86	501.13	1301.65	466.06	3.4525	3.7000
4608032954	1337.35	492.26	1304.52	463.44	3.4464	3.7062
4608041287	1338.46	502.76	1311.69	454.29	3.4658	3.6930
4608049620	1336.37	489.52	1304.82	460.10	3.4464	3.7047
4608057953	1333.81	494.59	1307.97	464.64	3.4293	3.7168
4608066286	1338.41	480.98	1312.84	463.66	3.4291	3.7074
4608074620	1335.66	483.32	1313.09	450.93	3.4260	3.6812
4608082957	1342.00	484.82	1321.28	450.64	3.4199	3.6771
4608091290	1341.74	478.90	1316.49	457.96	3.4203	3.6763
4608099624	1340.56	488.49	1320.80	448.36	3.4209	3.6572
4608107957	1336.63	494.14	1315.25	464.22	3.4232	3.6626
4608116290	1341.58	492.75	1308.43	475.17	3.4027	3.6648
4608124624	1342.77	488.41	1297.11	464.05	3.4030	3.6607
4608132956	1340.86	486.17	1299.68	464.40	3.3967	3.6682
4608141289	1342.23	490.03	1304.45	466.09	3.3931	3.6757
4608149623	1346.62	485.97	1308.17	456.55	3.3854	3.6447
4608157956	1336.84	487.58	1307.66	455.34	3.3940	3.6416
4608166289	1348.62	483.84	1303.03	456.59	3.3818	3.6340
4608174622	1347.86	486.64	1304.39	460.34	3.3697	3.6365
4608182956	1347.92	482.52	1300.74	459.83	3.3780	3.6388
4608191289	1350.82	489.67	1305.73	453.98	3.3797	3.6244
4608199622	1344.45	492.76	1310.44	446.43	3.3962	3.6291
4608207956	1344.64	475.61	1313.64	441.51	3.3676	3.6387
4608216293	1347.39	478.44	1316.32	464.62	3.3702	3.6600
4608224626	1349.22	490.67	1325.52	450.30	3.3705	3.6224
4608232960	1349.78	496.85	1317.92	447.67	3.3822	3.6127
4608241293	1344.84	486.53	1309.39	447.94	3.3580	3.6116
4608249626	1337.90	476.91	1311.90	440.59	3.3482	3.6109
4608257960	1340.89	477.59	1306.90	447.13	3.3503	3.6038
4608266293	1343.61	484.36	1308.08	452.40	3.3496	3.6200
4608274626	1350.26	490.67	1305.44	462.94	3.3539	3.6201
4608282960	1355.60	479.17	1309.97	462.98	3.3470	3.6264
4608291292	1349.10	477.56	1308.97	454.16	3.3535	3.6123
4608299625	1418.94	467.33	1382.98	467.76	3.3551	3.6289
4608307959	1445.65	478.17	1399.41	456.67	3.3466	3.6062
4608316292	1428.02	477.02	1394.31	443.68	3.3560	3.5827
4608324625	1426.88	481.18	1398.06	453.92	3.3517	3.5982
4608332959	1421.71	478.86	1399.50	451.21	3.3446	3.6003
4608341295	1431.32	470.31	1407.33	455.99	3.3479	3.6078
4608349628	1430.90	471.33	1406.53	447.45	3.3307	3.5896
4608357962	1427.70	472.43	1405.08	445.92	3.3497	3.6053
4608366295	1427.29	477.00	1407.64	449.32	3.3528	3.6076
4608374628	1428.33	485.04	1410.27	446.52	3.3605	3.5884
4608382962	1430.82	476.43	1408.55	453.23	3.3643	3.6105
4608391294	1424.87	478.78	1407.90	454.26	3.3500	3.5999
4608399627	1423.75	473.54	1403.47	450.66	3.3473	3.5974
4608407961	1417.99	474.85	1397.21	452.76	3.3508	3.6142
4608416294	1418.58	477.64	1397.84	454.84	3.3540	3.6179
4608424627	1424.94	473.00	1395.90	447.19	3.3471	3.6085
4608432961	1425.23	470.82	1398.46	440.53	3.3515	3.6157
4608441294	1426.91	462.93	1393.60	447.65	3.3310	3.6079
4608449627	1424.37	467.08	1397.43	448.75	3.3367	3.6251
4608457961	1433.84	463.32	1398.95	451.79	3.3386	3.5970
4608466293	1431.62	473.72	1397.10	457.91	3.3360	3.6072
4608474631	1433.59	468.94	1403.62	451.62	3.3382	3.6072
4608482965	1428.94	475.16	1398.58	457.32	3.3407	3.6172
4608491298	1458.47	472.01	1440.54	452.64	3.3343	3.5984
4608499631	1542.57	490.25	1500.30	479.15	3.3256	3.5819
4608507965	1576.43	490.65	1537.45	477.36	3.3380	3.5580
4608516298	1555.32	481.01	1522.30	479.47	3.3448	3.5689
4608524631	1552.25	480.93	1526.03	469.15	3.3391	3.5662
4608532965	1553.27	481.21	1527.77	472.06	3.3411	3.5705
4608541298	1554.86	500.67	1521.21	473.58	3.3518	3.5838
4608549630	1555.38	483.07	1515.45	479.40	3.3150	3.5864
4608557964	1552.65	485.96	1517.62	473.65	3.3284	3.5831
4608566297	1550.91	482.41	1510.48	478.30	3.3176	3.5824
4608574630	1550.16	486.14	1504.76	474.04	3.3386	3.5801
4608582964	1551.23	482.97	1507.92	474.49	3.3260	3.5817
4608591297	1554.96	482.82	1508.89	477.43	3.3342	3.5685
4608599630	1556.84	482.97	1503.82	477.26	3.3274	3.5505
4608607969	1557.94	488.80	1515.76	471.15	3.3291	3.5623
4608616302	1552.91	485.58	1514.83	468.17	3.3231	3.5692
4608624635	1551.30	492.95	1513.37	467.39	3.3350	3.5694
4608632969	1555.82	490.41	1514.77	471.82	3.3100	3.5605
4608641302	1555.65	489.67	1517.62	467.56	3.3190	3.5662
4608649635	1555.56	494.71	1512.37	465.35	3.3397	3.5716
4608657968	1558.89	487.41	1517.52	469.14	3.3429	3.5820
4608666302	1554.02	485.87	1523.01	468.82	3.3359	3.5880
4608674635	1553.45	485.59	1524.64	471.54	3.3243	3.5868
4608682967	1552.13	481.71	1522.15	471.02	3.3357	3.5927
4608691301	1548.95	481.98	1525.70	475.64	3.3425	3.5789
4608699634	1554.16	483.93	1533.54	474.25	3.3216	3.5737
4608707967	1546.55	488.65	1533.47	476.26	3.3416	3.5733
4608716301	1543.89	493.01	1535.29	467.93	3.3375	3.5795
4608724634	1541.33	491.77	1537.60	473.07	3.3488	3.5951
4608732968	1551.40	483.68	1545.81	468.93	3.3490	3.5772
4608741306	1550.17	485.49	1545.24	484.84	3.3440	3.6190
4608749639	1544.23	487.76	1550.37	472.35	3.3458	3.6024
4608757972	1547.10	484.66	1549.44	473.77	3.3343	3.6183
4608766305	1551.57	495.60	1552.47	494.59	3.3317	3.6287
4608774638	1604.63	550.92	1587.92	526.68	3.3012	3.5685
4608782971	1602.13	624.53	1575.11	631.10	3.3085	3.6029
4608791305	1599.21	663.75	1563.27	690.86	3.2923	3.6127
4608799638	1589.47	669.95	1567.44	677.01	3.3320	3.6242
4608807971	1589.74	629.41	1567.35	667.73	3.2902	3.6447
4608816305	1599.88	665.68	1574.06	649.31	3.3412	3.5937
4608824638	1589.03	686.92	1566.25	660.25	3.3669	3.6198
4608832971	1592.23	663.10	1563.76	649.04	3.3335	3.5971
4608841304	1590.10	652.58	1554.68	669.47	3.3193	3.6507
4608849637	1581.98	639.00	1564.13	669.31	3.3048	3.6410
4608857970	1589.82	661.60	1560.69	687.14	3.3245	3.6761
4608866306	1586.49	658.71	1568.79	669.49	3.3272	3.6492
4608874639	1580.39	672.37	1571.30	680.22	3.3461	3.6719
4608882972	1580.04	680.81	1575.39	670.84	3.3577	3.6591
4608891306	1577.24	677.84	1572.38	682.18	3.3699	3.6897
4608899639	1585.76	676.20	1575.25	675.58	3.3523	3.6814
4608907972	1597.31	638.36	1576.53	687.68	3.3369	3.6993
4608916306	1590.11	633.26	1572.29	678.59	3.3218	3.6793
4608924638	1592.04	672.97	1573.08	672.24	3.3820	3.6785
4608932971	1583.90	668.66	1569.03	687.32	3.3784	3.7195
4608941305	1582.05	670.22	1571.39	678.59	3.3991	3.7028
4608949638	1580.69	662.66	1571.40	672.76	3.3822	3.7197
4608957971	1586.37	675.13	1573.35	687.23	3.3786	3.7395
4608966305	1589.66	662.06	1568.75	670.85	3.3820	3.7104
4608974638	1591.47	652.78	1568.20	675.55	3.3674	3.7106
4608982971	1600.41	661.82	1576.47	648.26	3.3665	3.6841
4608991305	1592.48	671.75	1571.70	676.52	3.3895	3.7328
4608999645	1593.64	679.02	1566.27	680.98	3.4146	3.7482
4609007978	1589.38	682.23	1566.63	681.21	3.4358	3.7570
4609016312	1576.52	677.40	1561.69	689.42	3.4289	3.7704
4609024645	1579.72	681.28	1561.41	688.12	3.4455	3.7764
4609032978	1587.44	681.29	1561.00	682.75	3.4722	3.7666
4609041312	1585.07	673.03	1563.31	681.26	3.4396	3.7465
4609049645	1583.79	681.76	1559.59	685.46	3.4500	3.7722
4609057978	1591.99	680.93	1559.65	687.82	3.4668	3.7893
4609066312	1586.01	691.84	1566.12	688.15	3.4716	3.7834
4609074645	1511.60	740.39	1499.17	710.59	3.4979	3.7776
4609082977	1504.98	726.01	1475.73	737.87	3.4635	3.7961
4609091311	1508.16	722.99	1485.49	729.99	3.4668	3.8074
4609099644	1516.01	718.45	1492.02	727.41	3.4787	3.8159
4609107977	1522.86	712.22	1493.04	719.84	3.4850	3.8163
4609116311	1508.79	727.53	1483.45	717.51	3.5095	3.8111
4609124644	1511.94	739.62	1487.73	723.69	3.5245	3.8344
4609132981	1516.08	727.74	1494.03	722.52	3.5143	3.8306
4609141315	1510.93	731.89	1489.58	720.31	3.5059	3.8363
4609149648	1503.99	729.16	1491.12	721.14	3.5104	3.8351
4609157980	1506.18	725.20	1489.48	718.12	3.4941	3.8452
4609166314	1505.98	729.31	1499.38	724.64	3.5216	3.8469
4609174647	1500.71	715.63	1494.23	713.65	3.4985	3.8443
4609182980	1508.60	721.41	1488.16	717.24	3.5257	3.8531
4609191314	1504.07	728.08	1488.90	713.36	3.5139	3.8451
4609199647	1501.83	713.99	1480.94	718.05	3.5300	3.8550
4609207980	1500.09	724.24	1475.44	715.16	3.5298	3.8444
4609216314	1503.71	728.40	1481.05	727.39	3.5271	3.8770
4609224647	1510.44	735.07	1487.78	718.51	3.5263	3.8610
4609232980	1504.29	728.58	1486.19	722.45	3.5390	3.8696
4609241312	1504.24	728.02	1490.28	717.54	3.5438	3.8580
4609249646	1501.94	741.48	1495.73	727.94	3.5594	3.8645
4609257979	1498.03	718.24	1492.78	727.05	3.5243	3.8714
4609266317	1498.15	720.76	1489.03	724.87	3.5338	3.8743
4609274651	1499.69	722.77	1489.87	720.29	3.5338	3.8680
4609282984	1508.21	734.13	1493.05	725.41	3.5699	3.8945
4609291318	1505.70	718.51	1492.38	726.86	3.5275	3.8685
4609299651	1508.96	702.33	1473.42	723.13	3.4981	3.8681
4609307984	1502.90	721.45	1475.31	727.32	3.5257	3.8704
4609316316	1496.90	722.99	1483.21	713.09	3.5217	3.8473
4609324650	1493.08	722.76	1484.60	713.39	3.5225	3.8666
4609332983	1499.85	719.20	1476.88	716.65	3.5025	3.8558
4609341315	1414.48	731.65	1394.99	710.98	3.5368	3.8637
4609349649	1348.52	726.28	1314.31	719.88	3.5412	3.9079
4609357982	1339.97	708.17	1302.39	707.36	3.4841	3.9073
4609366315	1354.94	716.67	1317.99	703.22	3.5041	3.8878
4609374649	1352.91	712.63	1322.68	701.98	3.4785	3.8761
4609382982	1351.74	704.27	1311.33	707.52	3.4945	3.8894
4609391318	1351.84	717.51	1322.69	682.49	3.4979	3.8518
4609399652	1352.72	714.14	1321.10	686.67	3.4861	3.8568
4609407984	1355.03	707.96	1309.28	699.43	3.4797	3.8795
4609416317	1353.33	702.23	1320.38	691.08	3.4755	3.8636
4609424651	1358.76	704.67	1317.54	690.38	3.4808	3.8597
4609432984	1357.35	716.20	1312.03	691.05	3.4750	3.8601
4609441317	1351.37	695.19	1317.38	692.97	3.4561	3.8759
4609449651	1357.48	708.27	1315.49	695.29	3.4828	3.8705
4609457984	1357.57	708.28	1311.14	688.71	3.4631	3.8551
4609466317	1357.26	706.81	1309.62	677.50	3.4669	3.8423
4609474651	1356.00	710.49	1317.62	684.34	3.4633	3.8224
4609482983	1354.76	710.21	1313.77	694.50	3.4629	3.8567
4609491316	1357.53	716.82	1312.35	693.18	3.4733	3.8494
4609499650	1352.87	709.88	1318.10	699.69	3.4551	3.8578
4609507983	1351.52	699.26	1317.60	684.67	3.4417	3.8218
4609516316	1356.58	719.32	1318.52	686.13	3.4809	3.8360
4609524656	1351.58	705.64	1316.68	697.41	3.4433	3.8481
4609532989	1354.67	708.06	1325.27	685.03	3.4564	3.8348
4609541322	1355.25	691.27	1321.34	690.24	3.4302	3.8466
4609549656	1349.14	706.86	1322.31	701.48	3.4638	3.8589
4609557988	1347.89	707.26	1315.15	696.71	3.4473	3.8450
4609566321	1298.39	713.39	1276.50	703.99	3.4476	3.8556
4609574655	1209.44	722.66	1175.58	704.98	3.4225	3.8690
4609582988	1195.70	719.17	1145.53	701.55	3.4344	3.8743
4609591321	1214.66	712.39	1156.71	706.62	3.4053	3.8880
4609599655	1214.50	706.89	1170.73	698.13	3.4140	3.8760
4609607988	1212.14	714.74	1161.35	695.31	3.3975	3.8532
4609616321	1208.81	720.74	1163.09	696.27	3.4381	3.8456
4609624655	1208.03	700.16	1161.36	698.90	3.4059	3.8685
4609632988	1211.43	720.50	1161.92	699.78	3.4429	3.8707
4609641320	1217.14	712.49	1166.02	709.02	3.4203	3.8758
4609649654	1207.74	705.73	1167.37	700.50	3.4052	3.8619
4609657992	1214.54	713.11	1160.53	703.91	3.4051	3.8566
4609666325	1214.99	703.47	1162.67	700.17	3.4035	3.8589
4609674659	1220.34	712.77	1164.94	694.24	3.4180	3.8559
4609682992	1212.93	718.29	1162.94	693.08	3.4151	3.8538
4609691325	1206.83	704.41	1161.35	701.93	3.3903	3.8649
4609699659	1210.85	713.20	1159.04	689.68	3.4275	3.8535
4609707992	1218.49	703.11	1161.21	693.96	3.4008	3.8544
4609716324	1209.85	722.35	1165.09	691.15	3.4368	3.8575
4609724658	1220.28	712.80	1165.12	699.91	3.4256	3.8604
4609732991	1214.96	703.74	1160.76	692.22	3.4128	3.8619
4609741324	1211.74	715.54	1156.94	694.21	3.4481	3.8640
4609749658	1218.15	709.28	1158.63	696.71	3.4330	3.8612
4609757991	1209.87	677.29	1158.97	693.51	3.3706	3.8656
4609766324	1211.20	685.90	1161.54	690.99	3.3930	3.8376
4609774657	1213.46	703.06	1155.34	688.46	3.4244	3.8343
4609782996	1213.64	693.55	1158.11	690.42	3.4053	3.8446
4609791330	1204.33	700.63	1164.19	689.25	3.3912	3.8414
4609799661	1208.07	704.52	1157.48	697.33	3.4261	3.8647
4609807995	1210.85	711.49	1163.41	690.23	3.4249	3.8417
4609816328	1200.67	707.39	1158.91	689.66	3.4194	3.8366
4609824661	1205.89	675.38	1158.81	683.82	3.3769	3.8421
4609832995	1202.02	700.19	1162.52	688.75	3.4018	3.8441
4609841328	1209.48	699.22	1158.41	689.14	3.4115	3.8444
4609849661	1207.85	699.29	1160.20	693.83	3.4108	3.8521
4609857995	1199.63	672.85	1157.69	682.37	3.3706	3.8350
4609866328	1203.31	694.44	1161.81	687.47	3.4163	3.8420
4609874661	1154.46	708.34	1119.26	692.23	3.3965	3.8457
4609882994	1088.78	676.52	1045.51	693.28	3.3539	3.8642
4609891327	1099.21	687.74	1047.73	684.33	3.3660	3.8623
4609899660	1110.25	696.13	1057.28	686.41	3.3857	3.8554
4609907994	1105.99	675.22	1059.36	682.49	3.3552	3.8647
4609916332	1110.88	691.73	1055.66	683.63	3.3826	3.8516
4609924664	1101.55	688.71	1049.61	678.69	3.3457	3.8402
4609932998	1098.56	676.31	1045.86	684.79	3.3400	3.8639
4609941331	1102.14	684.80	1058.47	674.29	3.3537	3.8163
4609949663	1099.08	695.27	1050.83	675.67	3.3780	3.8369
4609957997	1098.39	682.23	1049.53	680.43	3.3626	3.8591
4609966330	1097.95	664.55	1062.21	671.38	3.3283	3.8476
4609974664	1098.53	679.29	1050.42	677.18	3.3603	3.8389
4609982997	1098.32	671.41	1055.42	671.26	3.3571	3.8317
4609991330	1100.60	650.45	1052.88	670.25	3.3368	3.8351
4609999664	1093.17	668.84	1052.90	674.18	3.3577	3.8510
4610007997	1092.18	671.44	1050.14	669.98	3.3585	3.8557
4610016330	1093.96	666.18	1056.16	663.80	3.3608	3.8363
4610024663	1066.35	613.18	1032.79	609.16	3.3598	3.8230
4610032996	1022.23	558.29	983.83	573.38	3.3959	3.9138
4610041329	1033.97	532.85	983.38	515.73	3.3965	3.8733
4610049668	1047.99	520.89	996.51	487.97	3.3941	3.8426
4610058002	1050.75	519.62	987.96	478.70	3.3773	3.8327
4610066335	1044.19	521.34	989.09	470.39	3.3934	3.8168
4610074668	1043.66	518.28	987.78	458.70	3.4027	3.8197
4610083002	1048.56	513.90	977.49	454.32	3.3889	3.8150
4610091335	1037.22	511.50	977.53	466.35	3.4002	3.8416
4610099669	1044.82	517.59	980.16	478.61	3.4034	3.8559
4610108001	1039.20	505.37	976.41	456.51	3.3843	3.7962
4610116334	1042.91	501.21	974.83	460.08	3.3819	3.8038
4610124667	1040.17	509.97	972.59	463.27	3.3911	3.8089
4610133001	1034.77	514.65	974.67	474.29	3.3982	3.8392
4610141334	1041.97	510.64	969.34	473.73	3.3936	3.8197
4610149668	1037.96	509.62	966.41	458.82	3.3867	3.8008
4610158001	1039.98	508.25	972.54	459.05	3.3694	3.7800
4610166334	1044.68	509.00	970.55	454.53	3.3630	3.7944
4610174667	1041.51	512.85	966.17	450.65	3.4003	3.7889
4610183004	1037.30	500.95	972.10	453.52	3.3730	3.7947
4610191337	1036.22	509.12	972.87	447.99	3.3696	3.7863
4610199670	1041.15	513.23	969.73	466.62	3.3791	3.8174
4610208004	1035.51	507.10	968.22	454.90	3.3639	3.7927
4610216337	1035.17	506.39	973.81	445.49	3.3687	3.7865
4610224670	1040.81	504.69	973.65	455.38	3.3470	3.7981
4610233004	1032.64	501.02	973.27	448.07	3.3483	3.7758
4610241337	1029.06	500.71	979.09	458.04	3.3527	3.7950
4610249670	1028.42	504.72	967.44	456.52	3.3533	3.7996
4610258004	1032.30	505.55	970.88	452.41	3.3407	3.7952
4610266336	1089.89	494.40	1022.39	458.33	3.3375	3.7717
4610274670	1200.90	494.81	1151.18	455.44	3.3578	3.7632
4610283003	1258.44	487.44	1198.11	453.75	3.3374	3.7579
4610291336	1233.97	495.07	1175.75	449.56	3.3745	3.7391
4610299670	1244.69	488.80	1171.79	449.64	3.3403	3.7257
4610308006	1241.45	489.66	1180.96	453.25	3.3410	3.7423
4610316339	1245.06	481.16	1188.01	447.77	3.3342	3.7159
4610324673	1238.45	485.88	1184.61	449.01	3.3265	3.7401
4610333006	1242.95	488.67	1186.30	443.25	3.3203	3.6991
4610341338	1248.11	492.68	1185.82	445.72	3.3279	3.7195
4610349670	1246.92	491.40	1189.56	442.43	3.3259	3.7192
4610358004	1241.31	493.94	1193.22	447.46	3.3339	3.7236
4610366337	1248.11	493.99	1194.33	445.19	3.3251	3.7241
4610374671	1244.33	484.73	1197.52	451.69	3.3281	3.7332
4610383004	1246.96	491.90	1199.25	460.54	3.3206	3.7147
4610391337	1246.33	486.04	1195.45	455.72	3.3151	3.7287
4610399671	1245.97	491.38	1185.68	455.75	3.3193	3.7306
4610408004	1243.94	485.71	1191.44	446.58	3.3168	3.7174
4610416337	1249.74	488.36	1196.21	454.50	3.3200	3.7274
4610424670	1250.24	494.87	1199.70	443.41	3.3280	3.7036
4610433002	1251.11	488.54	1200.81	450.45	3.3057	3.7115
4610441344	1251.83	489.22	1197.52	444.91	3.3073	3.7090
4610449678	1249.28	489.87	1202.42	440.89	3.3084	3.7106
4610458011	1249.84	488.22	1197.72	440.91	3.3142	3.7170
4610466344	1253.96	485.88	1205.76	446.30	3.3157	3.7169
4610474677	1254.53	487.52	1205.05	443.75	3.3262	3.7178
