t	gaze_point_LX	gaze_point_LY	gaze_point_RX	gaze_point_RY	pupil_diameter_L	pupil_diameter_R
5211105324	1238.41	703.46	1210.10	660.76	2.9128	3.1894
5211113658	1258.54	700.73	1216.23	649.03	2.9102	3.1897
5211121991	1246.03	702.77	1210.72	638.62	2.9113	3.1685
5211130324	1244.26	697.27	1214.92	628.21	2.9239	3.1558
5211138658	1248.08	693.08	1213.91	647.69	2.9149	3.1872
5211146991	1242.68	691.24	1216.40	627.92	2.9461	3.1685
5211155324	1252.54	688.81	1217.70	631.80	2.9289	3.1926
5211163662	1251.67	687.43	1220.10	630.07	2.9370	3.1898
5211171995	1247.89	693.81	1218.83	640.57	2.9394	3.2132
5211180327	1253.04	685.93	1221.64	620.48	2.9592	3.2038
5211188661	1253.03	685.31	1221.99	624.91	2.9548	3.2046
5211196994	1252.95	690.74	1222.29	624.02	2.9561	3.2095
5211205327	1253.13	691.58	1227.40	626.45	2.9653	3.2064
5211213661	1245.31	692.73	1223.96	644.77	2.9771	3.2537
5211221994	1253.17	691.86	1228.75	627.85	2.9870	3.2253
5211230327	1248.03	687.28	1221.71	628.80	2.9779	3.2198
5211238661	1242.08	686.28	1225.85	668.85	2.9795	3.2901
5211246994	1242.63	680.68	1233.33	640.75	2.9766	3.2596
5211255326	1244.73	687.69	1232.15	668.84	2.9946	3.3078
5211263660	1251.82	685.61	1230.71	679.05	2.9880	3.3421
5211271993	1242.91	675.76	1223.95	669.87	3.0066	3.3494
5211280326	1252.16	685.67	1229.85	652.71	2.9988	3.3029
5211288659	1253.73	678.72	1236.55	673.02	3.0044	3.3654
5211296992	1251.06	673.52	1237.63	671.53	3.0135	3.3479
5211305325	1253.60	685.60	1245.20	656.34	3.0065	3.3084
5211313659	1262.10	704.38	1247.81	693.93	3.0427	3.3550
5211321992	1294.64	722.75	1286.50	718.71	3.0014	3.3303
5211330325	1315.88	759.51	1296.46	754.29	3.0230	3.3471
5211338658	1341.78	850.12	1319.20	751.99	3.0421	3.3473
5211346991	NaN	NaN	1329.53	1038.74	NaN	3.2937
5211355324	NaN	NaN	NaN	NaN	NaN	NaN
5211363658	NaN	NaN	NaN	NaN	NaN	NaN
5211371991	NaN	NaN	NaN	NaN	NaN	NaN
5211380324	NaN	NaN	NaN	NaN	NaN	NaN
5211388658	NaN	NaN	NaN	NaN	NaN	NaN
5211396991	NaN	NaN	NaN	NaN	NaN	NaN
5211405325	NaN	NaN	NaN	NaN	NaN	NaN
5211413658	NaN	NaN	NaN	NaN	NaN	NaN
5211422002	NaN	NaN	NaN	NaN	NaN	NaN
5211430336	NaN	NaN	NaN	NaN	NaN	NaN
5211438668	NaN	NaN	NaN	NaN	NaN	NaN
5211447002	NaN	NaN	NaN	NaN	NaN	NaN
5211455335	NaN	NaN	NaN	NaN	NaN	NaN
5211463668	NaN	NaN	NaN	NaN	NaN	NaN
5211472002	NaN	NaN	NaN	NaN	NaN	NaN
5211480336	NaN	NaN	NaN	NaN	NaN	NaN
5211488669	NaN	NaN	NaN	NaN	NaN	NaN
5211497002	1325.53	1175.71	NaN	NaN	3.0908	NaN
5211505335	1284.42	936.73	1332.26	1183.86	3.0991	3.5160
5211513667	1287.83	810.64	1365.29	907.99	3.1484	3.3728
5211522001	1283.49	727.35	1371.72	798.15	3.1606	3.4196
5211530334	1296.47	799.52	1367.62	744.01	3.2286	3.4868
5211538667	1305.33	798.78	1355.22	718.98	3.2482	3.5359
5211547001	1304.21	803.12	1362.29	751.00	3.2652	3.5056
5211555339	1304.22	791.16	1348.23	762.72	3.2805	3.5026
5211563672	1296.62	769.03	1343.38	765.36	3.2769	3.5356
5211572005	1290.97	745.49	1335.66	749.22	3.2622	3.5351
5211580339	1297.17	738.02	1338.34	751.72	3.2797	3.5319
5211588671	1309.26	737.56	1334.16	752.03	3.3125	3.5680
5211597004	1315.15	731.63	1331.81	748.03	3.3013	3.5870
5211605338	1311.48	715.44	1324.89	748.78	3.2893	3.5976
5211613671	1312.73	746.77	1320.11	746.19	3.3423	3.6177
5211622004	1313.90	734.16	1323.84	737.32	3.3183	3.6190
5211630337	1314.94	756.09	1328.14	729.16	3.3441	3.6203
5211638671	1313.43	745.23	1323.61	728.54	3.3469	3.6521
5211647004	1312.94	739.41	1326.26	716.07	3.3247	3.6531
5211655337	1311.60	744.29	1318.72	714.28	3.3523	3.6450
5211663670	1313.02	726.91	1327.55	715.28	3.3083	3.6561
5211672003	1307.01	737.68	1322.65	714.47	3.3522	3.6650
5211680340	1302.48	744.27	1318.49	720.20	3.3593	3.6788
5211688674	1300.35	721.67	1319.56	720.23	3.3214	3.6815
5211697007	1302.66	735.08	1312.29	715.49	3.3676	3.6833
5211705340	1302.81	729.21	1316.72	714.90	3.3425	3.6729
5211713674	1303.77	740.60	1313.16	718.93	3.3775	3.6767
5211722007	1301.73	725.95	1314.62	714.70	3.3461	3.7143
5211730340	1301.63	718.04	1314.05	708.74	3.3133	3.7033
5211738674	1300.53	741.85	1315.85	698.06	3.3667	3.6870
5211747007	1299.39	747.17	1308.42	705.13	3.3703	3.6966
5211755339	1300.24	742.28	1302.81	711.84	3.3742	3.7202
5211763673	1301.83	734.87	1300.15	708.38	3.3479	3.7174
5211772006	1300.09	728.45	1301.39	703.51	3.3481	3.7173
5211780339	1305.63	747.89	1307.58	692.44	3.3607	3.7057
5211788673	1308.55	731.93	1299.17	709.20	3.3404	3.7396
5211797006	1305.60	744.42	1301.30	706.11	3.3593	3.7294
5211805339	1309.13	723.52	1300.14	700.59	3.3169	3.7236
5211813680	1312.89	732.95	1300.86	696.00	3.3294	3.7207
5211822013	1313.21	740.58	1298.37	695.01	3.3445	3.7365
5211830346	1311.09	733.32	1297.88	696.68	3.3297	3.7296
5211838678	1311.98	727.63	1297.81	690.76	3.3138	3.7168
5211847012	1314.74	732.21	1299.65	694.06	3.3321	3.7194
5211855345	1310.25	734.77	1297.54	690.32	3.3190	3.7224
5211863678	1308.78	736.16	1295.00	692.39	3.3280	3.7152
5211872012	1309.25	733.89	1300.68	684.73	3.3332	3.7128
5211880345	1314.14	749.76	1289.41	690.65	3.3562	3.7280
5211888678	1314.49	743.45	1294.89	684.45	3.3329	3.7136
5211897011	1311.28	747.28	1296.54	687.73	3.3553	3.7058
5211905345	1308.10	727.63	1296.19	694.87	3.2969	3.7285
5211913678	1316.31	739.05	1297.00	689.79	3.3457	3.7138
5211922011	1310.70	727.71	1298.21	700.98	3.2985	3.7339
5211930344	1313.54	735.43	1297.64	689.79	3.3402	3.7186
5211938677	1320.57	717.30	1292.04	699.28	3.3015	3.7249
5211947015	1309.99	735.28	1296.12	697.71	3.3462	3.7359
5211955348	1322.94	740.70	1296.13	689.63	3.3484	3.7166
5211963681	1318.79	715.36	1292.12	693.20	3.2888	3.7217
5211972015	1317.78	735.27	1297.61	683.58	3.3250	3.7272
5211980348	1319.39	725.00	1293.65	685.77	3.3062	3.7112
5211988681	1322.44	709.46	1290.15	682.84	3.2892	3.7099
5211997013	1312.49	681.69	1290.79	681.66	3.2404	3.7135
5212005347	1317.30	716.91	1289.54	671.96	3.2965	3.6859
5212013681	1311.51	685.95	1290.15	681.89	3.2405	3.7122
5212022013	1319.27	738.12	1291.57	680.60	3.3398	3.7075
5212030347	1312.19	707.35	1283.75	677.39	3.2881	3.6835
5212038680	1314.33	732.98	1286.25	679.16	3.3391	3.6907
5212047013	1312.35	711.52	1291.05	681.67	3.3124	3.6986
5212055347	1310.86	731.78	1295.09	679.22	3.3224	3.6832
5212063680	1313.17	725.48	1285.95	678.07	3.3399	3.6663
5212072013	1310.67	689.59	1294.19	675.40	3.2794	3.6721
5212080351	1311.39	682.84	1287.71	668.71	3.2608	3.6847
5212088684	1305.29	683.88	1287.76	674.37	3.2763	3.6720
5212097018	1311.53	697.33	1289.24	677.96	3.3054	3.6951
5212105351	1309.82	697.73	1290.60	673.73	3.2907	3.6721
5212113684	1315.80	716.36	1292.61	669.43	3.3202	3.6787
5212122017	1315.74	707.87	1296.61	680.54	3.3098	3.6853
5212130351	1325.47	725.88	1291.19	678.51	3.3330	3.6565
5212138684	1315.31	726.67	1295.71	678.42	3.3389	3.6857
5212147016	1313.08	705.60	1301.12	693.28	3.3113	3.6989
5212155350	1314.61	703.59	1294.32	679.87	3.3155	3.6828
5212163684	1317.75	708.51	1291.64	673.65	3.3327	3.6670
5212172016	1321.21	676.94	1292.42	675.47	3.2650	3.6552
5212180350	1323.19	708.19	1290.01	664.66	3.3253	3.6514
5212188683	1315.70	703.59	1286.98	671.98	3.3094	3.6792
5212197017	1308.54	714.89	1285.31	668.09	3.3324	3.6671
5212205354	1312.15	702.55	1290.62	666.29	3.3198	3.6506
5212213688	1307.83	710.58	1289.07	674.48	3.3186	3.6642
5212222020	1303.91	708.66	1292.16	668.68	3.3238	3.6518
5212230353	1311.78	701.62	1290.86	665.24	3.2912	3.6368
5212238686	1311.33	726.27	1295.08	665.41	3.3453	3.6476
5212247019	1315.31	728.65	1290.41	669.48	3.3350	3.6679
5212255353	1310.86	679.84	1288.10	663.43	3.2494	3.6542
5212263686	1313.99	706.50	1284.34	678.10	3.3100	3.6901
5212272019	1312.51	696.01	1288.00	672.82	3.3063	3.6660
5212280353	1315.91	697.13	1284.29	670.42	3.3250	3.6567
5212288686	1315.50	689.01	1292.88	660.85	3.3013	3.6345
5212297019	1312.47	700.67	1288.54	670.74	3.3074	3.6428
5212305353	1320.45	707.84	1291.53	672.74	3.3287	3.6420
5212313685	1308.96	688.50	1280.93	685.67	3.3021	3.6992
5212322019	1309.58	681.05	1285.45	669.30	3.2888	3.6505
5212330352	1314.44	680.01	1288.42	669.40	3.2773	3.6591
5212338691	1314.30	701.22	1289.99	649.16	3.3079	3.6161
5212347024	1305.99	680.96	1290.87	668.95	3.2885	3.6545
5212355358	1314.77	685.04	1289.49	665.35	3.3008	3.6503
5212363691	1311.17	675.70	1282.19	669.43	3.2754	3.6551
5212372025	1309.59	694.53	1286.62	669.19	3.2963	3.6617
5212380358	1318.94	684.67	1293.12	679.73	3.2762	3.6754
5212388690	1318.44	696.15	1291.54	656.76	3.3071	3.6394
5212397024	1316.56	685.35	1282.03	677.68	3.2815	3.6891
5212405357	1315.28	686.12	1287.16	660.11	3.2874	3.6540
5212413690	1316.32	704.84	1284.73	663.12	3.3227	3.6681
5212422023	1314.60	687.72	1291.33	672.79	3.2731	3.6761
5212430357	1315.13	707.37	1289.96	669.17	3.3255	3.6741
5212438690	1319.30	698.32	1290.25	658.68	3.3090	3.6461
5212447024	1314.55	668.95	1280.97	672.52	3.2508	3.6751
5212455357	1309.62	702.01	1283.10	673.24	3.3356	3.6756
5212463690	1316.39	688.78	1282.72	665.97	3.3020	3.6840
5212472026	1325.15	709.72	1284.27	666.71	3.3333	3.6846
5212480360	1316.57	676.67	1283.29	668.24	3.2624	3.6778
5212488693	1317.23	716.49	1288.45	674.61	3.3391	3.6741
5212497027	1318.84	681.49	1284.45	663.03	3.2755	3.6552
5212505360	1315.65	700.77	1290.28	671.13	3.3284	3.6971
5212513693	1312.06	692.21	1277.45	670.44	3.3238	3.7009
5212522027	1322.95	703.82	1287.45	663.29	3.3502	3.6954
5212530359	1315.09	681.82	1287.20	668.19	3.3102	3.6959
5212538692	1318.07	692.40	1281.20	662.24	3.3350	3.6926
5212547026	1315.35	679.52	1283.68	651.88	3.2955	3.6901
5212555358	1316.99	664.11	1282.19	651.93	3.2906	3.6866
5212563692	1319.34	668.77	1277.52	650.05	3.2973	3.7025
5212572026	1316.94	676.13	1281.97	659.51	3.2875	3.7189
5212580358	1314.76	666.42	1279.74	634.42	3.2940	3.6644
5212588691	1317.22	666.65	1275.81	650.09	3.2881	3.6960
5212597024	1320.87	715.95	1278.39	658.37	3.3528	3.6983
5212605363	1315.90	673.66	1276.68	657.24	3.3040	3.6988
5212613696	1318.29	680.28	1276.48	658.50	3.3050	3.7277
5212622030	1314.71	687.59	1275.38	668.81	3.3106	3.7398
5212630363	1313.74	694.38	1277.27	652.13	3.3348	3.7153
5212638696	1317.45	663.06	1274.34	657.03	3.2733	3.7218
5212647030	1322.23	667.72	1277.36	660.01	3.2735	3.7340
5212655362	1315.32	674.65	1272.48	647.72	3.2863	3.7023
5212663695	1321.71	703.13	1273.11	649.05	3.3414	3.7079
5212672029	1315.38	668.27	1261.71	658.45	3.2582	3.7308
5212680361	1316.65	667.32	1269.13	654.29	3.2796	3.7119
5212688695	1309.27	700.16	1269.83	648.76	3.3249	3.6954
5212697029	1317.55	662.50	1265.14	643.30	3.2250	3.7007
5212705362	1318.77	675.00	1263.45	660.57	3.2655	3.7141
5212713695	1315.58	670.27	1265.21	636.72	3.2428	3.6980
5212722028	1314.49	661.77	1268.01	642.26	3.2278	3.6807
5212730368	1312.15	673.23	1268.39	657.37	3.2531	3.6989
5212738700	1317.95	669.58	1268.59	642.33	3.2433	3.6729
5212747033	1311.29	667.31	1271.79	646.67	3.2338	3.6842
5212755367	1308.69	663.10	1272.20	653.49	3.2230	3.6667
5212763700	1313.02	661.96	1275.84	658.21	3.2290	3.6717
5212772033	1306.44	657.21	1277.35	669.72	3.2095	3.7083
5212780367	1254.60	710.82	1219.70	668.27	3.2629	3.6687
5212788700	1135.62	734.41	1102.39	687.54	3.2357	3.6959
5212797033	1080.03	739.83	1034.91	715.75	3.1933	3.6893
5212805366	1086.88	732.61	1030.90	709.41	3.1696	3.7002
5212813700	1099.56	722.36	1038.25	706.23	3.1552	3.6791
5212822032	1085.12	721.13	1035.05	711.08	3.1469	3.6981
5212830366	1081.83	752.71	1025.96	702.21	3.1734	3.6742
5212838699	1090.12	741.02	1032.81	708.32	3.1745	3.6755
5212847032	1078.81	736.66	1036.33	697.89	3.1474	3.6496
5212855366	1090.58	725.67	1029.76	696.51	3.1419	3.6481
5212863702	1074.94	724.66	1026.94	693.46	3.1334	3.6356
5212872035	1088.78	719.66	1024.26	691.48	3.1524	3.6419
5212880369	1086.03	703.38	1027.00	694.24	3.1038	3.6322
5212888702	1084.92	713.77	1032.49	696.25	3.1273	3.6278
5212897035	1085.24	714.59	1030.03	697.52	3.1028	3.6308
5212905368	1087.84	722.97	1026.49	694.01	3.1277	3.6254
5212913701	1086.74	712.66	1023.11	692.13	3.1015	3.6137
5212922034	1090.44	719.98	1032.97	698.20	3.0958	3.6237
5212930368	1088.03	716.08	1029.33	704.66	3.0854	3.6413
5212938701	1085.47	710.72	1034.01	702.63	3.1057	3.6236
5212947034	1087.56	724.22	1029.87	687.12	3.1121	3.6020
5212955367	1087.47	716.36	1030.08	696.40	3.1100	3.6167
5212963701	1091.29	729.55	1028.38	691.19	3.1181	3.6056
5212972034	1083.84	720.41	1032.07	706.66	3.1096	3.6353
5212980368	1090.18	725.22	1033.90	692.94	3.1073	3.6037
5212988700	1086.13	718.84	1034.77	696.90	3.0889	3.6204
5212997038	1085.38	721.04	1033.49	685.51	3.1064	3.5880
5213005371	1050.82	719.05	1016.03	693.72	3.1169	3.6096
5213013704	987.61	726.23	933.74	696.62	3.1259	3.6369
5213022038	949.99	732.83	905.51	710.27	3.1198	3.6688
5213030372	969.59	734.23	914.78	671.36	3.1034	3.5879
5213038704	960.01	716.85	915.80	699.66	3.0846	3.6438
5213047038	962.67	720.82	908.83	691.88	3.1021	3.6386
5213055371	961.66	719.66	919.88	698.68	3.1196	3.6307
5213063705	958.46	716.63	911.65	711.99	3.1173	3.6592
5213072037	957.53	718.09	914.11	675.56	3.1077	3.6334
5213080370	972.20	733.82	913.68	694.37	3.1177	3.6393
5213088703	972.42	719.58	914.67	693.43	3.1279	3.6523
5213097037	963.31	727.85	915.56	686.55	3.1238	3.6377
5213105371	962.67	726.42	914.99	677.95	3.1245	3.6210
5213113703	954.02	718.94	913.21	693.17	3.1139	3.6621
5213122041	951.70	717.16	907.52	668.75	3.1249	3.6183
5213130374	953.38	720.28	907.76	676.67	3.1361	3.6517
5213138708	953.65	726.07	904.59	681.72	3.1371	3.6559
5213147041	959.51	716.41	899.10	681.77	3.1334	3.6553
5213155373	957.00	724.75	910.68	685.45	3.1539	3.6611
5213163707	965.96	711.99	916.86	685.48	3.1457	3.6529
5213172040	961.19	723.51	913.80	692.47	3.1543	3.6764
5213180374	955.77	721.84	916.54	682.09	3.1324	3.6725
5213188706	958.62	722.86	912.61	680.71	3.1640	3.6852
5213197040	956.04	710.79	912.65	683.15	3.1618	3.6889
5213205374	963.94	708.33	911.60	674.24	3.1721	3.6786
5213213706	958.76	717.92	911.63	684.45	3.1918	3.7103
5213222040	957.88	719.28	910.08	677.71	3.1770	3.7078
5213230373	956.03	723.88	913.65	689.20	3.1987	3.7298
5213238706	953.31	716.43	917.64	681.91	3.1952	3.7187
5213247039	960.91	719.73	913.04	680.80	3.1927	3.7211
5213255378	961.57	720.20	912.46	692.62	3.1874	3.7437
5213263712	952.66	709.51	917.14	686.14	3.1974	3.7457
5213272045	963.47	722.28	903.17	679.79	3.2357	3.7300
5213280379	960.58	718.84	908.75	678.16	3.2218	3.7528
5213288712	952.44	706.19	910.08	675.12	3.2227	3.7399
5213297045	963.34	706.29	907.21	682.01	3.2189	3.7681
5213305378	951.35	702.17	908.74	688.71	3.2242	3.7790
5213313710	947.54	712.93	906.24	694.16	3.2357	3.8028
5213322044	947.65	712.79	911.22	686.67	3.2130	3.7750
5213330377	951.66	717.62	907.49	673.39	3.2669	3.7772
5213338710	946.39	710.16	908.16	680.08	3.2547	3.7839
5213347044	952.61	695.75	909.11	682.70	3.2371	3.7770
5213355377	948.62	699.72	913.02	675.78	3.2232	3.8033
5213363711	948.80	695.27	908.62	666.62	3.2390	3.7805
5213372044	949.30	702.45	913.04	677.08	3.2626	3.8026
5213380376	956.56	697.85	907.38	682.53	3.2715	3.8338
5213388714	948.39	703.15	912.59	673.62	3.2625	3.8257
5213397047	988.95	654.61	961.96	618.00	3.2944	3.8026
5213405380	1074.79	590.61	1059.38	576.70	3.3485	3.9006
5213413713	1114.52	559.49	1088.32	462.40	3.3588	3.7812
5213422047	1119.98	530.66	1091.94	460.05	3.3784	3.7964
5213430380	1119.12	523.06	1087.64	451.72	3.3696	3.8150
5213438713	1122.52	530.68	1087.78	455.87	3.3802	3.8129
5213447047	1119.16	522.62	1091.44	454.29	3.3789	3.8158
5213455380	1124.39	515.77	1093.85	452.51	3.3710	3.8207
5213463713	1126.12	516.67	1089.30	450.86	3.3717	3.8335
5213472046	1129.61	524.05	1082.13	445.94	3.3954	3.8266
5213480379	1128.09	518.51	1096.22	451.51	3.3879	3.8269
5213488713	1125.37	518.91	1092.49	449.63	3.3891	3.8349
5213497046	1132.09	517.50	1090.27	452.63	3.3900	3.8264
5213505379	1133.21	524.27	1090.55	456.15	3.3879	3.8307
5213513713	1133.28	513.57	1090.14	459.11	3.3809	3.8326
5213522051	1133.78	519.78	1091.28	460.85	3.4016	3.8348
5213530384	1136.81	520.56	1092.28	451.97	3.3997	3.8237
5213538716	1135.26	513.78	1094.37	460.38	3.4080	3.8407
5213547050	1133.86	517.41	1091.06	455.38	3.3969	3.8394
5213555383	1133.20	515.80	1097.59	455.56	3.4031	3.8320
5213563716	1135.55	514.59	1096.43	462.29	3.4140	3.8266
5213572050	1137.64	502.79	1100.42	454.63	3.3923	3.8341
5213580383	1131.64	510.42	1096.56	446.15	3.4047	3.8290
5213588717	1137.49	515.56	1090.12	447.87	3.4019	3.8351
5213597050	1132.57	517.94	1090.24	450.86	3.4104	3.8256
5213605383	1138.48	513.73	1090.28	454.57	3.4121	3.8466
5213613717	1135.13	514.56	1086.32	448.76	3.4053	3.8394
5213622049	1135.27	509.08	1082.93	447.00	3.4064	3.8351
5213630382	1136.26	513.92	1081.46	452.44	3.4190	3.8392
5213638715	1134.83	512.90	1083.52	454.83	3.4035	3.8316
5213647054	1138.83	521.63	1089.01	453.71	3.4144	3.8412
5213655388	1137.08	519.89	1088.38	451.87	3.4040	3.8364
5213663722	1136.09	525.71	1082.92	454.21	3.4204	3.8303
5213672055	1139.14	519.96	1085.34	450.85	3.4096	3.8251
5213680388	1143.16	512.45	1083.56	439.65	3.3916	3.8246
5213688721	1139.28	519.40	1083.67	447.55	3.4152	3.8410
5213697055	1140.45	514.76	1084.88	452.24	3.3970	3.8410
5213705387	1135.32	517.15	1102.38	456.33	3.4027	3.8219
5213713721	1232.06	542.43	1189.14	481.33	3.4187	3.8139
5213722054	1341.29	571.72	1303.01	533.84	3.4137	3.8328
5213730387	1427.72	586.25	1375.44	554.84	3.4141	3.8069
5213738720	1459.82	580.38	1403.43	550.42	3.3923	3.7664
5213747054	1447.29	592.83	1393.06	559.73	3.4244	3.7935
5213755387	1440.01	580.52	1393.70	580.71	3.3935	3.8409
5213763721	1450.31	587.05	1399.24	559.01	3.4051	3.7994
5213772054	1449.00	579.45	1401.68	558.63	3.3984	3.7988
5213780392	1452.47	584.30	1404.88	545.65	3.4143	3.7726
5213788724	1448.14	580.42	1401.41	583.01	3.3942	3.8247
5213797058	1449.54	576.78	1400.30	559.74	3.4006	3.7711
5213805391	1455.30	579.28	1400.06	576.54	3.4110	3.8215
5213813724	1456.14	575.74	1402.99	565.78	3.4101	3.7881
5213822057	1451.43	580.75	1408.77	560.68	3.4040	3.7849
5213830391	1448.20	583.55	1398.79	576.00	3.3950	3.8287
5213838724	1447.49	581.66	1404.29	554.15	3.3939	3.7760
5213847058	1449.00	585.52	1406.93	559.96	3.4038	3.7882
5213855391	1441.46	582.92	1405.31	535.82	3.3974	3.7447
5213863724	1439.47	582.99	1411.56	562.16	3.3962	3.7955
5213872057	1441.84	579.66	1404.77	557.72	3.3859	3.7722
5213880390	1432.90	579.42	1412.54	524.41	3.3909	3.7189
5213888723	1440.30	589.09	1413.80	558.10	3.3926	3.7811
5213897057	1431.12	583.63	1417.29	552.08	3.4069	3.7644
5213905390	1437.91	585.03	1419.69	556.26	3.3838	3.7553
5213913727	1437.47	585.14	1414.99	556.17	3.3823	3.7636
5213922061	1444.09	590.92	1430.53	572.54	3.3796	3.7673
5213930394	1532.67	645.64	1495.51	647.22	3.3676	3.7653
5213938727	1571.97	764.20	1526.70	719.90	3.4414	3.7520
5213947060	1547.53	806.98	1500.37	755.76	3.4575	3.7441
5213955393	1552.77	791.39	1509.76	759.74	3.4457	3.7488
5213963726	1552.62	779.91	1503.42	745.86	3.4470	3.7488
5213972060	1548.62	776.53	1508.25	748.49	3.4143	3.7574
5213980393	1550.39	795.99	1509.30	743.14	3.4321	3.7207
5213988726	1543.61	790.29	1501.33	743.52	3.4350	3.7277
5213997060	1546.27	779.52	1504.56	743.04	3.4080	3.7234
5214005393	1544.81	772.29	1501.47	752.90	3.4086	3.7411
5214013726	1549.90	791.50	1503.39	758.36	3.4229	3.7455
5214022060	1546.36	772.89	1500.69	748.52	3.4033	3.7262
5214030393	1543.21	771.79	1505.71	747.55	3.3914	3.7194
5214038725	1540.65	788.86	1502.29	753.00	3.4390	3.7230
5214047063	1543.80	772.86	1503.61	755.76	3.4095	3.7470
5214055396	1550.22	778.73	1501.23	753.17	3.4341	3.7308
5214063729	1541.40	798.97	1503.46	757.07	3.4593	3.7437
5214072062	1547.14	790.18	1508.18	751.60	3.4516	3.7184
5214080396	1545.78	790.00	1511.94	744.33	3.4619	3.7199
5214088729	1545.73	771.12	1508.21	751.12	3.4124	3.7182
5214097063	1548.64	770.74	1506.05	753.46	3.4167	3.7385
5214105396	1543.78	776.13	1501.77	753.41	3.4198	3.7409
5214113729	1540.57	772.07	1508.17	749.13	3.3977	3.7176
5214122062	1545.50	772.54	1502.23	741.28	3.4356	3.7262
5214130395	1537.84	780.41	1498.97	751.67	3.4289	3.7472
5214138728	1539.39	781.07	1509.32	748.48	3.4609	3.7347
5214147062	1535.66	782.68	1503.82	759.89	3.4755	3.7638
5214155394	1549.28	774.68	1505.55	749.81	3.4421	3.7320
5214163728	1535.65	765.78	1507.69	755.36	3.4319	3.7559
5214172067	1502.50	792.21	1477.85	758.68	3.4609	3.7502
5214180400	1367.49	826.24	1358.72	779.65	3.4768	3.8086
5214188733	1295.22	825.72	1270.86	787.56	3.4506	3.8291
5214197065	1237.02	818.01	1210.41	777.50	3.4412	3.8354
5214205399	1245.52	806.84	1205.50	777.17	3.4280	3.8482
5214213732	1256.16	809.11	1216.18	781.47	3.4385	3.8566
5214222065	1247.76	807.99	1213.95	779.10	3.4341	3.8532
5214230398	1245.46	812.06	1209.44	773.88	3.4306	3.8411
5214238731	1249.99	815.63	1210.39	773.50	3.4385	3.8523
5214247065	1245.77	808.29	1211.36	771.09	3.4395	3.8368
5214255398	1253.88	812.19	1215.06	773.67	3.4362	3.8607
5214263731	1248.98	810.46	1210.70	772.48	3.4292	3.8635
5214272065	1247.25	810.24	1212.40	778.78	3.4339	3.8646
5214280397	1242.17	808.33	1214.19	774.44	3.4497	3.8587
5214288731	1237.44	810.35	1211.32	776.38	3.4599	3.8753
5214297065	1246.56	805.61	1210.21	778.90	3.4500	3.8705
5214305402	1244.29	809.99	1210.82	772.26	3.4555	3.8618
5214313735	1250.36	802.28	1211.02	773.43	3.4482	3.8741
5214322068	1249.66	808.58	1212.52	769.90	3.4429	3.8694
5214330402	1245.82	814.04	1213.36	776.02	3.4762	3.8805
5214338735	1245.62	805.61	1211.57	782.70	3.4588	3.8834
5214347068	1248.57	806.31	1214.52	770.64	3.4713	3.8710
5214355402	1248.24	816.42	1211.38	766.81	3.4846	3.8780
5214363735	1241.29	808.92	1209.67	777.82	3.4872	3.8761
5214372068	1242.33	809.17	1206.73	772.82	3.4778	3.8883
5214380402	1242.48	807.74	1208.80	778.69	3.4893	3.8907
5214388734	1239.81	802.26	1210.52	772.86	3.4824	3.8902
5214397067	1243.44	803.55	1214.87	770.08	3.4833	3.8913
5214405401	1244.28	803.40	1206.08	780.37	3.4901	3.9050
5214413734	1245.54	806.31	1211.03	777.71	3.5200	3.8962
5214422067	1241.84	806.83	1208.43	769.80	3.4927	3.9134
5214430401	1245.29	808.13	1213.50	777.27	3.5047	3.9037
5214438739	1243.97	804.89	1197.93	772.77	3.5105	3.9162
5214447072	1193.81	815.21	1169.35	766.31	3.5335	3.9212
5214455406	1089.47	790.25	1062.85	759.74	3.5137	3.9504
5214463739	1068.41	750.98	1023.69	744.06	3.4562	3.9576
5214472071	1082.16	763.16	1022.89	743.11	3.4958	3.9789
5214480405	1089.85	780.42	1028.54	736.53	3.5080	3.9709
5214488738	1079.02	742.31	1023.95	733.71	3.4689	3.9893
5214497071	1077.83	751.30	1029.58	735.66	3.4885	3.9683
5214505405	1073.46	747.99	1026.44	727.57	3.4708	3.9827
5214513738	1074.76	746.18	1020.80	736.82	3.4580	3.9858
5214522071	1068.18	739.31	1022.54	728.65	3.4789	3.9854
5214530405	1083.61	763.57	1023.93	733.49	3.5241	3.9949
5214538738	1069.13	737.35	1019.07	721.85	3.4850	3.9907
5214547071	1068.71	747.34	1012.55	734.05	3.4929	4.0265
5214555403	1073.44	759.93	1013.92	721.35	3.5279	3.9982
5214563741	1079.30	760.84	1016.99	726.43	3.5432	4.0137
5214572074	1069.79	761.85	1016.95	734.94	3.5358	4.0303
5214580408	1062.94	747.73	1011.41	737.66	3.5030	4.0441
5214588741	1070.60	754.93	1017.29	728.27	3.5208	4.0252
5214597074	1069.62	756.57	1023.57	730.25	3.5440	4.0360
5214605408	1070.38	773.37	1016.54	724.94	3.5646	4.0289
5214613740	1068.37	758.14	1016.35	728.31	3.5501	4.0358
5214622073	1070.04	759.34	1015.72	725.00	3.5667	4.0208
5214630407	1062.33	754.44	1014.14	720.86	3.5550	4.0307
5214638739	1074.02	757.02	1013.97	719.92	3.5604	4.0431
5214647073	1062.13	752.00	1013.34	717.23	3.5409	4.0516
5214655407	1068.37	751.59	1014.28	723.10	3.5604	4.0434
5214663740	1069.95	741.55	1014.92	717.22	3.5616	4.0430
5214672073	1073.64	758.84	1019.58	720.73	3.5719	4.0548
5214680406	1073.16	749.05	1008.00	734.58	3.5605	4.0671
5214688740	1076.86	766.09	1010.34	725.76	3.5939	4.0641
5214697077	1069.09	752.55	1015.22	722.67	3.5770	4.0565
5214705411	1073.15	759.21	1012.58	721.34	3.5780	4.0518
5214713744	1076.13	758.47	1012.20	719.91	3.5660	4.0612
5214722077	1071.22	744.13	1017.83	717.21	3.5455	4.0524
5214730411	1071.95	752.41	1020.50	727.92	3.5928	4.0821
5214738744	1066.31	760.62	1017.26	717.11	3.5843	4.0713
5214747077	1068.39	745.25	1017.34	711.50	3.5773	4.0634
5214755411	1074.09	745.01	1017.38	725.07	3.5659	4.0993
5214763743	1068.65	742.08	1017.28	713.82	3.5786	4.0697
5214772076	1006.26	760.38	968.79	724.35	3.5730	4.0934
5214780410	963.05	776.69	917.78	736.22	3.5811	4.1033
5214788743	973.17	753.59	921.92	728.17	3.5583	4.0981
5214797076	973.51	746.83	931.06	736.23	3.5669	4.1103
5214805409	975.95	766.98	929.70	729.12	3.5791	4.1045
5214813743	981.43	758.72	927.92	733.07	3.5699	4.1151
5214822076	980.06	787.01	923.63	729.56	3.6336	4.1093
5214830414	973.13	745.45	918.43	729.44	3.5426	4.0971
5214838747	977.91	754.17	928.83	731.39	3.5697	4.1043
5214847081	979.69	766.52	924.64	731.05	3.5910	4.1014
5214855414	970.85	760.68	921.96	727.75	3.5828	4.1084
5214863746	970.38	750.80	924.55	728.39	3.5681	4.1128
5214872080	983.74	769.44	923.52	723.39	3.6108	4.0997
5214880413	979.71	760.15	925.88	728.30	3.6022	4.0917
5214888747	980.55	776.26	923.49	722.22	3.6155	4.1065
5214897080	979.96	768.53	929.22	728.20	3.5929	4.1018
5214905413	976.62	757.35	922.57	722.32	3.5867	4.0956
5214913746	975.36	763.65	925.53	721.37	3.6060	4.1018
5214922080	976.27	748.41	929.76	728.28	3.5744	4.1010
5214930413	973.96	744.67	928.79	721.73	3.5715	4.0912
5214938746	973.49	745.53	925.01	722.09	3.5740	4.0823
5214947079	976.59	762.97	925.44	728.19	3.6019	4.0917
5214955412	971.52	740.59	924.18	721.71	3.5590	4.0894
5214963750	972.79	760.03	920.81	721.63	3.5826	4.0823
5214972084	969.18	738.42	925.61	724.61	3.5577	4.1005
5214980417	976.38	765.38	925.69	718.69	3.6167	4.0768
5214988750	965.94	757.32	928.03	725.04	3.5727	4.0867
5214997084	981.71	784.11	931.14	742.78	3.6062	4.0720
5215005417	1039.04	874.96	985.56	822.54	3.6214	4.0741
5215013751	1079.87	958.12	1021.25	910.01	3.6584	4.0872
5215022083	1100.21	969.68	1036.86	941.82	3.6424	4.0678
5215030416	1094.60	971.19	1024.87	952.34	3.6557	4.0704
5215038749	1091.91	957.50	1036.70	930.85	3.6459	4.0650
5215047083	1094.65	954.70	1039.89	938.99	3.6388	4.0659
5215055416	1098.97	959.80	1044.34	934.58	3.6524	4.0580
5215063749	1094.09	960.32	1041.55	938.03	3.6367	4.0511
5215072083	1101.75	958.91	1040.84	931.15	3.6500	4.0455
5215080416	1094.45	953.49	1045.00	933.80	3.6503	4.0457
5215088753	1096.45	956.81	1040.54	936.31	3.6348	4.0443
5215097087	1099.35	961.21	1042.98	933.93	3.6474	4.0400
5215105419	1100.39	957.84	1038.87	932.62	3.6307	4.0295
5215113752	1094.21	953.07	1045.21	938.09	3.6277	4.0346
5215122086	1098.43	953.65	1046.46	939.14	3.6221	4.0323
5215130419	1091.48	952.97	1051.41	936.64	3.6208	4.0406
5215138753	1095.53	955.82	1041.43	936.23	3.6292	4.0394
5215147085	1095.59	949.25	1040.67	935.65	3.6101	4.0321
5215155419	1097.85	947.87	1045.50	931.14	3.6126	4.0257
5215163752	1108.06	948.58	1044.71	934.33	3.6236	4.0249
5215172085	1103.97	950.16	1048.68	933.85	3.6136	4.0234
5215180419	1105.85	952.34	1047.02	928.79	3.6174	4.0182
5215188751	1103.00	952.74	1045.09	929.11	3.6282	4.0260
5215197084	1095.69	954.99	1043.78	936.58	3.6248	4.0300
5215205418	1097.62	954.85	1040.16	934.97	3.6435	4.0298
5215213751	1099.71	952.99	1054.09	933.25	3.6315	4.0203
5215222091	1091.06	949.27	1057.17	929.86	3.6107	4.0216
5215230424	1098.40	951.84	1055.29	931.69	3.6294	4.0248
5215238757	1099.40	956.04	1056.04	932.90	3.6321	4.0292
5215247090	1099.59	944.40	1053.49	928.82	3.6125	4.0429
5215255424	1099.65	950.43	1056.28	931.45	3.6434	4.0350
5215263758	1098.79	949.09	1056.08	926.70	3.6340	4.0246
