t	gaze_point_LX	gaze_point_LY	gaze_point_RX	gaze_point_RY	pupil_diameter_L	pupil_diameter_R
760903870289	1283.29	725.67	1276.29	724.94	2.4301	2.3150
760903878623	1278.73	720.20	1277.49	712.58	2.4351	2.3075
760903886956	1281.71	720.02	1295.22	718.30	2.4053	2.3223
760903895289	1278.66	721.95	1284.54	708.10	2.4097	2.3172
760903903622	1283.49	715.32	1287.68	695.88	2.4084	2.3104
760903911956	1275.45	725.70	1285.22	708.92	2.4315	2.3120
760903920288	1273.07	705.71	1269.84	702.18	2.4411	2.3139
760903928622	1274.66	698.57	1255.02	703.47	2.4227	2.3419
760903936955	1276.57	704.68	1266.97	703.09	2.4156	2.3084
760903945288	1269.96	700.25	1260.21	720.43	2.4273	2.3227
760903953626	1274.99	705.83	1261.68	714.01	2.4235	2.3191
760903961960	1268.29	694.81	1260.20	706.68	2.4241	2.3043
760903970293	1270.42	699.46	1259.38	714.42	2.4271	2.3242
760903978627	1285.31	697.27	1259.07	713.37	2.4073	2.3202
760903986960	1278.98	707.60	1255.53	712.97	2.4366	2.3033
760903995292	1265.13	709.28	1267.63	712.89	2.4254	2.3056
760904003626	1279.89	718.65	1269.19	712.11	2.4182	2.3099
760904011959	1280.43	718.65	1262.76	717.37	2.4224	2.3105
760904020292	1275.80	725.18	1267.01	715.69	2.4351	2.3240
760904028625	1269.97	714.92	1270.11	713.58	2.4076	2.2858
760904036959	1263.24	722.40	1269.19	707.80	2.4313	2.2941
760904045292	1271.61	715.12	1273.71	714.70	2.4307	2.3256
760904053626	1271.73	718.62	1269.25	710.94	2.4339	2.3224
760904061959	1270.10	716.73	1273.96	706.63	2.4122	2.3013
760904070291	1273.06	714.60	1258.69	714.13	2.4319	2.3034
760904078624	1277.29	704.10	1266.53	710.91	2.4384	2.2954
760904086963	1282.59	701.64	1265.04	706.09	2.4275	2.3238
760904095296	1274.72	701.28	1265.27	709.05	2.3989	2.3157
760904103630	1272.04	705.11	1260.38	703.47	2.4270	2.3180
760904111962	1274.96	702.32	1273.42	698.21	2.4114	2.3096
760904120296	1276.76	696.00	1267.49	693.82	2.4080	2.3129
760904128630	1275.76	696.59	1268.61	688.63	2.4227	2.3174
760904136962	1282.47	695.56	1270.39	684.66	2.4149	2.3186
760904145295	1270.52	692.87	1265.07	686.30	2.4312	2.3341
760904153628	1279.50	692.17	1261.80	682.75	2.4224	2.3129
760904161961	1270.25	698.55	1269.19	694.43	2.4178	2.3320
760904170295	1272.39	702.14	1268.43	694.79	2.4342	2.3121
760904178629	1269.94	704.53	1265.96	680.75	2.4449	2.3264
760904186962	1269.15	698.37	1271.93	687.18	2.4304	2.3392
760904195295	1273.47	700.72	1267.89	683.47	2.4355	2.3472
760904203628	1265.50	708.27	1269.30	687.53	2.4415	2.3500
760904211961	1268.63	701.58	1266.50	688.54	2.4235	2.3481
760904220298	1278.73	707.70	1271.10	693.17	2.4392	2.3307
760904228632	1268.27	707.80	1266.73	684.39	2.4495	2.3401
760904236964	1269.85	705.63	1277.99	690.07	2.4460	2.3501
760904245298	1279.65	704.92	1272.28	689.84	2.4465	2.3672
760904253632	1274.43	713.59	1271.41	695.03	2.4448	2.3649
760904261965	1280.12	701.36	1266.93	684.53	2.4482	2.3570
760904270298	1274.53	708.93	1272.98	692.31	2.4761	2.3624
760904278631	1278.85	700.18	1271.09	685.09	2.4486	2.3677
760904286963	1272.02	693.95	1276.47	675.99	2.4482	2.3554
760904295297	1267.27	698.62	1275.42	679.17	2.4722	2.3717
760904303631	1270.05	692.19	1284.94	690.46	2.4676	2.3595
760904311964	1271.23	691.02	1275.51	681.16	2.4778	2.3717
760904320297	1269.14	696.59	1275.58	680.36	2.4862	2.3874
760904328630	1274.30	688.89	1280.49	685.29	2.4604	2.3836
760904336964	1270.03	689.20	1276.22	679.43	2.4604	2.3727
760904345301	1277.89	691.54	1279.92	688.83	2.4706	2.4121
760904353635	1272.55	687.80	1279.02	687.75	2.4724	2.4174
760904361966	1270.39	696.31	1279.34	678.62	2.4999	2.3912
760904370300	1274.82	683.23	1269.10	679.07	2.4720	2.4000
760904378633	1275.86	702.77	1278.19	687.77	2.5002	2.3938
760904386967	1267.86	706.22	1275.57	694.71	2.5113	2.4044
760904395300	1268.22	695.91	1279.42	691.16	2.5235	2.4129
760904403633	1262.62	692.47	1280.37	690.68	2.5135	2.4352
760904411966	1277.33	697.96	1281.43	675.23	2.5040	2.4096
760904420300	1269.14	686.25	1274.72	680.23	2.5134	2.4303
760904428633	1275.74	691.32	1278.52	687.45	2.5502	2.4231
760904436966	1270.96	698.57	1279.42	684.06	2.5428	2.4396
760904445299	1266.82	692.42	1282.23	686.54	2.5561	2.4308
760904453632	1269.41	697.97	1274.53	680.37	2.5611	2.4369
760904461966	1273.85	700.51	1274.16	679.09	2.5605	2.4439
760904470299	1276.48	684.05	1278.54	691.36	2.5312	2.4730
760904478638	1268.99	693.03	1262.75	689.43	2.5512	2.4707
760904486971	1273.75	696.01	1267.91	689.73	2.5604	2.4749
760904495305	1266.18	696.42	1272.18	683.06	2.5717	2.4635
760904503638	1268.44	688.07	1272.66	688.93	2.5659	2.4701
760904511971	1273.02	690.31	1274.33	677.41	2.5663	2.4546
760904520304	1271.84	693.92	1279.90	691.99	2.5655	2.4628
760904528637	1269.20	697.20	1272.43	687.68	2.5846	2.4584
760904536970	1268.43	691.96	1265.86	682.92	2.5740	2.4787
760904545304	1269.41	687.63	1277.01	682.48	2.5931	2.4591
760904553637	1276.36	703.21	1274.19	687.95	2.6044	2.5010
760904561971	1274.56	715.87	1273.55	691.08	2.6058	2.4665
760904570304	1272.20	716.09	1275.18	695.94	2.6216	2.4866
760904578637	1279.63	716.86	1270.57	701.56	2.5983	2.4923
760904586970	1276.31	712.42	1262.82	701.00	2.5963	2.5084
760904595303	1275.71	710.16	1264.87	696.73	2.6218	2.5063
760904603636	1265.75	695.45	1264.06	688.94	2.6181	2.4800
760904611972	1268.95	681.83	1273.37	690.02	2.6176	2.5052
760904620305	1265.37	691.45	1272.63	693.98	2.6202	2.5356
760904628639	1275.23	690.91	1272.51	706.58	2.6204	2.5194
760904636973	1267.20	705.45	1270.10	708.59	2.6247	2.5131
760904645306	1270.17	705.34	1264.40	708.78	2.6312	2.5115
760904653638	1269.35	696.75	1267.44	698.00	2.6302	2.5076
760904661971	1278.93	697.46	1274.07	688.07	2.6301	2.5101
760904670305	1270.57	691.43	1271.99	688.28	2.6359	2.5095
760904678638	1269.07	697.54	1266.09	684.02	2.6313	2.5256
760904686972	1271.24	712.52	1276.48	701.52	2.6502	2.5375
760904695304	1271.39	717.41	1274.27	706.60	2.6430	2.5510
760904703638	1270.31	713.84	1269.80	705.00	2.6242	2.5148
760904711972	1269.16	711.27	1273.97	699.26	2.6011	2.5130
760904720305	1267.18	718.59	1268.80	708.04	2.6206	2.5121
760904728637	1266.54	708.65	1269.37	701.22	2.5988	2.4937
760904736970	1261.54	711.49	1260.31	694.99	2.6097	2.4711
760904745308	1267.08	708.13	1268.67	687.85	2.5905	2.4498
760904753642	1268.83	700.35	1275.13	692.30	2.5843	2.4429
760904761976	1262.94	688.33	1272.35	688.24	2.5534	2.4142
760904770309	1266.14	686.42	1272.70	712.84	2.5365	2.4312
760904778642	1276.02	688.67	1278.28	701.77	2.5175	2.3732
760904786975	1262.62	694.51	1281.57	711.27	2.5033	2.3876
760904795309	1259.69	690.49	1282.85	706.31	2.4714	2.3797
760904803641	1260.41	694.53	1276.96	704.95	2.4635	2.3641
760904811975	1266.06	710.72	1274.38	683.88	2.4680	2.3510
760904820307	1272.64	711.54	1278.60	678.62	2.4456	2.3367
760904828641	1267.72	722.69	1272.02	683.05	2.4500	2.3073
760904836975	1270.50	710.74	1281.72	691.04	2.4233	2.3118
760904845308	1266.89	711.13	1283.78	690.69	2.4067	2.2981
760904853641	1274.98	716.54	1283.32	689.96	2.4111	2.2822
760904861974	1265.73	715.13	1277.76	682.08	2.3878	2.2456
760904870311	1269.64	720.97	1279.68	685.92	2.3701	2.2617
760904878644	1277.10	703.66	1284.47	682.59	2.3502	2.2665
760904886978	1263.84	693.12	1279.62	688.00	2.3297	2.2467
760904895311	1267.42	693.07	1277.06	683.44	2.3227	2.2271
760904903644	1265.46	702.21	1274.67	696.95	2.3217	2.2392
760904911977	1271.49	696.50	1278.91	690.26	2.3108	2.2215
760904920311	1264.24	703.98	1275.12	685.40	2.2944	2.2257
760904928644	1274.42	700.75	1292.42	689.92	2.2786	2.1758
760904936977	1270.52	718.17	1272.47	687.89	2.3065	2.2071
760904945310	1269.31	714.90	1279.61	695.35	2.2774	2.1856
760904953643	1242.06	711.66	1254.95	700.04	2.2820	2.1657
760904961976	1150.19	707.48	1143.42	691.78	2.3075	2.1740
760904970310	1063.93	707.48	1038.03	682.38	2.2962	2.1788
760904978643	986.81	712.95	973.25	686.78	2.2831	2.1990
760904986976	951.56	721.30	937.01	686.19	2.2805	2.1866
760904995309	955.71	715.81	946.00	672.21	2.2777	2.2115
760905003649	942.36	711.72	954.67	674.09	2.2739	2.1923
760905011982	935.07	714.59	943.53	685.16	2.2803	2.1915
760905020316	945.31	711.47	944.17	695.82	2.2825	2.1865
760905028648	947.29	694.24	937.41	698.95	2.2544	2.1827
760905036981	944.45	694.05	948.69	696.83	2.2455	2.1927
760905045315	942.54	700.14	940.45	695.96	2.2398	2.1703
760905053648	942.05	705.98	939.59	682.41	2.2333	2.1547
760905061981	942.30	713.32	941.14	688.17	2.2465	2.1424
760905070314	933.74	714.01	938.76	691.29	2.2514	2.1538
760905078648	937.24	721.52	938.83	702.65	2.2339	2.1396
760905086981	946.20	720.54	936.75	702.57	2.2387	2.1610
760905095315	936.52	721.40	939.99	699.01	2.2337	2.1420
760905103647	942.51	721.31	937.71	700.04	2.1985	2.1399
760905111980	943.40	715.81	943.25	701.19	2.2085	2.1541
760905120313	944.09	717.54	949.70	691.73	2.2092	2.1402
760905128647	953.41	707.66	942.53	689.50	2.2048	2.1196
760905136984	940.62	701.88	951.72	682.87	2.2240	2.1183
760905145318	939.56	693.22	945.52	689.09	2.1885	2.1085
760905153651	944.61	703.63	943.81	690.07	2.1844	2.1159
760905161984	938.84	695.50	941.59	696.11	2.2120	2.1172
760905170317	933.90	698.79	948.80	699.45	2.1846	2.0963
760905178650	931.60	700.93	942.63	699.34	2.1709	2.0931
760905186983	1007.68	694.08	997.92	680.85	2.1769	2.0885
760905195316	1118.30	685.59	1113.70	686.27	2.1622	2.1062
760905203649	1232.42	704.18	1218.33	698.49	2.1458	2.0644
760905211983	1335.52	723.41	1304.42	717.61	2.1544	2.0532
760905220317	1353.93	731.23	1335.81	716.51	2.1376	2.0563
760905228650	1344.35	728.54	1339.30	707.98	2.1472	2.0574
760905236983	1352.40	737.27	1349.45	710.21	2.1432	2.0499
760905245315	1349.68	729.04	1346.89	719.78	2.1282	2.0720
760905253649	1343.29	726.06	1336.12	719.84	2.1456	2.0655
760905261982	1345.97	731.88	1337.68	728.11	2.1228	2.0630
760905270321	1346.17	724.61	1339.73	725.86	2.1201	2.0302
760905278653	1343.51	721.38	1338.99	719.39	2.1302	2.0362
760905286987	1346.02	725.40	1339.98	720.12	2.1346	2.0270
760905295321	1347.71	715.24	1338.27	711.55	2.1332	2.0408
760905303654	1349.60	730.55	1341.12	707.10	2.1633	2.0259
760905311987	1351.63	718.47	1342.63	707.76	2.1298	2.0276
760905320319	1345.82	721.05	1343.44	703.24	2.1134	2.0128
760905328652	1352.87	709.13	1346.44	714.98	2.1132	2.0053
760905336986	1345.57	718.50	1341.37	713.18	2.1331	2.0271
760905345320	1348.83	725.94	1346.46	719.33	2.1160	2.0258
760905353653	1341.40	720.63	1344.07	719.27	2.1167	2.0166
760905361986	1352.51	733.11	1347.98	721.12	2.1086	2.0067
760905370319	1339.82	730.54	1339.08	720.08	2.1317	2.0117
760905378653	1337.83	735.76	1339.04	729.93	2.1017	2.0212
760905386986	1317.50	742.83	1325.29	720.68	2.0912	2.0183
760905395322	1291.49	734.72	1316.35	710.60	2.0892	2.0200
760905403655	1281.49	776.83	1311.82	736.79	2.0440	1.9695
760905411989	1246.87	872.83	1284.95	693.16	1.8173	1.9978
760905420323	NaN	NaN	1160.78	1083.24	NaN	2.3789
760905428656	NaN	NaN	NaN	NaN	NaN	NaN
760905436989	NaN	NaN	NaN	NaN	NaN	NaN
760905445322	NaN	NaN	NaN	NaN	NaN	NaN
760905453655	NaN	NaN	NaN	NaN	NaN	NaN
760905461989	NaN	NaN	NaN	NaN	NaN	NaN
760905470321	NaN	NaN	NaN	NaN	NaN	NaN
760905478654	NaN	NaN	NaN	NaN	NaN	NaN
760905486988	NaN	NaN	NaN	NaN	NaN	NaN
760905495321	NaN	NaN	NaN	NaN	NaN	NaN
760905503654	NaN	NaN	NaN	NaN	NaN	NaN
760905511988	NaN	NaN	NaN	NaN	NaN	NaN
760905520321	NaN	NaN	NaN	NaN	NaN	NaN
760905528661	NaN	NaN	NaN	NaN	NaN	NaN
760905536995	NaN	NaN	NaN	NaN	NaN	NaN
760905545327	NaN	NaN	NaN	NaN	NaN	NaN
760905553660	NaN	NaN	NaN	NaN	NaN	NaN
760905561994	NaN	NaN	NaN	NaN	NaN	NaN
760905570327	NaN	NaN	1283.50	785.92	NaN	1.9592
760905578660	NaN	NaN	1230.43	676.33	NaN	2.0298
760905586994	NaN	NaN	1229.07	695.75	NaN	2.0161
760905595327	NaN	NaN	1234.04	746.98	NaN	1.9860
760905603652	NaN	NaN	1232.04	757.39	NaN	1.9538
760905611985	NaN	NaN	1226.31	757.49	NaN	2.0010
760905620318	1224.69	775.27	1228.61	727.99	2.0504	2.0353
760905628651	1234.35	738.74	1227.00	700.86	2.1028	2.0362
760905636984	1223.36	757.05	1220.37	686.31	2.0794	2.0576
760905645326	1214.78	764.64	1224.34	670.74	2.0772	2.0515
760905653660	1224.23	767.06	1225.34	683.59	2.1016	2.0696
760905661995	1209.98	748.79	1225.98	680.39	2.0912	2.0611
760905670328	1213.64	737.17	1214.70	687.16	2.0972	2.0583
760905678661	1206.74	742.69	1230.85	695.42	2.1303	2.0738
760905686994	1210.81	723.61	1226.88	687.09	2.1449	2.0739
760905695327	1213.51	717.00	1217.37	686.93	2.1557	2.0546
760905703660	1217.74	718.61	1225.10	687.75	2.1666	2.0760
760905711993	1222.11	719.45	1225.25	696.20	2.1717	2.0936
760905720327	1215.16	724.76	1224.41	693.12	2.1637	2.0738
760905728661	1222.86	726.72	1225.80	699.10	2.1815	2.0667
760905736994	1228.24	734.37	1221.44	701.27	2.1684	2.0803
760905745327	1231.41	740.17	1222.81	701.94	2.1795	2.0561
760905753660	1234.74	734.07	1226.45	706.36	2.1588	2.0772
760905761993	1235.97	734.82	1230.37	716.27	2.1632	2.0757
760905770326	1231.20	728.40	1223.88	715.69	2.1650	2.0850
760905778659	1228.99	734.77	1229.55	706.52	2.1704	2.0891
760905786997	1238.26	738.64	1234.09	706.79	2.1889	2.0752
760905795331	1236.99	739.51	1231.01	700.01	2.1879	2.0985
760905803664	1222.35	732.53	1233.32	704.76	2.2043	2.0979
760905811998	1223.82	730.49	1235.57	699.62	2.1867	2.0900
760905820331	1228.14	721.38	1235.22	701.39	2.1909	2.0847
760905828665	1229.44	723.79	1232.30	692.26	2.2088	2.1058
760905836997	1236.08	722.15	1238.85	702.05	2.1936	2.1180
760905845330	1255.19	726.41	1250.80	718.29	2.1874	2.1518
760905853664	1362.44	750.03	1342.37	728.87	2.2259	2.1368
760905861996	1450.21	751.77	1422.46	748.76	2.2491	2.1457
760905870330	1473.95	758.73	1447.49	742.18	2.2362	2.1568
760905878663	1457.69	759.89	1447.48	741.83	2.2585	2.1691
760905886996	1467.90	752.50	1449.07	736.55	2.2642	2.1699
760905895330	1472.34	757.28	1455.04	743.13	2.2603	2.1873
760905903663	1466.24	755.64	1453.45	741.80	2.2712	2.1621
760905911996	1475.86	762.36	1446.06	747.86	2.2490	2.2015
760905920335	1465.69	764.28	1459.97	751.82	2.2515	2.1802
760905928667	1468.63	770.54	1453.30	753.83	2.2821	2.1849
760905937001	1474.24	768.67	1461.62	752.15	2.3026	2.1862
760905945334	1464.91	761.23	1463.06	744.50	2.2755	2.1778
760905953667	1469.04	762.32	1462.20	739.31	2.2834	2.1838
760905962000	1474.55	764.55	1463.96	744.75	2.2882	2.1930
760905970335	1472.74	767.05	1458.49	748.49	2.2816	2.1806
760905978669	1472.15	764.11	1466.10	751.54	2.2717	2.2099
760905987001	1467.36	766.85	1455.03	726.66	2.2789	2.2171
760905995334	1470.04	757.24	1450.32	729.19	2.2825	2.1942
760906003667	1473.96	746.03	1460.05	718.10	2.3026	2.1849
760906012000	1474.73	742.99	1459.32	725.54	2.2810	2.1878
760906020334	1474.92	746.54	1455.12	737.16	2.3015	2.2160
760906028667	1467.62	753.15	1459.87	737.68	2.2917	2.2116
760906037000	1476.31	756.33	1461.49	740.26	2.2822	2.2108
760906045334	1472.64	755.74	1460.77	746.47	2.2719	2.2149
760906053671	1481.30	770.26	1461.58	760.35	2.3106	2.2101
760906062004	1477.94	766.83	1461.89	752.69	2.2806	2.2037
760906070337	1474.62	767.98	1458.77	757.66	2.2733	2.1928
760906078670	1471.59	765.63	1461.52	749.32	2.2753	2.1835
760906087003	1465.79	769.31	1459.36	752.27	2.2825	2.1861
760906095337	1473.22	758.80	1462.11	761.57	2.2716	2.1891
760906103670	1476.52	759.85	1463.84	753.06	2.2798	2.1979
760906112004	1479.66	757.78	1458.56	753.10	2.2706	2.1896
760906120337	1474.27	757.01	1464.53	750.04	2.2656	2.1781
760906128670	1472.88	752.75	1464.66	750.97	2.2533	2.2016
760906137002	1472.99	751.31	1459.03	750.24	2.2936	2.1754
760906145336	1477.83	743.20	1462.92	747.58	2.2589	2.1902
760906153669	1468.87	744.42	1456.40	745.18	2.2547	2.2041
760906162002	1472.82	732.96	1464.76	744.45	2.2555	2.1985
760906170336	1471.10	742.99	1462.34	731.80	2.2677	2.1891
760906178669	1474.34	748.69	1456.81	735.38	2.2774	2.1985
760906187007	1484.50	766.67	1464.28	737.24	2.2950	2.1977
760906195340	1475.04	749.33	1464.72	745.21	2.2698	2.2106
760906203672	1481.19	750.93	1456.98	741.20	2.2791	2.2102
760906212005	1472.53	752.92	1475.19	729.26	2.2975	2.1926
760906220338	1453.37	742.18	1447.00	723.10	2.2708	2.1785
760906228672	1352.49	737.43	1352.07	725.55	2.2696	2.1976
760906237006	1315.67	739.34	1302.07	732.77	2.2916	2.1904
760906245339	1273.31	733.47	1289.90	712.46	2.2572	2.2141
760906253672	1278.18	737.58	1289.72	698.09	2.2880	2.2047
760906262005	1278.20	728.07	1276.86	692.07	2.2525	2.1961
760906270339	1282.19	725.69	1274.49	694.17	2.2801	2.1896
760906278671	1273.73	726.04	1278.52	701.92	2.2623	2.2084
760906287004	1279.03	720.50	1261.12	694.96	2.2448	2.1899
760906295337	1269.02	716.53	1270.53	692.03	2.2424	2.1816
760906303671	1282.87	714.38	1267.09	686.91	2.2562	2.1867
760906312010	1276.71	712.43	1263.49	689.30	2.2860	2.2141
760906320342	1277.23	705.54	1270.32	690.81	2.2789	2.2173
760906328676	1278.08	708.06	1266.58	689.20	2.2785	2.2116
760906337009	1288.06	709.72	1271.14	685.26	2.2731	2.2068
760906345342	1277.60	699.90	1273.24	691.63	2.2649	2.1934
760906353675	1278.27	716.51	1276.87	707.00	2.2709	2.2181
760906362008	1278.06	738.96	1271.10	728.12	2.2780	2.2061
760906370341	1274.11	736.47	1264.55	725.99	2.3019	2.2017
760906378675	1275.90	735.74	1267.60	732.70	2.2823	2.2020
760906387008	1283.64	723.20	1267.82	725.53	2.3013	2.2231
760906395342	1280.70	721.66	1273.42	727.16	2.2851	2.1911
760906403675	1276.91	721.66	1275.97	722.73	2.2991	2.1939
760906412008	1278.40	716.38	1274.59	724.65	2.2874	2.2112
760906420341	1274.62	716.77	1270.32	724.37	2.2713	2.2266
760906428674	1272.12	712.64	1265.70	716.43	2.2691	2.2082
760906437008	1277.22	722.34	1272.33	724.88	2.2724	2.2197
760906445347	1277.04	738.24	1271.92	715.24	2.2976	2.1923
760906453681	1266.56	730.49	1275.04	714.60	2.2664	2.2075
760906462014	1277.37	746.06	1273.11	711.18	2.2905	2.2117
760906470348	1278.89	727.29	1277.21	695.29	2.2916	2.2081
760906478681	1269.00	727.18	1273.83	695.21	2.2746	2.1989
760906487014	1274.28	705.64	1274.89	698.34	2.2759	2.1986
760906495347	1271.12	706.69	1274.57	699.14	2.2773	2.2097
760906503681	1274.14	713.69	1270.25	699.38	2.2669	2.1952
760906512014	1275.78	714.57	1266.42	696.39	2.2717	2.2034
760906520346	1274.18	732.12	1262.40	697.10	2.2786	2.1950
760906528680	1269.35	739.46	1267.86	716.85	2.2804	2.1951
760906537013	1273.08	728.69	1271.40	728.90	2.2825	2.1950
760906545347	1275.26	706.70	1269.93	714.90	2.2550	2.1759
760906553680	1272.27	711.37	1272.48	707.10	2.2561	2.1782
760906562013	1276.28	711.69	1275.96	713.35	2.2578	2.1948
760906570346	1273.41	714.94	1276.12	717.67	2.2610	2.1901
760906578682	1261.24	706.96	1278.22	733.03	2.2647	2.1628
760906587015	1275.69	723.53	1278.83	729.70	2.2784	2.1723
760906595349	1269.36	725.55	1279.76	711.04	2.2760	2.1954
760906603682	1268.28	744.32	1281.91	710.44	2.2594	2.1715
760906612015	1275.05	735.88	1281.82	688.46	2.2490	2.1687
760906620349	1281.04	741.20	1272.75	681.45	2.2736	2.1518
760906628682	1272.46	734.34	1277.65	695.18	2.2603	2.1761
760906637015	1270.52	727.51	1278.02	689.66	2.2354	2.1700
760906645348	1263.70	723.94	1263.93	698.25	2.2667	2.1790
760906653681	1256.11	703.65	1256.87	688.65	2.2616	2.1797
760906662014	1260.68	693.62	1264.44	706.01	2.2496	2.1860
760906670348	1261.35	702.02	1260.13	704.48	2.2797	2.1578
760906678681	1269.72	708.66	1258.42	700.08	2.2553	2.1714
760906687014	1265.41	704.04	1264.03	687.98	2.2306	2.1763
760906695347	1259.17	714.53	1260.62	681.65	2.2545	2.1602
760906703681	1265.48	716.78	1259.66	683.06	2.2491	2.1675
760906712019	1260.50	724.00	1253.40	682.36	2.2541	2.1553
760906720351	1261.50	724.52	1254.54	687.25	2.2315	2.1751
760906728685	1271.07	724.16	1259.98	688.01	2.2364	2.1655
760906737018	1260.22	715.39	1259.60	686.59	2.2277	2.1537
760906745352	1267.85	721.59	1249.83	687.81	2.2337	2.1521
760906753685	1263.55	726.20	1257.03	685.60	2.2462	2.1453
760906762018	1258.69	721.30	1257.07	682.47	2.2266	2.1439
760906770351	1260.56	725.57	1255.66	687.24	2.2541	2.1452
760906778685	1268.86	726.07	1251.17	677.50	2.2266	2.1273
760906787018	1271.18	727.14	1260.20	683.17	2.2346	2.1366
760906795351	1266.76	719.00	1255.74	692.13	2.2204	2.1631
760906803683	1265.34	712.88	1256.88	691.88	2.2225	2.1617
760906812017	1260.61	723.77	1256.59	687.22	2.2298	2.1500
760906820350	1266.85	724.16	1255.80	686.34	2.2339	2.1422
760906828684	1258.45	718.25	1265.98	684.48	2.2206	2.1519
760906837022	1261.84	719.26	1269.18	682.53	2.2300	2.1367
760906845355	1259.07	709.93	1272.85	685.78	2.2283	2.1474
760906853688	1259.22	711.33	1261.35	689.02	2.2438	2.1498
760906862022	1253.89	704.58	1269.04	691.63	2.2482	2.1440
760906870355	1264.20	707.85	1266.83	685.53	2.2308	2.1485
760906878688	1263.51	711.53	1258.06	682.88	2.2273	2.1247
760906887021	1262.02	713.11	1258.17	685.44	2.2415	2.1189
760906895355	1257.74	714.17	1249.96	692.97	2.2315	2.1098
760906903687	1260.62	720.89	1252.30	691.99	2.2169	2.1135
760906912021	1257.13	727.83	1257.61	693.65	2.2202	2.1097
760906920355	1263.01	720.60	1256.79	702.49	2.2496	2.1065
760906928687	1262.56	731.35	1258.47	708.34	2.2247	2.1257
760906937021	1255.85	717.83	1258.23	703.09	2.2182	2.1018
760906945353	1249.61	720.97	1254.46	707.88	2.2311	2.1172
760906953687	1253.68	717.78	1258.63	702.14	2.2241	2.1176
760906962020	1255.63	721.68	1259.58	711.05	2.2091	2.1165
760906970357	1258.01	720.25	1264.33	699.12	2.2186	2.1169
760906978691	1260.34	724.51	1254.90	686.32	2.2016	2.1123
760906987024	1250.89	717.67	1255.38	684.05	2.2168	2.0993
760906995358	1264.50	713.71	1262.76	679.88	2.2180	2.1164
760907003690	1257.96	711.66	1261.61	691.85	2.2455	2.1236
760907012024	1258.54	708.07	1270.24	700.27	2.2295	2.1332
760907020358	1265.31	706.92	1270.21	698.65	2.2369	2.1320
760907028690	1255.75	706.36	1272.76	706.84	2.2147	2.1056
760907037024	1255.11	711.76	1266.75	698.67	2.2341	2.1334
760907045356	1259.02	715.82	1258.00	685.72	2.2311	2.1082
760907053690	1263.28	710.10	1269.15	683.84	2.2122	2.1468
760907062023	1258.94	718.36	1262.33	685.99	2.2117	2.1205
760907070356	1262.68	720.61	1266.60	693.25	2.2127	2.1195
760907078690	1270.21	720.07	1269.85	696.80	2.1888	2.1280
760907087023	1266.72	729.72	1270.04	703.15	2.1981	2.1363
760907095356	1269.85	723.21	1268.51	708.18	2.2075	2.1134
760907103695	1268.29	732.77	1277.77	703.20	2.2131	2.1202
760907112028	1269.28	728.32	1277.39	704.32	2.1986	2.1284
760907120360	1265.84	717.06	1279.22	695.77	2.2146	2.1392
760907128693	1279.90	724.79	1264.91	687.37	2.2224	2.1116
760907137027	1271.56	721.11	1261.49	678.06	2.2139	2.1355
760907145360	1275.64	713.23	1265.38	685.55	2.2225	2.1428
760907153693	1272.23	716.40	1263.89	673.89	2.2207	2.1360
760907162027	1279.08	708.95	1266.81	688.23	2.2378	2.1479
760907170360	1269.56	707.76	1262.75	688.33	2.2254	2.1444
760907178694	1280.78	711.97	1268.64	688.21	2.2180	2.1462
760907187027	1267.89	716.08	1268.04	687.48	2.2141	2.1736
760907195359	1268.04	722.23	1264.10	688.10	2.2214	2.1474
760907203692	1275.15	727.07	1263.74	682.21	2.2227	2.1338
760907212026	1274.18	725.47	1268.89	688.31	2.2257	2.1670
760907220360	1267.84	719.32	1263.51	688.36	2.2203	2.1428
760907228696	1273.10	726.08	1271.23	691.34	2.2450	2.1384
760907237029	1277.03	728.40	1272.62	701.85	2.1964	2.1509
760907245361	1271.60	726.19	1273.26	697.51	2.2347	2.1275
760907253694	1272.01	729.15	1278.11	699.36	2.2366	2.1422
760907262028	1274.57	724.94	1274.65	701.80	2.2329	2.1500
760907270361	1269.02	730.78	1271.22	694.29	2.2467	2.1233
760907278695	1272.38	722.40	1274.03	700.56	2.2324	2.1478
760907287028	1270.71	724.42	1271.60	691.71	2.2360	2.1482
760907295361	1264.97	735.43	1284.44	695.35	2.2317	2.1471
760907303695	1279.95	729.85	1272.50	699.48	2.2381	2.1584
760907312027	1291.74	736.58	1298.24	715.07	2.2518	2.1477
760907320360	1300.59	732.48	1306.30	715.65	2.2466	2.1573
760907328693	1315.19	733.99	1305.89	720.82	2.2493	2.1523
760907337026	1310.43	740.39	1307.80	713.00	2.2509	2.1629
760907345360	1314.85	737.96	1306.04	718.75	2.2660	2.1632
760907353694	1300.57	745.86	1313.14	722.02	2.2541	2.1496
760907362033	1307.71	739.33	1316.93	717.88	2.2602	2.1779
760907370366	1303.61	746.75	1311.81	701.05	2.2756	2.1501
760907378699	1308.59	746.43	1317.80	706.40	2.2508	2.1738
760907387032	1315.80	750.02	1315.46	709.88	2.2512	2.1635
760907395365	1314.80	745.42	1310.85	710.02	2.2702	2.1637
