t	gaze_point_LX	gaze_point_LY	gaze_point_RX	gaze_point_RY	pupil_diameter_L	pupil_diameter_R
782858595157	1271.44	620.85	1249.16	631.29	3.3458	3.1430
782858603491	1265.20	621.98	1242.19	619.09	3.3273	3.1487
782858611824	1267.91	622.12	1248.06	623.95	3.3380	3.1712
782858620157	1274.07	625.04	1248.10	619.05	3.3073	3.1618
782858628491	1258.61	624.21	1248.10	625.14	3.3329	3.1638
782858636824	1281.94	638.23	1256.81	648.69	3.3327	3.1908
782858645157	1311.06	667.05	1284.92	689.43	3.3104	3.1544
782858653491	1308.18	673.37	1277.48	698.94	3.3023	3.1612
782858661824	1303.36	670.80	1277.65	700.35	3.3047	3.1535
782858670158	1308.19	673.51	1281.65	702.41	3.3115	3.1546
782858678489	1301.37	672.80	1279.19	703.10	3.2971	3.1411
782858686823	1299.15	678.97	1277.59	708.15	3.3142	3.1439
782858695156	1305.78	674.39	1282.37	698.02	3.3002	3.1383
782858703490	1301.61	676.42	1278.22	704.22	3.3168	3.1477
782858711823	1307.21	665.93	1269.56	700.94	3.2913	3.1512
782858720156	1310.44	681.62	1270.40	697.40	3.2983	3.1288
782858728493	1308.43	671.12	1271.74	693.00	3.2838	3.1491
782858736827	1300.72	674.65	1279.95	695.37	3.2941	3.1589
782858745160	1297.31	672.23	1276.74	690.06	3.2953	3.1308
782858753493	1301.66	671.75	1272.62	694.44	3.3147	3.1288
782858761826	1299.06	676.54	1273.74	694.14	3.3073	3.1281
782858770159	1300.84	679.48	1279.64	687.52	3.2909	3.1461
782858778492	1301.30	673.60	1278.19	696.15	3.2981	3.1351
782858786826	1295.71	683.49	1285.83	689.88	3.2954	3.1462
782858795160	1306.28	679.14	1284.85	688.15	3.3217	3.1461
782858803492	1303.96	680.16	1288.59	680.61	3.3346	3.1463
782858811826	1305.16	678.61	1280.18	684.04	3.3084	3.1470
782858820159	1304.19	678.11	1273.15	685.82	3.3226	3.1321
782858828492	1309.11	682.26	1277.89	691.86	3.3271	3.1595
782858836826	1298.94	681.93	1276.05	693.79	3.3280	3.1579
782858845158	1306.44	679.19	1273.66	700.93	3.3088	3.1817
782858853497	1300.65	676.74	1275.60	699.92	3.3153	3.1729
782858861831	1301.55	667.66	1274.14	683.76	3.3000	3.1756
782858870164	1302.12	680.60	1280.75	702.64	3.2777	3.1738
782858878498	1298.08	686.98	1271.37	700.30	3.2954	3.1738
782858886831	1301.07	689.73	1274.62	708.73	3.2991	3.1624
782858895164	1305.46	693.29	1280.39	708.01	3.3118	3.1310
782858903497	1291.72	690.80	1277.85	711.52	3.3228	3.1467
782858911831	1306.58	686.18	1285.74	711.31	3.2982	3.1490
782858920165	1294.95	693.07	1278.45	704.86	3.3143	3.1426
782858928497	1292.48	690.37	1282.87	707.74	3.3255	3.1585
782858936831	1306.48	686.64	1274.16	706.26	3.2960	3.1695
782858945164	1306.80	691.31	1281.35	710.17	3.3112	3.1578
782858953497	1307.57	692.08	1283.40	700.08	3.3166	3.1576
782858961831	1305.28	685.56	1281.38	708.58	3.3052	3.1756
782858970164	1304.70	690.35	1278.08	713.84	3.3092	3.1713
782858978496	1305.56	685.17	1277.48	718.70	3.2992	3.1801
782858986834	1305.38	684.12	1280.58	710.51	3.3122	3.1782
782858995167	1307.81	688.49	1275.87	709.38	3.3167	3.1784
782859003501	1306.71	685.50	1279.06	691.88	3.3273	3.1507
782859011834	1301.71	690.90	1271.17	708.80	3.3453	3.1776
782859020167	1300.90	684.86	1276.20	706.61	3.3322	3.1513
782859028500	1297.99	688.83	1276.41	709.73	3.3178	3.2076
782859036834	1310.29	679.19	1271.05	713.54	3.3267	3.1920
782859045167	1300.00	689.96	1280.02	710.04	3.3295	3.1757
782859053500	1308.14	684.64	1276.01	704.94	3.3230	3.1732
782859061833	1302.39	690.51	1277.95	709.29	3.3352	3.1828
782859070166	1310.71	696.41	1282.37	702.03	3.3481	3.1701
782859078499	1300.15	689.60	1279.41	710.43	3.3334	3.1691
782859086833	1306.57	692.20	1276.52	710.52	3.3328	3.1697
782859095166	1301.99	689.66	1283.38	710.18	3.3388	3.1651
782859103499	1307.03	696.54	1285.75	699.53	3.3292	3.1591
782859111833	1310.81	690.94	1280.81	705.29	3.3214	3.1644
782859120170	1305.62	693.72	1283.85	696.21	3.3392	3.1694
782859128504	1307.99	695.34	1285.60	696.80	3.3235	3.1548
782859136836	1306.23	685.59	1284.57	699.85	3.3089	3.1566
782859145169	1308.94	692.29	1279.77	708.07	3.3087	3.1610
782859153502	1304.87	696.85	1276.63	705.97	3.3286	3.1335
782859161836	1309.39	697.66	1282.86	710.16	3.3020	3.1264
782859170169	1313.58	696.82	1282.11	704.56	3.2980	3.1276
782859178502	1307.34	694.23	1273.46	710.24	3.2847	3.1275
782859186836	1308.28	695.57	1283.08	721.72	3.2881	3.1220
782859195169	1305.55	692.41	1276.59	713.84	3.2711	3.1244
782859203502	1311.08	697.92	1270.19	713.09	3.2751	3.1249
782859211835	1303.11	694.14	1271.53	718.36	3.2715	3.1271
782859220168	1305.89	694.36	1284.81	706.62	3.2830	3.1028
782859228501	1301.42	683.23	1280.43	718.62	3.2567	3.1062
782859236834	1304.65	693.10	1274.12	714.29	3.2536	3.0853
782859245172	1312.22	678.29	1277.85	707.96	3.2406	3.0781
782859253506	1297.86	688.41	1279.09	710.98	3.2433	3.0871
782859261838	1301.68	696.88	1272.06	713.09	3.2367	3.0980
782859270172	1302.33	682.81	1283.18	716.46	3.2187	3.0674
782859278505	1302.80	694.40	1281.72	709.39	3.2292	3.0558
782859286838	1303.26	699.25	1275.04	716.42	3.2359	3.0798
782859295172	1298.15	691.10	1279.00	703.33	3.2139	3.0520
782859303504	1302.88	688.32	1282.71	710.35	3.1859	3.0408
782859311837	1301.39	685.11	1278.10	703.72	3.1924	3.0584
782859320171	1299.41	687.03	1272.45	704.60	3.1922	3.0215
782859328504	1305.78	689.51	1276.78	705.77	3.1772	3.0330
782859336838	1301.84	694.70	1285.42	706.35	3.1889	3.0138
782859345171	1296.67	685.53	1274.95	711.47	3.1529	3.0229
782859353504	1293.52	696.25	1279.46	704.63	3.1519	3.0060
782859361837	1299.06	687.86	1278.37	704.21	3.1493	3.0325
782859370171	1297.52	694.90	1277.07	710.50	3.1427	3.0181
782859378511	1295.51	690.09	1284.84	699.88	3.1661	2.9983
782859386843	1306.09	701.86	1277.73	701.77	3.1709	3.0002
782859395177	1311.72	702.72	1278.58	709.56	3.1473	3.0308
782859403510	1302.67	696.07	1279.77	703.60	3.1320	3.0114
782859411843	1304.34	702.22	1276.31	705.64	3.1368	2.9937
782859420177	1306.00	698.28	1282.31	701.24	3.1351	3.0107
782859428510	1308.98	700.04	1274.25	705.38	3.1093	3.0037
782859436844	1297.61	699.15	1287.71	702.46	3.1319	2.9991
782859445176	1301.88	708.62	1280.95	701.38	3.1356	2.9932
782859453509	1298.28	698.27	1279.32	699.90	3.1309	2.9707
782859461843	1296.17	693.96	1282.11	704.82	3.0925	2.9815
782859470176	1297.60	697.80	1281.43	714.31	3.1198	2.9731
782859478509	1303.28	695.10	1284.46	706.20	3.1216	2.9718
782859486842	1296.18	690.30	1281.81	707.81	3.0933	2.9717
782859495176	1303.80	697.41	1276.10	706.97	3.1191	2.9651
782859503510	1302.38	703.09	1281.82	713.19	3.1177	2.9326
782859511845	1296.97	703.44	1279.92	702.91	3.0863	2.9643
782859520178	1307.88	698.19	1279.60	708.92	3.0851	2.9460
782859528511	1297.58	702.61	1284.86	705.75	3.0688	2.9511
782859536844	1297.80	688.90	1282.50	704.47	3.0752	2.9210
782859545178	1298.27	695.64	1283.50	711.54	3.0926	2.9373
782859553511	1303.70	701.34	1283.47	707.56	3.0665	2.9281
782859561844	1295.20	698.75	1274.51	711.15	3.0535	2.9270
782859570178	1297.03	702.31	1274.97	718.03	3.0790	2.9081
782859578511	1295.45	697.78	1271.92	718.38	3.0742	2.9049
782859586845	1303.99	693.27	1271.66	709.39	3.0225	2.9294
782859595177	1297.08	703.42	1280.34	702.59	3.0488	2.9061
782859603510	1294.65	708.68	1275.06	700.23	3.0407	2.8633
782859611843	1291.00	710.10	1273.23	713.31	3.0301	2.9100
782859620177	1295.59	707.92	1275.82	714.60	3.0126	2.8849
782859628510	1295.03	719.08	1265.25	733.91	3.0134	2.8664
782859636843	1294.73	723.07	1274.79	735.46	3.0054	2.8524
782859645183	1292.01	721.92	1265.53	727.67	2.9754	2.8363
782859653516	1290.43	725.01	1273.46	741.96	2.9680	2.8662
782859661849	1290.76	727.48	1268.55	746.06	2.9649	2.8525
782859670182	1294.48	736.19	1273.21	751.01	2.9856	2.8390
782859678515	1292.14	739.36	1272.43	746.46	2.9781	2.8385
782859686848	1291.15	738.56	1274.07	745.98	2.9869	2.8442
782859695182	1290.29	746.54	1261.24	741.58	2.9702	2.8418
782859703515	1290.95	739.79	1268.32	745.37	2.9667	2.8082
782859711849	1296.10	744.80	1268.90	744.85	2.9814	2.8312
782859720182	1293.35	748.03	1273.07	746.78	2.9836	2.8379
782859728515	1290.05	732.03	1272.00	759.29	2.9602	2.8563
782859736848	1290.43	738.33	1262.36	751.16	2.9818	2.8346
782859745180	1291.56	735.48	1274.70	747.10	2.9622	2.8342
782859753514	1290.62	740.97	1270.68	744.17	2.9601	2.8365
782859761847	1291.45	730.92	1269.75	752.33	2.9464	2.8459
782859770180	1300.81	734.89	1278.66	736.21	2.9739	2.8364
782859778519	1289.42	729.88	1276.65	744.44	2.9551	2.8597
782859786852	1293.47	728.59	1270.80	741.02	2.9604	2.8145
782859795186	1293.60	740.66	1276.44	734.89	2.9693	2.8301
782859803519	1291.44	732.11	1275.76	742.09	2.9478	2.8349
782859811852	1296.14	733.21	1278.22	747.87	2.9402	2.8229
782859820186	1287.57	734.05	1265.92	746.05	2.9753	2.8304
782859828519	1297.77	736.12	1266.25	736.89	2.9625	2.8107
782859836853	1286.99	734.39	1273.01	741.43	2.9646	2.8350
782859845185	1289.82	728.56	1273.07	735.29	2.9529	2.8286
782859853519	1289.25	736.67	1267.32	733.55	2.9752	2.8253
782859861852	1286.95	734.27	1271.92	737.75	2.9521	2.8313
782859870185	1291.00	727.74	1269.44	735.06	2.9576	2.8139
782859878519	1291.94	727.47	1273.53	740.72	2.9484	2.8370
782859886852	1287.24	735.84	1268.89	737.67	2.9664	2.8248
782859895185	1288.80	728.85	1278.15	740.07	2.9568	2.8215
782859903521	1284.37	734.44	1271.57	736.56	2.9559	2.8250
782859911854	1295.17	734.64	1268.63	745.38	2.9585	2.8364
782859920188	1291.69	738.87	1275.91	743.46	2.9675	2.8582
782859928521	1292.21	738.66	1266.57	743.29	2.9586	2.8134
782859936854	1288.13	746.60	1273.87	743.56	2.9861	2.8363
782859945187	1295.14	742.50	1270.07	744.56	2.9687	2.8108
782859953521	1291.90	740.88	1268.79	748.27	2.9630	2.8471
782859961855	1291.33	741.17	1265.34	748.75	2.9605	2.8243
782859970187	1291.64	731.53	1272.15	733.98	2.9500	2.8416
782859978520	1287.81	728.46	1279.04	742.19	2.9459	2.8426
782859986853	1296.19	734.85	1270.57	745.58	2.9740	2.8479
782859995186	1295.54	731.31	1271.43	740.68	2.9658	2.8219
782860003520	1288.83	736.58	1275.38	738.30	2.9826	2.8343
782860011853	1288.64	737.22	1270.32	743.21	2.9536	2.8224
782860020186	1288.00	737.08	1275.06	738.87	2.9682	2.8197
782860028520	1284.50	736.51	1282.38	737.62	2.9492	2.8319
782860036860	1292.48	739.62	1273.16	739.98	2.9640	2.8328
782860045194	1290.46	737.98	1271.01	740.80	2.9552	2.8439
782860053526	1291.46	733.91	1276.39	740.79	2.9624	2.8384
782860061859	1290.95	733.48	1270.22	751.11	2.9618	2.8440
782860070192	1291.50	737.61	1269.41	747.11	2.9592	2.8198
782860078526	1290.02	733.12	1268.14	750.76	2.9458	2.8354
782860086859	1288.80	738.36	1274.22	740.71	2.9538	2.8317
782860095192	1296.15	735.46	1272.95	741.59	2.9534	2.8201
782860103526	1285.15	734.32	1273.74	749.36	2.9520	2.8295
782860111859	1293.10	729.01	1270.85	748.41	2.9593	2.8378
782860120192	1289.27	727.92	1273.25	741.97	2.9418	2.8076
782860128525	1299.37	728.87	1272.71	739.14	2.9594	2.8241
782860136858	1295.76	730.35	1277.08	735.92	2.9226	2.8142
782860145191	1291.75	738.83	1263.72	736.64	2.9503	2.8221
782860153525	1291.38	736.03	1276.17	743.35	2.9378	2.7965
782860161858	1290.22	734.40	1276.50	743.06	2.9363	2.8225
782860170196	1288.37	743.75	1271.24	740.84	2.9419	2.8013
782860178529	1285.70	746.82	1271.23	746.17	2.9429	2.8013
782860186862	1295.53	736.04	1265.74	743.27	2.9388	2.7998
782860195195	1287.19	732.04	1274.94	738.30	2.9271	2.8066
782860203529	1291.99	738.89	1277.88	733.68	2.9196	2.7999
782860211861	1283.36	738.11	1277.24	740.34	2.9154	2.7998
782860220194	1266.65	757.18	1250.49	752.49	2.9001	2.7918
782860228528	1258.73	774.38	1252.85	788.05	2.9103	2.7597
782860236861	1266.45	782.35	1251.69	812.52	2.8944	2.7915
782860245194	1268.73	786.53	1262.01	803.45	2.8690	2.7428
782860253528	1262.50	793.90	1264.00	806.18	2.8839	2.7616
782860261861	1266.56	791.67	1255.32	812.47	2.8753	2.7632
782860270195	1259.99	789.94	1257.03	812.20	2.8850	2.7510
782860278529	1271.17	794.09	1254.65	808.33	2.8947	2.7410
782860286861	1259.75	787.84	1249.02	809.10	2.8902	2.7542
782860295199	1260.93	786.81	1251.87	815.46	2.8693	2.7563
782860303532	1258.53	787.62	1253.55	811.92	2.8748	2.7506
782860311865	1263.56	783.39	1249.65	813.38	2.8730	2.7478
782860320198	1271.80	791.06	1261.79	811.15	2.8881	2.7458
782860328531	1264.96	788.28	1257.32	807.72	2.8756	2.7529
782860336865	1263.42	786.21	1247.73	805.37	2.8752	2.7515
782860345198	1260.76	785.52	1253.08	806.16	2.8602	2.7402
782860353531	1272.40	788.59	1258.30	815.35	2.8650	2.7260
782860361864	1266.37	792.12	1261.61	812.14	2.8787	2.7515
782860370197	1260.97	786.43	1249.20	821.83	2.8596	2.7480
782860378531	1265.05	792.04	1259.14	820.54	2.8791	2.7419
782860386864	1270.13	795.88	1256.43	813.62	2.8834	2.7541
782860395197	1262.78	789.33	1247.42	808.44	2.8875	2.7299
782860403530	1269.93	795.59	1257.08	803.96	2.8847	2.7323
782860411864	1262.96	795.52	1252.55	804.33	2.8741	2.7428
782860420198	1269.10	788.45	1250.61	817.26	2.8828	2.7417
782860428537	1263.49	792.92	1254.24	818.16	2.9039	2.7636
782860436870	1269.42	785.30	1258.75	814.01	2.8982	2.7481
782860445203	1268.97	788.91	1250.74	812.15	2.8579	2.7286
782860453536	1269.22	797.53	1254.34	812.39	2.8774	2.7452
782860461870	1267.78	788.49	1253.41	828.25	2.8830	2.7538
782860470203	1270.97	788.05	1252.32	817.40	2.9007	2.7485
782860478536	1265.67	783.65	1251.33	816.19	2.8611	2.7506
782860486870	1243.29	806.52	1246.75	823.13	2.8973	2.7569
782860495203	1143.04	864.97	1178.45	807.62	2.9155	2.7610
782860503537	NaN	NaN	1082.58	1061.94	NaN	2.8445
782860511869	NaN	NaN	NaN	NaN	NaN	NaN
782860520202	NaN	NaN	NaN	NaN	NaN	NaN
782860528535	NaN	NaN	NaN	NaN	NaN	NaN
782860536869	NaN	NaN	816.61	943.91	NaN	2.7440
782860545203	NaN	NaN	798.80	846.03	NaN	2.7762
782860553536	801.71	1062.62	856.56	856.09	2.8970	2.8103
782860561872	826.91	859.59	893.94	851.07	2.9021	2.8407
782860570205	842.86	873.80	907.96	824.67	2.8843	2.7843
782860578539	869.40	842.26	923.81	812.56	2.8807	2.7989
782860586872	883.07	834.20	916.35	801.83	2.9263	2.8131
782860595204	895.49	823.54	930.54	800.81	2.9189	2.8152
782860603538	912.35	815.70	917.91	799.14	2.9131	2.8047
782860611871	918.55	800.21	921.53	790.21	2.9094	2.8063
782860620204	922.29	810.79	921.14	806.50	2.8857	2.8124
782860628538	926.92	804.91	914.14	798.29	2.8973	2.8099
782860636871	935.06	801.52	926.95	794.66	2.9028	2.8069
782860645204	937.75	797.50	923.34	800.12	2.8690	2.7938
782860653538	947.83	802.47	930.84	794.57	2.8927	2.7983
782860661871	940.87	805.31	924.02	801.53	2.9038	2.8185
782860670203	943.51	805.29	926.74	791.45	2.9135	2.8093
782860678537	945.13	803.80	930.13	795.61	2.9139	2.8168
782860686870	947.30	811.13	926.51	796.17	2.9294	2.8022
782860695208	946.59	808.31	933.67	802.58	2.9187	2.7868
782860703542	947.95	807.08	931.07	803.28	2.9151	2.7790
782860711875	950.49	811.20	930.71	807.62	2.8985	2.8023
782860720208	943.16	797.51	932.69	809.14	2.9076	2.8014
782860728542	941.24	813.61	939.64	801.13	2.8839	2.7808
782860736875	947.35	808.34	931.42	801.70	2.9087	2.7828
782860745207	950.20	806.44	934.43	802.83	2.9016	2.7897
782860753541	943.09	804.63	932.75	796.13	2.9078	2.7742
782860761874	950.20	810.36	934.26	809.31	2.9385	2.7972
782860770207	940.54	805.70	933.57	802.75	2.9153	2.7778
782860778541	951.18	811.52	936.91	799.35	2.8910	2.7955
782860786874	946.68	808.89	931.21	802.37	2.9139	2.7713
782860795207	936.39	812.23	930.83	814.90	2.9287	2.7916
782860803541	947.48	805.59	932.80	816.81	2.8809	2.7789
782860811874	955.87	800.54	929.10	815.90	2.8989	2.8060
782860820210	938.82	812.90	931.85	816.21	2.8593	2.8167
782860828544	944.73	808.84	930.86	806.11	2.8873	2.7707
782860836877	942.45	805.34	931.71	814.47	2.9202	2.7706
782860845210	946.68	803.88	932.47	821.44	2.8948	2.7806
782860853544	952.88	808.31	930.32	819.85	2.9211	2.7690
782860861877	949.92	796.27	934.79	808.85	2.8886	2.7881
782860870210	942.90	808.21	935.59	814.48	2.9255	2.7872
782860878544	905.73	813.61	913.49	816.42	2.9234	2.8013
782860886877	883.07	811.20	875.48	831.39	2.9080	2.8029
782860895210	897.17	817.47	884.50	840.45	2.8878	2.7823
782860903543	881.18	811.62	892.71	831.84	2.8764	2.8100
782860911876	893.34	822.66	888.86	826.45	2.9131	2.7788
782860920209	889.56	814.35	891.03	830.44	2.9035	2.8049
782860928543	898.23	812.77	885.31	832.19	2.8807	2.7772
782860936876	886.64	815.47	889.83	830.77	2.8827	2.7874
782860945209	883.62	825.76	886.72	831.57	2.9281	2.7899
782860953549	896.68	827.02	893.36	821.41	2.9283	2.7955
782860961882	880.84	837.31	890.65	831.24	2.9146	2.8018
782860970215	887.28	814.75	885.58	821.58	2.8990	2.8051
782860978548	887.47	820.38	891.39	832.31	2.8765	2.8109
782860986881	898.24	813.18	894.98	822.03	2.8869	2.7694
782860995214	896.44	804.27	895.63	829.10	2.8863	2.8013
782861003548	894.38	818.96	890.18	833.25	2.9048	2.7892
782861011881	893.67	814.79	896.88	844.90	2.8870	2.8292
782861020214	895.76	814.22	902.80	829.68	2.8887	2.8289
782861028548	894.87	815.48	897.68	838.25	2.9062	2.8298
782861036881	885.81	817.94	896.55	825.52	2.9084	2.7827
782861045214	893.95	820.87	896.91	840.83	2.8986	2.8116
782861053547	899.43	815.49	889.57	836.96	2.9085	2.8189
782861061880	896.91	827.37	888.34	832.18	2.9410	2.8006
782861070213	893.46	822.44	898.13	832.56	2.9073	2.8167
782861078546	892.52	817.53	896.87	834.82	2.9111	2.8147
782861086884	909.75	824.40	897.40	834.38	2.9349	2.8144
782861095217	1010.34	755.58	1036.45	778.69	2.9376	2.8618
782861103550	1098.34	697.88	1161.08	703.39	3.0091	2.8816
782861111884	1221.06	644.48	1247.76	653.80	3.0302	2.8567
782861120217	1290.73	627.46	1321.84	639.40	3.0128	2.8789
782861128549	1302.35	635.74	1299.75	645.73	3.0266	2.9000
782861136883	1297.13	631.19	1307.10	637.44	3.0365	2.9021
782861145216	1311.07	641.94	1306.83	636.51	3.0303	2.8976
782861153549	1310.26	637.88	1294.44	644.34	3.0272	2.8641
782861161883	1306.98	641.29	1292.41	653.23	3.0283	2.8641
782861170216	1304.47	640.17	1288.96	635.62	3.0231	2.8515
782861178549	1298.79	642.14	1283.94	646.48	3.0165	2.8579
782861186883	1295.06	642.59	1286.47	642.80	3.0323	2.8759
782861195216	1304.63	642.48	1285.64	640.30	3.0242	2.8436
782861203548	1295.10	645.21	1281.93	646.07	3.0235	2.8579
782861211882	1299.12	639.21	1292.13	643.13	3.0189	2.8450
782861220219	1288.65	648.92	1283.93	643.88	3.0303	2.8371
782861228552	1301.32	640.74	1283.13	641.08	3.0215	2.8373
782861236886	1302.14	646.75	1284.38	646.29	3.0290	2.8504
782861245219	1300.69	640.64	1285.17	653.20	3.0183	2.8403
782861253552	1296.44	638.73	1283.45	652.59	3.0272	2.8383
782861261886	1304.32	634.28	1291.28	651.25	3.0223	2.8540
782861270219	1303.53	634.68	1284.77	650.58	3.0090	2.8382
782861278552	1303.56	640.10	1286.61	651.97	3.0107	2.8414
782861286885	1302.39	642.97	1287.37	651.33	3.0036	2.8470
782861295218	1301.71	647.50	1290.91	652.51	3.0090	2.8387
782861303551	1298.69	641.20	1290.81	653.44	3.0053	2.8279
782861311885	1299.24	641.76	1286.44	654.89	3.0017	2.8401
782861320218	1304.84	645.60	1291.26	657.39	2.9986	2.8453
782861328551	1298.38	641.47	1290.42	641.88	2.9937	2.8263
782861336885	1308.57	642.07	1288.73	641.11	3.0123	2.8236
782861345222	1312.72	644.92	1285.08	644.70	3.0068	2.8266
782861353555	1307.66	642.00	1290.81	654.89	3.0248	2.8107
782861361888	1311.41	643.17	1288.20	639.28	3.0034	2.8132
782861370221	1314.98	649.84	1289.04	641.93	2.9770	2.7977
782861378554	1310.60	646.68	1278.11	640.30	2.9699	2.7944
782861386888	1316.31	661.69	1321.18	667.17	3.0106	2.8009
782861395221	1402.46	675.77	1399.23	686.02	2.9807	2.8014
782861403554	1417.67	684.66	1399.28	699.14	2.9871	2.7981
782861411888	1412.95	690.52	1398.86	699.43	2.9725	2.8047
782861420221	1420.11	688.48	1405.85	699.21	2.9796	2.7959
782861428554	1425.47	689.09	1405.91	699.48	2.9632	2.7789
782861436887	1422.32	684.95	1395.08	683.93	2.9685	2.7692
782861445220	1420.02	689.98	1401.74	701.08	2.9668	2.7743
782861453553	1419.26	691.34	1398.20	693.14	2.9535	2.7780
782861461887	1419.78	685.80	1400.93	695.60	2.9748	2.7754
782861470220	1418.37	685.13	1395.88	701.67	2.9619	2.7720
782861478559	1417.10	692.54	1396.42	700.78	2.9602	2.7613
782861486893	1415.28	688.67	1397.99	691.68	2.9665	2.7512
782861495226	1418.11	689.19	1396.84	694.12	2.9718	2.7637
782861503559	1413.56	687.67	1393.07	693.03	2.9437	2.7597
782861511892	1413.13	690.54	1393.68	695.77	2.9642	2.7789
782861520225	1411.93	685.44	1395.62	698.70	2.9550	2.7858
782861528558	1412.63	684.73	1393.79	697.68	2.9570	2.7597
782861536892	1415.63	685.55	1395.29	691.48	2.9543	2.7816
782861545225	1404.53	689.79	1393.02	696.83	2.9719	2.7838
782861553558	1408.89	694.62	1391.93	692.07	2.9680	2.7749
782861561892	1442.35	689.46	1434.83	701.04	2.9911	2.7951
782861570225	1548.79	695.57	1561.45	720.17	2.9991	2.8309
782861578558	1648.69	686.50	1671.71	708.96	3.0002	2.8212
782861586891	1733.24	673.34	1775.28	704.46	2.9837	2.7994
782861595224	1775.53	662.54	1815.38	694.90	2.9864	2.7913
782861603557	1834.64	663.42	1888.20	677.72	3.0104	2.7957
782861611895	1819.78	659.59	1880.65	671.06	3.0014	2.7888
782861620228	1803.73	647.63	1876.35	664.94	3.0027	2.8137
782861628561	1777.12	649.37	1819.03	659.38	3.0122	2.8144
782861636894	1798.52	658.33	1824.09	669.83	3.0266	2.8244
782861645228	1800.03	658.84	1818.67	659.16	3.0078	2.8123
782861653561	1788.05	659.10	1816.33	660.42	3.0130	2.8202
782861661894	1793.15	655.27	1813.46	662.56	3.0072	2.8116
782861670227	1794.71	654.20	1815.24	661.43	2.9925	2.8124
782861678560	1798.52	657.38	1811.68	662.16	3.0047	2.7991
782861686893	1793.12	653.48	1804.41	673.51	2.9885	2.7988
782861695227	1794.69	658.73	1806.14	666.69	2.9917	2.7868
782861703560	1788.40	659.93	1801.52	667.52	3.0053	2.7779
782861711893	1786.15	662.30	1800.28	668.33	3.0169	2.7992
782861720227	1790.04	656.34	1792.05	661.91	2.9702	2.7922
782861728560	1788.55	659.80	1797.71	667.67	2.9878	2.7959
782861736898	1786.88	657.10	1791.85	660.21	2.9965	2.7992
782861745231	1788.14	651.30	1794.75	665.31	2.9662	2.8042
782861753564	1779.17	660.94	1792.87	678.15	2.9956	2.7923
782861761897	1783.59	648.47	1793.37	673.38	2.9753	2.7947
782861770231	1785.94	657.80	1790.95	673.35	2.9815	2.7794
782861778564	1783.24	662.00	1783.39	673.04	2.9766	2.7850
782861786897	1781.14	662.69	1785.74	676.11	2.9752	2.7941
782861795231	1782.59	665.18	1784.02	679.32	2.9782	2.7725
782861803564	1744.97	652.77	1762.62	652.14	2.9751	2.7992
782861811897	1704.14	633.99	1721.54	629.93	2.9658	2.8266
782861820230	1712.74	628.62	1727.91	629.77	2.9884	2.7990
782861828563	1716.79	628.59	1726.64	624.42	2.9601	2.8038
782861836896	1705.49	628.99	1713.04	625.13	2.9755	2.8049
782861845230	1715.76	633.64	1716.09	625.91	2.9812	2.7976
782861853563	1710.08	630.73	1716.37	629.31	2.9507	2.8055
782861861896	1713.37	631.82	1716.75	625.02	2.9724	2.7951
782861870233	1711.05	635.04	1719.89	631.57	2.9781	2.8167
782861878567	1712.89	632.25	1713.00	637.84	2.9716	2.7845
782861886900	1715.28	628.50	1714.27	636.33	2.9655	2.7943
782861895233	1710.58	639.43	1712.80	629.15	2.9884	2.7984
782861903565	1715.64	636.16	1710.77	631.82	2.9567	2.7834
782861911899	1705.99	631.41	1715.85	629.78	2.9657	2.7918
782861920233	1714.46	631.72	1709.14	628.17	2.9698	2.7901
782861928566	1709.27	632.21	1712.84	629.91	2.9707	2.7986
782861936899	1708.33	638.79	1714.65	629.87	2.9633	2.7883
782861945232	1710.99	638.34	1704.18	631.33	2.9571	2.7968
782861953565	1701.47	641.13	1705.24	629.58	2.9660	2.8131
782861961899	1708.63	631.86	1712.02	625.48	2.9684	2.7974
782861970232	1716.16	637.50	1706.75	626.87	2.9716	2.8055
782861978565	1706.96	637.73	1712.45	633.45	2.9516	2.7860
782861986898	1716.00	637.60	1705.77	628.44	2.9658	2.8021
782861995231	1712.63	632.52	1703.95	637.39	2.9800	2.8048
782862003570	1710.17	636.92	1706.32	633.67	2.9676	2.8120
782862011903	1715.90	632.05	1705.72	627.73	2.9806	2.8238
782862020237	1712.03	629.78	1709.29	633.38	2.9498	2.8153
782862028569	1713.02	640.14	1708.09	627.43	2.9848	2.8218
782862036903	1713.35	634.20	1705.69	632.23	2.9634	2.8083
782862045237	1714.25	634.13	1702.76	627.05	2.9515	2.8086
782862053568	1646.28	596.65	1650.54	611.77	2.9757	2.8739
782862061902	1567.53	552.30	1585.44	541.91	3.0125	2.8232
782862070235	1561.81	507.68	1557.72	515.04	2.9957	2.8454
782862078568	1530.50	496.31	1531.95	492.46	2.9903	2.8471
782862086902	1539.34	494.53	1533.31	501.58	2.9663	2.8416
782862095236	1541.05	496.18	1539.20	489.37	2.9883	2.8426
782862103568	1535.94	493.34	1535.11	491.67	2.9893	2.8423
782862111902	1550.38	490.47	1537.35	489.23	2.9820	2.8482
782862120235	1533.69	500.51	1531.87	482.77	2.9816	2.8280
782862128568	1542.21	498.65	1537.89	481.97	2.9820	2.8393
782862136906	1547.59	494.89	1533.70	482.64	2.9959	2.8386
782862145239	1540.87	494.56	1534.46	483.84	2.9754	2.8564
782862153572	1544.19	500.09	1533.19	489.10	2.9878	2.8550
782862161906	1551.93	496.38	1540.11	483.02	3.0039	2.8338
782862170239	1543.11	493.23	1537.39	482.14	2.9957	2.8468
