t	gaze_point_LX	gaze_point_LY	gaze_point_RX	gaze_point_RY	pupil_diameter_L	pupil_diameter_R
782450577736	1290.80	489.63	1248.00	503.61	3.7629	3.5704
782450586069	1287.88	490.68	1240.84	496.28	3.7806	3.5466
782450594402	1292.92	493.69	1242.35	496.66	3.7696	3.5490
782450602735	1285.71	487.37	1242.72	507.17	3.7966	3.5668
782450611068	1286.81	485.70	1239.66	504.17	3.7732	3.5626
782450619402	1286.69	487.55	1247.34	490.90	3.7726	3.5589
782450627735	1297.25	496.42	1242.18	494.87	3.7862	3.5750
782450636068	1299.92	494.79	1239.16	496.03	3.7880	3.5780
782450644402	1301.86	492.31	1243.69	494.94	3.7980	3.5758
782450652733	1300.15	483.47	1244.13	491.14	3.7885	3.5752
782450661067	1297.67	484.93	1253.47	491.91	3.7922	3.5746
782450669399	1302.23	483.69	1244.44	500.79	3.8273	3.5647
782450677732	1296.82	486.51	1248.63	511.04	3.7939	3.5642
782450686070	1291.37	494.09	1247.54	509.07	3.8105	3.5672
782450694403	1288.63	489.09	1250.72	498.32	3.8070	3.5678
782450702737	1284.06	499.35	1247.89	493.65	3.8058	3.5706
782450711070	1291.18	503.87	1252.90	496.78	3.8073	3.5925
782450719403	1295.18	498.38	1260.71	494.83	3.8164	3.5690
782450727737	1298.73	478.71	1255.63	488.79	3.8006	3.5853
782450736070	1296.18	477.60	1253.77	487.43	3.7976	3.5817
782450744404	1296.74	487.44	1254.37	491.08	3.8101	3.5688
782450752736	1293.88	498.37	1251.61	504.37	3.8058	3.5638
782450761070	1294.02	497.84	1251.73	496.24	3.8012	3.5834
782450769402	1289.53	496.40	1250.91	504.48	3.8076	3.5847
782450777736	1295.07	498.30	1249.51	502.75	3.8087	3.5661
782450786070	1291.31	486.66	1243.06	506.83	3.8183	3.5797
782450794403	1296.12	487.21	1246.91	503.73	3.8177	3.5925
782450802734	1287.20	487.42	1252.04	505.03	3.8289	3.5858
782450811067	1295.21	493.22	1247.58	505.73	3.8209	3.5921
782450819407	1292.99	492.29	1240.50	499.76	3.8255	3.6070
782450827740	1290.66	492.05	1248.12	494.00	3.8169	3.6003
782450836073	1289.58	491.83	1249.12	501.11	3.8429	3.5871
782450844406	1295.95	489.49	1248.80	506.20	3.8335	3.6031
782450852739	1288.35	483.16	1255.94	501.10	3.8181	3.5827
782450861073	1294.73	490.56	1256.92	505.71	3.8392	3.5681
782450869405	1293.24	487.87	1256.99	502.81	3.8472	3.5896
782450877739	1289.44	485.51	1260.45	499.10	3.8347	3.5798
782450886073	1282.32	497.06	1253.59	514.45	3.8590	3.6050
782450894406	1284.58	549.39	1248.82	565.81	3.8347	3.5848
782450902739	1279.92	616.95	1246.88	639.75	3.7674	3.5611
782450911073	1284.71	696.96	1246.51	713.83	3.8278	3.5747
782450919404	1298.92	709.75	1257.50	730.16	3.8440	3.6079
782450927740	1296.48	721.03	1258.50	731.91	3.8539	3.5942
782450936072	1290.81	735.54	1251.57	719.47	3.8624	3.5371
782450944405	1294.54	729.04	1255.25	704.09	3.8846	3.5446
782450952742	1296.13	708.18	1247.98	753.08	3.8129	3.5751
782450961077	1290.99	724.57	1255.50	703.25	3.8710	3.5130
782450969411	1287.53	727.46	1250.29	746.55	3.8504	3.5830
782450977744	1289.84	736.24	1250.38	737.39	3.8866	3.5893
782450986077	1294.26	682.55	1252.33	704.23	3.7690	3.5428
782450994410	1299.26	709.24	1254.12	735.59	3.8591	3.5985
782451002741	1293.58	705.97	1256.11	751.16	3.8779	3.6110
782451011076	1297.16	701.02	1255.63	743.84	3.8145	3.6101
782451019408	1290.35	715.21	1249.49	716.48	3.8237	3.5364
782451027741	1290.48	722.61	1251.33	721.04	3.8396	3.5544
782451036074	1297.73	706.24	1245.72	717.17	3.8024	3.5614
782451044409	1287.01	711.16	1243.20	716.26	3.8382	3.5459
782451052743	1290.10	726.88	1240.29	754.92	3.8666	3.6488
782451061076	1288.86	721.86	1240.88	740.58	3.8427	3.6028
782451069409	1290.72	733.19	1236.87	725.87	3.8580	3.5610
782451077742	1302.27	732.09	1230.65	747.53	3.8689	3.6018
782451086080	1298.78	712.86	1233.83	744.32	3.8454	3.5900
782451094413	1302.52	710.06	1241.81	716.34	3.8399	3.5364
782451102747	1308.21	720.48	1234.29	740.74	3.8616	3.5704
782451111078	1298.89	704.42	1241.48	740.96	3.8268	3.6031
782451119412	1305.44	714.11	1234.12	749.47	3.8281	3.6098
782451127745	1300.28	706.33	1241.25	729.58	3.8428	3.5393
782451136078	1300.26	732.84	1240.82	734.99	3.8844	3.5750
782451144412	1296.24	719.84	1249.00	732.56	3.8477	3.5589
782451152744	1286.51	727.29	1246.52	708.01	3.8569	3.5326
782451161079	1289.58	715.80	1237.18	702.30	3.8374	3.5261
782451169412	1288.92	707.90	1247.12	680.69	3.8153	3.4896
782451177746	1284.50	716.97	1243.51	677.79	3.8424	3.4983
782451186079	1296.27	723.32	1240.33	711.73	3.8544	3.5515
782451194412	1283.59	704.10	1250.59	676.46	3.8047	3.4939
782451202746	1283.75	717.76	1243.54	705.41	3.8574	3.5391
782451211083	1284.12	707.07	1246.73	696.31	3.8100	3.5265
782451219416	1288.15	698.42	1252.13	702.88	3.8027	3.5186
782451227749	1283.23	712.80	1244.74	706.83	3.8194	3.5360
782451236082	1282.44	680.70	1246.28	722.71	3.7759	3.5568
782451244413	1289.00	686.11	1242.27	714.57	3.7736	3.5430
782451252748	1286.34	697.18	1247.10	709.32	3.7944	3.5269
782451261080	1298.29	732.27	1240.41	716.93	3.8958	3.5339
782451269414	1311.88	734.16	1251.59	737.13	3.8636	3.5594
782451277746	1310.96	714.01	1246.13	738.04	3.8427	3.5396
782451286082	1308.07	739.21	1254.32	741.48	3.8955	3.5705
782451294415	1311.12	723.85	1244.59	737.10	3.8782	3.5520
782451302748	1314.19	725.66	1250.05	737.78	3.8789	3.5570
782451311081	1318.75	721.65	1246.99	751.41	3.8659	3.5771
782451319414	1314.83	713.41	1252.04	732.12	3.8478	3.5571
782451327745	1310.43	714.19	1244.15	760.95	3.8485	3.6276
782451336079	1304.46	724.28	1249.33	754.61	3.8749	3.6068
782451344417	1301.30	726.57	1258.76	744.80	3.8758	3.6170
782451352750	1294.26	720.49	1263.01	755.03	3.8598	3.5975
782451361086	1299.15	721.89	1256.23	729.31	3.8545	3.5754
782451369419	1294.18	723.95	1259.34	726.43	3.8572	3.5736
782451377753	1296.55	724.80	1256.82	744.41	3.8622	3.6088
782451386085	1307.12	722.39	1261.55	734.96	3.8469	3.5905
782451394418	1298.82	713.88	1255.97	709.43	3.8404	3.5610
782451402751	1304.08	704.36	1262.63	766.91	3.8334	3.6644
782451411085	1303.56	702.01	1264.84	716.00	3.8356	3.5639
782451419418	1305.07	720.15	1255.91	751.78	3.8671	3.6204
782451427751	1298.57	708.28	1263.69	747.95	3.8299	3.6328
782451436085	1304.73	713.09	1254.57	708.83	3.8634	3.5479
782451444418	1302.16	709.69	1261.66	715.70	3.8300	3.5712
782451452751	1301.68	732.31	1256.40	732.59	3.8832	3.6170
782451461085	1302.95	720.03	1259.49	741.32	3.8387	3.6080
782451469417	1308.80	719.40	1251.64	729.20	3.8739	3.5786
782451477755	1302.45	721.83	1256.26	713.31	3.8808	3.5471
782451486089	1300.55	719.65	1251.23	722.38	3.8744	3.5706
782451494422	1298.37	719.66	1260.63	724.92	3.8556	3.5774
782451502755	1294.61	725.65	1254.58	740.10	3.8725	3.5988
782451511089	1308.36	730.45	1250.44	723.13	3.8676	3.5757
782451519422	1296.34	705.12	1249.43	748.43	3.8202	3.6199
782451527755	1311.08	706.63	1254.90	735.83	3.8280	3.5757
782451536089	1311.55	724.20	1251.36	702.25	3.8791	3.5019
782451544421	1309.18	716.42	1248.41	725.75	3.8643	3.5451
782451552754	1308.93	713.49	1255.46	727.98	3.8625	3.5478
782451561088	1307.26	716.87	1253.19	726.91	3.8744	3.5417
782451569419	1310.84	720.05	1258.79	698.60	3.8709	3.4962
782451577754	1307.81	723.76	1246.30	751.24	3.8775	3.5766
782451586088	1304.41	732.95	1254.12	740.22	3.8775	3.5453
782451594421	1300.27	721.03	1251.86	729.57	3.8700	3.5240
782451602754	1297.52	704.92	1255.05	725.63	3.7835	3.5094
782451611093	1297.64	713.60	1252.68	722.00	3.7957	3.5127
782451619426	1296.28	720.32	1255.50	742.12	3.8121	3.5460
782451627758	1298.51	715.61	1251.15	714.92	3.8148	3.4934
782451636092	1295.48	716.54	1252.65	734.34	3.8165	3.5462
782451644425	1294.97	701.75	1256.84	687.03	3.7601	3.4479
782451652758	1295.32	709.33	1261.03	688.80	3.7806	3.4327
782451661092	1296.29	727.98	1262.49	709.42	3.7989	3.4763
782451669425	1292.47	705.37	1255.44	711.54	3.7532	3.4481
782451677758	1297.89	725.38	1251.23	732.82	3.8059	3.4855
782451686092	1306.28	717.47	1251.51	730.30	3.7843	3.4724
782451694425	1302.71	703.98	1258.96	728.18	3.7356	3.4401
782451702758	1305.09	687.27	1256.50	711.12	3.7181	3.4326
782451711091	1296.13	681.90	1251.09	710.39	3.6845	3.4058
782451719424	1301.12	705.85	1253.56	700.13	3.7178	3.4212
782451727757	1305.63	720.85	1257.49	702.92	3.7497	3.3875
782451736096	1297.81	685.00	1255.93	702.98	3.6765	3.3861
782451744429	1305.14	682.64	1256.82	713.41	3.6781	3.4248
782451752762	1301.92	698.90	1250.07	718.73	3.6821	3.4098
782451761095	1304.06	693.36	1254.93	715.80	3.6984	3.3895
782451769429	1304.91	709.81	1254.55	704.62	3.7083	3.3966
782451777762	1303.04	716.53	1251.84	709.13	3.7299	3.3683
782451786095	1303.32	692.81	1257.78	705.71	3.6700	3.3553
782451794428	1300.38	705.21	1252.85	712.15	3.6853	3.3940
782451802761	1304.21	680.42	1256.58	705.50	3.6528	3.3695
782451811094	1303.27	687.41	1259.27	707.83	3.6360	3.3815
782451819428	1301.34	681.64	1251.85	708.82	3.6394	3.3957
782451827762	1292.48	678.64	1260.20	703.32	3.6118	3.3672
782451836094	1292.04	682.55	1252.93	709.27	3.6085	3.3708
782451844428	1296.98	694.10	1255.18	708.20	3.6657	3.3565
782451852761	1303.57	678.36	1265.12	722.20	3.6188	3.3962
782451861094	1304.87	719.89	1257.82	700.93	3.7061	3.3480
782451869431	1300.44	685.03	1259.89	700.27	3.6392	3.3549
782451877764	1307.60	707.00	1260.88	705.65	3.6838	3.3538
782451886097	1298.55	697.11	1257.88	710.07	3.6255	3.3473
782451894431	1301.00	675.96	1258.12	683.64	3.5876	3.3399
782451902764	1297.59	680.07	1260.73	694.98	3.5925	3.3476
782451911098	1302.17	711.72	1259.25	688.24	3.6407	3.3483
782451919431	1297.48	687.02	1260.65	691.23	3.5947	3.3362
782451927764	1298.22	686.39	1255.98	694.97	3.5890	3.3349
782451936098	1305.40	696.80	1264.42	691.24	3.6077	3.3334
782451944430	1293.19	685.86	1255.86	689.68	3.5929	3.3101
782451952764	1299.76	715.21	1257.49	696.95	3.6409	3.3148
782451961096	1304.33	727.72	1262.75	692.26	3.6919	3.3227
782451969430	1304.18	704.30	1268.42	696.51	3.6281	3.3054
782451977763	1298.33	675.68	1265.65	700.94	3.5676	3.3096
782451986096	1296.29	689.24	1267.07	709.41	3.6174	3.3324
782451994430	1302.39	672.79	1272.27	704.54	3.5805	3.3222
782452002768	1294.65	706.29	1264.17	701.93	3.6415	3.3256
782452011101	1293.82	681.87	1269.53	696.55	3.5876	3.3270
782452019435	1294.53	704.37	1266.10	700.42	3.6398	3.3167
782452027767	1290.38	666.42	1261.33	708.09	3.5563	3.3272
782452036101	1298.25	666.75	1262.65	701.07	3.5471	3.2943
782452044434	1298.94	677.43	1253.04	726.71	3.5867	3.3657
782452052767	1299.58	661.80	1258.03	710.79	3.5609	3.3305
782452061100	1302.40	718.11	1257.86	703.38	3.6788	3.3287
782452069434	1302.48	699.52	1262.32	701.12	3.6566	3.3226
782452077767	1302.46	685.66	1263.45	692.11	3.6143	3.3119
782452086100	1299.65	733.42	1258.73	696.89	3.6914	3.3028
782452094434	1304.41	707.08	1257.44	690.81	3.6579	3.3027
782452102766	1295.49	699.81	1259.73	689.49	3.6315	3.3138
782452111097	1287.74	693.84	1254.92	693.91	3.6250	3.3178
782452119431	1295.56	689.51	1255.56	697.46	3.6075	3.3261
782452127771	1291.31	692.88	1259.23	702.96	3.6090	3.2994
782452136104	1292.67	668.99	1260.31	710.76	3.5806	3.3265
782452144438	1278.86	653.34	1259.54	665.51	3.5980	3.3314
782452152771	1287.62	621.35	1273.70	644.06	3.6023	3.3306
782452161105	1294.65	613.81	1277.64	633.05	3.6148	3.3455
782452169436	1307.14	621.56	1268.79	628.16	3.6063	3.3334
782452177771	1299.08	620.26	1272.11	634.45	3.5957	3.3348
782452186103	1296.86	625.53	1271.34	635.21	3.5942	3.3234
782452194437	1293.70	604.81	1273.66	637.22	3.5685	3.3039
782452202770	1298.52	602.37	1268.44	633.17	3.5589	3.2914
782452211103	1298.88	610.81	1269.47	639.28	3.5577	3.3032
782452219437	1296.27	622.61	1268.31	641.19	3.5722	3.2864
782452227770	1305.49	611.98	1267.67	631.55	3.5503	3.2877
782452236101	1296.99	630.19	1265.80	629.27	3.5431	3.2761
782452244435	1289.79	618.70	1268.87	623.88	3.5149	3.2783
782452252768	1297.39	621.35	1264.72	623.93	3.4919	3.2702
782452261104	1297.38	613.58	1268.72	623.40	3.4828	3.2625
782452269438	1294.50	627.36	1263.29	623.23	3.4948	3.2529
782452277771	1296.36	627.48	1266.79	636.35	3.4849	3.2371
782452286105	1293.15	621.93	1270.14	625.09	3.4751	3.2299
782452294437	1295.92	615.80	1271.16	629.46	3.4554	3.2351
782452302771	1289.81	622.10	1259.67	637.74	3.4595	3.2263
782452311104	1295.26	621.78	1268.92	633.54	3.4464	3.2026
782452319437	1290.28	612.10	1264.36	639.01	3.4618	3.1690
782452327771	1292.28	620.13	1261.27	639.78	3.4381	3.1888
782452336104	1298.76	612.55	1270.11	643.98	3.4343	3.2035
782452344436	1296.08	612.95	1268.51	647.27	3.4118	3.1947
782452352770	1288.34	619.19	1269.71	648.78	3.4235	3.1958
782452361105	1295.72	624.59	1279.05	639.88	3.4332	3.1502
782452369437	1293.13	612.49	1271.81	641.03	3.3988	3.1638
782452377770	1291.16	616.90	1267.31	637.55	3.4021	3.1777
782452386105	1297.06	626.88	1273.36	630.92	3.3837	3.1791
782452394441	1290.85	622.38	1268.12	632.07	3.3810	3.1843
782452402775	1296.32	626.21	1262.41	628.97	3.3792	3.1610
782452411109	1297.47	625.28	1260.92	626.97	3.3851	3.1577
782452419440	1293.11	626.80	1258.91	628.01	3.3688	3.1437
782452427774	1297.55	621.37	1267.97	631.82	3.3696	3.1745
782452436107	1296.32	626.78	1261.33	630.90	3.3600	3.1588
782452444440	1295.01	626.89	1262.17	630.60	3.3727	3.1618
782452452774	1303.12	624.20	1266.76	635.89	3.3632	3.1711
782452461107	1297.19	623.30	1267.13	634.19	3.3564	3.1655
782452469440	1299.53	628.97	1268.86	633.57	3.3569	3.1598
782452477774	1294.98	629.23	1258.76	636.71	3.3565	3.1697
782452486107	1291.54	618.31	1256.60	648.84	3.3446	3.1714
782452494441	1302.84	625.04	1266.48	635.00	3.3578	3.1534
782452502773	1304.31	616.20	1269.57	639.15	3.3311	3.1744
782452511106	1306.69	614.15	1264.46	640.70	3.3402	3.1625
782452519442	1300.09	618.36	1267.87	646.55	3.3418	3.1502
782452527776	1302.62	614.30	1265.67	641.01	3.3522	3.1723
782452536112	1306.82	611.29	1262.22	630.21	3.3648	3.1386
782452544444	1299.14	620.93	1265.93	647.30	3.3644	3.1794
782452552776	1296.39	608.58	1270.12	642.92	3.3351	3.1646
782452561111	1299.63	620.51	1261.01	637.99	3.3492	3.1533
782452569442	1297.68	614.18	1265.98	641.78	3.3438	3.1714
782452577775	1298.81	620.11	1262.45	631.14	3.3393	3.1515
782452586108	1299.51	626.93	1261.34	629.43	3.3517	3.1693
782452594441	1298.51	623.21	1271.28	634.29	3.3549	3.1778
782452602775	1298.04	626.93	1260.23	627.93	3.3286	3.1811
782452611108	1293.02	621.01	1269.55	626.84	3.3309	3.1889
782452619442	1298.17	625.42	1261.39	631.70	3.3428	3.1639
782452627775	1296.72	618.02	1262.58	627.08	3.3355	3.1668
782452636108	1299.24	617.53	1262.75	629.89	3.3417	3.1680
782452644441	1300.30	616.87	1265.40	637.55	3.3557	3.1812
782452652780	1302.07	622.30	1262.80	630.92	3.3264	3.1841
782452661112	1296.23	631.89	1253.28	627.10	3.3481	3.1616
782452669445	1299.49	612.40	1260.02	627.14	3.3143	3.1744
782452677779	1304.83	618.18	1258.24	632.33	3.3279	3.1829
782452686112	1295.21	622.04	1259.68	635.64	3.3237	3.1622
782452694445	1311.21	612.79	1267.32	641.73	3.3157	3.1785
782452702779	1306.66	619.38	1264.30	629.14	3.3139	3.1633
782452711112	1300.88	617.11	1263.50	627.33	3.3522	3.1701
782452719445	1298.99	609.42	1262.59	634.53	3.3045	3.1695
782452727779	1304.74	616.20	1267.73	625.77	3.3316	3.1615
782452736111	1296.24	617.19	1264.09	623.82	3.3344	3.1683
782452744445	1301.02	618.13	1261.48	634.37	3.3347	3.1628
782452752778	1302.80	618.21	1260.01	639.24	3.3139	3.1633
782452761111	1302.03	618.40	1256.42	637.81	3.3340	3.1441
782452769444	1300.98	613.72	1266.71	638.09	3.3267	3.1637
782452777778	1293.28	615.93	1264.27	638.57	3.3280	3.1501
782452786116	1298.72	619.62	1262.24	643.45	3.3426	3.1646
782452794449	1293.13	620.37	1275.29	642.91	3.3492	3.1655
782452802783	1279.79	623.63	1264.92	640.70	3.3342	3.1833
782452811116	1293.06	615.13	1267.93	640.26	3.3076	3.1748
782452819448	1289.60	616.47	1260.37	642.71	3.3250	3.1627
782452827782	1289.21	622.99	1272.19	641.90	3.3520	3.1778
782452836115	1289.85	616.54	1266.62	632.35	3.3371	3.1428
782452844448	1296.57	622.81	1268.54	635.04	3.3266	3.1663
782452852781	1291.28	625.53	1268.83	635.48	3.3308	3.1422
782452861115	1288.68	615.37	1266.34	638.98	3.3329	3.1585
782452869449	1294.29	608.97	1267.26	648.50	3.3411	3.1725
782452877781	1290.61	619.96	1266.17	644.64	3.3463	3.1649
782452886115	1294.02	610.05	1258.41	638.16	3.3458	3.1619
782452894448	1291.06	610.76	1270.38	640.19	3.3149	3.1734
782452902781	1283.49	616.31	1263.01	638.91	3.3219	3.1654
782452911114	1288.58	611.67	1268.45	639.69	3.3443	3.1724
782452919452	1293.36	619.05	1262.80	628.90	3.3492	3.1634
782452927785	1291.15	612.07	1263.10	634.70	3.3174	3.1826
782452936119	1291.37	615.23	1263.18	632.87	3.3317	3.1543
782452944452	1290.82	606.64	1265.47	640.14	3.3484	3.1797
782452952785	1295.61	610.88	1267.66	642.56	3.3522	3.1732
782452961118	1292.77	613.77	1262.74	639.31	3.3331	3.1809
782452969451	1290.67	617.34	1269.24	636.15	3.3523	3.1756
782452977783	1288.24	614.79	1265.18	638.57	3.3486	3.1811
782452986117	1296.14	614.93	1270.25	633.13	3.3566	3.1893
782452994451	1301.73	614.27	1267.07	632.67	3.3386	3.1648
782453002784	1294.92	617.84	1256.08	636.16	3.3492	3.1572
782453011117	1291.94	614.08	1261.22	630.77	3.3710	3.1984
782453019450	1289.98	628.76	1268.67	637.42	3.3622	3.1776
782453027783	1299.57	620.73	1262.33	624.68	3.3484	3.1819
782453036117	1292.88	621.00	1260.41	630.42	3.3666	3.1835
782453044450	1290.85	621.84	1258.39	635.68	3.3677	3.1952
782453052788	1295.68	630.06	1266.41	636.57	3.3755	3.1938
782453061121	1321.39	632.74	1285.78	642.55	3.3784	3.2055
782453069454	1318.93	637.56	1294.92	648.33	3.3685	3.1976
782453077788	1320.48	637.12	1295.16	650.96	3.3710	3.1913
782453086121	1320.91	643.21	1291.26	640.98	3.3863	3.1832
782453094454	1328.08	641.48	1283.70	647.81	3.3863	3.1817
782453102787	1323.09	635.40	1286.87	642.69	3.3799	3.1844
782453111121	1324.77	636.66	1296.75	646.07	3.3956	3.1818
782453119455	1327.23	635.70	1296.89	646.57	3.4046	3.1764
782453127787	1321.28	629.38	1291.85	650.99	3.3784	3.2012
782453136120	1316.82	644.35	1284.75	649.79	3.4007	3.1985
782453144453	1320.44	636.61	1289.33	648.57	3.3763	3.2230
782453152786	1325.76	633.37	1284.11	651.33	3.4010	3.2014
782453161122	1328.37	638.66	1285.36	647.40	3.3940	3.2059
782453169455	1328.58	637.64	1288.55	646.65	3.3862	3.2338
782453177793	1327.32	638.05	1284.06	644.31	3.4010	3.2280
782453186127	1326.04	635.99	1284.26	646.80	3.4048	3.2442
782453194460	1327.85	634.25	1288.70	640.89	3.3986	3.2289
782453202794	1331.27	634.84	1286.74	647.25	3.4147	3.2324
782453211127	1330.16	635.89	1283.94	656.65	3.4011	3.2303
782453219459	1329.36	638.19	1291.19	650.17	3.4172	3.2209
782453227792	1325.96	636.75	1292.59	651.75	3.4199	3.2246
782453236126	1332.15	637.85	1295.01	646.53	3.4459	3.2342
782453244459	1334.98	637.09	1294.77	643.83	3.4038	3.2333
782453252792	1325.92	640.25	1289.34	650.46	3.4313	3.2308
782453261126	1333.62	635.28	1295.33	640.04	3.4281	3.2297
782453269459	1368.84	641.88	1343.86	679.49	3.4466	3.2259
782453277792	1424.23	654.84	1403.79	692.78	3.4453	3.2469
782453286126	1448.96	686.94	1430.46	718.22	3.4079	3.2168
782453294456	1461.06	702.03	1443.96	712.96	3.4099	3.2067
782453302789	1463.48	701.87	1437.47	718.17	3.4209	3.2118
782453311127	1476.06	696.44	1437.37	728.16	3.3621	3.2038
782453319460	1466.99	696.45	1437.01	726.85	3.4097	3.1946
782453327796	1472.64	696.19	1429.06	730.07	3.4007	3.2055
782453336126	1478.26	701.88	1442.73	727.47	3.4131	3.2153
782453344460	1466.50	688.18	1435.93	729.15	3.3861	3.2029
782453352793	1476.42	690.44	1445.86	725.25	3.4057	3.1954
782453361127	1471.41	694.60	1441.14	728.31	3.4187	3.2127
782453369460	1471.70	680.06	1432.92	720.82	3.3747	3.1882
782453377792	1474.60	690.52	1437.01	728.80	3.4057	3.2073
782453386126	1466.62	689.37	1436.80	731.39	3.4012	3.2182
782453394459	1474.38	687.96	1442.55	724.67	3.3955	3.2159
782453402793	1475.33	691.32	1434.56	718.14	3.4023	3.2121
782453411126	1483.00	694.63	1438.14	723.08	3.4078	3.1822
782453419459	1477.37	699.01	1432.12	723.17	3.4069	3.2025
782453427793	1477.92	703.48	1438.78	721.30	3.4128	3.2095
782453436125	1477.41	697.60	1436.17	729.88	3.4189	3.2120
782453444464	1480.38	694.23	1435.32	729.15	3.3947	3.2273
782453452797	1471.46	689.90	1441.86	724.48	3.4134	3.2221
782453461129	1476.24	693.34	1433.27	722.92	3.4259	3.2086
782453469463	1474.64	703.25	1437.49	729.24	3.4465	3.1946
782453477794	1472.60	697.70	1439.72	723.93	3.4371	3.2060
782453486128	1473.89	699.96	1438.16	723.52	3.4355	3.2248
782453494463	1472.92	696.47	1446.06	720.67	3.4326	3.1969
782453502794	1480.56	690.21	1434.55	728.61	3.4212	3.2168
782453511128	1477.28	689.15	1440.29	723.35	3.4391	3.2213
782453519461	1481.67	685.91	1439.02	731.92	3.4440	3.2182
782453527795	1473.57	698.08	1433.96	731.54	3.4290	3.2198
782453536127	1477.43	691.66	1435.48	730.48	3.4252	3.2253
782453544460	1470.33	687.22	1437.43	732.39	3.4181	3.2226
782453552794	1475.76	688.91	1431.46	723.41	3.4232	3.2173
782453561126	1473.72	692.79	1432.94	724.15	3.4174	3.2091
782453569467	1470.55	690.44	1443.13	721.92	3.4318	3.2114
782453577801	1464.40	695.62	1435.34	731.85	3.4433	3.2228
782453586133	1466.92	693.16	1430.66	723.21	3.4368	3.2260
782453594467	1464.45	687.49	1440.88	717.60	3.4398	3.2230
782453602800	1467.79	687.16	1443.70	719.59	3.4143	3.2168
782453611133	1467.81	685.07	1440.78	726.57	3.4256	3.2240
782453619466	1471.44	694.20	1445.09	722.38	3.4413	3.2449
782453627799	1474.33	693.43	1448.16	715.67	3.4342	3.2207
782453636133	1472.76	706.30	1428.41	717.74	3.4580	3.2294
782453644466	1464.74	720.42	1427.58	720.67	3.4511	3.2303
782453652799	1438.92	755.71	1434.92	759.39	3.3880	3.2084
782453661135	NaN	NaN	NaN	NaN	NaN	NaN
782453669468	NaN	NaN	NaN	NaN	NaN	NaN
782453677801	NaN	NaN	NaN	NaN	NaN	NaN
782453686135	NaN	NaN	NaN	NaN	NaN	NaN
782453694467	NaN	NaN	NaN	NaN	NaN	NaN
782453702804	NaN	NaN	NaN	NaN	NaN	NaN
782453711138	NaN	NaN	NaN	NaN	NaN	NaN
782453719471	NaN	NaN	NaN	NaN	NaN	NaN
782453727804	NaN	NaN	1395.96	1016.03	NaN	3.1581
782453736138	1389.31	907.81	1421.32	782.08	3.3318	3.1495
782453744471	1404.83	740.20	1432.47	745.52	3.4023	3.2138
782453752804	1420.03	730.13	1424.59	729.98	3.4074	3.1986
782453761138	1421.78	715.49	1419.49	728.39	3.4252	3.2237
782453769470	1439.78	712.36	1427.44	728.55	3.4316	3.2281
782453777803	1441.14	712.84	1430.65	719.91	3.4640	3.2342
782453786136	1450.03	697.15	1428.00	719.31	3.4363	3.2489
782453794470	1448.67	682.81	1421.16	710.37	3.4357	3.2583
782453802803	1450.44	674.93	1422.58	700.12	3.4258	3.2433
782453811136	1461.05	671.74	1422.74	704.27	3.4482	3.2604
782453819469	1454.59	666.18	1425.70	692.42	3.4585	3.2344
782453827802	1456.22	664.71	1420.34	687.87	3.4369	3.2327
782453836139	1462.97	670.58	1424.85	694.34	3.4542	3.2489
782453844474	1460.22	677.07	1423.87	695.00	3.4495	3.2345
782453852805	1456.23	684.73	1423.37	693.59	3.4629	3.2557
782453861140	1466.18	669.96	1424.41	706.21	3.4331	3.2449
782453869473	1470.99	683.59	1422.89	697.48	3.4880	3.2695
782453877807	1463.53	678.96	1419.30	701.57	3.4529	3.2447
782453886141	1471.89	663.57	1426.68	703.83	3.4179	3.2557
782453894473	1460.19	674.09	1426.21	700.89	3.4369	3.2481
782453902806	1468.71	668.71	1424.97	700.47	3.4266	3.2484
782453911140	1460.78	671.83	1422.01	700.96	3.4340	3.2453
782453919473	1461.98	664.57	1425.65	694.07	3.4431	3.2388
782453927806	1463.46	655.18	1424.39	702.66	3.4350	3.2581
782453936139	1459.60	656.69	1430.28	698.97	3.4511	3.2383
782453944473	1461.19	672.45	1426.01	694.54	3.4411	3.2246
782453952803	1464.22	672.99	1424.43	700.18	3.4203	3.2308
782453961137	1465.37	679.62	1431.47	710.07	3.4340	3.2372
782453969475	1460.83	681.81	1427.60	710.78	3.4347	3.2476
782453977808	1465.38	689.65	1424.15	709.91	3.4395	3.2392
782453986141	1456.42	683.74	1432.90	704.06	3.4518	3.2352
782453994475	1455.85	685.77	1428.72	709.38	3.4274	3.2300
782454002810	1459.83	681.27	1430.18	706.73	3.4250	3.2281
782454011141	1454.85	684.82	1436.48	715.55	3.4446	3.2228
782454019475	1451.32	687.60	1432.19	702.02	3.4344	3.2337
782454027809	1454.98	692.84	1422.93	701.22	3.4332	3.2362
782454036141	1446.04	695.07	1424.71	697.50	3.4357	3.2300
782454044474	1454.00	681.15	1422.76	701.75	3.4032	3.2411
782454052807	1451.15	683.94	1421.22	702.26	3.4200	3.2230
782454061140	1449.26	676.03	1425.18	698.70	3.4088	3.2132
782454069475	1453.88	674.08	1430.29	694.85	3.4066	3.2370
782454077807	1451.11	673.46	1417.79	694.71	3.3684	3.2214
782454086143	1449.80	678.25	1430.50	701.27	3.3821	3.2397
782454094477	1462.35	675.66	1428.00	694.14	3.4012	3.2070
782454102811	1467.28	686.81	1429.92	700.31	3.4053	3.2079
782454111142	1456.63	678.06	1421.91	702.55	3.4042	3.2135
782454119476	1459.26	678.59	1430.23	710.39	3.3828	3.2124
782454127811	1425.00	682.07	1393.17	698.85	3.3972	3.2306
782454136142	1324.07	675.20	1320.83	693.40	3.4218	3.2633
782454144475	1238.43	671.54	1227.07	688.83	3.3973	3.2753
782454152809	1196.03	673.31	1166.10	687.30	3.3965	3.2468
782454161142	1201.13	662.71	1159.71	680.47	3.3867	3.2409
782454169475	1191.04	668.25	1163.86	675.90	3.3733	3.2309
782454177810	1194.93	670.25	1152.35	676.26	3.3622	3.2117
782454186143	1193.64	677.69	1161.29	671.14	3.4005	3.2162
782454194476	1205.06	675.79	1157.24	686.49	3.4021	3.2546
782454202810	1193.46	678.10	1160.61	679.63	3.3903	3.2026
782454211143	1199.17	672.91	1153.80	678.30	3.3838	3.2218
782454219477	1201.08	668.97	1157.13	679.24	3.3564	3.1947
782454227816	1202.53	669.13	1162.47	681.45	3.3770	3.1831
782454236149	1194.05	674.10	1157.13	687.07	3.3905	3.2000
782454244483	1199.02	662.83	1160.53	690.25	3.3738	3.2105
782454252815	1194.59	665.97	1161.26	682.42	3.3654	3.1998
782454261148	1195.98	667.75	1159.97	685.09	3.3840	3.2235
782454269482	1198.90	667.42	1164.43	686.30	3.3695	3.2025
782454277815	1187.60	676.11	1160.55	679.33	3.3723	3.2124
782454286148	1185.65	665.48	1157.39	681.31	3.3351	3.2020
782454294482	1180.21	679.87	1153.53	678.70	3.3723	3.2080
782454302815	1180.91	669.49	1152.23	683.14	3.3682	3.2224
782454311148	1179.89	676.29	1152.22	686.99	3.3727	3.2241
782454319481	1184.69	672.34	1152.13	694.67	3.3820	3.2310
782454327814	1189.29	671.40	1161.98	689.31	3.3625	3.1990
782454336147	1187.47	668.33	1159.58	684.12	3.3355	3.2128
782454344481	1196.29	671.72	1167.90	685.81	3.3750	3.2122
782454352814	1187.26	677.55	1163.84	676.91	3.3840	3.1914
782454361152	1188.43	666.47	1168.03	691.79	3.3617	3.2090
782454369486	1190.17	680.33	1163.00	686.54	3.3960	3.2065
782454377819	1186.39	679.49	1169.55	686.92	3.3857	3.1891
782454386152	1181.57	675.96	1168.51	703.57	3.3922	3.1858
782454394486	1186.77	674.62	1173.93	697.56	3.3769	3.2021
782454402818	1181.94	657.34	1162.87	700.90	3.3678	3.1941
782454411151	1200.56	660.33	1169.94	706.56	3.3747	3.1998
782454419485	1191.77	663.72	1169.40	700.63	3.3686	3.1860
782454427818	1196.28	662.92	1169.98	704.50	3.3687	3.1822
782454436151	1191.94	667.51	1162.89	701.11	3.3792	3.1871
782454444484	1193.22	672.79	1166.12	700.44	3.3618	3.1960
782454452818	1188.85	667.00	1166.30	694.66	3.3741	3.1779
782454461151	1183.65	675.61	1168.48	690.35	3.3666	3.1915
782454469485	1187.91	672.02	1167.95	684.68	3.3439	3.1655
782454477818	1186.38	669.50	1167.52	687.14	3.3504	3.1946
782454486150	1178.25	681.85	1163.88	679.76	3.3827	3.1715
782454494489	1185.13	678.74	1162.48	676.53	3.3598	3.2004
782454502822	1185.72	674.52	1160.10	686.28	3.3783	3.2064
782454511155	1182.14	683.40	1165.47	692.96	3.3724	3.2181
782454519489	1183.59	678.75	1162.27	684.84	3.3585	3.2218
782454527821	1183.31	679.47	1166.80	695.36	3.3557	3.1927
782454536155	1190.06	679.74	1167.70	686.40	3.3691	3.1956
782454544489	1177.43	677.64	1170.05	699.72	3.3493	3.1882
782454552822	1179.73	680.51	1164.40	698.42	3.3724	3.1953
782454561155	1184.95	662.66	1156.69	708.84	3.3410	3.2156
782454569487	1191.38	681.15	1167.60	699.56	3.3741	3.1856
782454577821	1206.12	664.78	1163.17	699.30	3.3624	3.1794
782454586154	1195.33	662.03	1172.39	708.83	3.3504	3.2177
782454594488	1189.91	671.11	1170.20	703.37	3.3283	3.2138
782454602821	1200.16	677.12	1164.51	700.40	3.3581	3.2146
782454611154	1190.96	678.47	1161.46	701.99	3.3459	3.2054
782454619491	1201.50	680.83	1166.93	689.52	3.3424	3.1865
782454627824	1190.44	688.42	1158.16	693.32	3.3809	3.2101
782454636157	1188.48	676.50	1181.02	682.01	3.3394	3.1907
782454644491	1189.70	667.19	1172.57	679.00	3.3377	3.2003
782454652823	1189.89	663.57	1182.86	694.49	3.3587	3.2078
782454661157	1201.73	663.67	1175.98	699.31	3.3354	3.1892
782454669491	1202.07	660.69	1175.54	698.77	3.3497	3.2003
782454677824	1193.27	664.98	1178.07	696.44	3.3291	3.1931
782454686156	1193.04	667.87	1172.23	695.77	3.3629	3.2104
782454694489	1206.48	669.63	1168.52	681.26	3.3419	3.1791
782454702822	1188.84	677.50	1173.30	682.68	3.3539	3.1954
782454711156	1187.23	680.17	1176.31	681.24	3.3558	3.1908
782454719489	1188.43	675.83	1160.14	692.31	3.3494	3.1687
782454727823	1187.95	680.93	1162.53	689.13	3.3289	3.1766
782454736156	1188.31	675.50	1168.53	691.21	3.3241	3.1635
782454744489	1187.78	685.95	1169.49	695.66	3.3257	3.1620
782454752828	1194.92	675.72	1173.93	695.27	3.3181	3.1507
782454761161	1183.84	675.71	1167.44	694.98	3.3143	3.1616
782454769493	1184.74	683.74	1171.32	692.37	3.3407	3.1430
782454777826	1186.33	675.43	1169.48	690.11	3.3055	3.1449
782454786160	1186.84	676.97	1172.81	687.12	3.3000	3.1515
782454794493	1189.85	685.27	1174.66	690.20	3.3273	3.1616
782454802827	1185.53	680.80	1173.30	692.80	3.3055	3.1571
782454811160	1194.35	675.21	1176.30	689.99	3.3052	3.1526
782454819493	1188.13	683.98	1176.15	697.66	3.2994	3.1638
