t	gaze_point_LX	gaze_point_LY	gaze_point_RX	gaze_point_RY	pupil_diameter_L	pupil_diameter_R
853684571889	1340.58	705.68	1320.36	717.83	4.7731	4.6980
853684580221	1336.90	694.46	1287.56	720.60	4.7410	4.7061
853684588565	1357.08	704.94	1314.85	728.68	4.7428	4.7070
853684596899	1343.86	700.14	1303.48	728.23	4.7411	4.6764
853684605232	1335.56	702.23	1294.22	730.66	4.7358	4.6907
853684613566	1330.86	707.82	1293.88	727.27	4.7355	4.6847
853684621899	1336.97	703.24	1298.49	729.34	4.7388	4.6851
853684630232	1335.88	705.09	1290.78	728.27	4.7324	4.6955
853684638566	1334.71	703.98	1297.65	720.34	4.7369	4.6761
853684646897	1337.02	706.16	1296.73	724.69	4.7513	4.6868
853684655231	1336.08	705.52	1290.34	722.80	4.7411	4.6832
853684663564	1336.67	698.81	1289.60	728.09	4.7397	4.6902
853684671898	1332.93	707.66	1289.47	725.15	4.7506	4.6977
853684680231	1337.35	703.54	1286.92	726.37	4.7462	4.6945
853684688564	1333.36	710.88	1295.47	725.14	4.7454	4.6924
853684696898	1332.83	706.22	1294.71	722.66	4.7372	4.6843
853684705231	1329.56	705.68	1295.78	728.62	4.7393	4.6916
853684713564	1329.71	707.04	1290.01	737.18	4.7416	4.7078
853684721900	1329.44	711.75	1293.30	729.41	4.7457	4.6877
853684730233	1328.94	708.18	1295.47	726.93	4.7502	4.6939
853684738567	1332.22	710.31	1293.44	729.30	4.7487	4.6941
853684746900	1327.26	710.90	1292.92	728.14	4.7437	4.6910
853684755233	1327.38	714.61	1293.59	725.73	4.7496	4.6872
853684763567	1327.96	707.47	1287.72	726.27	4.7261	4.6874
853684771899	1330.25	711.06	1291.91	727.24	4.7326	4.6929
853684780233	1305.47	725.12	1261.53	732.13	4.7454	4.6870
853684788566	1272.79	735.67	1232.08	747.97	4.7374	4.6953
853684796899	1300.35	719.21	1255.37	733.54	4.7415	4.6977
853684805232	1298.30	726.47	1246.44	733.91	4.7364	4.6860
853684813565	1287.74	729.41	1245.39	743.32	4.7256	4.6951
853684821899	1292.00	728.97	1240.92	742.15	4.7427	4.7038
853684830232	1291.61	724.74	1241.06	743.13	4.7365	4.6880
853684838565	1290.83	722.55	1240.83	742.50	4.7382	4.6884
853684846905	1293.41	731.97	1244.71	742.85	4.7505	4.6972
853684855238	1294.49	733.74	1240.26	736.17	4.7450	4.6807
853684863572	1295.92	721.23	1240.79	736.68	4.7335	4.6805
853684871904	1290.51	729.43	1241.62	743.39	4.7422	4.6864
853684880237	1295.51	729.50	1239.36	745.38	4.7375	4.6866
853684888571	1290.13	733.77	1245.60	739.91	4.7497	4.6841
853684896903	1295.08	738.20	1250.06	739.45	4.7499	4.6713
853684905237	1295.47	726.59	1241.48	731.20	4.7393	4.6783
853684913570	1292.31	732.29	1244.91	733.29	4.7497	4.6743
853684921903	1288.46	730.34	1242.40	732.26	4.7488	4.6734
853684930237	1289.83	734.51	1243.83	734.43	4.7535	4.6926
853684938570	1293.83	730.87	1248.27	738.51	4.7517	4.6888
853684946904	1287.10	735.26	1249.71	734.65	4.7375	4.6959
853684955236	1294.86	738.20	1245.48	744.68	4.7646	4.6920
853684963569	1288.89	737.17	1242.64	742.66	4.7561	4.6826
853684971903	1289.78	738.24	1246.73	747.40	4.7623	4.6773
853684980241	1291.46	735.65	1252.08	741.02	4.7594	4.6795
853684988574	1290.80	735.50	1248.26	743.94	4.7504	4.6886
853684996907	1289.64	730.51	1247.33	747.52	4.7383	4.6887
853685005241	1290.99	737.57	1248.98	745.98	4.7650	4.6842
853685013575	1292.16	739.52	1238.51	745.07	4.7642	4.6916
853685021907	1294.42	735.19	1246.05	743.07	4.7637	4.6826
853685030240	1289.62	738.86	1242.18	737.65	4.7718	4.6946
853685038573	1293.12	735.57	1245.58	734.61	4.7682	4.6960
853685046906	1293.22	731.00	1244.42	729.03	4.7673	4.6976
853685055240	1287.89	737.84	1245.52	734.22	4.7591	4.6954
853685063573	1288.26	729.83	1242.86	734.31	4.7536	4.7042
853685071907	1290.42	730.28	1247.45	729.11	4.7704	4.7005
853685080240	1292.90	732.91	1242.14	736.30	4.7608	4.6997
853685088573	1289.82	734.11	1248.67	734.73	4.7794	4.6955
853685096907	1292.21	734.22	1242.98	728.29	4.7785	4.7026
853685105239	1289.33	732.46	1242.37	734.69	4.7806	4.7220
853685113578	1297.13	725.14	1253.37	729.03	4.7728	4.7003
853685121910	1304.59	724.31	1250.53	737.02	4.7535	4.7046
853685130244	1296.36	723.11	1255.51	731.29	4.7752	4.7157
853685138577	1303.23	723.98	1254.40	734.41	4.7720	4.7067
853685146910	1302.37	735.45	1248.32	730.66	4.7848	4.7063
853685155244	1301.29	734.08	1258.97	732.38	4.7909	4.7168
853685163577	1299.89	726.44	1258.18	729.45	4.7632	4.7193
853685171910	1297.31	728.39	1258.61	731.22	4.7803	4.7235
853685180244	1298.01	728.12	1257.93	728.42	4.7772	4.7288
853685188576	1300.02	718.54	1254.64	723.27	4.7697	4.7105
853685196910	1301.89	727.55	1254.67	733.00	4.7795	4.7305
853685205243	1293.66	726.90	1257.77	723.27	4.7796	4.7287
853685213576	1299.92	727.43	1257.14	729.13	4.7677	4.7306
853685221910	1298.35	722.84	1253.70	729.07	4.7616	4.7281
853685230243	1301.73	722.46	1254.90	729.86	4.7553	4.7329
853685238580	1299.19	723.38	1252.98	733.52	4.7724	4.7340
853685246913	1293.44	723.26	1255.27	728.75	4.7710	4.7210
853685255246	1296.26	723.92	1262.08	737.17	4.7722	4.7355
853685263579	1299.58	723.01	1254.07	732.22	4.7825	4.7313
853685271912	1302.38	719.12	1251.46	737.94	4.7685	4.7309
853685280246	1294.60	725.50	1257.62	726.47	4.7735	4.7089
853685288579	1297.95	721.15	1260.88	732.26	4.7754	4.7422
853685296912	1297.38	720.68	1261.89	726.21	4.7766	4.7363
853685305246	1296.91	724.74	1260.97	722.61	4.7838	4.7292
853685313579	1297.93	720.05	1266.29	723.36	4.7750	4.7311
853685321913	1300.52	720.45	1261.11	719.72	4.7682	4.7293
853685330246	1297.56	723.06	1266.71	726.34	4.7835	4.7356
853685338578	1298.62	720.09	1263.29	728.51	4.7783	4.7264
853685346912	1298.56	725.07	1257.78	730.55	4.7765	4.7254
853685355244	1301.28	721.64	1262.33	728.29	4.7703	4.7267
853685363578	1292.93	722.13	1263.10	728.60	4.7554	4.7106
853685371918	1287.18	725.86	1256.24	723.97	4.7530	4.7203
853685380252	1243.40	731.75	1220.10	732.47	4.7493	4.7132
853685388585	1253.39	718.68	1221.44	730.60	4.7193	4.7096
853685396918	1258.31	715.85	1229.95	728.11	4.6914	4.7014
853685405252	1254.47	725.00	1219.69	724.07	4.6864	4.6705
853685413584	1253.65	718.43	1219.62	723.76	4.6555	4.6722
853685421917	1251.48	721.34	1226.58	732.81	4.6415	4.6500
853685430251	1255.59	718.38	1224.89	732.00	4.6113	4.6389
853685438584	1252.42	708.59	1224.31	726.11	4.5696	4.6107
853685446918	1247.85	711.54	1227.09	730.25	4.5568	4.6240
853685455250	1248.13	715.38	1232.88	726.09	4.5487	4.5890
853685463584	1250.86	712.61	1232.78	723.66	4.5157	4.5704
853685471918	1248.17	714.84	1229.62	722.49	4.4911	4.5652
853685480250	1250.09	715.10	1236.31	725.66	4.4746	4.5637
853685488583	1246.81	707.26	1230.13	722.07	4.4455	4.5277
853685496916	1244.30	710.97	1240.38	720.76	4.4203	4.5079
853685505252	1249.32	711.57	1233.35	724.68	4.4098	4.5005
853685513586	1241.35	711.60	1234.27	719.50	4.3947	4.4817
853685521919	1244.08	703.71	1229.72	717.10	4.3652	4.4557
853685530253	1247.64	702.33	1237.90	712.87	4.3332	4.4315
853685538586	1243.36	706.46	1239.27	718.64	4.3392	4.4277
853685546919	1245.19	700.88	1234.90	714.94	4.3185	4.3905
853685555253	1248.87	696.19	1237.80	723.51	4.2991	4.3974
853685563586	1250.50	699.10	1234.47	722.81	4.2928	4.3826
853685571919	1245.29	705.06	1234.53	722.97	4.3006	4.3804
853685580251	1244.37	705.28	1235.87	719.42	4.2841	4.3624
853685588585	1247.42	703.00	1236.63	724.16	4.2763	4.3530
853685596919	1247.28	701.84	1238.26	721.76	4.2604	4.3503
853685605251	1230.26	714.24	1224.41	727.24	4.2548	4.3368
853685613585	1156.20	743.40	1147.46	763.93	4.2458	4.3426
853685621918	1128.11	743.64	1112.35	759.60	4.2391	4.3290
853685630251	1141.85	734.72	1134.68	750.69	4.2333	4.3152
853685638590	1136.04	739.22	1138.17	753.21	4.2324	4.3323
853685646922	1136.91	737.70	1125.22	749.06	4.2262	4.3149
853685655256	1125.88	742.85	1131.24	744.32	4.2173	4.2927
853685663589	1127.05	737.17	1129.90	751.49	4.2029	4.3052
853685671922	1132.05	731.70	1126.75	750.69	4.1938	4.2950
853685680256	1135.61	734.66	1129.99	750.68	4.2031	4.3119
853685688589	1131.73	738.83	1129.45	757.41	4.2022	4.3009
853685696922	1129.22	738.06	1124.47	757.26	4.1970	4.3028
853685705255	1135.54	733.01	1123.68	757.40	4.1975	4.2890
853685713589	1127.51	731.30	1120.84	759.73	4.1788	4.2934
853685721921	1133.18	733.36	1123.32	758.08	4.1981	4.3037
853685730254	1132.60	739.22	1125.48	757.31	4.1940	4.2849
853685738588	1132.46	732.54	1117.12	758.97	4.1876	4.2957
853685746921	1127.06	741.68	1116.36	752.21	4.1901	4.2961
853685755254	1129.54	742.75	1120.02	745.55	4.2103	4.3007
853685763590	1131.72	737.95	1119.02	752.44	4.2144	4.3129
853685771923	1126.79	745.07	1122.46	747.79	4.2486	4.2918
853685780257	1128.87	740.82	1117.77	750.82	4.2167	4.2996
853685788589	1126.64	738.17	1121.05	744.92	4.2139	4.3147
853685796922	1129.00	735.65	1120.08	754.01	4.2321	4.3060
853685805256	1129.89	742.98	1122.42	745.92	4.2413	4.3004
853685813588	1127.77	739.33	1124.43	746.39	4.2355	4.3069
853685821922	1130.25	745.19	1119.91	756.12	4.2380	4.3236
853685830255	1128.60	741.69	1116.74	757.63	4.2468	4.3187
853685838588	1129.51	742.84	1119.64	754.77	4.2556	4.3058
853685846922	1126.92	736.64	1123.02	755.19	4.2454	4.3266
853685855255	1128.72	743.58	1117.60	760.94	4.2611	4.3425
853685863589	1134.11	740.47	1116.70	761.63	4.2727	4.3388
853685871921	1129.94	745.92	1114.45	756.01	4.2535	4.3392
853685880254	1130.25	746.43	1116.50	756.24	4.2812	4.3349
853685888588	1133.37	734.75	1117.71	751.59	4.2681	4.3513
853685896929	1123.80	747.40	1122.16	758.31	4.2888	4.3721
853685905263	1057.41	767.85	1047.72	777.09	4.3117	4.3885
853685913595	1015.12	769.28	1013.37	788.51	4.3117	4.3845
853685921929	1029.59	760.98	1025.21	775.19	4.3173	4.4006
853685930254	1036.02	758.34	1029.11	780.07	4.3145	4.4068
853685938587	1027.23	763.19	1015.60	781.25	4.3177	4.4143
853685946921	1019.54	771.55	1022.34	784.89	4.3430	4.4084
853685955253	1024.20	764.47	1024.12	783.92	4.3313	4.4034
853685963586	1023.18	768.61	1020.18	784.52	4.3433	4.4306
853685971928	1026.57	766.30	1020.63	781.55	4.3343	4.4209
853685980253	1021.95	765.49	1015.34	781.26	4.3465	4.4363
853685988595	1025.44	769.95	1013.96	777.85	4.3546	4.4245
853685996928	1023.03	762.91	1021.38	783.15	4.3437	4.4344
853686005261	1023.53	766.89	1018.89	781.25	4.3633	4.4354
853686013595	1023.21	763.74	1012.47	777.75	4.3568	4.4292
853686021928	1025.78	767.66	1022.21	782.94	4.3770	4.4529
853686030264	1025.24	765.53	1016.84	779.43	4.3744	4.4562
853686038597	1030.25	767.96	1016.93	777.59	4.3740	4.4433
853686046931	1031.76	766.92	1017.35	785.64	4.3844	4.4648
853686055265	1033.56	767.46	1016.46	786.62	4.3933	4.4732
853686063597	1023.60	766.92	1014.43	786.92	4.3919	4.4673
853686071931	1023.79	765.72	1010.02	778.89	4.3924	4.4725
853686080264	1021.94	760.21	1021.40	784.21	4.3999	4.4852
853686088597	1022.70	765.78	1019.83	779.35	4.4180	4.4959
853686096931	1020.63	767.70	1019.59	780.72	4.4213	4.5144
853686105263	1026.05	773.91	1014.61	773.59	4.4258	4.5038
853686113597	1029.00	771.94	1016.33	774.45	4.4214	4.5086
853686121930	1027.28	771.85	1021.48	776.75	4.4292	4.5211
853686130263	1029.10	773.98	1018.30	776.39	4.4283	4.5228
853686138597	1032.42	772.08	1015.70	774.52	4.4486	4.5264
853686146930	1030.00	769.47	1016.74	772.55	4.4444	4.5225
853686155263	1029.98	773.98	1014.99	773.95	4.4625	4.5242
853686163600	1028.18	772.01	1016.12	774.94	4.4703	4.5401
853686171934	1030.69	769.48	1019.34	777.35	4.4631	4.5392
853686180266	1026.87	770.90	1021.58	772.68	4.4781	4.5405
853686188599	1027.07	773.20	1026.42	776.49	4.4789	4.5507
853686196933	966.00	787.26	941.78	779.12	4.4928	4.5558
853686205266	923.44	777.77	913.59	779.49	4.4798	4.5670
853686213599	929.92	766.63	930.07	770.87	4.4781	4.5620
853686221933	944.69	779.29	938.76	780.25	4.4707	4.5790
853686230266	932.78	770.77	931.59	776.16	4.4756	4.5883
853686238600	930.05	772.09	927.45	778.23	4.4795	4.5753
853686246933	934.07	772.41	927.68	782.21	4.4869	4.5801
853686255265	933.72	775.60	927.58	783.30	4.5094	4.5856
853686263599	931.39	778.03	925.21	782.87	4.5055	4.5924
853686271931	931.16	775.93	921.89	782.90	4.4997	4.5831
853686280265	932.38	778.76	926.22	786.20	4.5009	4.5991
853686288602	931.51	776.64	924.77	782.56	4.5276	4.6001
853686296936	929.77	774.76	926.25	783.33	4.5161	4.5928
853686305269	926.53	774.91	923.75	781.76	4.5090	4.6111
853686313602	926.66	773.24	926.74	786.11	4.5269	4.6128
853686321936	925.05	773.92	920.20	782.13	4.5140	4.6102
853686330269	928.46	770.95	917.95	786.25	4.5289	4.6171
853686338601	929.30	776.35	922.63	784.41	4.5423	4.6202
853686346935	930.26	774.43	917.86	777.92	4.5282	4.6324
853686355268	935.77	778.76	926.59	782.83	4.5389	4.6236
853686363602	933.88	774.08	926.17	783.30	4.5520	4.6293
853686371934	929.77	777.26	923.45	783.82	4.5482	4.6327
853686380268	933.36	774.47	923.73	783.91	4.5538	4.6383
853686388602	931.65	772.72	923.04	780.27	4.5518	4.6336
853686396935	930.55	776.82	924.41	783.10	4.5588	4.6474
853686405268	929.91	776.77	928.58	778.16	4.5714	4.6425
853686413600	931.60	772.69	927.31	774.59	4.5781	4.6447
853686421939	930.02	773.29	926.33	772.71	4.5766	4.6300
853686430272	930.44	780.21	919.25	774.93	4.5770	4.6426
853686438605	930.30	777.94	923.10	776.37	4.5812	4.6526
853686446939	933.27	778.45	927.31	776.07	4.5851	4.6537
853686455272	931.52	775.01	928.86	773.54	4.5690	4.6644
853686463605	924.85	778.41	923.98	780.04	4.5746	4.6502
853686471939	930.96	776.64	921.60	781.43	4.5864	4.6290
853686480272	933.62	774.82	922.47	777.40	4.5841	4.6386
853686488605	930.26	782.69	926.93	778.69	4.5820	4.6417
853686496937	928.46	777.88	924.27	775.84	4.5945	4.6424
853686505271	930.76	775.92	924.69	778.37	4.6032	4.6526
853686513605	928.64	778.39	924.30	778.34	4.5895	4.6398
853686521937	926.96	777.74	924.63	781.66	4.5928	4.6380
853686530271	932.52	776.98	926.36	785.87	4.6009	4.6451
853686538604	933.48	775.43	926.01	784.42	4.6057	4.6517
853686546937	929.74	774.77	921.46	783.34	4.6017	4.6389
853686555276	932.11	781.46	927.65	783.22	4.6067	4.6511
853686563608	934.30	773.40	924.70	777.67	4.6055	4.6465
853686571942	930.92	779.90	922.83	774.22	4.6065	4.6506
853686580275	934.36	773.61	921.74	769.61	4.5987	4.6404
853686588608	933.04	778.76	926.33	778.32	4.6028	4.6567
853686596942	927.94	778.92	925.75	779.56	4.6087	4.6399
853686605275	932.42	771.73	918.19	783.78	4.5874	4.6519
853686613609	932.34	776.49	921.73	777.16	4.6091	4.6352
853686621941	930.50	774.88	918.40	771.10	4.5963	4.6344
853686630275	935.61	778.51	919.07	771.02	4.5893	4.6401
853686638609	933.87	780.07	922.09	771.29	4.6001	4.6287
853686646940	929.49	778.70	921.10	782.98	4.5924	4.6478
853686655274	933.75	781.18	921.11	777.00	4.5923	4.6332
853686663607	930.75	776.91	919.11	771.74	4.5963	4.6249
853686671940	929.03	781.46	919.83	772.42	4.5782	4.6240
853686680278	935.27	778.71	921.12	775.36	4.5802	4.6375
853686688611	936.72	779.22	918.90	780.93	4.5871	4.6164
853686696945	934.01	777.79	920.53	788.86	4.5757	4.6358
853686705278	933.78	783.63	925.39	784.75	4.5824	4.6387
853686713611	937.59	780.66	918.76	780.98	4.5658	4.6324
853686721944	937.36	782.09	917.91	771.39	4.5791	4.6187
853686730277	955.93	796.14	944.13	799.70	4.5646	4.6114
853686738610	1028.15	843.64	1012.32	855.89	4.5790	4.6126
853686746943	1060.13	878.61	1046.41	883.64	4.5884	4.6003
853686755268	1083.15	906.94	1076.85	918.95	4.5900	4.6139
853686763602	1097.69	927.22	1081.50	933.31	4.5975	4.6046
853686771943	1097.48	902.73	1085.40	921.04	4.5948	4.6111
853686780277	1090.53	909.36	1078.80	925.94	4.5846	4.6030
853686788610	1099.40	923.68	1087.97	927.91	4.5822	4.5930
853686796942	1103.71	921.55	1087.85	925.78	4.5902	4.6020
853686805276	1104.45	924.97	1092.47	926.11	4.5831	4.6086
853686813615	1102.02	919.70	1090.18	928.77	4.5798	4.5768
853686821949	1100.07	922.85	1090.74	926.48	4.5739	4.5914
853686830281	1099.85	923.47	1089.06	930.83	4.5786	4.5895
853686838615	1104.35	926.23	1081.70	928.12	4.5799	4.5814
853686846949	1104.66	926.45	1086.93	927.90	4.5741	4.5749
853686855282	1100.83	924.93	1086.41	936.25	4.5764	4.5852
853686863615	1101.51	921.78	1082.94	932.53	4.5685	4.5669
853686871947	1105.21	926.26	1078.18	933.61	4.5679	4.5621
853686880281	1104.36	932.00	1083.37	929.86	4.5734	4.5557
853686888614	1100.97	929.63	1076.63	928.82	4.5690	4.5400
853686896947	1107.40	928.89	1082.75	932.27	4.5686	4.5477
853686905281	1105.31	934.28	1082.98	937.96	4.5676	4.5442
853686913614	1103.48	930.66	1093.03	937.89	4.5646	4.5455
853686921947	1103.16	930.66	1090.09	932.87	4.5496	4.5405
853686930281	1106.78	931.43	1095.36	935.78	4.5572	4.5511
853686938614	1101.79	930.45	1084.51	932.85	4.5463	4.5390
853686946951	1109.04	931.88	1095.85	934.01	4.5660	4.5336
853686955283	1111.84	935.92	1105.44	938.13	4.5677	4.5441
853686963617	1182.33	940.11	1186.38	953.61	4.5661	4.5394
853686971951	1291.59	951.01	1302.00	967.66	4.5845	4.5382
853686980283	1366.89	941.01	1376.37	955.87	4.5802	4.5148
853686988617	1440.95	917.12	1441.82	936.19	4.5662	4.5031
853686996950	1480.72	928.90	1487.14	946.91	4.5690	4.4753
853687005283	1486.07	929.98	1497.66	940.29	4.5684	4.4826
853687013609	1476.34	924.22	1486.08	934.79	4.5869	4.4805
853687021941	1493.75	924.41	1495.45	936.81	4.5498	4.4785
853687030274	1494.45	925.92	1499.57	933.77	4.5714	4.4678
853687038607	1493.15	926.63	1493.31	936.40	4.5698	4.4716
853687046940	1496.90	928.44	1498.89	938.19	4.5575	4.4902
853687055274	1493.34	923.54	1500.73	937.14	4.5753	4.4601
853687063607	1495.28	919.34	1504.72	939.60	4.5536	4.4820
853687071941	1494.68	924.83	1483.43	944.28	4.5762	4.4814
853687080279	1492.92	927.17	1488.82	940.75	4.5779	4.4843
853687088612	1499.97	919.47	1488.06	945.01	4.5635	4.4893
853687096946	1501.31	919.01	1491.57	945.55	4.5691	4.4752
853687105278	1492.18	925.57	1494.52	943.23	4.5851	4.4878
853687113612	1496.83	926.34	1492.48	946.95	4.5760	4.5033
853687121945	1497.08	918.46	1488.80	943.50	4.5822	4.4893
853687130286	1497.30	919.16	1486.20	939.02	4.5729	4.4880
853687138612	1499.32	920.63	1494.15	940.29	4.5866	4.4935
853687146945	1496.81	921.72	1489.54	935.79	4.5900	4.5048
853687155278	1495.58	923.64	1492.47	930.97	4.5897	4.5068
853687163611	1492.13	927.56	1505.98	931.89	4.6095	4.4869
853687171945	1497.59	928.51	1495.66	930.11	4.6000	4.4960
853687180277	1495.48	931.27	1498.53	930.93	4.6163	4.4964
853687188610	1498.44	929.42	1491.72	931.77	4.6061	4.4982
853687196944	1503.06	922.04	1490.91	935.92	4.6070	4.4995
853687205281	1495.23	923.18	1494.68	934.26	4.6142	4.5037
853687213614	1499.88	925.74	1491.33	934.34	4.6231	4.5148
853687221948	1535.88	886.39	1548.17	900.56	4.6377	4.5228
853687230281	1564.12	850.43	1559.38	866.65	4.6342	4.5141
853687238615	1541.48	854.63	1542.49	861.96	4.6366	4.5127
853687246948	1541.42	845.11	1543.61	857.26	4.6338	4.5137
853687255280	1547.18	857.19	1543.41	865.79	4.6261	4.5319
853687263614	1551.38	855.84	1544.82	864.04	4.6481	4.5255
853687271946	1545.33	845.32	1548.94	860.45	4.6445	4.5352
853687280280	1550.24	846.95	1550.49	861.56	4.6426	4.5178
853687288613	1544.43	849.15	1552.60	869.16	4.6475	4.5200
853687296946	1550.85	847.40	1554.55	869.56	4.6496	4.5276
853687305280	1549.15	847.24	1551.64	872.44	4.6391	4.5213
853687313613	1549.77	850.24	1556.86	867.05	4.6479	4.5317
853687321947	1543.96	850.98	1552.93	870.23	4.6282	4.5387
853687330279	1548.52	841.28	1551.16	871.69	4.6374	4.5380
853687338627	1549.60	845.59	1551.48	865.95	4.6388	4.5490
853687346960	1546.27	850.10	1551.26	872.18	4.6533	4.5485
853687355293	1544.50	846.26	1549.32	871.52	4.6555	4.5476
853687363627	1548.05	850.20	1548.34	868.82	4.6576	4.5555
853687371951	1555.54	841.07	1553.08	861.62	4.6466	4.5594
853687380285	1549.34	849.77	1546.98	860.47	4.6486	4.5505
853687388619	1550.16	846.82	1546.41	860.01	4.6384	4.5614
853687396951	1552.16	847.77	1545.74	861.74	4.6506	4.5563
853687405285	1549.21	846.24	1545.67	858.43	4.6465	4.5693
853687413617	1553.75	846.72	1539.98	865.91	4.6482	4.5746
853687421950	1556.65	842.04	1549.72	863.68	4.6334	4.5665
853687430284	1550.40	847.93	1547.96	864.24	4.6463	4.5636
853687438617	1556.70	845.73	1538.22	863.75	4.6431	4.5680
853687446951	1552.75	847.30	1540.94	863.84	4.6509	4.5764
853687455284	1551.14	849.00	1531.95	865.74	4.6410	4.5778
853687463625	1554.11	844.49	1531.19	857.85	4.6285	4.5799
853687471963	1545.64	779.64	1531.02	800.24	4.6369	4.6087
853687480296	1530.54	741.00	1522.99	758.15	4.6337	4.5872
853687488621	1540.01	748.32	1521.85	770.92	4.6391	4.5875
853687496953	1543.90	751.99	1521.70	767.02	4.6228	4.5872
853687505287	1540.45	757.84	1515.71	769.40	4.6211	4.5887
853687513620	1540.75	750.85	1521.35	759.86	4.6263	4.5677
853687521953	1541.60	747.25	1519.44	759.62	4.6149	4.5697
853687530287	1546.90	749.01	1520.69	762.79	4.6030	4.5735
853687538620	1543.28	753.62	1520.90	759.10	4.6268	4.5527
853687546953	1539.73	748.64	1519.98	758.18	4.6008	4.5737
853687555287	1540.79	747.40	1517.14	759.90	4.6071	4.5652
853687563619	1540.09	746.67	1518.20	758.26	4.5969	4.5518
853687571953	1538.78	749.71	1515.54	762.01	4.6094	4.5435
853687580286	1541.88	746.93	1521.42	753.67	4.5855	4.5466
853687588619	1539.97	745.30	1517.06	757.42	4.5676	4.5540
853687596953	1542.19	744.02	1521.04	758.76	4.5714	4.5434
853687605290	1533.67	745.22	1520.60	759.05	4.5856	4.5584
853687613623	1535.48	744.74	1523.13	756.22	4.5585	4.5348
853687621956	1539.30	749.29	1523.66	752.73	4.5697	4.5240
853687630290	1531.98	747.20	1520.26	759.54	4.5702	4.5371
853687638622	1537.89	746.76	1517.08	761.37	4.5607	4.5406
853687646964	1537.95	741.46	1516.52	757.08	4.5507	4.5267
853687655289	1533.12	749.24	1516.71	753.12	4.5379	4.5161
853687663622	1535.20	741.93	1515.60	755.86	4.5281	4.5230
853687671955	1532.90	743.58	1519.94	754.69	4.5190	4.5261
853687680289	1537.91	742.81	1521.69	761.61	4.5196	4.5206
853687688622	1529.65	747.37	1519.05	758.44	4.5315	4.5058
853687696956	1532.72	744.65	1522.13	757.31	4.5029	4.4991
853687705289	1534.09	745.09	1521.17	756.82	4.4932	4.5014
853687713621	1538.58	739.37	1518.58	760.24	4.4951	4.5063
853687721955	1537.09	739.52	1517.88	761.01	4.4856	4.4964
853687730293	1519.17	733.79	1518.60	746.60	4.4855	4.4785
853687738626	1447.47	684.63	1443.55	693.36	4.4757	4.4889
853687746959	1448.06	676.07	1438.12	694.85	4.4348	4.4925
853687755301	1429.17	685.55	1427.45	684.48	4.4443	4.4766
853687763626	1436.01	674.68	1424.49	683.45	4.4263	4.4850
853687771959	1438.70	681.96	1426.18	691.27	4.4125	4.4801
853687780292	1433.79	671.93	1419.00	687.31	4.4210	4.4782
853687788626	1434.78	675.85	1420.82	686.15	4.4194	4.4751
853687796958	1429.33	671.01	1418.53	682.58	4.3997	4.4638
853687805291	1431.14	668.73	1422.29	684.54	4.3784	4.4772
853687813625	1436.26	677.01	1418.13	680.23	4.3895	4.4525
853687821958	1431.74	676.71	1413.30	683.81	4.3827	4.4529
853687830291	1431.39	669.79	1415.92	677.52	4.3853	4.4555
853687838625	1431.05	669.43	1417.41	682.75	4.3767	4.4572
853687846958	1432.00	674.99	1414.69	682.54	4.3607	4.4432
853687855291	1434.02	679.74	1416.91	681.46	4.3723	4.4421
853687863629	1434.24	678.91	1412.13	686.16	4.3589	4.4442
853687871961	1440.60	686.18	1409.49	680.84	4.3923	4.4272
853687880294	1436.58	677.43	1415.73	683.52	4.3545	4.4322
853687888628	1430.74	673.72	1407.70	681.53	4.3530	4.4371
853687896961	1436.58	678.79	1412.63	680.76	4.3527	4.4062
853687905294	1435.96	675.51	1412.74	678.30	4.3319	4.4212
853687913628	1432.10	670.51	1407.58	683.14	4.3256	4.4149
853687921961	1432.24	671.35	1415.85	682.33	4.3160	4.4213
853687930294	1436.99	677.72	1412.06	685.25	4.3313	4.4033
853687938628	1435.52	681.81	1414.29	687.02	4.3304	4.3992
853687946960	1442.14	670.54	1409.04	686.61	4.2831	4.3913
853687955293	1436.92	678.85	1414.97	685.68	4.3127	4.3829
853687963627	1435.41	676.54	1412.83	683.43	4.3040	4.4007
853687971960	1435.49	675.14	1411.41	684.24	4.2904	4.3661
853687980293	1417.54	667.29	1397.92	677.37	4.2830	4.3744
853687988627	1344.00	617.38	1349.91	626.90	4.2866	4.3908
853687996966	1319.30	612.88	1304.99	625.42	4.2587	4.3483
853688005299	1288.43	608.61	1272.64	614.47	4.2501	4.3601
853688013640	1275.13	598.28	1262.23	609.41	4.2416	4.3609
853688021972	1290.01	621.67	1276.17	610.54	4.2515	4.3504
853688030306	1277.45	601.09	1261.35	611.09	4.2277	4.3569
853688038640	1275.75	612.84	1263.09	608.84	4.2434	4.3533
853688046973	1279.66	607.08	1264.64	613.71	4.2213	4.3460
853688055306	1276.11	608.75	1258.98	614.81	4.2325	4.3404
853688063639	1277.01	607.11	1264.37	602.70	4.2059	4.3294
853688071973	1272.32	602.54	1258.49	615.65	4.2110	4.3240
853688080306	1273.92	609.57	1261.85	612.73	4.2296	4.3302
853688088640	1275.45	596.75	1266.60	604.42	4.1927	4.3187
853688096971	1272.75	602.83	1260.61	616.51	4.2000	4.3156
853688105305	1273.80	593.88	1257.00	614.63	4.1901	4.3203
853688113630	1276.12	598.92	1262.93	615.93	4.1951	4.3104
