t	gaze_point_LX	gaze_point_LY	gaze_point_RX	gaze_point_RY	pupil_diameter_L	pupil_diameter_R
436568081089	1489.37	1006.14	1410.49	1040.43	4.1021	4.0979
436568089423	1499.83	1003.83	1398.14	1041.69	4.0967	4.1049
436568097756	1497.09	1001.31	1400.26	1046.48	4.0930	4.0991
436568106089	1503.85	1006.22	1339.53	1060.92	4.1049	4.0954
436568114422	1504.93	992.56	1373.24	1050.54	4.0853	4.0988
436568122755	1473.02	1003.96	1397.47	1053.73	4.1302	4.0666
436568131089	1461.07	1008.55	NaN	NaN	4.0582	NaN
436568139427	1632.60	1017.36	NaN	NaN	3.2079	NaN
436568147760	NaN	NaN	NaN	NaN	NaN	NaN
436568156093	NaN	NaN	NaN	NaN	NaN	NaN
436568164427	NaN	NaN	NaN	NaN	NaN	NaN
436568172760	NaN	NaN	NaN	NaN	NaN	NaN
436568181093	NaN	NaN	NaN	NaN	NaN	NaN
436568189427	NaN	NaN	NaN	NaN	NaN	NaN
436568197760	NaN	NaN	NaN	NaN	NaN	NaN
436568206093	NaN	NaN	NaN	NaN	NaN	NaN
436568214426	NaN	NaN	NaN	NaN	NaN	NaN
436568222759	NaN	NaN	NaN	NaN	NaN	NaN
436568231092	NaN	NaN	NaN	NaN	NaN	NaN
436568239426	NaN	NaN	NaN	NaN	NaN	NaN
436568247759	NaN	NaN	NaN	NaN	NaN	NaN
436568256092	NaN	NaN	NaN	NaN	NaN	NaN
436568264426	1251.87	747.91	1554.25	848.34	3.8911	2.9390
436568272764	1189.16	854.68	1294.96	797.78	3.9537	3.9325
436568281097	1202.42	731.44	1284.32	728.03	4.0555	4.0924
436568289431	1197.36	637.46	1269.84	686.98	4.1526	4.1941
436568297764	1189.87	617.60	1268.87	671.12	4.1619	4.2440
436568306097	1187.58	613.85	1272.59	669.52	4.1703	4.2532
436568314430	1206.29	620.09	1268.98	670.42	4.1953	4.2745
436568322763	1202.22	612.77	1264.33	678.57	4.1972	4.2791
436568331096	1199.90	621.20	1265.76	677.08	4.1885	4.2903
436568339430	1191.98	621.25	1262.11	673.63	4.1660	4.3040
436568347763	1201.54	615.91	1262.48	678.55	4.2050	4.3028
436568356096	1188.01	616.37	1259.68	679.98	4.1724	4.3112
436568364430	1205.66	615.48	1254.37	673.34	4.2154	4.3041
436568372763	1206.95	614.33	1262.49	677.78	4.2276	4.3108
436568381096	1212.11	604.71	1266.20	674.55	4.2342	4.3154
436568389430	1211.94	606.75	1265.63	674.56	4.2391	4.3189
436568397766	1213.11	611.21	1268.47	679.18	4.2482	4.3254
436568406099	1211.13	616.39	1268.31	685.34	4.2524	4.3306
436568414432	1229.42	636.49	1263.07	686.96	4.2647	4.3423
436568422765	1243.97	662.69	1265.02	693.48	4.2763	4.3407
436568431098	1217.56	672.72	1270.63	681.83	4.2482	4.3503
436568439432	1202.83	665.38	1266.00	682.79	4.2427	4.3530
436568447765	1219.32	681.05	1261.78	681.59	4.2865	4.3596
436568456098	1219.15	706.03	1263.63	683.30	4.2168	4.3595
436568464432	1217.92	696.01	1260.90	686.54	4.2193	4.3690
436568472765	1239.89	699.23	1260.49	683.40	4.2771	4.3739
436568481098	1222.53	699.02	1261.42	682.53	4.2247	4.3802
436568489432	1225.45	708.48	1263.71	683.27	4.2384	4.3790
436568497765	1227.52	708.29	1255.95	708.52	4.2484	4.3760
436568506098	1213.06	711.56	1248.69	725.87	4.2424	4.3680
436568514431	1221.64	716.59	1255.27	734.11	4.2906	4.3685
436568522764	1211.93	717.41	1251.61	731.29	4.2431	4.3759
436568531104	1210.17	737.48	1244.68	741.44	4.2679	4.3691
436568539438	1252.42	731.44	1293.83	680.43	4.3313	4.4046
436568547771	1221.00	729.40	1301.90	682.89	4.2816	4.3913
436568556104	1228.22	740.39	1293.61	681.27	4.3012	4.4080
436568564438	1213.99	741.37	1285.29	691.83	4.2634	4.4087
436568572771	1236.20	736.79	1284.82	696.12	4.3077	4.4073
436568581104	1229.08	730.44	1282.66	692.57	4.2690	4.4063
436568589438	1255.11	733.01	1279.75	692.92	4.3250	4.4145
436568597771	1260.63	730.08	1278.28	687.30	4.3337	4.4118
436568606104	1247.86	730.61	1284.05	677.81	4.3104	4.4231
436568614438	1250.24	739.70	1281.70	673.60	4.3236	4.4318
436568622770	1246.11	740.30	1283.28	677.06	4.3298	4.4241
436568631103	1244.62	741.23	1284.01	680.51	4.3329	4.4358
436568639436	1224.61	742.72	1278.71	677.92	4.3013	4.4391
436568647770	1244.46	740.45	1282.15	682.53	4.3419	4.4482
436568656103	1241.40	739.56	1271.30	687.26	4.3478	4.4493
436568664441	1242.69	741.03	1270.11	690.76	4.3499	4.4521
436568672775	1242.64	735.99	1276.11	704.50	4.3613	4.4521
436568681108	1246.79	726.46	1269.07	702.44	4.3603	4.4499
436568689441	1255.08	715.03	1270.02	693.34	4.3675	4.4517
436568697775	1260.34	701.46	1261.83	714.00	4.3779	4.4349
436568706108	1262.24	707.53	1251.40	735.25	4.3798	4.4315
436568714441	1259.23	700.69	1252.07	710.64	4.3803	4.4463
436568722774	1254.10	701.01	1255.68	708.89	4.3840	4.4487
436568731107	1256.48	709.64	1267.67	702.83	4.3841	4.4583
436568739440	1259.43	711.20	1270.58	707.00	4.3881	4.4626
436568747774	1253.05	709.29	1274.67	704.19	4.3831	4.4667
436568756107	1256.18	710.35	1269.17	698.24	4.3903	4.4654
436568764440	1255.57	712.89	1262.40	710.30	4.3904	4.4681
436568772774	1253.37	706.00	1272.89	704.42	4.3988	4.4798
436568781107	1257.63	698.68	1274.38	703.92	4.3979	4.4848
436568789443	1258.09	707.19	1270.51	710.14	4.3973	4.4926
436568797777	1243.50	701.94	1248.25	710.36	4.3680	4.4857
436568806110	1247.47	708.69	1245.20	711.36	4.3691	4.4874
436568814444	1260.04	708.14	1243.52	712.45	4.4145	4.4975
436568822776	1261.24	706.98	1237.76	721.40	4.4019	4.4998
436568831109	1244.20	711.98	1235.51	721.43	4.3672	4.4982
436568839442	1263.07	711.65	1231.01	713.82	4.4100	4.4895
436568847776	1264.78	712.93	1228.08	722.25	4.4113	4.4906
436568856109	1266.50	714.49	1224.89	726.35	4.4149	4.4921
436568864442	1244.48	719.38	1222.40	727.21	4.3745	4.4961
436568872776	1266.24	719.60	1220.80	728.30	4.4101	4.5060
436568881109	1266.02	726.42	1226.06	727.68	4.4192	4.5040
436568889442	1268.61	729.51	1247.79	727.01	4.4132	4.4727
436568897776	1266.30	729.65	1263.46	723.61	4.4162	4.4861
436568906109	1265.61	730.86	1274.66	724.84	4.4129	4.5466
436568914442	1262.72	729.24	1278.38	739.35	4.4170	4.5132
436568922781	1252.32	728.15	1258.98	744.15	4.3868	4.5483
436568931114	1258.75	726.78	1261.82	749.10	4.3996	4.5123
436568939447	1266.66	720.68	1256.95	742.71	4.4204	4.4899
436568947781	1261.47	719.59	1247.07	743.52	4.4271	4.5314
436568956114	1260.53	701.61	1252.78	741.32	4.4236	4.5385
436568964447	1250.30	704.89	1257.50	739.55	4.4024	4.5378
436568972781	1258.28	706.66	1251.96	737.33	4.4312	4.5492
436568981114	1258.12	706.34	1241.68	735.73	4.4255	4.5408
436568989447	1261.47	720.53	1248.47	741.86	4.4233	4.5084
436568997781	1257.50	722.96	1228.32	757.54	4.4144	4.5409
436569006114	1256.65	722.38	1243.96	733.48	4.4134	4.5433
436569014447	1256.05	724.56	1237.61	740.98	4.4088	4.5463
436569022780	1257.48	723.72	1246.37	734.49	4.4130	4.5132
436569031113	1265.16	730.07	1238.05	735.46	4.4110	4.5412
436569039446	1262.54	724.59	1240.08	737.14	4.4036	4.5401
436569047780	1262.33	710.93	1239.10	737.33	4.4063	4.5389
436569056118	1263.56	717.06	1242.99	744.16	4.4018	4.5351
436569064451	1264.45	714.97	1256.51	746.89	4.3913	4.4851
436569072785	1264.50	718.75	1243.09	744.73	4.3833	4.5200
436569081118	1264.74	719.81	1256.54	746.80	4.3798	4.4728
436569089451	1256.14	722.25	1243.66	747.33	4.3466	4.5019
436569097785	1268.44	727.49	1248.85	743.78	4.3629	4.4662
436569106118	1259.42	717.72	1232.15	744.91	4.3559	4.4590
436569114451	1177.51	764.99	1164.37	781.86	4.2966	4.4756
436569122784	1137.21	760.50	1101.33	826.25	4.3508	4.4814
436569131117	1090.23	771.43	1102.55	820.32	4.2784	4.4143
436569139450	1086.23	796.23	1100.37	831.23	4.2638	4.4443
436569147783	1114.03	787.69	1097.73	827.31	4.3199	4.4310
436569156117	1092.49	793.27	1096.07	825.62	4.2549	4.4137
436569164450	1093.21	794.45	1093.32	829.05	4.2388	4.3934
436569172783	1109.99	798.75	1091.51	833.71	4.2711	4.3861
436569181117	1089.44	802.30	1094.66	835.94	4.2143	4.3655
436569189455	1103.67	807.62	1094.29	836.97	4.2128	4.3713
436569197789	1122.70	816.63	1096.90	841.86	4.2462	4.3688
436569206122	1106.79	818.51	1100.41	838.54	4.1963	4.3399
436569214455	1110.81	819.27	1105.24	839.64	4.1833	4.3419
436569222787	1109.61	821.87	1110.84	838.72	4.1797	4.3293
436569231121	1135.71	832.69	1113.78	835.71	4.2135	4.3165
436569239454	1134.56	844.80	1110.37	831.93	4.2165	4.3024
436569247787	1108.33	850.63	1111.50	836.51	4.1468	4.3140
436569256121	1133.09	854.25	1108.31	835.94	4.1596	4.2982
436569264454	1129.07	853.15	1108.27	836.14	4.1436	4.2869
436569272787	1115.70	838.64	1108.46	837.77	4.1363	4.2861
436569281121	1127.82	838.51	1105.99	837.16	4.1398	4.2716
436569289454	1125.01	839.78	1107.01	841.18	4.1322	4.2731
436569297788	1124.83	835.69	1109.60	845.77	4.1235	4.2699
436569306121	1123.54	832.82	1112.15	840.60	4.1255	4.2505
436569314458	1127.18	827.75	1109.71	845.78	4.1263	4.2497
436569322790	1128.63	827.63	1106.67	851.05	4.1182	4.2522
436569331124	1132.13	828.13	1104.25	849.05	4.1190	4.2347
436569339457	1132.53	829.21	1104.39	845.77	4.1008	4.2337
436569347790	1150.98	827.84	1102.26	845.25	4.1545	4.2248
436569356124	1152.19	827.51	1108.26	844.84	4.1474	4.2210
436569364457	1146.49	827.77	1107.40	841.10	4.1431	4.2198
436569372790	1132.38	826.23	1108.45	841.89	4.0912	4.2172
436569381124	1136.19	825.00	1112.38	836.37	4.0931	4.2002
436569389457	1133.52	820.47	1111.88	842.36	4.0872	4.2009
436569397790	1149.04	819.76	1113.36	841.02	4.1440	4.2034
436569406124	1130.10	811.66	1114.71	841.23	4.0853	4.1900
436569414457	1147.77	799.00	1112.71	836.95	4.1207	4.1830
436569422790	1145.99	801.52	1111.55	840.56	4.1144	4.1834
436569431123	1143.33	792.16	1112.96	845.14	4.1184	4.1791
436569439456	1144.48	797.93	1110.87	846.81	4.1330	4.1777
436569447795	1127.45	792.43	1107.88	848.52	4.0837	4.1714
436569456129	1148.09	794.90	1108.16	847.53	4.1310	4.1738
436569464462	1146.97	796.73	1105.05	845.07	4.1311	4.1670
436569472795	1147.62	798.46	1107.12	842.78	4.1378	4.1595
436569481129	1145.67	798.47	1107.32	842.06	4.1230	4.1624
436569489462	1152.88	824.09	1151.73	832.48	4.1525	4.1790
436569497795	1246.32	828.66	1227.32	867.65	4.1419	4.1641
436569506129	1358.90	832.90	1367.82	842.70	4.1212	4.1296
436569514462	1393.13	848.59	1406.11	867.92	4.0487	4.1024
436569522795	1414.31	852.96	1409.22	858.48	4.1065	4.1148
436569531128	1407.63	855.34	1396.74	860.27	4.1054	4.1327
436569539461	1414.13	851.90	1396.73	859.92	4.1045	4.1283
436569547794	1415.18	858.75	1397.28	864.13	4.0998	4.1249
436569556128	1396.30	849.87	1396.56	864.44	4.0540	4.1228
436569564461	1413.27	849.50	1399.41	866.80	4.1060	4.1253
436569572794	1414.48	846.54	1399.85	868.45	4.1050	4.1274
436569581132	1411.74	845.08	1405.24	867.53	4.1003	4.1221
436569589465	1413.70	846.70	1409.29	870.53	4.0992	4.1219
436569597798	1411.98	843.30	1408.12	867.89	4.0990	4.1143
436569606132	1411.71	849.17	1407.39	868.96	4.1062	4.1163
436569614465	1414.13	847.79	1405.26	872.84	4.0989	4.1088
436569622798	1413.99	849.31	1400.08	875.29	4.1015	4.1016
436569631131	1414.15	846.10	1403.70	878.07	4.0992	4.0972
436569639464	1403.79	844.31	1402.00	879.48	4.0742	4.1040
436569647797	1414.60	844.93	1398.57	880.14	4.0908	4.1007
436569656131	1394.85	849.52	1401.39	882.39	4.0522	4.1021
436569664464	1394.30	851.74	1401.87	879.44	4.0500	4.1040
436569672797	1417.39	850.99	1408.22	878.12	4.1048	4.0940
436569681130	1409.63	849.49	1405.49	881.41	4.0787	4.0993
436569689464	1390.54	853.79	1406.52	882.77	4.0476	4.1039
436569697797	1391.36	858.50	1414.79	877.59	4.0533	4.1072
436569706130	1411.20	846.74	1412.72	880.80	4.1037	4.1062
436569714469	1397.19	850.78	1416.03	880.32	4.0577	4.1090
436569722802	1392.33	852.09	1414.47	878.33	4.0572	4.1049
436569731134	1413.81	849.53	1418.62	876.37	4.1052	4.1044
436569739468	1413.82	850.88	1422.90	874.12	4.1036	4.0947
436569747801	1415.69	866.19	1422.87	877.62	4.1025	4.1042
436569756134	1458.00	858.21	1438.84	896.00	4.1244	4.1073
436569764468	1515.13	886.45	1484.84	922.20	4.0916	4.0842
436569772801	1505.06	895.43	1468.16	915.74	4.0983	4.0528
436569781134	1501.44	893.17	1457.41	915.30	4.1046	4.0757
436569789468	1499.70	894.57	1460.54	912.43	4.1001	4.0717
436569797801	1501.35	898.21	1463.59	912.24	4.0954	4.0760
436569806134	1507.41	896.63	1460.79	915.50	4.1008	4.0701
436569814468	1509.59	894.57	1468.19	913.16	4.0931	4.0754
436569822801	1506.24	893.65	1466.95	915.96	4.0947	4.0825
436569831133	1506.22	890.67	1466.40	915.40	4.1082	4.0750
436569839470	1508.21	888.94	1469.38	917.36	4.0900	4.0798
436569847803	1508.61	883.74	1470.99	916.86	4.0931	4.0939
436569856136	1507.98	890.33	1471.23	917.56	4.1030	4.0999
436569864470	1505.45	882.61	1469.33	921.53	4.1009	4.0838
436569872803	1502.36	886.21	1468.64	923.21	4.1025	4.0955
436569881136	1504.11	889.67	1473.04	918.65	4.1007	4.0963
436569889470	1501.49	890.54	1473.01	912.99	4.1079	4.0804
436569897803	1504.72	890.81	1471.37	919.95	4.1048	4.0978
436569906136	1504.59	888.37	1469.48	916.36	4.1028	4.0944
436569914470	1507.71	887.37	1474.10	914.30	4.1022	4.0830
436569922803	1506.71	886.35	1470.49	913.28	4.1011	4.0919
436569931135	1511.55	879.04	1470.06	914.82	4.0944	4.0878
436569939469	1510.26	880.74	1468.16	916.33	4.0976	4.0760
436569947802	1508.35	880.56	1469.21	912.18	4.1023	4.0715
436569956135	1510.67	878.49	1468.48	911.51	4.0974	4.0837
436569964469	1509.87	878.34	1468.11	914.09	4.1067	4.0712
436569972811	1509.16	879.03	1472.00	912.59	4.1028	4.0652
436569981144	1511.20	878.96	1469.33	916.43	4.0968	4.0672
436569989478	1508.55	880.59	1471.17	912.18	4.0931	4.0687
436569997811	1508.80	875.01	1469.46	912.34	4.0870	4.0687
436570006144	1510.17	874.68	1469.38	912.46	4.0772	4.0599
436570014478	1512.15	875.12	1469.77	917.44	4.0782	4.0543
436570022811	1511.20	876.65	1470.34	914.37	4.0798	4.0655
436570031143	1506.46	876.35	1471.78	914.29	4.0688	4.0505
436570039477	1509.18	879.17	1471.97	915.21	4.0804	4.0547
436570047810	1510.25	877.76	1471.48	913.92	4.0795	4.0557
436570056143	1508.15	876.32	1472.13	912.43	4.0653	4.0471
436570064477	1509.53	872.30	1472.28	913.91	4.0760	4.0498
436570072810	1508.01	877.42	1470.44	912.89	4.0867	4.0514
436570081143	1511.22	875.45	1470.19	911.43	4.0707	4.0381
436570089477	1509.48	882.74	1470.86	914.17	4.0779	4.0400
436570097810	1509.31	886.82	1470.63	916.04	4.0771	4.0527
436570106146	1510.85	885.10	1470.70	916.35	4.0656	4.0412
436570114480	1508.79	888.54	1471.64	915.21	4.0697	4.0277
436570122813	1510.53	889.66	1467.83	914.84	4.0730	4.0339
436570131145	1509.51	888.01	1471.12	916.52	4.0690	4.0225
436570139479	1507.47	886.62	1467.20	919.11	4.0650	4.0422
436570147812	1510.39	883.73	1463.58	923.43	4.0752	4.0428
436570156145	1478.10	870.90	1468.25	900.30	4.0747	4.0457
436570164479	1397.61	832.75	1424.37	855.93	4.0294	4.0788
436570172812	1356.20	768.48	1389.18	785.68	4.1076	4.0986
436570181145	1270.01	704.35	1314.36	751.67	4.0441	4.1034
436570189479	1271.88	676.41	1281.90	699.11	4.0989	4.0991
436570197812	1273.32	640.86	1258.50	688.00	4.1100	4.0966
436570206145	1278.29	650.58	1264.13	688.09	4.1083	4.0904
436570214479	1282.24	662.59	1268.34	693.87	4.1087	4.0909
436570222812	1278.81	649.15	1271.14	690.86	4.1039	4.0871
436570231146	1279.35	650.99	1266.92	684.92	4.1059	4.0867
436570239478	1278.81	666.63	1270.64	676.66	4.1012	4.0769
436570247812	1251.03	659.58	1269.52	676.45	4.0188	4.0881
436570256145	1256.24	651.98	1272.37	682.68	4.0451	4.0907
436570264478	1257.35	652.01	1272.20	684.48	4.0508	4.0845
436570272812	1258.29	660.99	1263.97	689.35	4.0433	4.0781
436570281145	1258.16	664.76	1265.13	686.11	4.0379	4.0896
436570289478	1278.92	667.30	1261.64	680.86	4.0975	4.0912
436570297812	1278.15	659.24	1256.11	677.99	4.0990	4.0939
436570306145	1276.46	652.94	1249.91	683.52	4.0953	4.0868
436570314478	1275.57	649.37	1245.37	687.09	4.1011	4.0865
436570322812	1274.33	650.87	1241.78	696.33	4.1027	4.0773
436570331145	1273.99	648.19	1237.74	698.63	4.1017	4.0753
436570339477	1271.24	648.90	1240.79	698.03	4.1059	4.0778
436570347811	1271.54	652.65	1240.90	695.60	4.1080	4.0709
436570356144	1269.93	656.94	1241.28	695.85	4.1046	4.0797
436570364486	1272.19	653.52	1238.30	693.92	4.1007	4.0772
436570372820	1273.62	654.03	1241.05	696.17	4.1060	4.0663
436570381153	1277.74	650.93	1236.40	701.68	4.1067	4.0640
436570389486	1277.09	649.30	1238.19	698.00	4.0988	4.0683
436570397820	1281.57	658.09	1240.97	688.22	4.1002	4.0723
436570406153	1286.57	664.83	1239.34	689.28	4.1010	4.0597
436570414486	1286.80	660.91	1235.02	694.11	4.1074	4.0576
436570422820	1286.09	647.35	1238.46	705.08	4.1094	4.0608
436570431153	1283.19	654.08	1244.26	699.97	4.1056	4.0648
436570439485	1281.26	659.47	1246.53	683.94	4.1043	4.0563
436570447819	1264.83	665.04	1248.15	677.52	4.0674	4.0551
436570456152	1254.44	666.75	1243.69	676.44	4.0451	4.0681
436570464485	1246.02	660.35	1246.41	678.89	4.0401	4.0533
436570472819	1247.58	661.52	1244.01	679.75	4.0419	4.0646
436570481152	1266.28	656.73	1244.48	686.16	4.1003	4.0611
436570489485	1249.78	654.27	1242.52	691.21	4.0473	4.0546
436570497823	1251.99	651.45	1242.58	695.92	4.0515	4.0495
436570506156	1249.79	657.12	1248.41	696.42	4.0447	4.0440
436570514489	1273.14	656.03	1244.93	696.54	4.1025	4.0539
436570522823	1252.20	659.58	1248.26	697.89	4.0486	4.0502
436570531156	1252.32	649.11	1247.86	698.23	4.0539	4.0438
436570539488	1241.96	666.53	1229.54	757.19	4.1008	4.0257
436570547822	1205.31	683.97	1195.43	720.44	4.0545	4.0777
436570556155	1233.88	701.12	1201.43	727.61	4.1243	4.0861
436570564488	NaN	NaN	1206.73	727.79	NaN	4.0732
436570572822	1209.60	694.32	1198.15	727.16	4.0518	4.0741
436570581155	1229.91	693.48	1196.34	730.73	4.1215	4.0621
436570589488	1225.81	690.47	1199.16	731.96	4.1262	4.0696
436570597822	1210.55	684.95	1200.97	730.05	4.0744	4.0711
436570606155	1208.82	682.55	1202.23	731.69	4.0761	4.0776
436570614488	1204.46	686.43	1203.33	731.18	4.0663	4.0759
436570622822	1207.92	680.06	1203.65	732.94	4.0781	4.0815
436570631160	1200.80	687.94	1208.02	730.66	4.0659	4.0838
436570639492	1223.63	692.05	1210.13	727.68	4.1270	4.0774
436570647826	1221.73	700.10	1211.62	723.19	4.1263	4.0894
436570656159	1223.34	708.33	1213.09	725.52	4.1280	4.0871
436570664492	1223.12	705.42	1214.72	725.71	4.1284	4.0919
436570672826	1220.78	704.09	1215.65	727.06	4.1312	4.0919
436570681159	1207.04	702.82	1217.17	730.32	4.1016	4.0882
436570689492	1206.05	703.75	1216.16	728.41	4.1067	4.0925
436570697826	1205.64	703.07	1217.16	725.76	4.1084	4.0968
436570706159	1213.64	707.93	1219.75	720.75	4.1328	4.0984
436570714492	1201.22	709.76	1218.43	718.57	4.0902	4.0904
436570722826	1217.41	709.42	1220.66	718.43	4.1377	4.0919
436570731159	1206.52	709.83	1222.08	719.20	4.1036	4.0952
436570739491	1209.83	710.89	1222.09	717.23	4.1128	4.1022
436570747824	1221.00	711.21	1219.54	719.31	4.1451	4.1040
436570756162	1221.86	709.98	1221.84	720.26	4.1456	4.1024
436570764495	1200.18	711.02	1221.96	719.91	4.0989	4.1066
436570772828	1222.93	707.82	1220.02	719.79	4.1491	4.1053
436570781162	1201.97	712.06	1218.65	717.41	4.0981	4.1106
436570789495	1221.13	709.82	1220.31	719.25	4.1484	4.1148
436570797828	1205.09	709.66	1219.47	721.66	4.1070	4.1035
436570806162	1203.21	708.51	1220.53	719.26	4.1044	4.1055
436570814495	1202.71	709.54	1216.48	719.35	4.1066	4.1060
436570822828	1203.66	710.63	1217.74	723.15	4.1146	4.1015
436570831162	1202.77	712.55	1216.53	722.44	4.1117	4.1002
436570839494	1203.58	709.44	1217.37	721.70	4.1136	4.1083
436570847827	1221.02	711.42	1216.61	722.56	4.1684	4.1065
436570856161	1197.84	699.66	1217.70	724.19	4.1071	4.1155
436570864494	1217.53	697.76	1219.12	724.21	4.1743	4.1051
436570872827	1196.52	694.54	1218.62	723.73	4.1222	4.1065
436570881161	1214.50	698.21	1215.61	721.26	4.1816	4.1106
436570889499	NaN	NaN	1208.10	725.44	NaN	4.1167
436570897832	1301.34	710.33	1278.60	730.88	4.1971	4.1310
436570906166	1372.00	701.61	1376.57	690.93	4.1877	4.1215
436570914499	1392.61	734.91	1458.22	678.54	4.1157	4.0939
436570922832	1455.34	711.99	1432.19	676.11	4.1754	4.0854
436570931166	1450.13	713.55	1410.60	679.35	4.1675	4.1065
436570939499	NaN	NaN	1412.03	676.72	NaN	4.1025
436570947831	NaN	NaN	1410.28	677.74	NaN	4.1059
436570956165	1441.36	796.64	1413.83	678.74	4.1421	4.1050
436570964498	384.97	1769.90	1412.30	680.36	3.9796	4.1073
436570972831	374.28	1788.65	1413.40	678.75	3.9760	4.1028
436570981165	1434.83	789.44	1412.25	681.09	4.1310	4.0985
436570989498	1448.53	768.34	1417.40	679.14	4.1674	4.1081
436570997831	1427.16	776.24	1414.38	683.23	4.1175	4.1053
436571006165	1457.52	776.08	1415.76	677.78	4.1400	4.1029
436571014498	1455.57	772.24	1413.57	683.65	4.1690	4.1127
436571022836	1449.55	759.21	1417.45	683.10	4.1638	4.0999
436571031170	1448.98	767.73	1417.32	685.10	4.1439	4.1002
436571039503	1459.56	752.35	1419.04	691.83	4.1655	4.1042
436571047835	1454.49	749.69	1420.53	694.59	4.1729	4.1108
436571056169	1442.16	746.49	1414.55	694.70	4.1349	4.0995
436571064502	1458.48	728.12	1415.69	691.71	4.1678	4.0963
436571072835	1459.10	718.46	1418.94	689.25	4.1732	4.0955
436571081169	1461.87	711.11	1420.14	684.65	4.1846	4.0966
436571089502	1465.40	703.37	1421.34	682.42	4.1766	4.0948
436571097835	1440.19	703.34	1421.67	684.52	4.1154	4.0952
436571106169	1462.07	705.72	1421.82	684.24	4.1738	4.1003
436571114502	1463.45	705.74	1425.49	685.35	4.1734	4.1042
436571122835	1460.85	709.35	1424.58	683.05	4.1748	4.1068
436571131169	1443.34	704.41	1424.41	682.93	4.1169	4.1013
436571139502	1463.66	712.94	1425.08	685.32	4.1714	4.0991
436571147834	1467.60	706.85	1425.59	690.16	4.1698	4.1081
436571156173	1469.64	706.74	1421.09	688.16	4.1767	4.1084
436571164506	1472.72	716.14	1423.97	685.31	4.1773	4.1009
436571172839	1470.75	709.02	1425.26	684.87	4.1742	4.1200
436571181173	1465.22	685.26	1425.24	683.84	4.1791	4.1075
436571189506	1469.36	678.45	1425.54	683.56	4.1825	4.1225
436571197839	1471.16	679.84	1425.86	683.37	4.1830	4.1239
436571206173	1474.88	673.83	1428.45	690.05	4.1856	4.1176
436571214506	1471.43	674.43	1424.34	693.05	4.1885	4.1175
436571222839	1474.64	672.26	1427.91	690.75	4.1899	4.1224
436571231173	1452.29	670.98	1426.65	696.02	4.1295	4.1207
436571239506	1477.27	675.82	1427.81	695.00	4.1897	4.1349
436571247838	1477.94	680.68	1426.82	695.14	4.1896	4.1388
436571256172	1473.46	683.40	1426.48	697.79	4.1918	4.1358
436571264505	1473.36	682.21	1427.69	690.78	4.1892	4.1471
436571272838	1476.18	681.86	1425.54	691.50	4.1950	4.1535
436571281175	1475.49	671.46	1425.38	691.46	4.1925	4.1531
436571289508	1472.94	676.28	1426.21	688.84	4.2000	4.1614
436571297841	1458.68	681.37	1425.08	682.15	4.1629	4.1658
436571306174	1470.72	688.57	1423.67	685.50	4.1954	4.1651
436571314508	1460.75	691.39	1421.56	686.40	4.1811	4.1742
436571322841	1469.42	695.15	1420.14	688.45	4.2034	4.1761
436571331175	1449.61	694.77	1420.80	690.20	4.1450	4.1776
436571339508	1470.61	701.52	1420.06	696.73	4.2023	4.1867
436571347840	1447.99	716.82	1419.10	697.01	4.1611	4.1864
436571356174	1456.70	715.28	1421.16	694.91	4.1861	4.1897
436571364507	1471.89	708.35	1419.60	695.21	4.2119	4.1955
436571372840	1453.47	715.98	1422.65	694.57	4.1707	4.2024
436571381174	1450.88	712.89	1422.72	700.55	4.1678	4.2063
436571389507	1474.75	704.34	1424.13	697.07	4.2251	4.2024
436571397840	1474.47	707.03	1423.13	699.63	4.2226	4.2007
436571406173	1475.21	701.28	1424.46	697.07	4.2266	4.2135
436571414516	1454.62	710.89	1421.63	699.81	4.1760	4.2174
436571422849	1476.61	707.45	1425.20	695.52	4.2277	4.2153
436571431182	1478.09	702.76	1420.14	709.42	4.2263	4.2149
436571439516	1440.90	701.16	1417.99	744.11	4.1437	4.1994
436571447848	1399.91	698.24	NaN	NaN	4.2346	NaN
436571456181	1231.27	673.30	1273.14	652.49	4.1713	4.2290
436571464515	1185.79	646.91	1185.09	687.73	4.2415	4.2543
436571472848	NaN	NaN	1116.34	651.42	NaN	4.2689
436571481181	1107.01	611.67	1832.12	1417.59	4.2308	4.3159
436571489515	1122.53	612.57	1105.94	731.95	4.2349	4.2436
436571497848	1119.30	626.26	1094.71	699.37	4.2160	4.2263
436571506181	1113.07	611.90	1078.54	679.37	4.2251	4.2529
436571514515	1085.02	608.70	1086.73	671.40	4.1337	4.2226
436571522848	1086.60	611.97	1081.99	672.35	4.1379	4.2440
436571531181	1090.34	614.01	1083.31	671.56	4.1360	4.2522
436571539515	1093.43	615.01	1083.78	676.61	4.1564	4.2499
436571547850	1111.37	612.36	1083.83	673.53	4.2059	4.2490
436571556183	1109.84	622.23	1088.36	675.43	4.2055	4.2474
436571564517	1111.45	621.28	1080.47	683.71	4.2036	4.2252
436571572850	1106.87	624.83	1089.01	699.19	4.2025	4.2460
436571581183	1092.76	629.86	371.56	1487.37	4.1536	4.0944
436571589516	1076.70	632.43	1091.51	719.39	4.1222	4.2324
436571597849	1103.25	632.34	1092.59	712.45	4.1969	4.2383
436571606182	1102.48	625.02	371.59	1483.61	4.1978	4.0874
436571614516	1074.25	629.35	1092.03	694.82	4.1206	4.2375
436571622849	1073.86	623.99	1095.05	699.69	4.1187	4.2352
436571631182	1097.95	619.05	1093.69	707.01	4.1933	4.2320
436571639516	1064.78	617.31	364.92	1516.39	4.1038	4.0833
436571647848	1061.92	622.64	1829.60	1464.35	4.1013	4.2902
436571656181	1092.39	620.73	1068.99	736.37	4.1802	4.2199
436571664515	1091.73	621.43	1066.24	743.26	4.1737	4.2100
436571672848	1093.24	629.22	1064.14	740.76	4.1710	4.2154
436571681184	1093.82	635.35	1068.93	731.97	4.1692	4.2157
436571689518	1060.30	641.69	1082.74	693.54	4.0705	4.2179
436571697851	1064.03	649.63	1083.79	701.14	4.0798	4.2167
436571706184	1099.35	661.36	1082.79	704.94	4.1605	4.2104
436571714518	1064.03	661.03	1082.07	701.23	4.0586	4.2153
436571722851	1098.04	670.46	1081.41	706.33	4.1552	4.2057
436571731184	1086.01	681.16	1104.68	704.62	4.1117	4.1555
436571739518	1065.65	677.32	1087.39	708.52	4.0643	4.2046
436571747851	1096.90	686.23	1089.27	702.12	4.1448	4.2061
