t	gaze_point_LX	gaze_point_LY	gaze_point_RX	gaze_point_RY	pupil_diameter_L	pupil_diameter_R
2102514667032	NaN	NaN	NaN	NaN	NaN	NaN
2102514675366	NaN	NaN	NaN	NaN	NaN	NaN
2102514683699	NaN	NaN	NaN	NaN	NaN	NaN
2102514692032	NaN	NaN	NaN	NaN	NaN	NaN
2102514700365	NaN	NaN	NaN	NaN	NaN	NaN
2102514708698	NaN	NaN	NaN	NaN	NaN	NaN
2102514717032	NaN	NaN	NaN	NaN	NaN	NaN
2102514725365	NaN	NaN	NaN	NaN	NaN	NaN
2102514733698	NaN	NaN	NaN	NaN	NaN	NaN
2102514742035	NaN	NaN	NaN	NaN	NaN	NaN
2102514750369	NaN	NaN	NaN	NaN	NaN	NaN
2102514758702	NaN	NaN	NaN	NaN	NaN	NaN
2102514767035	NaN	NaN	NaN	NaN	NaN	NaN
2102514775322	NaN	NaN	NaN	NaN	NaN	NaN
2102514783608	NaN	NaN	NaN	NaN	NaN	NaN
2102514791895	NaN	NaN	NaN	NaN	NaN	NaN
2102514800228	NaN	NaN	NaN	NaN	NaN	NaN
2102514808561	NaN	NaN	NaN	NaN	NaN	NaN
2102514816894	NaN	NaN	NaN	NaN	NaN	NaN
2102514825227	NaN	NaN	NaN	NaN	NaN	NaN
2102514833561	NaN	NaN	NaN	NaN	NaN	NaN
2102514841941	NaN	NaN	NaN	NaN	NaN	NaN
2102514850321	NaN	NaN	NaN	NaN	NaN	NaN
2102514858702	1212.70	1044.21	1321.30	1060.85	3.1312	3.1252
2102514867040	1232.36	984.98	1330.64	979.90	3.1061	3.0951
2102514875373	1247.83	944.06	1356.37	925.59	3.0961	3.1015
2102514883704	1263.66	890.95	1355.83	896.51	3.1237	3.0911
2102514892038	1288.16	861.25	1382.17	836.07	3.0856	3.0905
2102514900371	1281.41	851.92	1386.80	825.13	3.0999	3.0869
2102514908704	1288.61	808.31	1381.19	826.79	3.0524	3.1085
2102514917038	1291.43	794.70	1380.45	798.16	3.1116	3.1046
2102514925371	1302.49	793.05	1369.04	778.42	3.1327	3.0845
2102514933704	1293.49	757.22	1360.63	778.89	3.0730	3.1136
2102514942036	1295.06	763.72	1358.52	749.10	3.0845	3.0668
2102514950370	1294.82	764.26	1353.34	739.68	3.0707	3.0510
2102514958704	1301.50	753.25	1349.00	750.49	3.0226	3.0606
2102514967037	1304.56	770.39	1339.58	771.34	3.0347	3.0973
2102514975371	1305.42	777.57	1337.04	774.40	3.0618	3.0789
2102514983704	1305.78	774.69	1331.20	739.12	3.0270	3.0110
2102514992038	1309.27	777.82	1329.74	740.14	3.0556	3.0406
2102515000376	1300.66	769.08	1323.98	711.98	3.0421	3.0092
2102515008709	1304.47	772.33	1319.62	745.63	3.0473	3.0795
2102515017042	1306.37	759.57	1317.39	717.84	3.0272	3.0225
2102515025375	1304.04	756.15	1312.90	743.88	2.9868	3.0661
2102515033708	1305.47	771.54	1313.10	725.35	3.0159	3.0318
2102515042041	1303.85	765.46	1311.92	731.87	2.9880	3.0452
2102515050375	1309.05	783.57	1307.64	736.83	3.0120	3.0332
2102515058708	1309.06	789.12	1305.56	739.57	3.0236	3.0163
2102515067041	1307.01	799.52	1305.68	750.87	3.0384	3.0406
2102515075375	1307.77	796.46	1302.28	734.29	3.0208	2.9988
2102515083708	1308.56	801.35	1301.19	759.98	3.0357	3.0245
2102515092041	1306.37	798.33	1300.49	762.15	3.0414	3.0358
2102515100374	1306.86	800.32	1298.49	739.20	3.0404	3.0107
2102515108707	1304.02	799.46	1298.23	736.71	3.0411	3.0034
2102515117040	1304.20	800.91	1296.58	728.72	3.0464	2.9945
2102515125374	1293.66	764.31	1286.43	724.20	3.0080	3.0096
2102515133712	1259.56	743.61	1262.86	710.95	2.9967	3.0025
2102515142045	1253.33	751.08	1252.64	714.10	3.0452	3.0416
2102515150379	1256.96	707.79	1265.11	699.07	2.9805	3.0243
2102515158712	1253.31	707.92	1261.81	707.12	2.9731	3.0492
2102515167045	1260.13	714.56	1256.84	709.12	3.0001	3.0629
2102515175379	1254.91	721.65	1256.62	690.85	3.0142	3.0441
2102515183711	1252.57	723.48	1257.43	681.34	3.0187	3.0363
2102515192044	1256.30	718.33	1252.33	685.70	3.0345	3.0508
2102515200378	1253.61	731.25	1252.41	686.59	3.0381	3.0501
2102515208711	1253.50	750.65	1252.94	689.16	3.0892	3.0567
2102515217044	1255.20	754.87	1250.90	698.26	3.1006	3.0759
2102515225378	1253.15	745.51	1248.04	703.53	3.0788	3.0936
2102515233711	1252.36	750.19	1247.81	704.24	3.0980	3.0959
2102515242044	1253.04	750.22	1248.54	711.00	3.0831	3.1341
2102515250378	1249.53	749.01	1246.95	704.51	3.1026	3.1230
2102515258711	1259.97	747.69	1246.32	704.62	3.1097	3.1232
2102515267048	1254.57	754.56	1243.28	735.66	3.1252	3.1889
2102515275382	1255.93	754.50	1244.39	728.32	3.1345	3.1956
2102515283715	1257.38	747.03	1248.81	707.86	3.1207	3.1568
2102515292048	1260.37	749.84	1246.54	737.64	3.1294	3.2289
2102515300382	1256.00	755.62	1238.95	730.44	3.1467	3.2302
2102515308715	1256.91	755.09	1243.38	709.86	3.1588	3.1808
2102515317048	1256.50	760.14	1244.64	741.18	3.1872	3.2568
2102515325382	1256.45	749.78	1242.19	723.67	3.1802	3.2397
2102515333715	1254.85	751.62	1243.50	731.88	3.2048	3.2758
2102515342047	1256.13	749.95	1240.64	731.04	3.1964	3.2831
2102515350381	1253.70	741.44	1241.90	743.58	3.1969	3.3285
2102515358714	1253.06	742.80	1240.26	721.54	3.2003	3.3003
2102515367047	1253.99	750.64	1233.45	741.24	3.2281	3.3406
2102515375381	1252.16	754.33	1237.98	726.68	3.2476	3.3128
2102515383714	1252.69	754.26	1234.80	744.63	3.2391	3.3690
2102515392051	1251.16	760.64	1238.84	754.16	3.2681	3.3965
2102515400385	1254.20	748.64	1233.52	719.80	3.2466	3.3128
2102515408718	1247.41	743.98	1237.73	744.29	3.2252	3.3774
2102515417051	1248.97	754.78	1229.86	736.69	3.2588	3.3728
2102515425384	1249.43	767.35	1235.77	766.83	3.3108	3.4298
2102515433717	1252.54	742.39	1233.48	762.34	3.2798	3.4364
2102515442050	1241.48	781.69	1239.69	758.81	3.3607	3.4402
2102515450384	1166.85	776.80	1155.99	773.60	3.3463	3.4754
2102515458717	1041.12	743.13	1065.17	776.63	3.3409	3.4885
2102515467050	946.06	705.79	990.78	723.13	3.2932	3.4125
2102515475383	848.57	700.01	909.53	711.08	3.3119	3.4244
2102515483717	769.41	708.68	843.51	711.10	3.3309	3.4385
2102515492050	683.97	714.90	762.43	704.64	3.3556	3.4606
2102515500383	602.95	691.43	681.80	703.31	3.3656	3.4898
2102515508716	554.27	688.24	632.99	692.88	3.3814	3.4996
2102515517049	498.00	676.03	594.23	684.06	3.3852	3.5276
2102515525386	481.11	655.23	548.20	665.69	3.3863	3.5393
2102515533720	482.19	643.47	532.84	652.96	3.3909	3.5579
2102515542053	492.07	655.57	523.76	636.19	3.4113	3.5479
2102515550386	492.92	657.07	509.56	640.36	3.4189	3.5657
2102515558720	496.05	661.75	501.82	644.85	3.4296	3.5792
2102515567053	505.52	671.80	503.14	647.18	3.4445	3.5839
2102515575386	500.98	676.76	497.64	647.69	3.4644	3.5891
2102515583719	503.35	668.01	491.33	657.21	3.4395	3.6133
2102515592052	504.25	666.47	486.46	652.74	3.4464	3.6044
2102515600385	505.73	667.23	483.21	664.94	3.4494	3.6196
2102515608719	505.80	674.10	486.08	665.08	3.4851	3.6380
2102515617052	507.49	665.10	486.60	659.30	3.4783	3.6187
2102515625385	504.92	668.55	484.17	662.35	3.4744	3.6329
2102515633719	507.56	675.35	486.96	666.76	3.5020	3.6576
2102515642052	509.30	668.56	486.36	654.79	3.4864	3.6398
2102515650385	505.99	675.04	481.93	658.95	3.5158	3.6754
2102515658725	508.86	676.11	488.76	668.50	3.5228	3.6613
2102515667057	499.10	664.42	484.16	665.59	3.5210	3.6943
2102515675390	509.28	680.43	484.24	654.83	3.5272	3.6815
2102515683724	515.17	678.06	481.50	669.75	3.5330	3.6956
2102515692057	508.54	677.15	489.23	663.76	3.5345	3.6988
2102515700390	511.66	683.82	488.80	669.06	3.5390	3.7027
2102515708724	512.95	683.37	493.56	660.37	3.5438	3.6937
2102515717057	517.61	687.86	484.85	661.27	3.5702	3.7039
2102515725390	524.83	636.04	516.98	642.06	3.5535	3.7208
2102515733724	541.54	589.36	550.04	588.29	3.5666	3.6961
2102515742056	544.55	550.54	546.10	551.68	3.5597	3.6953
2102515750389	539.82	561.50	542.41	561.26	3.5645	3.6927
2102515758723	539.71	583.90	535.19	570.86	3.5893	3.7005
2102515767056	547.67	582.04	539.20	576.53	3.5733	3.6970
2102515775389	552.12	577.66	540.67	564.02	3.5904	3.6842
2102515783723	548.00	583.88	532.23	566.47	3.6095	3.6969
2102515792061	550.74	575.40	537.98	558.74	3.5913	3.6775
2102515800394	544.75	573.19	535.01	561.70	3.5880	3.7141
2102515808728	551.64	577.92	543.65	559.15	3.6063	3.6986
2102515817061	551.04	574.92	534.80	559.45	3.6018	3.6802
2102515825393	550.33	574.02	533.65	564.56	3.5912	3.6808
2102515833727	550.97	577.86	532.63	558.86	3.5941	3.6823
2102515842060	555.89	585.84	537.05	562.66	3.6130	3.6662
2102515850393	548.98	572.93	533.91	562.17	3.5954	3.6706
2102515858727	551.73	575.32	540.77	562.07	3.6047	3.6711
2102515867059	555.64	580.01	532.86	562.68	3.6048	3.6678
2102515875393	554.84	579.72	536.69	557.58	3.6193	3.6568
2102515883726	551.53	577.09	542.85	567.87	3.6186	3.6582
2102515892059	551.65	585.65	537.16	558.59	3.6186	3.6372
2102515900393	556.01	573.15	539.80	562.37	3.6150	3.6585
2102515908726	554.87	577.23	539.69	556.52	3.6142	3.6430
2102515917064	554.28	575.24	537.94	562.00	3.6063	3.6473
2102515925397	550.11	572.25	540.88	567.91	3.6023	3.6516
2102515933731	558.07	572.61	538.05	561.09	3.6142	3.6341
2102515942064	554.83	575.68	539.49	555.65	3.6091	3.6212
2102515950397	555.63	585.10	535.13	546.96	3.6392	3.6169
2102515958731	581.14	593.51	574.47	580.40	3.6046	3.6371
2102515967064	700.03	644.62	675.83	605.02	3.6315	3.5986
2102515975397	774.11	674.26	766.46	638.49	3.6004	3.6007
2102515983729	865.53	701.04	858.76	664.72	3.6172	3.5888
2102515992062	962.57	756.71	951.67	732.53	3.6073	3.6149
2102516000396	1056.22	812.71	1023.02	760.23	3.6283	3.5977
2102516008729	1120.65	829.71	1102.65	779.16	3.6435	3.6041
2102516017062	1187.79	841.15	1166.91	794.81	3.6479	3.6128
2102516025396	1250.93	847.14	1228.49	810.85	3.6396	3.5928
2102516033729	1281.27	849.18	1241.79	807.49	3.6405	3.5829
2102516042063	1256.62	856.50	1231.28	813.17	3.6389	3.5877
2102516050403	1260.02	850.58	1234.31	813.99	3.6220	3.5813
2102516058736	1276.01	859.88	1242.12	820.78	3.6404	3.5948
2102516067069	1270.85	848.90	1241.19	827.28	3.6099	3.5887
2102516075402	1273.35	855.22	1247.78	827.29	3.6093	3.5924
2102516083736	1278.42	853.76	1246.42	824.31	3.6382	3.5990
2102516092069	1277.91	861.40	1247.74	822.11	3.6474	3.6095
2102516100402	1279.40	850.17	1247.94	822.84	3.6294	3.5944
2102516108735	1279.12	855.15	1250.82	827.93	3.6288	3.6132
2102516117068	1281.54	863.36	1252.35	824.87	3.6367	3.6061
2102516125402	1281.40	842.40	1243.21	819.22	3.6265	3.5965
2102516133735	1278.03	850.96	1249.25	819.63	3.6414	3.6190
2102516142068	1285.15	851.41	1253.06	823.60	3.6271	3.6202
2102516150401	1280.55	848.97	1252.13	828.86	3.6447	3.6162
2102516158734	1272.14	858.24	1253.35	819.80	3.6666	3.6118
2102516167068	1283.31	851.60	1253.37	828.56	3.6518	3.6259
2102516175401	1277.88	848.44	1255.45	817.04	3.6481	3.6020
2102516183735	1283.35	860.90	1247.55	819.67	3.6696	3.6346
2102516192069	1286.14	855.49	1244.10	822.43	3.6443	3.6367
2102516200402	1289.42	856.84	1251.45	822.44	3.6798	3.6429
2102516208736	1281.71	852.34	1249.71	817.80	3.6607	3.6291
2102516217069	1277.62	856.18	1249.46	823.67	3.6720	3.6594
2102516225401	1279.78	853.57	1254.40	814.41	3.6649	3.6435
2102516233734	1275.16	852.88	1251.27	819.39	3.6559	3.6632
2102516242067	1275.53	841.15	1256.31	824.79	3.6449	3.6580
2102516250401	1279.63	856.64	1247.93	820.56	3.6780	3.6523
2102516258734	1279.49	849.23	1249.42	818.46	3.6735	3.6528
2102516267067	1280.88	853.73	1254.14	819.91	3.6750	3.6654
2102516275401	1281.71	851.20	1256.94	826.30	3.6826	3.6936
2102516283734	1274.17	853.09	1247.45	822.17	3.6921	3.7003
2102516292068	1276.88	857.34	1255.35	825.19	3.6883	3.6759
2102516300401	1280.65	861.37	1254.54	822.65	3.7027	3.6770
2102516308737	1276.79	852.27	1256.81	820.43	3.6991	3.6998
2102516317071	1281.38	853.39	1252.68	817.11	3.7198	3.6968
2102516325403	1275.75	844.13	1246.33	826.56	3.6825	3.7101
2102516333737	1275.88	848.33	1259.38	819.56	3.7059	3.7072
2102516342071	1274.53	851.79	1251.90	824.33	3.6933	3.7069
2102516350404	1275.26	864.29	1261.46	819.24	3.7238	3.7109
2102516358737	1280.28	852.00	1257.53	823.16	3.7128	3.7167
2102516367070	1276.75	856.09	1252.50	820.92	3.7194	3.7163
2102516375404	1275.95	849.60	1248.60	810.67	3.7055	3.6958
2102516383737	1270.09	847.02	1250.73	816.72	3.7199	3.7040
2102516392069	1278.48	849.98	1249.48	827.91	3.7165	3.7502
2102516400403	1280.21	854.95	1247.24	818.46	3.7296	3.7310
2102516408736	1275.86	853.12	1256.07	827.85	3.7086	3.7419
2102516417070	1272.64	855.09	1250.85	828.46	3.7271	3.7514
2102516425403	1271.29	854.53	1249.24	830.03	3.7292	3.7542
2102516433736	1270.34	861.22	1256.50	820.14	3.7455	3.7503
2102516442076	1273.50	856.98	1252.11	829.10	3.7326	3.7513
2102516450408	1265.78	859.33	1247.89	823.77	3.7482	3.7595
2102516458742	1270.07	861.07	1259.03	817.41	3.7385	3.7416
2102516467074	1270.92	855.75	1252.98	821.15	3.7459	3.7565
2102516475407	1274.60	857.44	1258.00	823.59	3.7449	3.7702
2102516483741	1273.69	856.51	1252.87	833.65	3.7518	3.7778
2102516492074	1271.82	857.53	1257.30	808.71	3.7455	3.7530
2102516500408	1268.63	863.39	1259.26	826.47	3.7554	3.7731
2102516508741	1271.77	859.09	1254.94	813.95	3.7452	3.7747
2102516517074	1272.55	870.58	1256.76	824.33	3.7681	3.7755
2102516525408	1276.31	858.31	1255.71	814.09	3.7524	3.7632
2102516533741	1271.80	871.11	1258.69	821.99	3.7643	3.7765
2102516542074	1272.98	869.65	1252.84	820.25	3.7632	3.7610
2102516550407	1276.30	864.25	1253.69	822.44	3.7665	3.7870
2102516558740	1277.16	868.25	1254.23	822.26	3.7890	3.7851
2102516567074	1275.63	869.97	1252.50	823.89	3.7935	3.7789
2102516575412	1268.46	862.20	1252.96	824.45	3.7704	3.7922
2102516583746	1270.70	856.64	1254.36	827.46	3.7737	3.7825
2102516592079	1273.67	872.24	1257.10	822.34	3.7976	3.7832
2102516600412	1266.99	865.08	1257.22	830.27	3.7733	3.8045
2102516608746	1272.69	861.33	1253.10	829.30	3.7917	3.7955
2102516617079	1283.41	843.20	1269.75	814.95	3.7817	3.8054
2102516625412	1308.09	824.53	1291.65	789.73	3.7942	3.8129
2102516633745	1302.74	812.36	1285.13	776.10	3.7823	3.7993
2102516642078	1305.58	813.64	1281.89	766.90	3.7859	3.7848
2102516650412	1298.66	831.06	1284.09	784.03	3.8066	3.7813
2102516658745	1299.66	829.68	1279.83	789.36	3.8051	3.8001
2102516667078	1310.95	823.46	1283.67	782.76	3.7903	3.8025
2102516675412	1302.35	827.05	1280.32	781.60	3.8017	3.8005
2102516683745	1300.74	829.32	1287.49	785.52	3.8147	3.8110
2102516692078	1305.23	823.11	1280.53	779.08	3.8013	3.7918
2102516700411	1303.73	821.59	1288.24	783.48	3.8088	3.8177
2102516708748	1299.38	821.98	1281.29	788.28	3.8071	3.8145
2102516717081	1300.67	821.88	1292.56	784.44	3.8110	3.8030
2102516725414	1305.88	832.12	1288.99	782.75	3.8231	3.8060
2102516733748	1302.55	822.66	1282.57	788.10	3.7965	3.8056
2102516742081	1297.24	820.15	1286.24	775.67	3.7962	3.7772
2102516750415	1300.59	822.06	1287.47	786.18	3.8092	3.8040
2102516758748	1301.83	831.75	1286.12	787.73	3.8141	3.8212
2102516767081	1298.23	823.72	1287.12	781.72	3.8269	3.7963
2102516775415	1297.52	827.97	1285.52	781.74	3.8338	3.8084
2102516783747	1294.97	831.11	1288.26	788.74	3.8239	3.7990
2102516792080	1299.91	823.18	1285.60	778.31	3.8305	3.7947
2102516800414	1304.15	827.65	1292.63	781.00	3.8358	3.8025
2102516808746	1295.06	830.24	1287.36	792.62	3.8359	3.8173
2102516817080	1295.34	825.87	1290.04	787.07	3.8204	3.8080
2102516825413	1298.07	820.50	1289.57	788.97	3.8308	3.8166
2102516833750	1299.80	827.31	1288.89	784.22	3.8313	3.7914
2102516842083	1297.62	832.42	1290.91	789.94	3.8285	3.8094
2102516850416	1297.41	835.40	1286.13	800.18	3.8483	3.8257
2102516858750	1291.38	853.74	1284.00	817.51	3.8220	3.8199
2102516867082	1371.44	1069.64	1279.57	828.18	3.2442	3.8048
2102516875416	1227.81	1311.20	1276.16	904.71	1.9590	3.6603
2102516883749	NaN	NaN	1038.26	1154.50	NaN	2.7050
2102516892082	NaN	NaN	1278.53	1388.73	NaN	1.7153
2102516900414	NaN	NaN	NaN	NaN	NaN	NaN
2102516908746	NaN	NaN	NaN	NaN	NaN	NaN
2102516917080	NaN	NaN	NaN	NaN	NaN	NaN
2102516925414	NaN	NaN	NaN	NaN	NaN	NaN
2102516933747	NaN	NaN	NaN	NaN	NaN	NaN
2102516942080	NaN	NaN	NaN	NaN	NaN	NaN
2102516950412	NaN	NaN	NaN	NaN	NaN	NaN
2102516958745	NaN	NaN	NaN	NaN	NaN	NaN
2102516967085	NaN	NaN	1285.88	1359.37	NaN	1.6336
2102516975418	NaN	NaN	1302.81	1147.30	NaN	2.3390
2102516983752	NaN	NaN	1401.73	1059.60	NaN	2.9923
2102516992085	NaN	NaN	1276.78	967.34	NaN	3.4233
2102517000419	1239.75	1403.96	1271.96	879.62	1.5494	3.5719
2102517008752	NaN	NaN	1279.63	806.48	NaN	3.7436
2102517017085	NaN	NaN	1271.32	745.52	NaN	3.8243
2102517025420	1510.33	1089.46	1267.33	711.05	2.7733	3.8875
2102517033752	1286.08	1022.56	1273.03	729.37	3.3739	3.8411
2102517042084	1269.99	945.30	1276.83	755.97	3.5284	3.7915
2102517050419	1262.39	864.36	1279.92	763.02	3.6824	3.8123
2102517058753	1274.33	813.08	1276.44	761.21	3.7861	3.8254
2102517067086	1286.17	768.85	1278.24	761.35	3.8267	3.8226
2102517075420	1285.73	748.14	1279.69	752.38	3.8669	3.8105
2102517083752	1285.61	734.80	1280.25	747.51	3.9012	3.8068
2102517092086	1275.85	717.10	1277.56	746.03	3.9059	3.8003
2102517100424	1277.91	756.31	1281.19	744.18	3.8601	3.8149
2102517108756	1280.63	791.21	1277.70	740.30	3.8418	3.8190
2102517117090	1278.03	780.44	1279.30	732.97	3.8369	3.8236
2102517125424	1280.58	782.59	1279.73	734.54	3.8213	3.8205
2102517133757	1284.33	782.48	1275.99	750.47	3.8477	3.8389
2102517142090	1274.87	781.43	1278.45	743.29	3.8445	3.8294
2102517150423	1278.22	775.22	1274.19	738.18	3.8302	3.8306
2102517158757	1279.99	773.91	1272.94	741.40	3.8248	3.8405
2102517167090	1282.67	777.18	1273.65	732.54	3.8383	3.8234
2102517175423	1282.31	779.22	1267.27	741.30	3.8524	3.8302
2102517183756	1282.21	775.79	1272.68	735.51	3.8500	3.8181
2102517192089	1277.79	783.25	1270.54	734.04	3.8662	3.8221
2102517200422	1279.90	779.99	1274.03	726.81	3.8634	3.8140
2102517208756	1275.97	782.27	1270.30	737.34	3.8688	3.8374
2102517217089	1283.75	780.19	1271.87	738.44	3.8740	3.8171
2102517225423	1285.27	787.38	1277.35	738.98	3.8922	3.8359
2102517233761	1283.69	779.61	1273.09	736.25	3.8703	3.8181
2102517242094	1283.92	779.87	1279.53	731.90	3.8777	3.8311
2102517250427	1282.47	778.44	1280.95	733.55	3.8767	3.8176
2102517258760	1279.96	776.75	1281.08	737.81	3.8875	3.8301
2102517267094	1281.55	775.10	1286.12	742.16	3.8862	3.8504
2102517275426	1280.27	773.00	1286.65	734.58	3.8869	3.8336
2102517283759	1288.73	769.71	1284.93	737.16	3.8804	3.8386
2102517292093	1284.75	767.31	1283.92	739.43	3.8842	3.8287
2102517300426	1284.41	773.54	1283.80	735.31	3.8973	3.8321
2102517308760	1284.46	770.21	1282.59	742.96	3.8936	3.8434
2102517317093	1284.30	764.62	1283.58	731.13	3.8908	3.8220
2102517325426	1286.63	771.06	1282.04	735.08	3.8978	3.8331
2102517333759	1287.00	771.87	1279.51	741.94	3.9009	3.8316
2102517342093	1287.78	767.85	1278.58	738.92	3.8796	3.8202
2102517350425	1283.26	765.17	1278.66	736.04	3.8937	3.8352
2102517358764	1290.45	769.01	1284.08	742.86	3.8969	3.8318
2102517367098	1288.26	769.73	1277.39	749.18	3.8896	3.8309
2102517375431	1282.42	770.46	1281.35	741.52	3.9066	3.8390
2102517383764	1279.68	779.05	1278.61	743.51	3.9175	3.8359
2102517392098	1285.71	764.76	1281.23	748.03	3.8896	3.8406
2102517400431	1280.07	768.51	1276.67	744.52	3.8961	3.8351
2102517408765	1283.99	770.52	1286.23	740.09	3.9009	3.8263
2102517417098	1284.44	776.12	1286.60	748.40	3.9070	3.8379
2102517425431	1279.62	773.31	1280.78	743.30	3.9096	3.8237
2102517433763	1285.27	770.73	1280.01	744.65	3.9055	3.8413
2102517442096	1285.64	766.53	1282.02	740.11	3.8901	3.8376
2102517450430	1267.53	767.60	1266.92	736.28	3.8896	3.8299
2102517458764	1227.49	774.36	1220.63	734.23	3.9033	3.8133
2102517467097	1230.85	763.90	1232.14	734.93	3.8891	3.8277
2102517475430	1232.72	762.69	1236.40	724.85	3.9021	3.8230
2102517483764	1241.77	766.27	1238.86	732.71	3.8808	3.8235
2102517492100	1229.62	766.11	1230.04	734.56	3.8788	3.8298
2102517500433	1235.93	765.02	1229.48	737.48	3.8681	3.8264
2102517508765	1226.50	773.67	1232.13	744.79	3.8876	3.8560
2102517517098	1232.13	763.22	1228.50	736.01	3.8801	3.8359
2102517525432	1229.93	768.94	1230.29	738.35	3.8994	3.8194
2102517533765	1231.60	766.22	1229.32	744.51	3.8866	3.8321
2102517542099	1234.41	763.28	1228.42	743.75	3.8585	3.8342
2102517550432	1230.09	763.34	1227.77	738.20	3.8878	3.8347
2102517558765	1229.30	766.98	1225.04	742.11	3.8956	3.8410
2102517567098	1232.41	766.59	1228.43	735.07	3.8903	3.8326
2102517575432	1227.29	772.52	1227.07	739.39	3.8845	3.8337
2102517583765	1226.58	771.64	1225.99	737.50	3.8859	3.8339
2102517592097	1230.25	768.88	1227.56	739.48	3.8909	3.8375
2102517600431	1227.89	767.98	1225.25	735.08	3.8856	3.8333
2102517608764	1228.30	771.01	1231.75	736.04	3.8952	3.8440
2102517617102	1229.33	773.46	1229.68	731.50	3.8716	3.8233
2102517625435	1232.69	763.39	1221.45	738.88	3.8811	3.8568
2102517633768	1227.83	773.65	1226.00	737.63	3.8936	3.8439
2102517642102	1227.55	766.47	1229.50	744.05	3.8716	3.8417
2102517650435	1228.02	759.80	1227.30	736.94	3.8587	3.8531
2102517658768	1227.63	767.70	1229.01	737.30	3.8883	3.8363
2102517667101	1230.30	766.31	1226.71	737.35	3.8903	3.8402
2102517675434	1253.50	765.86	1253.45	737.09	3.8852	3.8418
2102517683767	1286.27	753.73	1285.68	723.53	3.8738	3.8601
2102517692101	1282.14	740.95	1284.20	719.57	3.8597	3.8455
2102517700434	1278.07	747.65	1277.86	720.66	3.8696	3.8400
2102517708767	1269.10	756.13	1274.85	715.46	3.8914	3.8278
2102517717100	1274.90	756.20	1279.15	730.75	3.8842	3.8560
2102517725434	1274.63	745.17	1277.58	723.72	3.8808	3.8428
2102517733767	1279.33	754.58	1277.33	731.14	3.9028	3.8639
2102517742101	1277.55	756.25	1282.71	721.37	3.8975	3.8511
2102517750438	1277.01	758.02	1283.75	719.14	3.9024	3.8454
2102517758771	1272.40	758.51	1282.60	724.20	3.9062	3.8544
2102517767105	1279.83	764.79	1278.32	723.25	3.9068	3.8596
2102517775438	1274.01	762.56	1276.43	724.12	3.9172	3.8612
2102517783772	1278.22	749.51	1281.84	724.95	3.8936	3.8531
2102517792104	1275.71	756.25	1278.27	718.68	3.9036	3.8393
2102517800438	1279.41	754.52	1280.75	721.22	3.9007	3.8536
2102517808771	1272.61	756.15	1275.88	722.62	3.9111	3.8374
2102517817105	1278.38	750.15	1278.07	724.20	3.9185	3.8591
2102517825438	1276.08	756.54	1280.62	719.93	3.8954	3.8448
2102517833770	1274.59	755.01	1283.56	722.75	3.9027	3.8621
2102517842103	1271.08	758.49	1280.29	729.75	3.9161	3.8650
2102517850437	1279.28	760.40	1280.36	720.27	3.9243	3.8438
2102517858770	1273.88	751.11	1287.78	727.03	3.9077	3.8543
2102517867104	1269.02	763.94	1285.40	730.93	3.9202	3.8643
2102517875436	1275.11	755.97	1285.26	723.82	3.9206	3.8421
2102517883776	1269.04	757.57	1276.94	730.15	3.9109	3.8739
2102517892110	1276.21	758.03	1274.35	726.72	3.9321	3.8497
2102517900442	1274.30	758.86	1281.62	717.78	3.9219	3.8537
2102517908776	1276.51	755.35	1283.12	718.29	3.9164	3.8453
2102517917108	1274.19	758.36	1282.18	728.04	3.9020	3.8448
2102517925442	1273.32	761.15	1282.06	722.72	3.9329	3.8326
2102517933775	1277.38	752.32	1279.62	730.67	3.9115	3.8553
2102517942108	1272.81	758.12	1281.96	729.76	3.9205	3.8719
2102517950442	1270.93	759.55	1278.60	729.43	3.9108	3.8637
2102517958775	1272.90	759.15	1282.33	727.52	3.9084	3.8459
2102517967109	1271.57	759.67	1280.38	726.04	3.9056	3.8431
2102517975442	1273.38	760.27	1284.82	726.40	3.8957	3.8375
2102517983775	1269.98	753.59	1281.40	723.48	3.8809	3.8259
2102517992108	1275.07	756.70	1280.98	729.16	3.8869	3.8333
2102518000440	1274.92	760.93	1278.20	722.72	3.8674	3.8177
2102518008774	1277.91	755.37	1281.05	729.67	3.8530	3.8282
2102518017113	1275.81	762.27	1277.92	734.82	3.8539	3.7977
2102518025446	1278.87	759.00	1275.94	738.62	3.8423	3.8046
2102518033779	1274.90	753.44	1281.81	723.06	3.8099	3.7663
2102518042112	1282.73	763.81	1273.07	729.41	3.7920	3.7578
2102518050446	1278.41	754.18	1276.35	725.04	3.7769	3.7622
2102518058779	1276.84	761.26	1279.08	727.74	3.7744	3.7292
2102518067113	1277.62	747.30	1279.93	729.60	3.7448	3.7413
2102518075444	1274.34	752.13	1276.07	728.77	3.7457	3.7088
2102518083778	1276.36	742.50	1273.50	736.97	3.7068	3.7007
2102518092111	1276.02	754.81	1263.89	725.80	3.7030	3.6743
2102518100445	1214.46	781.38	1218.26	756.48	3.6876	3.6721
2102518108778	1191.39	800.74	1187.56	772.86	3.6719	3.6508
2102518117111	1168.68	822.18	1160.74	798.31	3.6509	3.6483
2102518125444	1183.56	836.98	1171.74	799.03	3.6533	3.6336
2102518133778	1196.87	821.85	1176.84	780.49	3.6251	3.6160
2102518142112	1183.36	823.16	1172.76	783.63	3.6215	3.6000
2102518150449	1178.69	816.65	1174.69	795.17	3.6151	3.6071
2102518158781	1181.76	821.96	1175.54	791.13	3.6173	3.5921
2102518167114	1181.04	822.07	1166.52	790.99	3.5743	3.5810
2102518175448	1182.90	823.42	1174.16	787.89	3.6050	3.5754
2102518183781	1187.87	821.70	1176.23	787.09	3.5660	3.5627
2102518192114	1183.50	823.26	1174.00	796.49	3.5820	3.5787
2102518200447	1183.03	818.49	1177.19	796.41	3.5619	3.5581
2102518208781	1182.62	819.03	1171.09	801.42	3.5595	3.5740
2102518217115	1181.38	816.84	1179.55	787.31	3.5369	3.5375
2102518225448	1190.06	818.64	1169.48	788.37	3.5429	3.5332
2102518233780	1179.75	825.46	1171.89	794.76	3.5500	3.5408
2102518242113	1185.96	816.53	1170.20	800.54	3.5291	3.5478
2102518250446	1185.02	818.95	1175.98	795.31	3.5412	3.5259
2102518258780	1188.70	822.57	1175.84	802.30	3.5350	3.5298
2102518267113	1186.00	819.35	1170.68	785.64	3.5193	3.5154
2102518275451	1185.46	819.69	1170.97	805.93	3.5368	3.5442
2102518283784	1188.05	816.78	1171.15	792.03	3.5164	3.5355
2102518292117	1185.29	825.20	1171.48	794.69	3.5485	3.5344
2102518300451	1190.95	807.87	1171.74	797.69	3.5278	3.5456
2102518308784	1189.10	826.62	1166.85	796.41	3.5503	3.5401
2102518317116	1180.70	826.54	1168.06	804.04	3.5427	3.5383
2102518325449	1189.85	822.34	1171.61	793.73	3.5387	3.5215
2102518333783	1186.96	822.53	1169.91	793.30	3.5375	3.5273
2102518342116	1160.94	839.50	1155.99	809.49	3.5399	3.5309
2102518350450	1105.18	894.42	1100.32	884.05	3.5598	3.5614
2102518358783	1105.35	919.78	1086.88	907.75	3.5648	3.5605
2102518367116	1124.27	931.47	1097.84	904.25	3.5739	3.5508
2102518375449	1125.67	914.32	1106.96	892.25	3.5699	3.5774
2102518383783	1119.07	912.20	1101.82	887.78	3.5637	3.5725
2102518392116	1116.00	921.94	1097.85	897.66	3.5648	3.5694
2102518400449	1116.06	926.41	1101.07	898.40	3.5724	3.5671
2102518408786	1112.64	922.33	1099.29	901.61	3.5910	3.5672
2102518417120	1116.91	924.62	1098.85	901.82	3.5889	3.5721
2102518425454	1108.66	923.38	1096.62	901.02	3.5845	3.5768
2102518433787	1116.09	922.50	1103.63	895.60	3.5911	3.5850
2102518442120	1112.58	922.87	1098.56	899.67	3.6016	3.5844
2102518450453	1119.00	924.69	1098.07	894.18	3.6047	3.5827
2102518458786	1115.49	922.03	1101.74	893.03	3.6005	3.5845
2102518467120	1113.70	929.34	1102.84	904.84	3.6161	3.5967
2102518475453	1118.24	922.54	1101.55	905.68	3.6180	3.6146
2102518483786	1119.89	923.48	1095.61	908.95	3.6178	3.6186
2102518492119	1113.96	922.46	1102.97	910.54	3.6103	3.6173
2102518500452	1115.36	917.17	1098.44	904.10	3.6266	3.6138
2102518508786	1119.85	922.28	1103.44	904.41	3.6367	3.6291
2102518517119	1115.68	924.07	1098.07	908.03	3.6583	3.6314
2102518525453	1115.87	920.29	1100.93	903.31	3.6388	3.6479
2102518533785	1113.37	924.66	1102.06	904.01	3.6487	3.6477
2102518542124	1118.95	929.63	1104.00	895.57	3.6508	3.6327
2102518550458	1117.91	926.74	1097.72	907.15	3.6581	3.6726
2102518558790	1114.68	928.75	1102.90	904.03	3.6631	3.6558
2102518567123	1110.22	924.43	1101.34	907.44	3.6673	3.6709
2102518575456	1119.69	925.50	1106.17	904.18	3.6701	3.6586
2102518583789	1116.39	931.47	1105.92	903.90	3.6850	3.6664
2102518592123	1107.86	924.77	1106.20	903.10	3.6892	3.6837
2102518600456	1114.75	929.90	1104.96	912.96	3.7113	3.6898
2102518608790	1115.60	930.40	1105.17	908.44	3.6841	3.6810
2102518617123	1119.74	927.31	1105.27	909.45	3.6987	3.6955
2102518625456	1108.72	931.84	1097.04	910.73	3.7116	3.6899
2102518633789	1074.70	957.85	1054.29	938.93	3.7188	3.6987
2102518642122	1063.57	966.93	1044.34	953.12	3.7273	3.6902
2102518650455	1072.36	972.06	1048.65	956.15	3.7297	3.7158
2102518658788	1076.02	965.74	1052.92	947.65	3.7238	3.7077
2102518667122	1076.83	965.20	1050.28	944.13	3.7281	3.7138
2102518675460	1075.03	968.95	1045.81	959.29	3.7361	3.7281
2102518683794	1072.10	964.02	1051.20	956.08	3.7502	3.7188
2102518692127	1074.44	968.59	1040.76	951.01	3.7460	3.7215
2102518700460	1072.07	968.87	1043.89	951.03	3.7370	3.7220
2102518708793	1070.05	963.22	1048.24	943.36	3.7518	3.7178
2102518717126	1068.32	966.24	1049.84	947.30	3.7459	3.7298
2102518725460	1072.80	970.31	1047.47	957.55	3.7608	3.7253
2102518733793	1075.85	966.72	1046.80	948.35	3.7665	3.7285
2102518742126	1070.36	968.19	1048.12	953.80	3.7496	3.7408
2102518750459	1072.92	970.99	1044.95	951.63	3.7654	3.7291
2102518758793	1075.56	976.67	1050.03	951.57	3.7862	3.7374
2102518767126	1072.95	967.84	1046.62	954.58	3.7720	3.7472
2102518775459	1072.07	965.86	1042.28	954.24	3.7880	3.7424
2102518783792	1076.35	965.62	1043.48	954.19	3.7746	3.7518
2102518792126	1074.54	968.21	1051.20	954.78	3.7933	3.7643
2102518800464	1073.13	970.08	1044.35	950.98	3.7871	3.7671
2102518808797	1069.96	971.89	1049.24	949.58	3.7750	3.7586
2102518817130	1074.24	969.70	1050.55	956.10	3.7931	3.7600
2102518825463	1076.56	966.62	1052.81	952.60	3.7993	3.7611
2102518833796	1070.44	967.96	1050.63	946.22	3.7802	3.7455
2102518842130	1074.86	964.47	1049.06	950.43	3.8137	3.7727
2102518850463	1068.58	947.70	1049.03	924.95	3.7995	3.7340
2102518858797	1060.06	922.06	1044.23	907.29	3.7932	3.7534
2102518867130	1049.97	900.11	1051.33	881.10	3.8057	3.7594
2102518875462	1055.73	878.54	1054.93	849.64	3.7918	3.7490
2102518883796	1055.56	848.15	1055.76	816.17	3.8023	3.7325
2102518892129	1058.76	830.11	1066.40	793.45	3.7826	3.7306
2102518900462	1062.71	803.60	1066.72	777.15	3.7834	3.7393
2102518908795	1071.26	793.11	1064.03	763.59	3.7675	3.7307
2102518917128	1078.86	786.64	1069.13	764.52	3.7782	3.7375
2102518925462	1072.25	782.67	1073.58	758.86	3.7856	3.7327
2102518933802	1073.62	789.53	1072.52	755.19	3.7778	3.7341
2102518942135	1065.46	785.68	1070.22	766.67	3.7575	3.7249
2102518950468	1074.58	783.71	1067.40	769.39	3.7591	3.7271
2102518958800	1072.02	785.42	1070.42	753.65	3.7615	3.7065
2102518967134	1071.90	786.80	1073.94	759.38	3.7549	3.7215
2102518975467	1073.71	781.88	1072.03	764.87	3.7470	3.7326
2102518983801	1073.44	786.10	1071.22	760.12	3.7528	3.7228
2102518992133	1085.74	773.51	1079.59	756.39	3.7314	3.7178
2102519000467	1109.42	760.39	1102.82	737.17	3.7341	3.7100
2102519008801	1122.84	760.73	1115.43	737.58	3.7396	3.7170
2102519017134	1122.84	759.51	1118.11	721.56	3.7405	3.6865
2102519025467	1124.54	751.49	1115.18	728.14	3.7315	3.6784
2102519033800	1119.42	754.78	1112.47	727.23	3.7309	3.6942
2102519042132	1129.34	757.39	1117.71	727.47	3.7393	3.6726
2102519050466	1126.51	757.48	1117.46	735.95	3.7264	3.6969
2102519058800	1122.65	760.24	1122.45	749.80	3.7236	3.7199
2102519067136	1127.53	753.77	1124.27	732.95	3.7323	3.6817
2102519075469	1121.82	758.97	1119.37	734.65	3.7209	3.6729
2102519083802	1128.68	757.90	1118.35	745.24	3.7089	3.6750
2102519092136	1124.19	762.92	1125.66	730.70	3.6932	3.6461
2102519100469	1130.10	756.86	1116.44	737.24	3.7117	3.6525
2102519108803	1124.49	756.31	1118.36	732.35	3.7062	3.6256
2102519117135	1128.22	758.04	1119.11	737.33	3.7007	3.6313
2102519125468	1129.04	763.32	1115.82	722.30	3.7019	3.6210
2102519133802	1132.99	757.51	1116.34	720.92	3.7200	3.5935
2102519142135	1131.90	768.37	1122.09	735.03	3.7182	3.5986
2102519150468	1135.76	768.52	1117.87	718.56	3.7118	3.5885
2102519158802	1126.37	766.00	1123.37	739.75	3.7008	3.6348
2102519167134	1135.05	761.54	1120.60	746.11	3.6861	3.6413
2102519175468	1136.07	767.65	1122.07	732.63	3.6904	3.5973
2102519183801	1134.44	756.63	1124.93	745.09	3.6776	3.6289
2102519192135	1141.91	762.49	1124.57	740.45	3.6982	3.6271
2102519200472	1136.70	756.24	1127.03	734.40	3.6552	3.5968
2102519208805	1137.87	756.54	1126.49	738.06	3.6597	3.5934
2102519217139	1139.14	760.21	1124.67	734.51	3.6595	3.5901
2102519225472	1129.97	756.58	1120.17	737.03	3.6562	3.5769
2102519233805	1134.79	759.53	1123.18	742.75	3.6577	3.5858
2102519242139	1131.94	760.25	1118.05	720.99	3.6530	3.5680
2102519250472	1132.77	758.16	1115.23	717.22	3.6340	3.5337
2102519258806	1132.43	754.95	1124.37	742.51	3.6503	3.5753
2102519267139	1136.18	753.43	1129.09	722.46	3.6361	3.5550
2102519275472	1168.37	726.43	1153.77	706.82	3.6479	3.5930
2102519283804	1212.51	681.00	1207.61	674.81	3.6177	3.6119
2102519292137	1251.09	626.95	1248.31	593.80	3.5731	3.5045
2102519300471	1290.95	643.00	1271.16	603.34	3.6464	3.5349
2102519308804	1287.76	624.94	1269.25	590.48	3.6127	3.5307
2102519317138	1283.99	640.64	1268.53	586.18	3.6304	3.5271
2102519325476	1284.04	659.12	1265.19	577.53	3.6511	3.4921
2102519333809	1292.09	643.31	1269.26	578.58	3.6139	3.5014
2102519342143	1286.44	645.46	1272.48	589.33	3.6140	3.5223
2102519350476	1285.41	639.48	1276.01	580.10	3.5958	3.4999
2102519358808	1291.78	655.51	1273.60	600.39	3.6405	3.5373
2102519367142	1290.55	643.13	1277.40	593.64	3.6076	3.5150
2102519375475	1290.40	626.83	1270.81	603.69	3.5603	3.5330
2102519383808	1291.03	666.23	1269.41	595.12	3.6260	3.5035
2102519392142	1290.88	619.27	1267.59	598.70	3.5485	3.5141
2102519400475	1288.15	623.79	1268.05	600.60	3.5665	3.5194
2102519408808	1290.89	606.27	1270.47	605.78	3.5143	3.5132
2102519417141	1287.92	595.12	1266.98	600.76	3.4967	3.5192
2102519425475	1282.19	597.28	1275.38	607.58	3.4870	3.5061
2102519433808	1285.14	604.98	1273.43	597.22	3.5188	3.4964
2102519442141	1287.89	604.07	1274.94	595.50	3.4886	3.4921
2102519450474	1287.49	613.60	1270.59	599.07	3.4925	3.5000
2102519458811	1283.27	614.99	1277.07	597.69	3.5220	3.5040
2102519467145	1280.88	594.40	1276.38	598.73	3.4944	3.5036
2102519475478	1283.03	597.22	1270.61	601.72	3.4660	3.4957
2102519483811	1281.28	612.36	1274.78	598.92	3.5074	3.4934
2102519492145	1281.01	616.90	1269.57	604.36	3.5028	3.5036
2102519500477	1286.54	640.56	1273.53	605.27	3.5485	3.5013
2102519508811	1282.51	610.71	1270.74	595.23	3.4836	3.4921
2102519517144	1278.27	616.69	1272.34	598.82	3.4916	3.4862
2102519525477	1263.03	617.04	1245.97	589.13	3.4941	3.4628
2102519533810	1237.40	610.52	1225.11	598.10	3.4838	3.4997
2102519542143	1227.69	620.89	1219.95	605.44	3.5033	3.4857
2102519550477	1243.25	611.96	1232.34	592.90	3.4939	3.4912
2102519558810	1236.28	610.15	1227.98	593.10	3.4896	3.4631
2102519567144	1242.83	619.13	1226.44	609.28	3.5011	3.5060
2102519575477	1239.06	637.07	1226.60	608.54	3.5464	3.5063
2102519583810	1234.75	607.32	1224.02	597.76	3.4758	3.4901
2102519592149	1234.59	599.04	1225.06	603.86	3.4623	3.4969
2102519600481	1228.52	597.50	1227.46	610.98	3.4485	3.4934
2102519608814	1230.97	599.92	1228.93	603.05	3.4458	3.4812
2102519617148	1251.22	638.63	1244.80	608.90	3.5174	3.4824
2102519625480	1289.64	640.93	1288.63	598.24	3.5097	3.4648
2102519633814	1313.84	628.79	1306.41	597.38	3.4477	3.4558
2102519642148	1342.62	649.77	1331.44	618.34	3.4957	3.4624
2102519650481	1374.19	707.40	1361.16	677.26	3.5563	3.5560
2102519658814	1398.49	706.01	1390.20	684.18	3.5515	3.4957
2102519667147	1411.56	716.43	1395.39	710.94	3.5269	3.5272
2102519675481	1416.33	732.40	1398.00	722.31	3.5347	3.5521
2102519683813	1406.57	707.91	1396.84	715.29	3.5067	3.5267
2102519692147	1402.64	713.37	1399.32	700.73	3.5308	3.5220
2102519700480	1408.73	709.03	1398.78	702.58	3.5134	3.5020
2102519708813	1409.41	697.49	1401.14	713.12	3.4833	3.5338
2102519717151	1411.03	698.76	1406.49	710.87	3.4835	3.5341
2102519725485	1413.93	728.18	1405.24	714.20	3.5222	3.5127
2102519733818	1407.77	722.92	1417.78	670.45	3.5189	3.4382
2102519742151	1412.75	715.48	1405.66	685.50	3.5044	3.4827
2102519750484	1410.49	729.49	1409.10	700.87	3.5345	3.4946
2102519758817	1408.29	715.39	1405.76	699.74	3.5008	3.4944
2102519767150	1408.02	728.93	1409.68	695.33	3.5258	3.4780
2102519775484	1403.28	710.86	1401.16	699.68	3.4739	3.5103
2102519783817	1410.11	723.81	1398.97	716.62	3.5227	3.5399
2102519792150	1408.36	720.27	1403.93	688.44	3.5036	3.4769
2102519800484	1405.30	711.43	1400.71	716.59	3.4824	3.4974
2102519808817	1411.87	703.63	1394.61	726.45	3.4713	3.5381
2102519817150	1403.49	712.99	1400.48	706.51	3.4845	3.4861
2102519825484	1405.46	710.74	1400.46	703.57	3.4910	3.4909
2102519833817	1404.11	708.50	1396.83	712.69	3.4840	3.5218
2102519842149	1406.42	716.73	1400.59	705.78	3.4898	3.5044
2102519850489	1404.27	718.55	1400.86	708.02	3.4883	3.4901
2102519858822	1407.00	728.64	1400.18	706.92	3.5186	3.4987
2102519867155	1406.78	726.27	1403.14	688.70	3.5182	3.4660
2102519875488	1405.05	709.41	1391.05	708.82	3.5040	3.5032
2102519883822	1413.33	726.23	1411.61	703.90	3.5056	3.4820
2102519892155	1450.84	741.84	1438.92	746.09	3.4852	3.5399
2102519900489	1458.56	775.81	1450.81	755.77	3.5031	3.4907
2102519908822	1472.19	796.28	1465.95	764.98	3.5154	3.4792
2102519917155	1467.43	804.69	1462.51	750.78	3.4932	3.4312
2102519925488	1454.67	793.84	1457.17	756.07	3.5154	3.4773
2102519933821	1467.64	789.56	1468.48	724.95	3.5118	3.4295
2102519942154	1469.06	782.28	1463.38	729.86	3.4955	3.4394
2102519950488	1474.17	793.39	1459.78	758.51	3.5093	3.4882
2102519958821	1460.62	791.72	1467.21	749.82	3.5072	3.4720
2102519967154	1465.69	796.43	1464.67	752.33	3.5208	3.4802
2102519975488	1462.81	794.19	1462.64	768.01	3.5140	3.5145
2102519983824	1465.64	791.58	1461.35	759.39	3.5251	3.4966
2102519992157	1463.12	798.32	1465.27	756.97	3.5316	3.4907
2102520000489	1464.10	798.47	1468.66	728.81	3.5377	3.4727
2102520008823	1463.49	789.54	1462.77	744.08	3.5287	3.4862
2102520017155	1466.89	796.51	1467.34	754.51	3.5358	3.5014
2102520025489	1465.51	794.37	1459.99	758.62	3.5507	3.4985
2102520033822	1458.06	793.91	1461.64	752.97	3.5690	3.5239
2102520042155	1461.05	785.47	1461.13	758.15	3.5518	3.5318
2102520050489	1460.27	795.03	1454.44	763.65	3.5788	3.5320
2102520058822	1467.97	792.22	1460.85	763.93	3.5574	3.5337
2102520067155	1466.02	787.08	1458.55	761.41	3.5612	3.5332
2102520075489	1467.07	794.45	1457.73	770.17	3.5765	3.5404
2102520083820	1460.96	791.24	1460.14	764.74	3.5607	3.5459
2102520092154	1462.92	786.60	1458.83	766.35	3.5821	3.5461
2102520100488	1469.81	782.40	1455.95	761.78	3.5612	3.5541
2102520108821	1467.57	785.21	1457.30	756.72	3.5567	3.5494
2102520117159	1467.41	790.70	1456.82	760.23	3.5905	3.5401
2102520125492	1464.21	794.92	1463.74	755.41	3.5998	3.5444
2102520133826	1462.42	785.56	1466.41	727.24	3.5842	3.5005
2102520142159	1466.59	791.35	1458.21	763.54	3.5977	3.5522
2102520150493	1462.37	784.33	1463.89	758.87	3.5811	3.5630
2102520158826	1463.29	794.03	1460.52	758.59	3.5904	3.5507
2102520167158	1463.03	788.23	1456.16	770.31	3.5848	3.5746
2102520175492	1466.14	787.57	1456.58	758.95	3.5833	3.5701
2102520183825	1466.69	789.53	1461.35	756.34	3.6021	3.5531
2102520192158	1466.82	790.70	1456.81	771.61	3.6117	3.5719
2102520200492	1462.87	795.11	1453.79	766.09	3.6054	3.5572
2102520208824	1463.58	793.47	1457.51	759.39	3.6184	3.5804
2102520217158	1466.92	794.67	1457.28	765.73	3.6219	3.5739
2102520225492	1460.70	796.24	1463.37	761.91	3.6206	3.5701
2102520233825	1467.06	791.68	1458.55	760.83	3.6170	3.5724
2102520242165	1469.74	789.81	1456.73	776.00	3.6348	3.6012
2102520250498	1468.62	800.81	1462.66	756.34	3.6349	3.5722
2102520258832	1459.52	794.98	1460.33	759.36	3.6272	3.5753
2102520267165	1469.49	797.34	1464.84	765.29	3.6365	3.5904
2102520275498	1465.74	793.11	1455.74	757.95	3.6207	3.5726
2102520283832	1470.50	793.57	1460.38	757.12	3.6324	3.5949
2102520292165	1464.50	803.73	1457.87	768.22	3.6395	3.5925
2102520300498	1470.77	791.54	1455.57	764.03	3.6316	3.5904
2102520308832	1464.88	795.90	1455.54	765.33	3.6225	3.6029
2102520317165	1464.93	794.76	1456.92	778.64	3.6205	3.6189
2102520325498	1463.41	790.73	1463.32	764.78	3.6325	3.5984
2102520333830	1462.44	800.67	1460.75	757.38	3.6511	3.5949
2102520342164	1462.48	795.18	1462.40	764.43	3.6441	3.6190
2102520350497	1445.00	802.01	1441.47	765.94	3.6469	3.6219
2102520358831	1393.04	808.77	1396.84	771.56	3.6583	3.5952
2102520367164	1391.11	802.10	1392.77	770.28	3.6394	3.5962
2102520375500	1390.46	806.74	1383.15	768.30	3.6560	3.6188
2102520383834	1395.39	795.67	1385.63	771.29	3.6352	3.6168
2102520392167	1405.50	804.77	1397.28	778.41	3.6374	3.6136
2102520400499	1395.82	807.18	1388.00	755.56	3.6552	3.5761
2102520408833	1392.87	804.95	1389.15	757.00	3.6522	3.5917
2102520417166	1390.40	802.58	1389.32	770.31	3.6461	3.6143
2102520425500	1388.80	805.51	1386.82	770.91	3.6563	3.6180
2102520433833	1399.44	807.17	1380.04	768.94	3.6543	3.6183
2102520442166	1393.67	811.60	1386.51	771.52	3.6670	3.6198
2102520450499	1388.89	808.53	1384.97	768.20	3.6543	3.6313
2102520458832	1388.24	807.69	1380.88	765.02	3.6620	3.6328
2102520467166	1391.36	810.19	1382.50	768.17	3.6646	3.6296
2102520475499	1390.28	807.95	1379.95	766.42	3.6615	3.6394
2102520483832	1392.26	811.01	1381.65	760.43	3.6702	3.6207
2102520492165	1391.73	800.94	1379.92	771.33	3.6528	3.6349
2102520500498	1389.43	805.08	1383.19	760.50	3.6628	3.6128
2102520508835	1389.51	806.08	1380.38	774.19	3.6698	3.6471
2102520517168	1394.48	809.56	1383.67	761.13	3.6643	3.6133
2102520525501	1391.01	799.90	1382.90	771.53	3.6665	3.6337
2102520533835	1396.38	803.85	1384.25	762.97	3.6587	3.6226
2102520542167	1388.69	813.65	1380.30	776.13	3.6664	3.6251
2102520550501	1385.52	807.55	1381.77	780.60	3.6750	3.6508
2102520558835	1387.87	796.34	1381.28	773.31	3.6548	3.6382
2102520567167	1386.54	796.54	1379.07	764.29	3.6567	3.6258
2102520575500	1334.80	813.05	1338.16	769.54	3.6649	3.6260
2102520583833	1278.01	803.87	1288.10	762.67	3.6754	3.6161
2102520592167	1231.66	788.92	1240.00	753.01	3.6534	3.6264
2102520600499	1202.06	798.26	1204.08	756.68	3.6705	3.6103
2102520608833	1224.47	792.65	1216.55	756.25	3.6709	3.6352
2102520617166	1237.38	795.66	1228.53	765.44	3.6535	3.6505
2102520625499	1230.80	799.47	1219.41	757.34	3.6589	3.6207
2102520633833	1238.67	801.97	1220.70	747.66	3.6583	3.6009
2102520642170	1228.11	791.64	1218.78	764.78	3.6659	3.6226
2102520650503	1232.72	799.27	1220.74	740.77	3.6436	3.5703
2102520658837	1231.92	798.38	1222.02	770.10	3.6486	3.6294
2102520667169	1235.58	800.31	1217.33	756.52	3.6568	3.6045
2102520675503	1227.51	795.35	1222.48	764.88	3.6425	3.6053
2102520683837	1227.36	798.54	1222.67	756.43	3.6529	3.6013
2102520692170	1236.74	798.50	1217.80	744.99	3.6497	3.5651
2102520700503	1230.40	800.66	1218.07	755.97	3.6677	3.5795
