t	gaze_point_LX	gaze_point_LY	gaze_point_RX	gaze_point_RY	pupil_diameter_L	pupil_diameter_R
1373017416126	1121.74	931.15	1113.06	900.43	2.3918	2.5569
1373017424459	1123.98	935.81	1113.80	900.97	2.3754	2.5498
1373017432792	1127.56	939.26	1114.62	891.37	2.3792	2.5543
1373017441126	1125.90	940.70	1118.78	896.62	2.3821	2.5664
1373017449459	1161.00	904.27	1136.53	896.74	2.3669	2.5713
1373017457792	1213.22	827.35	1216.36	862.18	2.3606	2.5748
1373017466127	1254.69	837.48	1253.59	794.26	2.3872	2.5964
1373017474460	1256.15	790.89	1258.55	767.44	2.3947	2.5703
1373017482791	1265.37	768.77	1265.09	772.78	2.3978	2.5598
1373017491127	1277.65	770.92	1271.62	763.56	2.3957	2.5748
1373017499458	1272.28	773.37	1273.84	758.94	2.3953	2.5716
1373017507791	1269.40	771.62	1276.37	766.54	2.3978	2.5822
1373017516125	1281.41	777.37	1274.29	761.56	2.4023	2.5624
1373017524458	1279.23	769.05	1280.19	764.59	2.3957	2.5723
1373017532791	1276.64	777.36	1280.33	761.34	2.4113	2.5814
1373017541124	1274.99	766.10	1284.16	767.99	2.3922	2.5764
1373017549457	1271.52	774.06	1284.05	766.67	2.3998	2.5822
1373017557790	1272.87	778.58	1290.50	762.64	2.3939	2.5710
1373017566124	1268.06	780.63	1281.41	768.38	2.3958	2.5822
1373017574457	1270.18	779.80	1288.47	758.85	2.4022	2.5767
1373017582790	1268.69	776.11	1296.71	762.68	2.3862	2.5729
1373017591124	1270.45	781.88	1284.25	760.84	2.4137	2.5804
1373017599464	1271.72	784.80	1289.47	756.90	2.4137	2.5735
1373017607797	1274.52	780.65	1289.80	771.72	2.3922	2.5913
1373017616130	1275.34	780.63	1289.81	759.29	2.4287	2.5869
1373017624463	1275.31	783.20	1289.21	769.51	2.4229	2.5937
1373017632796	1280.14	787.19	1292.88	766.63	2.4300	2.5876
1373017641130	1277.91	782.13	1297.67	767.14	2.4241	2.5815
1373017649463	1286.20	780.73	1299.29	771.49	2.4214	2.5875
1373017657796	1285.30	780.40	1297.92	767.76	2.4333	2.5976
1373017666130	1283.99	781.62	1296.07	762.56	2.4193	2.5787
1373017674463	1282.96	778.90	1295.69	761.95	2.4319	2.5987
1373017682796	1288.39	780.53	1295.03	762.09	2.4437	2.6010
1373017691129	1287.59	780.04	1293.49	767.90	2.4357	2.6118
1373017699462	1291.46	783.44	1292.44	760.74	2.4539	2.6137
1373017707795	1283.63	779.42	1289.43	751.49	2.4548	2.5952
1373017716129	1287.13	781.07	1288.50	757.69	2.4578	2.6078
1373017724462	1280.97	781.33	1284.73	754.87	2.4523	2.6202
1373017732800	1282.02	784.30	1286.42	757.74	2.4613	2.6209
1373017741133	1287.02	780.70	1288.43	756.99	2.4527	2.6093
1373017749467	1288.84	783.15	1289.93	763.12	2.4727	2.6185
1373017757800	1287.68	781.76	1278.88	757.04	2.4834	2.6072
1373017766132	1304.79	744.68	1291.05	745.44	2.4720	2.6265
1373017774466	1294.41	743.00	1290.75	754.71	2.4425	2.6135
1373017782799	1291.78	754.83	1284.06	760.23	2.4824	2.6180
1373017791132	1292.75	752.76	1286.90	761.51	2.4711	2.5965
1373017799466	1296.21	750.12	1287.28	768.79	2.4772	2.6140
1373017807799	1293.59	754.70	1288.39	761.28	2.4693	2.6087
1373017816133	1289.60	751.27	1289.45	763.38	2.4776	2.6142
1373017824466	1294.78	755.62	1292.77	769.01	2.4840	2.6164
1373017832799	1292.61	751.78	1291.35	769.19	2.4819	2.6186
1373017841131	1297.31	747.99	1293.97	768.23	2.4934	2.6199
1373017849465	1294.55	744.20	1295.94	762.82	2.4839	2.6132
1373017857798	1290.10	748.96	1293.03	750.11	2.4913	2.6215
1373017866135	1297.78	752.96	1293.40	747.99	2.4967	2.6151
1373017874469	1298.96	749.82	1289.65	745.70	2.4838	2.6136
1373017882802	1296.66	750.05	1287.64	744.56	2.5031	2.6273
1373017891135	1299.90	752.64	1292.26	751.46	2.5066	2.6356
1373017899469	1301.14	750.24	1283.80	753.64	2.4985	2.6335
1373017907802	1300.26	754.78	1289.62	748.87	2.5060	2.6373
1373017916134	1300.92	754.05	1291.05	759.98	2.4914	2.6194
1373017924468	1300.28	758.12	1290.65	755.95	2.5002	2.6256
1373017932801	1299.59	764.02	1289.17	757.80	2.5208	2.6291
1373017941134	1299.67	757.80	1297.63	762.82	2.5133	2.6268
1373017949468	1307.05	763.20	1293.38	761.68	2.5182	2.6377
1373017957801	1300.62	762.59	1292.25	767.89	2.5127	2.6316
1373017966134	1301.64	760.69	1291.42	763.29	2.5250	2.6317
1373017974468	1301.60	756.96	1295.76	769.48	2.5092	2.6449
1373017982801	1303.08	761.20	1289.73	765.43	2.5038	2.6290
1373017991137	1303.75	754.42	1294.01	767.38	2.5001	2.6326
1373017999471	1301.27	759.96	1291.34	764.10	2.5195	2.6359
1373018007804	1299.77	760.05	1292.76	769.78	2.5185	2.6443
1373018016137	1299.39	765.15	1295.08	770.05	2.5055	2.6467
1373018024471	1300.03	761.90	1291.56	764.20	2.5164	2.6481
1373018032804	1299.31	761.65	1289.84	765.72	2.5252	2.6582
1373018041137	1298.80	763.31	1293.48	761.10	2.5272	2.6544
1373018049471	1304.87	761.57	1294.46	758.03	2.5109	2.6661
1373018057804	1300.92	757.95	1291.37	758.11	2.5390	2.6593
1373018066136	1300.30	754.05	1289.55	761.82	2.5244	2.6589
1373018074470	1296.40	756.94	1290.79	758.41	2.5271	2.6576
1373018082803	1300.18	764.54	1288.21	760.43	2.5229	2.6689
1373018091136	1304.38	764.60	1290.00	764.46	2.5324	2.6649
1373018099470	1301.80	766.17	1294.39	756.34	2.5288	2.6570
1373018107803	1300.66	765.50	1295.09	754.97	2.5364	2.6539
1373018116136	1300.94	765.84	1295.30	765.61	2.5371	2.6764
1373018124476	1301.70	760.57	1295.96	763.00	2.5166	2.6616
1373018132809	1302.32	765.03	1296.85	762.99	2.5340	2.6760
1373018141141	1299.67	772.91	1299.06	759.73	2.5246	2.6817
1373018149475	1301.72	772.01	1300.15	761.47	2.5421	2.6849
1373018157808	1305.81	764.83	1298.82	754.81	2.5357	2.6689
1373018166141	1303.75	762.29	1300.04	761.70	2.5363	2.6752
1373018174475	1308.56	761.37	1295.38	757.84	2.5441	2.6924
1373018182808	1306.35	754.82	1293.60	758.89	2.5360	2.6908
1373018191141	1302.52	762.28	1294.22	759.67	2.5432	2.6891
1373018199475	1302.90	757.07	1294.14	761.30	2.5363	2.6921
1373018207808	1299.78	760.47	1296.68	754.26	2.5399	2.6748
1373018216140	1304.44	764.08	1292.89	758.57	2.5496	2.6845
1373018224473	1297.63	761.74	1296.85	762.23	2.5428	2.6875
1373018232807	1296.25	757.32	1299.83	760.16	2.5373	2.6883
1373018241140	1297.84	766.77	1301.48	763.93	2.5385	2.6922
1373018249473	1301.12	773.83	1305.20	757.31	2.5391	2.6878
1373018257812	1295.66	774.63	1304.77	762.40	2.5389	2.6924
1373018266145	1299.14	767.36	1303.28	758.04	2.5313	2.6822
1373018274478	1294.77	775.45	1307.63	760.22	2.5406	2.6941
1373018282812	1303.88	775.66	1308.93	758.11	2.5643	2.6901
1373018291144	1285.76	758.11	1295.84	751.54	2.5376	2.6672
1373018299477	1280.04	745.64	1284.81	731.36	2.5550	2.6623
1373018307811	1280.67	742.04	1284.34	731.21	2.5670	2.6684
1373018316144	1281.57	733.81	1291.62	743.38	2.5419	2.6639
1373018324479	1278.91	736.13	1288.42	732.90	2.5553	2.6532
1373018332813	1277.54	742.63	1284.80	736.45	2.5529	2.6573
1373018341146	1278.67	745.70	1280.57	736.82	2.5630	2.6521
1373018349479	1284.49	743.59	1281.98	744.63	2.5482	2.6591
1373018357811	1277.54	743.68	1285.45	747.75	2.5599	2.6719
1373018366143	1282.80	737.87	1281.55	742.24	2.5559	2.6678
1373018374476	1281.07	742.22	1283.29	746.99	2.5363	2.6640
1373018382811	1281.41	741.64	1282.66	742.56	2.5589	2.6705
1373018391144	1278.35	748.34	1288.40	747.26	2.5389	2.6730
1373018399477	1275.71	742.76	1289.40	743.01	2.5655	2.6568
1373018407811	1274.72	740.69	1287.23	745.69	2.5571	2.6612
1373018416144	1282.19	743.96	1290.90	743.01	2.5532	2.6680
1373018424477	1279.47	745.20	1291.20	746.05	2.5598	2.6655
1373018432813	1272.77	743.74	1286.18	736.74	2.5614	2.6748
1373018441143	1281.16	745.10	1290.28	736.86	2.5587	2.6709
1373018449476	1276.12	750.70	1288.31	743.63	2.5672	2.6659
1373018457810	1279.81	743.00	1292.76	744.64	2.5498	2.6591
1373018466143	1278.52	747.13	1291.16	736.73	2.5728	2.6725
1373018474476	1277.85	749.70	1285.49	742.11	2.5669	2.6727
1373018482810	1281.11	745.46	1286.07	742.67	2.5546	2.6742
1373018491143	1284.05	745.29	1287.62	737.39	2.5588	2.6723
1373018499476	1285.06	750.58	1289.00	739.87	2.5612	2.6756
1373018507810	1278.52	746.70	1285.82	741.85	2.5524	2.6725
1373018516151	1280.56	751.20	1287.58	734.55	2.5486	2.6644
1373018524485	1284.46	747.29	1291.70	736.55	2.5399	2.6776
1373018532819	1285.83	752.59	1291.87	736.13	2.5613	2.6700
1373018541152	1289.47	751.27	1293.78	738.25	2.5412	2.6745
1373018549485	1293.46	754.43	1289.83	741.89	2.5487	2.6777
1373018557819	1292.23	750.36	1292.37	737.17	2.5495	2.6845
1373018566152	1288.79	750.36	1290.15	741.05	2.5533	2.6798
1373018574485	1295.96	757.78	1292.44	739.27	2.5526	2.6800
1373018582819	1291.28	750.35	1294.76	744.34	2.5613	2.6788
1373018591151	1293.25	750.00	1290.63	742.96	2.5409	2.6819
1373018599484	1288.77	748.91	1290.16	738.68	2.5533	2.6797
1373018607818	1286.36	749.89	1293.35	738.21	2.5460	2.6675
1373018616151	1289.13	744.62	1290.58	736.60	2.5431	2.6880
1373018624484	1288.09	743.55	1296.51	737.52	2.5538	2.6708
1373018632820	1279.26	748.26	1297.27	733.38	2.5437	2.6633
1373018641153	1281.14	745.86	1292.41	732.60	2.5543	2.6727
1373018649490	1284.30	751.54	1293.17	735.73	2.5496	2.6761
1373018657824	1287.89	747.54	1286.08	733.92	2.5402	2.6799
1373018666156	1290.87	756.74	1290.63	733.89	2.5509	2.6840
1373018674487	1288.23	754.99	1288.87	735.00	2.5493	2.6713
1373018682821	1292.69	755.25	1290.26	734.35	2.5503	2.6759
1373018691154	1290.43	753.09	1285.14	739.24	2.5395	2.6808
1373018699487	1295.82	754.90	1285.49	737.69	2.5448	2.6779
1373018707821	1300.10	756.68	1286.28	746.61	2.5598	2.6766
1373018716154	1297.16	756.63	1291.87	743.17	2.5554	2.6768
1373018724487	1297.39	756.10	1288.03	744.42	2.5546	2.6649
1373018732821	1296.66	754.15	1289.15	742.51	2.5444	2.6712
1373018741153	1294.60	752.08	1291.62	743.81	2.5275	2.6768
1373018749486	1301.23	756.02	1289.73	742.70	2.5627	2.6807
1373018757819	1296.80	751.27	1289.30	741.56	2.5426	2.6782
1373018766153	1292.15	753.21	1291.82	737.82	2.5403	2.6719
1373018774486	1291.04	755.57	1290.18	743.00	2.5426	2.6628
1373018782823	1295.79	752.59	1291.05	733.82	2.5510	2.6683
1373018791157	1290.79	751.46	1289.57	742.19	2.5292	2.6771
1373018799490	1293.19	760.04	1293.43	741.87	2.5400	2.6611
1373018807823	1290.96	756.37	1291.35	737.48	2.5310	2.6672
1373018816156	1293.20	756.05	1291.47	741.42	2.5327	2.6573
1373018824489	1293.89	754.91	1288.53	739.61	2.5352	2.6459
1373018832822	1294.46	756.43	1286.70	745.26	2.5300	2.6584
1373018841156	1291.03	752.21	1285.50	740.81	2.5348	2.6625
1373018849489	1297.83	755.91	1286.95	744.15	2.5405	2.6611
1373018857822	1293.38	755.96	1286.45	742.14	2.5406	2.6586
1373018866156	1290.89	754.61	1286.79	750.88	2.5321	2.6491
1373018874489	1289.57	751.32	1288.72	750.49	2.5211	2.6574
1373018882823	1293.17	755.45	1292.28	746.48	2.5265	2.6441
1373018891155	1292.14	754.02	1295.61	748.10	2.5387	2.6522
1373018899488	1290.98	750.47	1296.06	752.72	2.5407	2.6396
1373018907825	1284.47	747.48	1295.37	751.01	2.5341	2.6440
1373018916159	1286.71	750.89	1287.39	748.21	2.5246	2.6372
1373018924492	1289.48	753.86	1289.94	750.18	2.5518	2.6485
1373018932825	1289.13	750.07	1288.08	745.63	2.5344	2.6303
1373018941159	1283.57	742.60	1289.37	752.74	2.5534	2.6464
1373018949492	1288.25	749.70	1291.21	745.78	2.5521	2.6358
1373018957825	1283.15	746.01	1293.36	750.57	2.5285	2.6418
1373018966158	1289.83	748.31	1291.96	749.14	2.5447	2.6399
1373018974491	1288.50	744.36	1290.59	747.10	2.5419	2.6382
1373018982824	1286.49	743.57	1290.80	749.71	2.5379	2.6397
1373018991158	1284.43	742.66	1293.27	745.24	2.5415	2.6361
1373018999491	1290.04	740.25	1293.53	752.46	2.5479	2.6461
1373019007824	1288.63	738.43	1291.80	750.18	2.5534	2.6497
1373019016158	1290.31	738.34	1291.45	745.88	2.5548	2.6389
1373019024491	1282.85	741.08	1290.20	749.11	2.5510	2.6528
1373019032824	1282.32	742.06	1288.23	746.73	2.5612	2.6476
1373019041163	1284.08	739.46	1285.11	751.24	2.5622	2.6557
1373019049496	1285.44	744.89	1289.78	749.69	2.5674	2.6592
1373019057829	1287.66	749.89	1289.03	756.51	2.5773	2.6611
1373019066163	1290.81	748.27	1289.05	756.36	2.5751	2.6614
1373019074496	1289.55	744.60	1289.77	759.82	2.5685	2.6643
1373019082829	1293.91	749.69	1288.84	756.50	2.5848	2.6708
1373019091163	1291.99	748.31	1284.00	753.97	2.5900	2.6794
1373019099496	1293.92	748.58	1284.34	745.95	2.5804	2.6688
1373019107829	1296.50	745.48	1285.09	739.72	2.5875	2.6926
1373019116162	1292.58	748.00	1282.91	742.97	2.5922	2.6982
1373019124495	1299.42	748.58	1285.52	744.20	2.5956	2.6847
1373019132828	1293.08	743.67	1277.15	746.38	2.6045	2.6911
1373019141162	1299.32	751.50	1281.75	754.75	2.6086	2.7047
1373019149495	1297.09	746.75	1282.55	761.19	2.5976	2.7191
1373019157828	1301.29	745.11	1285.22	763.21	2.6113	2.7144
1373019166162	1302.86	745.57	1286.49	757.67	2.6144	2.7128
1373019174499	1303.40	755.18	1285.42	764.35	2.6385	2.7207
1373019182832	1305.16	745.60	1285.67	762.00	2.6387	2.7363
1373019191165	1301.33	752.94	1283.65	764.91	2.6434	2.7488
1373019199498	1309.91	748.46	1286.59	762.12	2.6402	2.7500
1373019207831	1310.50	744.27	1287.14	756.44	2.6447	2.7580
1373019216165	1310.27	744.88	1290.36	752.83	2.6307	2.7619
1373019224498	1313.60	750.15	1293.95	749.33	2.6520	2.7757
1373019232831	1314.70	744.58	1288.59	739.87	2.6550	2.7723
1373019241165	1318.26	746.50	1293.44	737.05	2.6608	2.7662
1373019249498	1311.25	750.81	1290.26	739.96	2.6491	2.7722
1373019257831	1309.83	754.18	1288.48	736.82	2.6653	2.7913
1373019266164	1309.90	749.56	1290.73	736.39	2.6738	2.7955
1373019274497	1313.29	751.25	1289.37	742.86	2.6868	2.7876
1373019282830	1308.73	746.68	1289.72	745.10	2.6769	2.8114
1373019291163	1309.41	746.47	1293.89	750.15	2.6820	2.8026
1373019299497	1308.01	738.75	1287.35	756.07	2.6766	2.8026
1373019307835	1309.76	750.42	1285.60	757.06	2.6815	2.8016
1373019316168	1305.11	756.53	1277.97	758.24	2.6909	2.7974
1373019324502	1306.35	752.84	1278.59	754.26	2.6645	2.7997
1373019332835	1306.89	752.78	1280.48	757.08	2.6664	2.7917
1373019341167	1307.40	755.36	1282.65	760.88	2.6367	2.7950
1373019349501	1308.05	759.81	1284.86	756.84	2.6384	2.7810
1373019357834	1300.70	757.48	1285.32	747.39	2.6327	2.7676
1373019366167	1300.01	751.01	1286.26	738.27	2.5988	2.7548
1373019374501	1300.74	751.80	1286.63	730.17	2.6020	2.7455
1373019382834	1301.66	743.05	1284.73	719.03	2.5768	2.7443
1373019391167	1300.32	748.75	1282.02	725.11	2.5647	2.7279
1373019399501	1295.48	744.04	1280.17	713.81	2.5369	2.7137
1373019407834	1295.08	745.47	1278.93	712.89	2.5331	2.7036
1373019416167	1293.99	748.49	1279.02	719.60	2.5131	2.6926
1373019424500	1302.56	734.58	1294.09	729.26	2.4931	2.6884
1373019432835	1390.59	737.61	1374.95	728.94	2.4893	2.6718
1373019441168	1456.69	732.33	1442.12	743.52	2.4941	2.6484
1373019449502	1503.79	712.23	1485.86	728.35	2.4751	2.6377
1373019457835	1491.62	729.61	1477.34	738.00	2.4686	2.6391
1373019466168	1496.49	710.27	1475.75	741.46	2.4496	2.6140
1373019474502	1495.79	708.65	1471.73	741.76	2.4467	2.6259
1373019482835	1499.74	711.73	1478.64	739.04	2.4480	2.6157
1373019491168	1506.36	709.67	1481.08	741.14	2.4312	2.6100
1373019499501	1499.89	708.54	1481.61	739.43	2.4161	2.5964
1373019507834	1497.54	709.22	1485.55	737.72	2.4299	2.5695
1373019516167	1495.98	699.80	1484.73	742.53	2.3954	2.5808
1373019524501	1499.18	706.82	1486.93	743.68	2.4133	2.5868
1373019532834	1493.61	697.91	1492.52	739.77	2.3803	2.5677
1373019541167	1502.81	708.60	1490.45	740.62	2.3849	2.5706
1373019549501	1504.82	704.46	1491.23	748.70	2.4062	2.5665
1373019557834	1497.24	706.02	1494.48	739.56	2.3742	2.5557
1373019566174	1504.16	704.50	1486.64	742.42	2.3726	2.5528
1373019574508	1503.80	706.86	1495.24	734.07	2.3786	2.5480
1373019582841	1504.18	708.21	1487.15	734.95	2.3538	2.5429
1373019591174	1506.07	708.30	1495.25	728.54	2.3741	2.5192
1373019599508	1505.80	716.70	1495.73	729.07	2.3754	2.5228
1373019607841	1505.43	716.46	1495.00	733.94	2.3730	2.5303
1373019616174	1506.78	720.73	1492.77	743.48	2.3596	2.5344
1373019624508	1506.35	714.59	1488.58	730.53	2.3780	2.5176
1373019632841	1502.70	715.07	1494.85	735.23	2.3556	2.5365
1373019641173	1505.61	713.14	1493.09	735.02	2.3432	2.5078
1373019649507	1508.58	714.87	1498.52	726.23	2.3583	2.5001
1373019657840	1514.97	715.30	1495.39	729.69	2.3262	2.5103
1373019666173	1496.89	719.80	1491.90	720.65	2.3318	2.4993
1373019674507	1417.60	773.62	1418.17	739.60	2.3238	2.5058
1373019682840	1312.67	831.47	1287.22	811.82	2.3446	2.5263
1373019691173	1187.25	838.21	1176.94	844.03	2.2879	2.5213
1373019699511	1089.61	877.76	1067.80	870.40	2.3172	2.5085
1373019707846	1028.84	919.99	990.30	918.86	2.3143	2.5068
1373019716176	1028.80	944.03	1027.14	956.61	2.2986	2.5004
1373019724512	1018.18	943.39	1019.55	946.79	2.3349	2.4862
1373019732845	1017.94	942.27	1019.55	948.31	2.3406	2.4814
1373019741176	1018.98	949.20	1012.82	959.87	2.3265	2.4690
1373019749510	1029.00	953.40	1019.46	962.06	2.3099	2.4707
1373019757843	1028.49	952.56	1013.54	961.42	2.3091	2.4862
1373019766176	1029.14	943.79	1017.97	968.59	2.3102	2.4839
1373019774510	1019.33	941.01	1021.62	967.03	2.2798	2.4778
1373019782843	1022.98	945.41	1019.69	955.20	2.2906	2.4732
1373019791175	1018.03	932.45	1016.27	946.67	2.2751	2.4638
1373019799508	1020.07	932.67	1015.39	935.77	2.2903	2.4569
1373019807842	1027.91	937.87	1016.12	935.37	2.2894	2.4750
1373019816175	1031.11	932.74	1012.34	946.10	2.2955	2.4727
1373019824512	1023.00	932.00	1016.44	938.41	2.2797	2.4645
1373019832846	1030.54	929.72	1016.01	938.76	2.2918	2.4695
1373019841179	1030.56	933.17	1019.10	942.97	2.2919	2.4596
1373019849512	1025.20	928.60	1016.35	947.16	2.2967	2.4532
1373019857846	1025.62	928.61	1011.73	944.04	2.3060	2.4613
1373019866178	1026.33	932.27	1005.76	953.68	2.2905	2.4709
1373019874511	1030.58	931.12	1006.53	947.93	2.3152	2.4760
1373019882845	1030.78	929.26	1004.15	953.00	2.3077	2.4753
1373019891178	1029.16	937.57	1003.38	945.40	2.3026	2.4708
1373019899511	1030.27	941.77	1004.30	952.82	2.3011	2.4687
1373019907845	1025.69	943.16	1008.06	946.97	2.3156	2.4761
1373019916178	1016.83	941.24	1007.21	944.56	2.3056	2.4633
1373019924511	1018.25	939.76	1013.84	934.93	2.3107	2.4667
1373019932845	1011.25	941.84	1009.03	930.15	2.3027	2.4720
1373019941177	1015.79	946.47	1002.54	929.54	2.3227	2.4860
1373019949511	1018.66	944.79	995.98	926.04	2.3000	2.4715
1373019957850	1022.14	947.22	990.15	924.91	2.2992	2.4687
1373019966183	1025.04	941.68	991.05	916.08	2.3083	2.4608
1373019974516	1030.77	937.84	993.30	919.98	2.3018	2.4816
1373019982850	1026.99	937.84	990.33	917.93	2.3034	2.4742
1373019991183	1027.15	938.58	993.17	918.52	2.3073	2.4802
1373019999516	1032.74	943.38	994.47	919.35	2.3151	2.4766
1373020007850	1032.66	936.66	993.85	910.15	2.3049	2.4565
1373020016182	1028.46	946.16	990.63	922.86	2.3243	2.4793
1373020024515	978.36	968.26	989.71	930.02	2.3028	2.4797
1373020032849	962.13	991.53	934.97	969.14	2.3346	2.4733
1373020041182	954.59	1007.31	931.90	978.40	2.3242	2.4769
1373020049515	972.45	1006.48	937.62	984.15	2.3413	2.4915
1373020057851	969.64	1005.38	940.93	981.17	2.3262	2.4874
1373020066184	969.00	1003.05	938.19	983.60	2.3409	2.4925
1373020074518	967.89	1001.39	936.76	983.47	2.3253	2.4875
1373020082851	963.96	1000.88	934.57	985.31	2.3363	2.4901
1373020091187	969.40	1004.47	934.80	983.74	2.3307	2.5031
1373020099520	970.97	1003.75	938.01	988.12	2.3389	2.4951
1373020107854	972.84	1001.82	932.59	984.85	2.3376	2.4984
1373020116187	967.55	996.77	932.64	987.41	2.3420	2.4911
1373020124520	967.58	995.61	939.63	985.79	2.3343	2.5128
1373020132854	961.24	1000.34	935.11	989.28	2.3320	2.4988
1373020141187	966.73	1006.99	936.27	987.60	2.3573	2.5148
1373020149520	967.15	997.58	936.89	981.52	2.3421	2.5090
1373020157854	965.24	1002.85	934.53	988.05	2.3428	2.5118
1373020166186	956.83	998.75	941.71	990.43	2.3326	2.5039
1373020174519	958.71	995.89	934.12	986.11	2.3441	2.5119
1373020182853	966.51	1003.37	934.03	979.02	2.3374	2.5025
1373020191186	964.55	1010.50	932.95	978.89	2.3486	2.4991
1373020199519	959.71	1007.74	934.16	974.87	2.3353	2.5073
1373020207853	969.54	1010.74	933.51	978.90	2.3529	2.5176
1373020216186	957.82	1002.07	928.68	976.88	2.3168	2.5240
1373020224524	957.53	1012.99	937.27	975.66	2.3219	2.5252
1373020232858	960.83	1008.41	930.42	976.91	2.3480	2.5154
1373020241190	955.58	1008.67	936.94	974.47	2.3264	2.5212
1373020249523	966.15	1009.26	935.68	973.99	2.3651	2.5219
1373020257857	968.33	1006.01	931.11	974.93	2.3565	2.5308
1373020266190	961.31	1004.52	937.28	971.61	2.3548	2.5243
1373020274523	967.13	1011.93	937.63	976.85	2.3510	2.5235
1373020282857	963.92	1007.71	937.63	976.17	2.3383	2.5348
1373020291190	970.91	1009.53	937.41	982.06	2.3723	2.5276
1373020299523	967.38	1005.71	937.67	977.39	2.3592	2.5318
1373020307857	955.64	997.51	937.38	981.89	2.3335	2.5308
1373020316189	961.19	998.73	932.09	987.72	2.3540	2.5325
1373020324522	970.13	1002.97	939.88	981.40	2.3738	2.5273
1373020332856	970.77	1002.08	937.07	986.61	2.3693	2.5302
1373020341189	973.47	997.41	937.46	991.01	2.3655	2.5235
1373020349526	964.97	994.46	936.62	985.78	2.3547	2.5381
1373020357860	975.61	1002.10	937.74	987.44	2.3606	2.5266
1373020366193	1003.83	969.72	1003.26	940.21	2.3599	2.5208
1373020374526	1107.76	900.11	1105.99	925.80	2.3764	2.5502
1373020382860	1174.67	884.10	1194.35	864.97	2.3672	2.5564
1373020391190	1225.19	825.86	1234.86	847.96	2.3514	2.5540
1373020399523	1251.16	834.84	1253.19	832.09	2.3592	2.5342
1373020407856	1268.02	836.79	1275.00	810.20	2.3529	2.5452
1373020416190	1271.69	834.40	1275.82	805.90	2.3506	2.5419
1373020424523	1286.29	829.17	1279.87	811.73	2.3754	2.5267
1373020432858	1289.71	822.52	1285.00	816.78	2.3839	2.5441
1373020441192	1285.39	820.38	1289.13	809.83	2.3651	2.5368
1373020449523	1284.54	822.22	1285.64	807.69	2.3450	2.5346
1373020457859	1286.25	817.12	1285.91	806.32	2.3500	2.5370
1373020466191	1276.90	811.85	1279.43	817.44	2.3533	2.5431
1373020474524	1290.98	818.83	1277.92	808.14	2.3549	2.5397
1373020482862	1282.68	810.81	1279.03	813.30	2.3367	2.5363
1373020491195	1291.21	813.84	1283.61	816.02	2.3605	2.5383
1373020499526	1289.78	805.73	1284.56	816.69	2.3713	2.5353
1373020507860	1291.20	799.49	1283.73	817.49	2.3578	2.5322
1373020516193	1292.50	810.27	1282.42	817.89	2.3865	2.5389
1373020524526	1286.75	811.93	1287.21	818.65	2.3709	2.5354
1373020532859	1289.36	813.17	1285.33	820.33	2.3670	2.5515
1373020541192	1291.70	812.05	1281.82	821.64	2.3868	2.5369
1373020549525	1288.35	813.67	1280.94	817.26	2.3560	2.5412
1373020557858	1282.94	806.85	1282.69	816.29	2.3698	2.5283
1373020566192	1284.51	812.62	1278.93	812.10	2.3330	2.5412
1373020574525	1295.23	822.03	1278.88	813.64	2.3767	2.5415
1373020582858	1290.18	812.61	1278.54	809.41	2.3427	2.5336
1373020591192	1295.45	823.30	1277.82	812.18	2.3762	2.5509
1373020599525	1280.95	820.44	1279.71	806.70	2.3574	2.5370
1373020607860	1287.39	814.91	1280.30	809.10	2.3685	2.5355
1373020616197	1290.82	816.15	1277.35	811.29	2.3608	2.5347
1373020624532	1292.52	817.99	1278.97	808.51	2.3732	2.5300
1373020632865	1280.29	810.36	1277.42	815.50	2.3466	2.5328
1373020641197	1345.39	796.96	1343.21	776.13	2.3655	2.5397
1373020649530	1419.64	730.32	1419.11	728.39	2.3918	2.5551
1373020657865	1481.96	704.09	1472.04	713.28	2.3880	2.5451
1373020666199	1514.84	701.66	1494.37	684.54	2.4125	2.5410
1373020674530	1512.49	691.32	1536.44	680.83	2.4100	2.5372
1373020682863	1525.38	679.16	1537.74	678.94	2.4129	2.5555
1373020691198	1529.77	675.07	1543.03	688.18	2.3958	2.5546
1373020699531	1535.46	672.65	1540.44	690.16	2.4062	2.5731
1373020707864	1529.39	678.45	1545.45	683.06	2.4141	2.5710
1373020716198	1538.35	673.71	1537.97	676.93	2.4030	2.5759
1373020724531	1534.13	677.43	1537.80	680.86	2.4071	2.5685
1373020732864	1530.58	679.96	1526.09	681.12	2.4139	2.5810
1373020741198	1539.40	674.42	1529.99	682.64	2.4246	2.5707
1373020749536	1529.97	673.36	1529.23	684.31	2.4213	2.5986
1373020757869	1532.56	674.74	1529.28	680.30	2.4353	2.5805
1373020766202	1526.74	678.00	1532.63	678.46	2.4431	2.5872
1373020774535	1536.77	683.03	1534.23	688.89	2.4421	2.5999
1373020782868	1533.27	677.95	1534.01	685.27	2.4319	2.5990
1373020791202	1534.60	678.69	1535.72	686.44	2.4420	2.6004
1373020799535	1532.79	672.34	1529.62	687.24	2.4333	2.6053
1373020807868	1536.12	664.14	1534.31	687.02	2.4379	2.5994
1373020816202	1529.36	659.82	1530.86	689.41	2.4397	2.6150
1373020824535	1535.55	656.09	1532.87	689.80	2.4374	2.6138
1373020832868	1530.78	658.16	1535.19	694.02	2.4438	2.6112
1373020841201	1533.09	659.72	1532.73	695.80	2.4534	2.6188
1373020849534	1529.17	657.90	1535.70	686.62	2.4399	2.6191
1373020857867	1530.81	662.09	1527.46	694.77	2.4389	2.6223
1373020866201	1526.47	673.94	1535.22	688.70	2.4532	2.6268
1373020874538	1530.66	676.07	1528.41	686.80	2.4560	2.6394
1373020882871	1532.80	683.31	1533.82	687.16	2.4466	2.6251
1373020891205	1535.56	684.92	1530.15	686.32	2.4665	2.6369
1373020899538	1530.47	686.93	1532.43	678.31	2.4563	2.6302
1373020907871	1531.06	684.59	1530.54	679.89	2.4605	2.6342
1373020916204	1533.10	690.27	1529.12	676.68	2.4513	2.6364
1373020924537	1526.61	684.34	1534.13	682.45	2.4425	2.6423
1373020932870	1533.09	683.65	1533.05	679.72	2.4616	2.6423
1373020941204	1535.07	688.71	1520.98	674.80	2.4516	2.6464
1373020949537	1555.07	657.53	1558.80	648.12	2.4604	2.6438
1373020957870	1611.78	630.25	1597.03	606.56	2.4695	2.6274
1373020966203	1609.33	628.17	1605.37	611.61	2.4695	2.6266
1373020974537	1601.07	623.73	1597.28	609.53	2.4691	2.6394
1373020982868	1604.02	625.97	1596.82	605.75	2.4948	2.6388
1373020991200	1608.05	624.98	1595.19	603.21	2.4844	2.6554
1373020999534	1606.06	625.53	1600.89	602.99	2.4841	2.6343
1373021007872	1607.58	621.78	1600.89	600.49	2.4927	2.6730
1373021016205	1608.97	625.18	1605.69	598.91	2.4971	2.6572
1373021024539	1606.27	628.20	1603.65	600.78	2.5044	2.6608
1373021032872	1612.50	623.92	1607.00	601.39	2.5154	2.6642
1373021041205	1608.65	628.73	1609.93	604.59	2.5046	2.6743
1373021049539	1611.63	624.18	1605.74	604.86	2.5157	2.6687
1373021057872	1611.98	628.34	1606.82	606.40	2.5077	2.6686
1373021066204	1607.78	626.18	1606.80	609.60	2.5094	2.6860
1373021074538	1608.90	623.63	1607.19	609.59	2.5100	2.6773
1373021082871	1614.05	627.85	1607.08	607.31	2.5258	2.6836
1373021091204	1609.06	626.81	1606.67	606.23	2.5142	2.6798
1373021099538	1616.15	624.84	1605.47	605.09	2.5216	2.6828
1373021107871	1617.56	624.60	1601.27	605.06	2.5229	2.6836
1373021116204	1617.81	624.66	1599.34	603.34	2.5190	2.6799
1373021124538	1610.33	623.20	1595.73	615.08	2.5284	2.6884
1373021132871	1612.05	625.77	1600.56	611.25	2.5225	2.6882
1373021141208	1611.69	627.61	1600.04	612.07	2.5289	2.6858
1373021149542	1611.02	624.04	1600.78	607.82	2.5047	2.6748
1373021157875	1613.31	627.77	1601.91	609.52	2.5229	2.6756
1373021166208	1613.11	630.40	1598.78	610.94	2.5244	2.6746
1373021174542	1611.73	626.10	1601.37	613.66	2.5186	2.6902
1373021182875	1608.30	628.66	1605.36	608.47	2.5187	2.6722
1373021191208	1613.45	631.84	1604.26	613.00	2.5210	2.6838
1373021199542	1613.83	628.71	1607.13	608.67	2.5152	2.6829
1373021207875	1618.43	630.28	1607.63	615.54	2.5228	2.6817
1373021216207	1614.42	626.42	1610.40	613.80	2.5184	2.6709
1373021224541	1620.04	629.91	1607.98	609.80	2.5035	2.6651
1373021232874	1615.47	629.70	1607.27	608.34	2.5088	2.6742
1373021241207	1618.11	634.10	1608.81	609.05	2.5135	2.6660
1373021249541	1613.88	633.83	1608.38	610.23	2.5224	2.6562
1373021257874	1613.61	630.71	1609.62	611.13	2.5046	2.6647
1373021266207	1615.83	629.73	1603.17	611.96	2.5136	2.6640
1373021274545	1612.36	637.83	1601.22	614.94	2.5151	2.6593
1373021282878	1610.82	635.87	1604.84	618.32	2.5159	2.6474
1373021291210	1610.39	644.21	1606.53	616.47	2.4934	2.6470
1373021299544	1610.94	637.86	1603.01	618.64	2.5056	2.6543
1373021307877	1611.95	638.87	1600.46	617.13	2.4955	2.6384
1373021316210	1617.69	633.58	1606.45	609.24	2.4987	2.6556
1373021324544	1616.34	633.40	1609.00	605.12	2.4935	2.6413
1373021332877	1614.23	625.50	1606.06	605.58	2.4863	2.6473
1373021341210	1618.74	630.53	1610.53	607.48	2.4986	2.6465
1373021349544	1623.82	629.23	1609.18	608.62	2.5048	2.6425
1373021357877	1622.67	635.06	1610.56	603.07	2.4970	2.6445
1373021366209	1624.89	629.88	1616.42	605.94	2.4965	2.6515
1373021374543	1628.01	627.41	1617.15	606.27	2.4964	2.6393
1373021382876	1621.94	628.56	1615.50	605.38	2.4884	2.6366
1373021391209	1577.02	628.12	1569.36	602.40	2.4861	2.6580
1373021399548	NaN	NaN	1471.61	616.59	NaN	2.6864
1373021407881	1424.36	626.91	1384.25	599.81	2.4911	2.6766
1373021416214	NaN	NaN	1319.38	624.75	NaN	2.6566
1373021424548	1339.89	645.83	1300.40	639.48	2.4583	2.6823
1373021432881	1351.33	646.17	1323.06	632.16	2.4776	2.6883
1373021441213	1343.18	643.97	1318.35	635.57	2.4916	2.6889
1373021449547	1339.14	645.59	1312.34	632.32	2.4742	2.6604
1373021457880	1332.07	647.51	1313.42	636.92	2.4608	2.6759
1373021466213	1333.14	650.53	1311.56	644.33	2.4729	2.6618
1373021474547	1327.43	656.86	1314.38	647.92	2.4661	2.6673
1373021482880	1337.86	654.38	1312.94	641.25	2.4722	2.6567
1373021491213	1340.76	657.54	1315.30	646.95	2.4893	2.6649
1373021499546	1338.00	653.97	1318.35	647.19	2.4627	2.6588
1373021507880	1330.89	654.21	1318.38	652.09	2.4674	2.6527
1373021516212	1342.24	664.30	1315.85	646.62	2.4999	2.6521
1373021524547	1334.83	656.85	1314.38	652.61	2.4615	2.6523
1373021532886	1342.41	658.42	1317.85	650.99	2.4659	2.6679
1373021541219	1333.49	647.62	1319.81	639.67	2.4571	2.6497
1373021549553	1332.07	642.95	1318.14	644.88	2.4816	2.6567
1373021557886	1330.85	640.72	1316.64	643.67	2.4669	2.6595
1373021566217	1330.29	647.36	1320.23	639.80	2.4813	2.6571
1373021574550	1326.82	637.57	1320.32	639.25	2.4681	2.6662
1373021582884	1333.06	635.03	1321.45	648.89	2.4670	2.6644
1373021591216	1325.45	638.56	1321.87	641.12	2.4526	2.6612
1373021599549	1324.54	644.64	1317.96	642.16	2.4648	2.6662
1373021607883	1332.56	642.67	1319.86	646.20	2.4799	2.6694
1373021616216	1333.50	643.48	1318.59	638.19	2.4854	2.6695
1373021624549	1332.12	646.60	1315.60	644.12	2.4820	2.6547
1373021632883	1329.46	643.39	1316.18	640.27	2.4782	2.6710
1373021641216	1329.06	644.07	1317.21	646.86	2.4773	2.6593
1373021649549	1329.26	645.57	1314.32	646.35	2.4870	2.6734
1373021657883	1333.17	649.99	1311.48	648.15	2.5107	2.6804
1373021666219	1328.48	645.42	1314.55	644.38	2.5104	2.6626
1373021674552	1329.49	645.41	1313.20	646.00	2.5019	2.6721
1373021682886	1324.82	641.73	1314.53	647.62	2.4805	2.6628
1373021691219	1324.53	638.83	1312.39	649.19	2.4861	2.6653
1373021699552	1333.46	639.23	1315.84	648.19	2.5012	2.6571
1373021707886	1329.65	634.83	1314.32	646.88	2.4825	2.6722
1373021716219	1334.15	645.23	1315.70	647.85	2.4988	2.6621
1373021724552	1340.38	647.69	1309.59	646.80	2.4906	2.6779
1373021732886	1335.59	650.24	1310.08	651.51	2.4786	2.6796
1373021741218	1337.83	650.70	1307.89	650.93	2.5056	2.6718
1373021749551	1344.25	666.53	1305.52	651.58	2.4949	2.6733
1373021757887	1337.77	660.71	1303.64	658.87	2.4738	2.6756
1373021766220	1339.95	685.93	1307.88	672.82	2.5005	2.6593
1373021774553	1320.19	717.48	1301.39	687.46	2.4946	2.6764
1373021782887	1332.86	723.89	1306.49	697.62	2.4715	2.6633
1373021791224	1332.32	713.56	1302.29	703.03	2.4660	2.6791
1373021799557	1329.49	709.27	1300.58	698.19	2.4745	2.6784
1373021807891	1326.98	701.71	1299.85	698.51	2.4681	2.6593
1373021816223	1331.64	709.30	1297.54	702.34	2.4847	2.6671
1373021824556	1326.76	710.92	1298.17	704.93	2.4640	2.6618
1373021832890	1330.51	709.69	1295.87	700.60	2.4850	2.6634
1373021841223	1329.98	708.42	1297.40	702.55	2.4713	2.6467
1373021849556	1331.86	709.51	1295.27	702.27	2.4599	2.6506
1373021857890	1334.97	714.69	1295.65	708.30	2.4664	2.6567
1373021866223	1327.62	710.85	1296.85	706.57	2.4640	2.6556
1373021874556	1326.91	716.36	1300.25	698.50	2.4686	2.6388
1373021882890	1327.02	711.97	1299.40	694.52	2.4488	2.6422
1373021891222	1326.65	717.80	1300.84	696.78	2.4519	2.6419
1373021899555	1330.09	716.75	1300.87	692.82	2.4544	2.6408
1373021907889	1323.05	714.28	1298.91	692.21	2.4524	2.6392
1373021916222	1321.29	719.39	1298.90	695.20	2.4411	2.6216
1373021924562	1330.55	722.03	1301.02	696.32	2.4577	2.6186
1373021932896	1319.84	710.98	1300.31	696.54	2.4359	2.6105
1373021941229	1323.29	723.40	1303.46	698.67	2.4531	2.6101
1373021949562	1325.50	726.44	1303.08	704.13	2.4415	2.6131
1373021957895	1326.82	711.93	1302.23	703.30	2.4340	2.5982
1373021966228	1324.00	714.11	1306.87	705.25	2.4394	2.5960
1373021974561	1324.41	715.40	1307.48	700.31	2.4275	2.5984
1373021982894	1319.07	712.33	1305.21	701.55	2.4222	2.5948
1373021991228	1327.18	710.76	1305.36	708.61	2.4405	2.5846
1373021999561	1320.85	719.54	1302.37	703.43	2.4161	2.5889
1373022007894	1328.51	714.19	1304.83	707.26	2.4119	2.5814
