t	gaze_point_LX	gaze_point_LY	gaze_point_RX	gaze_point_RY	pupil_diameter_L	pupil_diameter_R
1372952848049	1450.18	720.30	1408.68	693.70	2.4784	2.6061
1372952856383	1445.78	716.58	1411.33	695.24	2.4663	2.6198
1372952864716	1452.02	726.88	1409.72	693.78	2.4885	2.6116
1372952873049	1411.67	731.85	1402.16	694.44	2.4812	2.6119
1372952881382	1335.55	756.66	1303.56	722.74	2.4933	2.6111
1372952889715	1298.11	776.64	1279.06	741.19	2.4733	2.5955
1372952898048	1278.96	774.84	1264.11	745.78	2.4609	2.6092
1372952906382	1293.51	767.99	1283.91	739.45	2.4732	2.6148
1372952914717	1288.43	762.60	1282.54	728.85	2.4649	2.6043
1372952923050	1282.26	766.58	1277.35	730.89	2.4730	2.6101
1372952931384	1282.38	764.04	1273.94	728.23	2.4660	2.5965
1372952939717	1282.16	767.57	1269.43	729.93	2.4650	2.5843
1372952948050	1282.55	765.13	1273.34	730.35	2.4557	2.5947
1372952956383	1280.47	766.63	1276.40	730.15	2.4516	2.5862
1372952964716	1282.31	768.46	1276.93	726.27	2.4521	2.5933
1372952973049	1287.00	769.07	1277.78	721.63	2.4735	2.5978
1372952981387	1285.79	758.56	1279.30	724.62	2.4458	2.5795
1372952989720	1285.54	764.47	1275.98	712.62	2.4770	2.5935
1372952998053	1280.00	757.52	1273.19	713.92	2.4597	2.5992
1372953006387	1285.31	764.47	1277.01	717.05	2.4812	2.5970
1372953014720	1282.87	755.85	1274.02	709.88	2.4595	2.5920
1372953023053	1287.43	765.57	1277.43	712.92	2.4813	2.5931
1372953031386	1283.40	750.62	1276.29	722.43	2.4402	2.5995
1372953039719	1284.13	765.63	1273.52	731.61	2.4547	2.6128
1372953048052	1277.01	763.04	1273.66	730.40	2.4485	2.6065
1372953056386	1282.50	769.52	1274.89	740.76	2.4629	2.6113
1372953064719	1281.12	765.20	1274.71	744.54	2.4526	2.6048
1372953073052	1282.26	774.03	1275.76	747.25	2.4621	2.6090
1372953081386	1281.70	775.45	1277.57	745.66	2.4639	2.6210
1372953089719	1278.09	770.28	1272.65	742.60	2.4581	2.6188
1372953098052	1286.53	773.14	1274.63	739.39	2.4794	2.6256
1372953106385	1279.42	772.63	1272.14	740.26	2.4664	2.6433
1372953114722	1286.34	766.59	1272.81	739.63	2.4671	2.6400
1372953123055	1283.74	771.79	1270.21	729.87	2.4808	2.6572
1372953131389	1284.90	765.90	1271.02	729.15	2.4845	2.6504
1372953139722	1286.94	762.02	1274.93	716.73	2.4881	2.6387
1372953148055	1289.32	767.67	1273.88	719.50	2.5394	2.6575
1372953156388	1290.44	763.75	1272.29	709.94	2.5246	2.6588
1372953164721	1285.66	764.20	1275.47	717.38	2.5147	2.6688
1372953173054	1283.44	764.80	1274.98	716.62	2.5188	2.6651
1372953181387	1294.04	763.84	1275.11	721.33	2.5320	2.6827
1372953189720	1288.00	766.99	1271.06	725.38	2.5324	2.6774
1372953198053	1286.75	774.85	1272.97	728.45	2.5388	2.6818
1372953206387	1278.10	765.94	1275.14	741.01	2.5361	2.6942
1372953214720	1280.97	772.31	1272.69	746.05	2.5308	2.6943
1372953223053	1282.62	778.10	1275.24	739.67	2.5568	2.7066
1372953231386	1280.86	776.02	1273.89	745.89	2.5583	2.7098
1372953239723	1280.12	776.49	1270.45	744.49	2.5658	2.7326
1372953248056	1279.05	777.51	1272.70	744.37	2.5673	2.7233
1372953256389	1284.95	772.18	1270.83	745.63	2.5801	2.7269
1372953264722	1286.53	773.30	1269.84	738.27	2.5818	2.7352
1372953273055	1283.10	766.68	1271.35	733.82	2.5890	2.7387
1372953281389	1283.06	760.63	1269.86	725.29	2.5882	2.7592
1372953289722	1286.42	759.27	1269.32	726.03	2.6033	2.7575
1372953298055	1289.61	767.15	1270.29	727.37	2.6097	2.7658
1372953306388	1285.41	761.89	1268.45	729.54	2.6273	2.7804
1372953314722	1285.99	763.42	1268.06	734.43	2.6271	2.7838
1372953323055	1288.69	766.36	1268.41	729.19	2.6282	2.7839
1372953331387	1287.36	765.06	1270.25	740.29	2.6402	2.7836
1372953339721	1288.24	767.10	1265.95	742.77	2.6370	2.8037
1372953348054	1287.00	764.90	1270.21	737.82	2.6427	2.7880
1372953356388	1288.42	768.69	1271.29	740.85	2.6351	2.8025
1372953364721	1282.94	773.01	1270.91	741.73	2.6718	2.8074
1372953373061	1288.69	770.62	1268.47	739.70	2.6714	2.8129
1372953381394	1285.70	772.75	1266.81	735.07	2.6644	2.8118
1372953389728	1286.02	771.38	1269.71	740.48	2.6847	2.8125
1372953398061	1290.33	773.97	1267.83	737.47	2.6787	2.8212
1372953406393	1288.23	771.51	1272.03	738.36	2.6758	2.8283
1372953414727	1287.22	769.23	1271.94	735.41	2.6873	2.8354
1372953423060	1288.28	763.77	1267.14	733.91	2.6842	2.8428
1372953431393	1288.35	764.80	1268.28	741.13	2.6881	2.8510
1372953439727	1285.41	764.08	1267.52	735.47	2.6845	2.8485
1372953448060	1289.64	765.69	1266.96	738.34	2.6936	2.8460
1372953456393	1286.34	762.32	1269.61	743.47	2.6923	2.8568
1372953464727	1288.16	768.11	1267.62	748.01	2.7040	2.8629
1372953473060	1290.96	763.44	1269.66	749.53	2.7054	2.8605
1372953481392	1291.13	770.00	1267.60	747.30	2.7077	2.8624
1372953489726	1295.75	765.94	1269.05	754.03	2.7101	2.8587
1372953498059	1291.04	774.16	1269.74	751.46	2.7155	2.8717
1372953506396	1291.52	762.86	1269.85	751.11	2.7074	2.8673
1372953514730	1287.13	771.09	1273.33	748.38	2.7125	2.8713
1372953523063	1286.75	770.47	1269.57	746.68	2.7258	2.8712
1372953531396	1293.71	766.18	1271.29	746.97	2.7145	2.8730
1372953539730	1292.23	763.86	1268.43	743.84	2.7155	2.8712
1372953548063	1287.79	765.33	1267.73	741.84	2.7274	2.8796
1372953556395	1286.01	763.60	1268.42	738.66	2.7098	2.8766
1372953564729	1288.90	762.74	1271.40	743.21	2.7300	2.8724
1372953573062	1291.97	768.28	1267.45	746.23	2.7321	2.8763
1372953581395	1293.40	770.34	1271.92	741.07	2.7301	2.8616
1372953589729	1287.13	770.02	1271.66	746.50	2.7196	2.8575
1372953598062	1291.10	766.36	1273.61	744.47	2.7133	2.8637
1372953606395	1289.34	770.96	1271.69	752.54	2.7102	2.8636
1372953614729	1290.91	770.87	1276.48	747.59	2.7156	2.8642
1372953623062	1293.55	771.37	1273.62	744.93	2.7171	2.8483
1372953631394	1295.98	772.00	1275.73	749.15	2.7232	2.8580
1372953639733	1293.26	770.12	1275.88	747.10	2.7188	2.8480
1372953648066	1290.77	769.61	1274.71	748.61	2.7055	2.8475
1372953656399	1294.81	772.41	1270.32	744.42	2.7199	2.8362
1372953664733	1291.85	766.48	1269.75	747.95	2.7083	2.8327
1372953673066	1291.28	763.42	1267.65	741.99	2.7223	2.8252
1372953681399	1291.52	762.77	1270.37	735.22	2.7014	2.8241
1372953689733	1292.86	755.29	1267.84	730.59	2.6822	2.8255
1372953698066	1289.93	758.88	1270.11	731.41	2.6965	2.8288
1372953706398	1295.51	760.84	1267.44	731.09	2.6969	2.8144
1372953714732	1292.27	764.67	1269.47	728.96	2.6900	2.8054
1372953723065	1295.60	760.56	1269.57	740.05	2.6732	2.8060
1372953731398	1292.30	767.75	1271.22	743.23	2.6745	2.7961
1372953739732	1291.49	766.89	1275.95	748.61	2.6637	2.7928
1372953748065	1290.85	770.68	1280.38	744.01	2.6498	2.7795
1372953756398	1291.86	764.79	1279.79	740.90	2.6523	2.7823
1372953764738	1294.55	763.35	1283.51	737.97	2.6624	2.7759
1372953773072	1294.42	765.56	1284.26	738.19	2.6502	2.7666
1372953781404	1290.00	767.18	1279.94	741.63	2.6427	2.7762
1372953789736	1294.30	765.91	1283.35	736.60	2.6447	2.7707
1372953798069	1290.55	770.20	1281.63	741.60	2.6423	2.7646
1372953806404	1291.36	771.80	1283.06	745.48	2.6330	2.7484
1372953814736	1293.80	774.11	1276.17	744.12	2.6181	2.7565
1372953823071	1293.81	770.34	1275.65	741.26	2.6205	2.7534
1372953831404	1293.19	765.35	1273.81	742.72	2.6228	2.7616
1372953839738	1293.84	767.65	1270.43	738.01	2.6294	2.7553
1372953848071	1293.81	767.50	1275.20	736.33	2.6235	2.7517
1372953856403	1292.90	778.62	1273.57	736.64	2.6295	2.7456
1372953864736	1292.39	766.47	1276.86	739.85	2.6100	2.7536
1372953873070	1289.68	770.38	1274.55	744.44	2.6181	2.7502
1372953881403	1295.12	777.26	1276.08	744.57	2.6421	2.7491
1372953889737	1288.05	769.68	1281.16	744.20	2.6121	2.7594
1372953898072	1291.56	763.69	1284.49	744.71	2.6211	2.7528
1372953906405	1289.55	769.67	1284.76	738.19	2.6170	2.7467
1372953914738	1293.08	766.15	1283.40	740.07	2.6226	2.7529
1372953923072	1291.55	768.36	1287.21	742.07	2.6329	2.7510
1372953931404	1292.28	772.67	1283.06	737.58	2.6203	2.7417
1372953939737	1285.37	769.12	1281.63	745.87	2.6315	2.7498
1372953948071	1291.32	765.10	1281.20	740.93	2.6217	2.7448
1372953956404	1291.40	770.16	1278.80	745.81	2.6188	2.7531
1372953964737	1292.10	773.39	1275.50	744.33	2.6403	2.7605
1372953973071	1293.84	777.33	1276.59	742.58	2.6367	2.7642
1372953981404	1294.51	780.41	1275.80	741.69	2.6558	2.7623
1372953989737	1292.86	772.71	1271.73	744.19	2.6338	2.7720
1372953998071	1292.26	776.99	1280.45	750.67	2.6416	2.7699
1372954006403	1294.41	778.13	1275.79	745.64	2.6499	2.7717
1372954014736	1295.90	776.00	1278.20	752.66	2.6391	2.7794
1372954023070	1300.84	775.65	1278.01	746.13	2.6528	2.7643
1372954031408	1298.95	777.17	1277.32	746.31	2.6417	2.7839
1372954039741	1298.95	776.89	1280.20	749.08	2.6591	2.7943
1372954048075	1297.07	778.62	1277.64	746.61	2.6689	2.7948
1372954056408	1297.43	772.26	1277.02	751.27	2.6613	2.7926
1372954064741	1296.72	774.49	1280.30	747.78	2.6557	2.7935
1372954073075	1293.79	769.33	1275.74	747.56	2.6592	2.8026
1372954081407	1296.43	774.29	1277.99	743.43	2.6753	2.7982
1372954089740	1291.66	772.62	1279.69	742.35	2.6878	2.8025
1372954098074	1286.86	777.18	1276.26	744.16	2.6756	2.8002
1372954106407	1279.86	767.60	1271.11	742.32	2.6598	2.8087
1372954114740	1299.14	751.36	1293.54	728.85	2.6641	2.8210
1372954123074	1312.03	743.17	1294.04	722.39	2.6757	2.8135
1372954131407	1297.60	747.24	1281.95	721.38	2.6730	2.8066
1372954139738	1292.58	748.99	1283.53	725.54	2.6821	2.8122
1372954148072	1299.10	749.95	1287.20	723.18	2.6913	2.8066
1372954156408	1293.35	750.36	1291.06	725.79	2.6958	2.8169
1372954164741	1295.37	751.90	1295.04	721.32	2.6984	2.8090
1372954173075	1291.56	745.43	1293.99	723.66	2.6973	2.8193
1372954181408	1296.74	745.49	1293.14	725.12	2.6924	2.8183
1372954189741	1294.61	749.57	1298.69	725.07	2.7027	2.8286
1372954198075	1295.23	749.90	1293.94	723.65	2.6871	2.8185
1372954206408	1293.75	746.44	1295.86	726.61	2.6895	2.8240
1372954214741	1298.68	752.62	1289.66	725.56	2.6962	2.8275
1372954223075	1292.76	751.16	1287.65	727.50	2.6936	2.8394
1372954231407	1291.13	754.84	1286.17	729.96	2.6956	2.8359
1372954239740	1292.35	751.66	1284.17	727.54	2.6865	2.8486
1372954248074	1290.35	752.15	1287.17	727.14	2.6850	2.8332
1372954256407	1296.28	750.44	1282.84	724.19	2.6991	2.8469
1372954264740	1290.78	744.89	1276.86	730.49	2.6850	2.8449
1372954273074	1292.51	742.76	1277.15	722.86	2.6895	2.8501
1372954281407	1293.12	741.93	1278.93	722.54	2.6914	2.8367
1372954289746	1292.10	741.60	1278.43	722.70	2.6855	2.8453
1372954298080	1295.27	740.41	1283.51	726.78	2.6775	2.8527
1372954306412	1298.57	744.46	1281.18	723.85	2.6884	2.8406
1372954314745	1293.90	740.63	1287.02	721.04	2.6852	2.8441
1372954323078	1293.30	742.00	1282.49	724.39	2.6825	2.8480
1372954331412	1295.65	746.64	1284.23	725.40	2.7003	2.8334
1372954339745	1295.66	747.46	1286.53	721.90	2.6828	2.8368
1372954348079	1293.66	751.35	1282.96	726.92	2.6829	2.8378
1372954356412	1292.76	751.72	1278.90	727.58	2.6755	2.8369
1372954364745	1293.92	762.97	1280.67	735.44	2.6801	2.8426
1372954373079	1294.23	761.17	1282.42	736.63	2.6818	2.8402
1372954381411	1297.12	759.22	1280.41	733.48	2.6638	2.8289
1372954389746	1297.40	768.69	1284.94	736.55	2.6725	2.8332
1372954398079	1300.33	764.49	1284.96	732.29	2.6803	2.8235
1372954406413	1295.80	758.14	1281.38	734.27	2.6754	2.8256
1372954414746	1292.83	754.51	1287.14	734.82	2.6811	2.8139
1372954423084	1284.03	758.76	1273.72	726.56	2.6788	2.8187
1372954431417	1281.34	755.14	1271.32	724.23	2.6930	2.8099
1372954439749	1289.08	747.92	1285.35	725.18	2.6782	2.8233
1372954448080	1289.07	751.24	1286.59	729.14	2.6913	2.8047
1372954456414	1290.11	751.37	1288.02	722.06	2.6811	2.7980
1372954464747	1284.27	749.61	1282.78	722.13	2.6777	2.7976
1372954473080	1292.03	752.40	1282.31	722.51	2.6668	2.8055
1372954481414	1289.20	749.55	1284.55	721.97	2.6726	2.7942
1372954489747	1295.79	751.50	1283.67	730.69	2.6836	2.8024
1372954498080	1295.20	753.84	1282.69	725.67	2.6823	2.7973
1372954506414	1293.90	750.83	1287.37	728.02	2.6617	2.7955
1372954514746	1295.14	760.69	1283.71	735.36	2.6759	2.7969
1372954523079	1294.87	761.79	1282.84	739.87	2.6602	2.7904
1372954531413	1292.90	758.64	1282.46	736.43	2.6783	2.7857
1372954539746	1294.78	759.06	1283.00	732.30	2.6546	2.7900
1372954548081	1292.36	756.67	1286.11	733.30	2.6710	2.7654
1372954556418	1296.72	764.32	1285.26	735.24	2.6782	2.7817
1372954564751	1295.73	756.88	1287.33	729.91	2.6755	2.7816
1372954573084	1298.31	760.08	1289.15	729.75	2.6552	2.7785
1372954581417	1294.21	756.40	1293.02	729.62	2.6555	2.7761
1372954589750	1296.24	752.40	1291.41	726.52	2.6592	2.7742
1372954598083	1295.64	758.75	1291.47	724.08	2.6645	2.7738
1372954606417	1294.40	757.62	1292.96	729.92	2.6621	2.7802
1372954614750	1297.14	755.67	1286.24	724.23	2.6534	2.7693
1372954623083	1299.28	760.08	1291.97	721.72	2.6583	2.7646
1372954631417	1288.56	753.67	1289.57	725.05	2.6611	2.7654
1372954639750	1289.64	753.61	1288.64	725.72	2.6496	2.7671
1372954648083	1289.92	758.80	1286.02	728.64	2.6576	2.7792
1372954656416	1292.02	762.97	1291.48	731.21	2.6562	2.7782
1372954664749	1292.43	759.38	1289.11	729.74	2.6523	2.7656
1372954673082	1290.09	761.08	1287.43	733.10	2.6505	2.7753
1372954681420	1296.24	759.94	1289.72	732.51	2.6550	2.7673
1372954689753	1293.67	764.67	1286.88	733.20	2.6585	2.7743
1372954698086	1289.97	762.30	1288.54	732.32	2.6478	2.7639
1372954706420	1294.58	760.71	1288.49	734.77	2.6427	2.7635
1372954714753	1291.02	760.87	1291.14	731.86	2.6583	2.7803
1372954723086	1291.70	764.30	1292.29	731.89	2.6406	2.7668
1372954731419	1296.09	757.44	1288.81	730.44	2.6318	2.7534
1372954739752	1297.37	758.61	1291.01	729.92	2.6368	2.7581
1372954748085	1297.80	757.15	1287.30	732.25	2.6271	2.7695
1372954756419	1294.82	763.66	1290.92	729.36	2.6517	2.7666
1372954764752	1297.37	754.26	1294.69	739.33	2.6394	2.7724
1372954773085	1295.48	754.72	1292.55	732.32	2.6297	2.7694
1372954781419	1290.27	758.93	1290.55	732.36	2.6461	2.7668
1372954789752	1290.87	758.75	1291.59	727.01	2.6315	2.7762
1372954798085	1289.69	756.64	1287.44	731.73	2.6319	2.7641
1372954806417	1287.56	757.87	1286.55	732.30	2.6427	2.7635
1372954814759	1285.36	757.11	1287.47	732.99	2.6504	2.7763
1372954823092	1286.12	763.05	1285.07	728.37	2.6549	2.7689
1372954831426	1289.05	754.19	1286.08	731.78	2.6479	2.7744
1372954839758	1291.92	766.33	1288.54	728.88	2.6524	2.7677
1372954848091	1293.94	757.58	1292.41	731.27	2.6402	2.7778
1372954856424	1297.53	760.86	1289.42	728.38	2.6431	2.7821
1372954864758	1294.15	763.95	1289.09	731.55	2.6434	2.7799
1372954873091	1300.87	763.49	1287.81	736.46	2.6466	2.7810
1372954881425	1298.12	766.52	1287.48	737.96	2.6347	2.7809
1372954889758	1304.17	763.77	1292.01	734.83	2.6535	2.7899
1372954898091	1311.60	753.36	1314.97	724.91	2.6723	2.8044
1372954906425	1326.92	750.23	1320.87	728.21	2.6554	2.8112
1372954914757	1305.75	746.62	1302.58	721.46	2.6810	2.7959
1372954923090	1305.47	750.95	1304.10	720.02	2.6577	2.7956
1372954931423	1308.17	752.29	1296.85	727.72	2.6602	2.8189
1372954939757	1306.59	753.63	1296.05	725.60	2.6674	2.8137
1372954948092	1308.45	750.55	1296.70	724.76	2.6632	2.8098
1372954956425	1311.59	747.38	1297.83	721.50	2.6800	2.8157
1372954964759	1313.93	751.78	1293.30	721.77	2.6753	2.8179
1372954973092	1312.20	749.64	1291.69	716.18	2.6782	2.8160
1372954981425	1314.61	744.88	1296.48	719.35	2.6741	2.8209
1372954989758	1313.88	745.13	1293.74	721.91	2.6818	2.8248
1372954998091	1313.13	751.96	1290.34	721.93	2.6799	2.8211
1372955006424	1310.66	749.33	1295.51	726.16	2.6774	2.8211
1372955014758	1314.57	754.02	1292.06	720.26	2.6771	2.8232
1372955023091	1316.04	748.47	1291.52	719.70	2.6656	2.8082
1372955031424	1312.37	757.83	1291.83	727.51	2.6803	2.8325
1372955039758	1314.86	757.89	1296.62	732.23	2.6693	2.8201
1372955048091	1317.24	761.43	1298.95	730.82	2.6711	2.8233
1372955056424	1322.29	760.69	1298.62	732.68	2.6776	2.8242
1372955064757	1320.91	764.74	1301.95	730.80	2.6749	2.8205
1372955073090	1320.07	771.45	1300.90	733.23	2.6837	2.8150
1372955081430	1323.65	773.36	1297.30	732.89	2.6631	2.8171
1372955089764	1322.42	769.42	1303.69	733.01	2.6678	2.8187
1372955098097	1323.03	771.29	1304.48	729.24	2.6608	2.8115
1372955106430	1322.25	769.02	1304.97	731.24	2.6683	2.8268
1372955114764	1324.67	764.88	1307.14	734.41	2.6630	2.8207
1372955123097	1326.64	759.40	1310.39	730.61	2.6640	2.8233
1372955131430	1327.95	756.22	1311.39	734.06	2.6720	2.8178
1372955139763	1325.52	751.55	1313.85	734.38	2.6741	2.8068
1372955148096	1330.21	743.96	1309.16	728.12	2.6655	2.8146
1372955156429	1324.49	741.51	1311.58	729.83	2.6764	2.8080
1372955164763	1324.86	743.99	1315.24	726.26	2.6577	2.8030
1372955173094	1324.34	740.24	1312.85	725.01	2.6654	2.8075
1372955181427	1324.13	739.13	1308.97	729.05	2.6557	2.8088
1372955189761	1323.78	743.34	1309.21	728.11	2.6641	2.7988
1372955198094	1323.71	741.41	1310.47	734.43	2.6646	2.8036
1372955206430	1320.45	744.51	1309.91	737.01	2.6739	2.8006
1372955214763	1323.53	744.42	1309.26	727.85	2.6679	2.7945
1372955223096	1321.24	741.90	1306.45	733.62	2.6578	2.7979
1372955231431	1324.92	753.38	1312.18	729.12	2.6571	2.7917
1372955239763	1324.44	752.85	1307.81	726.68	2.6658	2.8093
1372955248098	1324.97	758.08	1307.17	720.88	2.6734	2.8015
1372955256431	1315.85	759.17	1308.87	726.28	2.6703	2.8141
1372955264765	1277.97	758.20	1272.61	720.51	2.6661	2.7967
1372955273098	1271.65	763.90	1269.02	726.31	2.6681	2.7843
1372955281431	1275.12	763.15	1284.48	724.12	2.6645	2.7719
1372955289764	1284.82	764.61	1285.12	722.69	2.6754	2.7841
1372955298097	1283.91	764.23	1283.97	727.45	2.6711	2.7921
1372955306430	1281.06	763.11	1282.40	722.10	2.6774	2.7755
1372955314764	1277.72	767.15	1279.57	722.08	2.6594	2.7805
1372955323097	1277.84	763.38	1281.31	723.71	2.6558	2.7817
1372955331430	1281.29	767.97	1283.00	723.66	2.6718	2.7728
1372955339771	1280.11	765.92	1280.67	724.33	2.6548	2.7847
1372955348104	1280.56	765.53	1278.02	726.11	2.6813	2.7852
1372955356437	1279.91	768.31	1280.92	724.08	2.6713	2.7738
1372955364769	1281.39	770.25	1278.55	719.77	2.6506	2.7802
1372955373103	1282.05	772.67	1278.83	720.38	2.6535	2.7791
1372955381436	1285.48	776.21	1274.08	721.81	2.6609	2.7807
1372955389770	1289.85	776.67	1277.00	708.76	2.6673	2.7747
1372955398103	1294.32	773.33	1274.15	713.73	2.6596	2.7808
1372955406436	1292.05	773.07	1275.00	714.11	2.6627	2.7825
1372955414770	1289.54	771.47	1276.18	713.43	2.6561	2.7814
1372955423103	1295.33	767.82	1276.06	709.81	2.6570	2.7915
1372955431436	1295.32	766.70	1275.80	712.65	2.6557	2.7898
1372955439768	1295.38	766.62	1277.11	713.27	2.6603	2.7816
1372955448102	1293.01	764.95	1273.87	712.34	2.6449	2.7976
1372955456435	1296.20	770.09	1281.73	715.53	2.6699	2.7944
1372955464768	1293.02	768.76	1284.13	717.60	2.6545	2.7927
1372955473106	1291.64	775.59	1279.56	717.99	2.6513	2.7888
1372955481439	1282.98	776.98	1283.83	722.01	2.6528	2.7892
1372955489773	1286.85	772.23	1282.19	722.06	2.6618	2.8004
1372955498106	1283.90	771.08	1281.75	719.61	2.6625	2.7935
1372955506439	1285.42	769.24	1279.21	716.90	2.6518	2.8042
1372955514771	1285.53	772.35	1279.00	719.62	2.6573	2.8000
1372955523105	1282.27	770.09	1281.50	724.01	2.6527	2.8026
1372955531438	1284.68	774.64	1282.10	725.78	2.6492	2.7998
1372955539771	1284.95	772.38	1279.82	718.46	2.6519	2.8020
1372955548105	1286.66	772.47	1280.33	719.34	2.6521	2.8048
1372955556438	1289.79	773.12	1281.48	717.04	2.6666	2.8087
1372955564771	1291.75	774.20	1276.73	712.42	2.6787	2.8259
1372955573105	1290.04	768.51	1280.10	708.23	2.6692	2.8197
1372955581438	1292.81	762.90	1275.10	710.53	2.6878	2.8201
1372955589770	1291.84	759.70	1271.71	718.12	2.6677	2.8200
1372955598108	1294.86	758.17	1268.31	713.76	2.6764	2.8208
1372955606441	1290.26	754.86	1269.77	718.86	2.6630	2.8282
1372955614774	1289.11	756.32	1270.26	719.39	2.6732	2.8340
1372955623108	1291.84	765.88	1274.67	718.35	2.6900	2.8204
1372955631441	1294.52	766.41	1272.24	715.78	2.6769	2.8298
1372955639774	1291.94	764.83	1271.62	715.58	2.6800	2.8323
1372955648108	1291.98	769.83	1276.23	721.31	2.6806	2.8301
1372955656440	1288.63	776.94	1277.89	717.23	2.6996	2.8377
1372955664773	1294.34	772.06	1278.21	721.52	2.6996	2.8355
1372955673107	1293.89	774.40	1279.30	722.97	2.6994	2.8380
1372955681440	1293.84	771.26	1277.82	720.40	2.7045	2.8379
1372955689773	1293.00	773.05	1279.11	720.11	2.7025	2.8586
1372955698107	1295.35	768.57	1277.53	718.37	2.6917	2.8515
1372955706439	1298.58	766.69	1275.49	714.43	2.7118	2.8561
1372955714772	1292.05	768.76	1271.57	717.19	2.7069	2.8564
1372955723106	1296.40	761.74	1271.02	715.56	2.6940	2.8546
1372955731444	1296.50	758.33	1272.30	717.68	2.7043	2.8622
1372955739777	1295.60	752.12	1268.82	720.30	2.7095	2.8713
1372955748111	1293.86	752.45	1269.46	718.69	2.7098	2.8693
1372955756444	1294.31	748.41	1264.02	722.45	2.7061	2.8852
1372955764777	1296.19	747.41	1263.83	718.44	2.7173	2.8839
1372955773111	1297.13	750.10	1264.40	719.42	2.7239	2.8833
1372955781443	1297.88	750.93	1263.80	718.05	2.7141	2.8840
1372955789776	1293.95	755.46	1266.47	709.95	2.7196	2.8901
1372955798110	1297.59	755.57	1265.90	713.04	2.7248	2.8988
1372955806443	1300.35	754.67	1265.83	714.59	2.7386	2.8909
1372955814776	1299.05	756.40	1268.71	713.85	2.7245	2.8954
1372955823110	1300.95	754.74	1270.44	716.95	2.7359	2.9052
1372955831443	1306.61	758.05	1268.78	715.36	2.7249	2.9041
1372955839776	1299.98	755.92	1270.80	718.39	2.7431	2.9037
1372955848109	1306.89	760.44	1268.37	709.27	2.7305	2.8980
1372955856442	1302.29	761.86	1271.02	716.15	2.7322	2.9116
1372955864780	1299.15	767.63	1268.52	712.40	2.7305	2.9044
1372955873114	1302.79	770.89	1269.53	715.68	2.7337	2.9109
1372955881447	1305.00	766.85	1270.23	713.33	2.7344	2.8938
1372955889780	1302.84	766.23	1273.08	716.26	2.7237	2.8943
1372955898113	1305.61	771.70	1269.67	717.42	2.7250	2.9034
1372955906447	1305.59	766.85	1269.94	715.28	2.7314	2.9072
1372955914780	1307.08	766.41	1269.24	718.35	2.7371	2.9105
1372955923114	1308.34	762.84	1268.61	715.11	2.7441	2.8869
1372955931446	1301.62	755.98	1269.49	717.60	2.7315	2.8964
1372955939779	1306.55	751.43	1265.33	719.05	2.7399	2.9009
1372955948113	1303.32	745.41	1268.41	720.01	2.7250	2.8913
1372955956446	1306.22	746.51	1268.71	720.02	2.7252	2.9007
1372955964779	1344.76	755.27	1303.21	707.88	2.7372	2.8830
1372955973112	1356.64	758.48	1322.90	700.58	2.7163	2.8830
1372955981446	1342.98	764.27	1306.47	698.73	2.7108	2.8748
1372955989779	1340.32	762.88	1298.18	702.80	2.7155	2.8911
1372955998117	1343.41	761.48	1305.58	701.54	2.7278	2.8872
1372956006450	1349.48	762.47	1305.39	701.07	2.7216	2.8841
1372956014783	1351.70	765.97	1309.87	701.16	2.7092	2.8823
1372956023117	1352.23	765.39	1309.00	705.73	2.7053	2.8902
1372956031450	1350.57	768.97	1309.52	707.27	2.7100	2.8919
1372956039783	1350.24	765.50	1306.26	706.82	2.7108	2.8830
1372956048116	1350.24	770.03	1309.62	707.92	2.7034	2.8831
1372956056450	1351.61	765.88	1311.40	706.62	2.6987	2.8849
1372956064783	1352.03	762.49	1312.58	707.01	2.6989	2.8844
1372956073116	1351.04	757.87	1312.70	701.04	2.6938	2.8842
1372956081449	1354.50	758.40	1309.60	705.75	2.7097	2.8884
1372956089782	1349.47	759.88	1311.30	703.64	2.7016	2.8798
1372956098115	1346.57	754.60	1311.40	705.89	2.6945	2.8847
1372956106449	1345.32	747.39	1310.67	710.22	2.6993	2.8923
1372956114782	1341.53	750.07	1310.23	707.86	2.7127	2.8857
1372956123115	1344.71	744.90	1311.53	710.94	2.6974	2.8920
1372956131449	1341.23	747.93	1312.41	702.51	2.6967	2.8826
1372956139782	1346.75	746.11	1312.25	701.10	2.6980	2.8775
1372956148115	1345.27	751.06	1309.55	701.67	2.6912	2.8787
1372956156448	1341.45	757.13	1311.86	704.81	2.6999	2.8925
1372956164781	1346.76	758.45	1308.38	700.88	2.7008	2.8932
1372956173114	1346.92	755.22	1307.66	705.24	2.6832	2.8857
1372956181448	1345.81	760.83	1303.77	703.34	2.6951	2.8882
1372956189781	1309.59	760.74	1282.14	708.21	2.7062	2.8890
1372956198114	1294.40	756.85	1264.04	712.69	2.6926	2.8834
1372956206448	1299.99	759.73	1269.27	713.43	2.7099	2.8715
1372956214781	1303.53	755.48	1273.46	708.50	2.7046	2.8805
1372956223114	1297.64	762.31	1275.92	705.02	2.7039	2.8794
1372956231447	1298.61	757.78	1272.30	704.31	2.6996	2.8860
1372956239780	1298.60	754.33	1272.06	707.86	2.6984	2.8789
1372956248113	1295.56	745.40	1270.93	702.71	2.7152	2.8797
1372956256456	1295.92	737.41	1272.49	708.67	2.7080	2.8856
1372956264789	1296.39	733.75	1271.29	703.82	2.7040	2.8890
1372956273122	1299.69	736.32	1273.45	702.26	2.7096	2.8857
1372956281456	1303.29	733.92	1270.37	700.83	2.7024	2.8903
1372956289789	1300.47	743.00	1271.93	700.21	2.7155	2.8875
1372956298122	1298.97	741.38	1274.28	707.05	2.7137	2.8996
1372956306455	1303.42	736.45	1274.01	711.54	2.7092	2.8941
1372956314788	1297.09	741.45	1273.70	701.58	2.7112	2.8994
1372956323121	1295.97	748.81	1272.65	703.67	2.7247	2.8932
1372956331455	1301.91	751.60	1277.06	705.33	2.7285	2.8963
1372956339788	1297.94	743.15	1274.93	707.82	2.7230	2.8966
1372956348121	1300.06	746.56	1278.86	703.78	2.7271	2.8927
1372956356454	1299.08	744.75	1280.37	702.71	2.7376	2.8918
1372956364788	1301.25	734.58	1276.34	702.91	2.7216	2.8871
1372956373121	1303.41	741.88	1278.34	710.72	2.7188	2.9002
1372956381453	1301.44	737.10	1278.80	710.59	2.7283	2.8797
1372956389791	1301.57	734.14	1277.90	713.22	2.7402	2.8922
1372956398124	1300.19	741.54	1278.27	714.20	2.7408	2.8875
1372956406457	1304.23	731.38	1278.81	710.34	2.7248	2.8795
1372956414791	1304.61	734.96	1279.78	716.42	2.7310	2.8834
1372956423124	1304.46	730.93	1277.26	717.98	2.7251	2.8894
1372956431457	1308.03	733.08	1279.86	719.63	2.7199	2.8931
1372956439791	1310.18	736.97	1274.63	708.95	2.7086	2.8969
1372956448124	1307.87	739.15	1275.96	709.71	2.7327	2.8910
1372956456457	1312.52	745.77	1278.76	700.80	2.7318	2.8865
1372956464790	1309.63	751.42	1276.25	703.23	2.7249	2.8793
1372956473123	1316.24	749.75	1279.06	700.70	2.7232	2.8980
1372956481456	1312.57	749.12	1282.71	699.67	2.7129	2.8920
1372956489790	1311.81	747.15	1283.03	702.59	2.7206	2.8901
1372956498122	1312.95	743.54	1281.12	703.06	2.7226	2.8961
1372956506455	1315.41	746.05	1276.70	702.55	2.7259	2.8985
1372956514789	1316.10	744.20	1281.47	702.74	2.7218	2.8920
1372956523127	1308.02	741.19	1278.64	701.67	2.7341	2.8904
1372956531460	1305.31	742.08	1281.07	708.65	2.7126	2.8945
1372956539794	1304.61	744.28	1277.09	710.47	2.7226	2.8922
1372956548127	1301.63	749.97	1275.63	720.86	2.7182	2.8869
1372956556461	1308.23	759.64	1272.28	714.87	2.7145	2.8838
1372956564794	1308.68	771.04	1274.55	722.05	2.7083	2.8957
1372956573126	1307.87	774.52	1281.79	723.18	2.7184	2.8969
1372956581459	1307.16	771.35	1283.84	724.04	2.7202	2.8961
1372956589793	1308.73	771.11	1289.30	730.24	2.7245	2.8954
1372956598126	1312.84	771.08	1285.73	726.91	2.7271	2.8983
1372956606459	1312.24	765.63	1288.83	727.31	2.7265	2.9001
1372956614793	1310.39	764.86	1285.86	725.58	2.7204	2.8896
1372956623126	1310.24	761.94	1287.93	723.45	2.7133	2.8890
1372956631459	1310.14	760.67	1288.82	725.69	2.7142	2.8860
1372956639793	1305.93	757.92	1284.26	714.87	2.7112	2.8889
1372956648129	1303.15	757.26	1285.77	713.97	2.7174	2.8738
1372956656462	1302.56	756.78	1290.01	707.42	2.7133	2.8688
1372956664796	1305.03	751.80	1289.45	701.02	2.6941	2.8603
1372956673129	1294.12	765.76	1259.31	709.17	2.6809	2.8553
1372956681462	1197.07	816.89	1193.68	768.33	2.6733	2.8502
1372956689796	1137.72	839.73	1099.99	812.80	2.6699	2.8436
1372956698129	1090.47	818.96	1050.95	830.00	2.6533	2.8141
1372956706460	1079.03	836.14	1039.68	851.12	2.6555	2.7967
1372956714794	1091.26	844.33	1072.83	846.67	2.6283	2.8048
1372956723128	1088.27	845.51	1062.39	832.28	2.6069	2.7865
1372956731461	1099.39	855.57	1041.69	833.99	2.6049	2.7614
1372956739795	1084.02	851.15	1040.91	834.48	2.5744	2.7425
1372956748126	1088.14	844.93	1042.12	837.72	2.5507	2.7473
1372956756459	1085.87	838.26	1045.90	848.65	2.5658	2.7273
1372956764793	1076.96	817.44	1048.05	840.08	2.5429	2.7076
1372956773126	1092.11	827.50	1051.72	828.72	2.5242	2.6962
1372956781467	1096.90	829.91	1047.15	821.78	2.5389	2.6945
1372956789801	1088.26	838.46	1040.48	826.43	2.5262	2.6799
1372956798133	1087.77	843.77	1037.39	829.57	2.5021	2.6750
1372956806466	1087.06	849.63	1036.12	832.38	2.4977	2.6608
1372956814800	1084.96	851.47	1039.06	827.01	2.4797	2.6589
1372956823133	1088.95	853.08	1040.43	830.43	2.4641	2.6393
1372956831466	1082.45	847.51	1042.69	822.41	2.4585	2.6274
1372956839798	1090.58	836.47	1046.00	828.45	2.4604	2.6357
1372956848133	1078.29	829.67	1052.35	833.17	2.4613	2.6176
1372956856466	1078.64	813.37	1047.14	839.66	2.4381	2.6075
1372956864799	1082.42	813.28	1050.27	848.49	2.4628	2.6008
1372956873132	1074.04	809.31	1041.52	853.58	2.4299	2.6013
1372956881465	1082.30	822.09	1039.74	851.91	2.4490	2.5910
1372956889799	1082.57	815.14	1042.10	849.61	2.4390	2.5945
1372956898132	1080.53	815.41	1035.38	847.01	2.4333	2.5869
1372956906464	1083.40	822.91	1037.15	850.02	2.4423	2.5843
1372956914802	1081.04	819.44	1043.26	848.71	2.4282	2.5704
1372956923135	1080.64	829.23	1040.87	856.27	2.4108	2.5863
1372956931468	1074.30	831.69	1049.61	850.84	2.4114	2.5731
1372956939801	1075.16	838.35	1051.48	841.70	2.4076	2.5802
1372956948135	1073.15	855.41	1052.41	837.81	2.4218	2.5757
1372956956468	1070.53	848.38	1054.36	826.49	2.4143	2.5814
1372956964801	1073.73	851.46	1052.87	832.49	2.4010	2.5723
1372956973135	1070.97	850.95	1056.10	842.28	2.4260	2.5725
1372956981467	1073.62	844.30	1055.77	847.44	2.4238	2.5774
1372956989801	1076.58	832.75	1050.47	852.40	2.4247	2.5776
1372956998134	1078.25	825.83	1055.39	859.12	2.4092	2.5865
1372957006467	1078.52	825.36	1049.31	856.95	2.4085	2.5824
1372957014800	1082.79	827.33	1054.00	859.35	2.4181	2.5829
1372957023134	1086.14	824.63	1052.67	867.64	2.4290	2.5983
1372957031467	1077.44	823.54	1052.13	863.87	2.4082	2.5762
1372957039801	1083.92	819.49	1049.55	863.63	2.4419	2.5957
1372957048135	1077.57	822.01	1057.06	865.53	2.4356	2.5931
1372957056467	1072.50	817.82	1049.66	866.94	2.4263	2.5996
1372957064800	1075.21	812.09	1051.51	867.10	2.4101	2.5759
1372957073134	1091.71	821.26	1065.46	865.93	2.4232	2.5942
1372957081467	1145.71	819.33	1129.92	829.62	2.3987	2.6259
1372957089801	1262.93	827.78	1257.31	788.93	2.4476	2.6181
1372957098134	1330.31	806.10	1325.73	774.61	2.4436	2.6125
1372957106465	1352.58	812.99	1343.12	767.09	2.4534	2.5970
1372957114798	1352.43	802.17	1343.33	762.83	2.4675	2.6028
1372957123132	1356.63	807.50	1343.24	758.05	2.4611	2.6118
1372957131464	1369.74	815.07	1351.98	766.13	2.4296	2.6045
1372957139797	1368.81	805.00	1351.99	755.58	2.4420	2.6096
1372957148131	1365.51	804.45	1355.72	757.94	2.4415	2.6124
1372957156464	1369.72	808.46	1350.18	760.40	2.4580	2.6088
1372957164797	1373.40	808.97	1351.04	771.49	2.4510	2.6165
1372957173145	1371.26	810.25	1351.39	777.44	2.4435	2.6244
1372957181478	1371.49	822.39	1350.57	777.39	2.4510	2.6083
1372957189811	1376.72	821.02	1346.69	776.99	2.4530	2.6254
1372957198145	1379.63	818.39	1348.81	775.56	2.4521	2.6221
1372957206477	1375.79	819.59	1348.15	772.62	2.4638	2.6156
1372957214810	1380.37	815.15	1351.20	771.89	2.4677	2.6235
1372957223144	1374.29	804.12	1352.37	763.23	2.4709	2.6284
1372957231477	1374.35	793.25	1355.58	767.93	2.4569	2.6259
1372957239810	1369.54	790.68	1357.09	782.43	2.4377	2.6275
1372957248144	1364.93	795.87	1356.28	792.77	2.4524	2.6342
1372957256477	1360.47	808.26	1353.12	797.42	2.4784	2.6287
1372957264810	1366.98	811.01	1354.84	798.29	2.4805	2.6433
1372957273144	1362.98	813.33	1360.48	794.64	2.4828	2.6272
1372957281476	1363.47	803.59	1356.61	787.59	2.4583	2.6347
1372957289811	1363.37	802.52	1357.58	781.87	2.4862	2.6495
1372957298143	1370.42	804.57	1357.42	768.42	2.4849	2.6518
1372957306475	1377.11	797.22	1359.25	762.65	2.4750	2.6532
1372957314808	1374.28	798.79	1360.94	762.51	2.4757	2.6559
1372957323142	1377.89	800.73	1359.72	766.92	2.4766	2.6550
1372957331475	1377.24	807.07	1363.08	772.06	2.4791	2.6584
1372957339808	1383.37	807.19	1364.24	774.13	2.4812	2.6589
1372957348142	1381.14	809.23	1364.30	776.85	2.4845	2.6671
1372957356474	1374.92	802.22	1370.70	770.86	2.4897	2.6716
1372957364807	1376.07	804.54	1361.70	765.45	2.5067	2.6751
1372957373141	1374.58	800.86	1362.94	762.80	2.4914	2.6698
1372957381474	1372.04	807.48	1358.12	774.74	2.5027	2.6705
1372957389807	1369.82	802.08	1356.58	788.44	2.5051	2.6796
1372957398141	1363.24	816.11	1359.46	795.29	2.4930	2.6758
1372957406474	1368.94	820.49	1359.16	799.22	2.5129	2.6751
1372957414807	1356.52	818.69	1364.44	801.91	2.5140	2.6715
1372957423141	1410.01	821.46	1402.97	795.80	2.5131	2.6719
1372957431475	1463.21	819.47	1440.11	801.27	2.4957	2.6858
1372957439813	1466.71	824.62	1440.75	792.41	2.5288	2.6763
1372957448147	1454.44	816.03	1432.29	785.65	2.5357	2.6949
1372957456478	1447.61	815.45	1432.28	772.00	2.5177	2.6913
1372957464811	1460.59	823.12	1435.99	778.30	2.5378	2.6879
1372957473144	1461.44	824.21	1439.89	786.01	2.5343	2.6933
1372957481478	1460.28	829.60	1440.93	790.06	2.5250	2.7135
1372957489811	1458.08	828.09	1440.77	791.17	2.5364	2.7059
1372957498144	1462.80	828.93	1442.31	788.01	2.5361	2.6863
1372957506477	1460.03	828.70	1445.63	788.49	2.5302	2.7098
1372957514810	1465.37	824.56	1447.71	786.81	2.5390	2.7075
1372957523143	1461.30	817.72	1445.30	790.62	2.5394	2.7092
1372957531477	1462.20	820.60	1451.76	779.21	2.5327	2.7122
1372957539810	1463.01	820.90	1447.60	789.73	2.5414	2.7139
1372957548144	1461.46	821.98	1449.63	789.02	2.5400	2.7151
1372957556477	1456.04	823.78	1451.60	787.19	2.5461	2.7160
1372957564812	1459.22	819.51	1457.07	790.50	2.5342	2.7322
1372957573145	1453.57	824.86	1454.44	791.18	2.5366	2.7170
1372957581478	1460.19	820.58	1452.74	791.61	2.5504	2.7310
1372957589811	1459.62	826.28	1455.12	790.57	2.5424	2.7275
1372957598145	1459.09	820.91	1450.62	790.78	2.5388	2.7342
1372957606478	1459.09	828.42	1454.88	793.06	2.5403	2.7212
1372957614811	1457.38	823.70	1452.08	792.92	2.5544	2.7326
1372957623145	1461.17	828.54	1454.38	793.43	2.5578	2.7344
1372957631478	1458.37	824.01	1450.50	790.75	2.5435	2.7421
1372957639811	1459.69	824.49	1450.59	793.40	2.5483	2.7329
1372957648144	1462.06	829.87	1449.04	788.05	2.5409	2.7439
1372957656477	1457.87	826.28	1450.98	790.11	2.5419	2.7332
1372957664810	1461.75	829.00	1451.76	791.35	2.5412	2.7374
1372957673143	1462.34	828.78	1451.40	792.44	2.5568	2.7393
1372957681477	1451.84	824.34	1453.43	793.92	2.5541	2.7391
1372957689810	1457.05	819.07	1450.60	796.43	2.5602	2.7320
1372957698151	1460.57	823.34	1448.66	801.96	2.5529	2.7413
1372957706485	1454.80	825.35	1450.19	800.11	2.5691	2.7387
1372957714818	1458.26	830.56	1449.15	804.17	2.5391	2.7452
1372957723151	1455.46	824.84	1452.15	797.25	2.5588	2.7281
1372957731484	1460.49	830.25	1454.22	796.66	2.5508	2.7403
1372957739817	1461.53	829.86	1453.73	799.38	2.5597	2.7356
1372957748150	1462.10	823.72	1455.38	797.92	2.5691	2.7406
1372957756484	1461.01	829.04	1458.83	796.41	2.5644	2.7431
1372957764817	1464.72	829.54	1454.02	797.19	2.5583	2.7373
1372957773150	1462.45	829.59	1457.05	793.84	2.5608	2.7339
1372957781484	1459.80	836.32	1453.55	795.45	2.5648	2.7468
1372957789817	1460.38	833.43	1452.19	800.63	2.5721	2.7558
1372957798150	1465.50	832.01	1448.35	795.67	2.5616	2.7471
1372957806483	1466.47	834.61	1448.21	797.32	2.5785	2.7394
1372957814816	1458.89	829.81	1455.37	794.25	2.5589	2.7459
1372957823149	1461.22	827.00	1452.33	793.88	2.5812	2.7509
1372957831487	1456.71	826.08	1456.45	798.56	2.5744	2.7462
1372957839820	1464.53	833.32	1450.95	805.91	2.5860	2.7550
1372957848153	1459.61	834.10	1454.40	808.07	2.5742	2.7398
1372957856487	1465.43	837.99	1455.09	817.06	2.5794	2.7607
1372957864820	1460.62	838.82	1456.80	812.12	2.5742	2.7483
1372957873153	1463.24	839.91	1455.44	811.73	2.5861	2.7634
1372957881486	1463.39	837.92	1456.39	809.34	2.5814	2.7584
1372957889819	1468.86	833.28	1453.07	808.72	2.5827	2.7629
1372957898152	1469.12	830.79	1454.55	807.31	2.5843	2.7631
1372957906486	1470.72	833.66	1458.61	800.38	2.5889	2.7522
1372957914819	1468.29	832.12	1460.01	794.92	2.5848	2.7440
1372957923152	1424.60	831.93	1421.51	787.36	2.6028	2.7596
1372957931486	1355.79	823.63	1350.45	791.84	2.5952	2.7521
1372957939819	1305.52	839.66	1281.97	796.05	2.5879	2.7679
1372957948152	NaN	NaN	1289.15	804.00	NaN	2.7658
1372957956485	1363.27	909.03	1302.34	801.05	2.5777	2.7781
1372957964823	1333.21	864.32	1303.75	792.13	2.5835	2.7747
1372957973158	1299.35	833.68	1299.38	782.81	2.5841	2.7692
1372957981490	1294.22	827.56	1296.01	785.53	2.5832	2.7627
1372957989823	1287.88	825.12	1300.02	786.40	2.5969	2.7665
1372957998156	1283.60	820.39	1300.89	786.31	2.5908	2.7546
1372958006490	1283.06	824.51	1301.21	789.45	2.5862	2.7612
1372958014823	1283.77	816.64	1298.27	789.48	2.6043	2.7608
1372958023156	1287.40	812.57	1301.44	791.89	2.5828	2.7632
1372958031489	1283.95	821.80	1299.48	791.62	2.5906	2.7596
1372958039822	1290.78	824.87	1295.54	789.33	2.5888	2.7549
1372958048155	1294.03	833.55	1289.14	788.91	2.5822	2.7644
1372958056488	1292.86	837.86	1289.73	783.46	2.5937	2.7571
1372958064822	1293.79	837.41	1287.93	788.45	2.5823	2.7544
1372958073155	1296.36	836.14	1289.66	790.82	2.5791	2.7393
1372958081489	1287.76	837.53	1289.77	786.98	2.5696	2.7519
1372958089826	1288.28	837.38	1291.62	790.82	2.5663	2.7429
1372958098159	1295.35	837.92	1288.93	789.18	2.5826	2.7467
1372958106491	1294.19	826.73	1290.04	789.69	2.5776	2.7476
1372958114825	1295.85	831.17	1295.60	784.51	2.5820	2.7388
1372958123158	1290.78	829.69	1296.98	788.55	2.5776	2.7289
1372958131492	1288.16	823.35	1289.18	777.08	2.5878	2.7402
1372958139825	1222.90	799.89	1209.14	774.13	2.6057	2.7519
1372958148158	1156.29	807.43	1145.26	759.09	2.5959	2.7550
1372958156492	1130.00	793.98	1119.73	777.87	2.5950	2.7437
1372958164825	1160.20	806.45	1139.91	786.94	2.5941	2.7612
1372958173158	1167.21	804.98	1146.45	785.53	2.6031	2.7490
1372958181491	1159.15	808.93	1129.68	773.95	2.5911	2.7493
1372958189824	1152.36	808.02	1122.83	772.61	2.5850	2.7521
1372958198157	1145.50	804.67	1118.49	773.46	2.5863	2.7566
1372958206490	1151.78	802.70	1112.83	777.76	2.5965	2.7524
1372958214824	1163.30	815.99	1117.37	774.06	2.6127	2.7500
1372958223162	1157.23	807.76	1118.85	774.12	2.5955	2.7489
1372958231495	1151.05	808.77	1122.25	779.51	2.5896	2.7512
1372958239829	1157.13	811.11	1120.38	784.18	2.5860	2.7484
1372958248162	1162.09	811.66	1124.18	784.11	2.5921	2.7546
1372958256494	1153.51	812.90	1116.69	779.03	2.6006	2.7491
1372958264828	1151.08	813.39	1119.68	781.14	2.5839	2.7595
1372958273161	1143.07	806.74	1116.39	775.18	2.5841	2.7561
1372958281494	1144.23	803.83	1121.05	774.14	2.5986	2.7608
1372958289828	1143.00	805.75	1123.88	775.63	2.6088	2.7588
1372958298161	1139.37	808.80	1127.79	774.59	2.6016	2.7599
1372958306494	1142.29	803.54	1132.10	769.90	2.6174	2.7518
1372958314828	1140.24	807.27	1133.63	772.00	2.6169	2.7482
1372958323161	1140.48	811.35	1131.56	776.29	2.6059	2.7552
1372958331493	1143.13	809.93	1134.60	777.40	2.6055	2.7527
1372958339827	1145.14	807.82	1134.50	774.45	2.6073	2.7593
1372958348160	1139.26	800.00	1129.08	766.62	2.6231	2.7528
1372958356498	1141.05	794.29	1135.82	767.76	2.6100	2.7403
1372958364832	1143.01	801.56	1128.27	769.05	2.6148	2.7413
1372958373165	1146.45	802.26	1124.25	775.16	2.6043	2.7496
1372958381498	1148.47	805.72	1123.56	772.96	2.6189	2.7447
1372958389832	1151.74	807.03	1124.49	780.31	2.6021	2.7359
1372958398165	1153.58	809.11	1125.88	781.22	2.6084	2.7466
1372958406497	1153.02	808.84	1119.01	779.14	2.5926	2.7389
1372958414831	1146.66	808.07	1121.52	776.90	2.5969	2.7359
1372958423164	1134.65	806.14	1129.38	777.74	2.6006	2.7330
1372958431497	NaN	NaN	1113.52	764.65	NaN	2.7378
1372958439831	NaN	NaN	1065.38	756.33	NaN	2.7390
1372958448164	NaN	NaN	1080.67	767.30	NaN	2.7262
1372958456497	NaN	NaN	1102.68	766.76	NaN	2.7365
1372958464833	1126.31	825.55	1099.13	767.13	2.5317	2.7461
1372958473166	NaN	NaN	1097.02	763.62	NaN	2.7285
1372958481500	NaN	NaN	1091.72	762.69	NaN	2.7279
1372958489834	NaN	NaN	1090.93	760.05	NaN	2.7356
1372958498167	NaN	NaN	1090.43	760.11	NaN	2.7323
1372958506500	NaN	NaN	1078.05	757.84	NaN	2.7312
1372958514834	NaN	NaN	1074.87	758.69	NaN	2.7275
1372958523167	NaN	NaN	1075.38	767.18	NaN	2.7318
1372958531498	NaN	NaN	1078.30	771.70	NaN	2.7276
1372958539832	NaN	NaN	1075.71	771.15	NaN	2.7261
1372958548165	NaN	NaN	1077.27	767.72	NaN	2.7273
1372958556497	NaN	NaN	1074.82	769.25	NaN	2.7258
1372958564830	NaN	NaN	1075.51	764.45	NaN	2.7260
1372958573164	NaN	NaN	1076.87	759.07	NaN	2.7377
1372958581497	NaN	NaN	1084.45	756.59	NaN	2.7263
1372958589830	NaN	NaN	1077.68	759.55	NaN	2.7316
1372958598164	NaN	NaN	1084.88	755.21	NaN	2.7219
1372958606499	1135.83	822.58	1103.15	753.19	2.5226	2.7221
1372958614837	1188.63	789.65	1204.77	776.88	2.5675	2.7289
1372958623171	1285.32	756.85	1283.82	730.53	2.5567	2.7304
1372958631503	1342.26	753.89	1343.74	726.00	2.5682	2.7046
1372958639837	1336.25	756.52	1336.69	714.44	2.5656	2.6991
1372958648168	1330.41	763.53	1326.79	729.37	2.5580	2.7181
1372958656501	1334.51	756.22	1329.61	727.67	2.5494	2.7254
1372958664835	1351.41	755.55	1333.20	728.18	2.5691	2.7202
1372958673168	1357.57	756.83	1328.99	733.77	2.5553	2.7224
1372958681501	1357.07	761.83	1332.29	738.43	2.5694	2.7155
1372958689834	1357.60	759.15	1332.11	737.53	2.5500	2.6998
1372958698168	1359.91	759.30	1333.07	733.79	2.5633	2.6975
1372958706502	1360.97	758.81	1331.42	727.26	2.5409	2.6957
1372958714835	1359.63	758.47	1325.88	727.85	2.5483	2.7088
1372958723167	1356.25	759.20	1325.64	729.26	2.5533	2.7191
1372958731500	1359.43	752.49	1333.72	730.38	2.5590	2.6966
1372958739833	1359.81	752.41	1326.36	734.21	2.5503	2.7107
1372958748175	1364.39	755.91	1328.49	732.10	2.5583	2.7081
1372958756508	1359.40	760.07	1331.23	735.53	2.5519	2.6992
1372958764841	1355.35	766.27	1330.19	733.55	2.5622	2.7085
1372958773175	1358.62	768.43	1329.21	736.08	2.5640	2.7135
1372958781509	1356.48	764.34	1331.37	737.85	2.5626	2.7063
1372958789842	1353.43	769.99	1333.03	735.55	2.5665	2.7101
1372958798176	1353.34	773.06	1329.37	736.49	2.5702	2.7199
1372958806509	1355.43	768.70	1335.57	734.94	2.5822	2.7027
1372958814842	1356.55	765.21	1329.77	726.38	2.5653	2.7207
1372958823176	1358.84	762.34	1327.00	728.27	2.5673	2.7093
1372958831507	1355.71	756.54	1325.92	723.99	2.5782	2.7098
1372958839840	1356.27	753.86	1321.99	724.21	2.5785	2.7298
1372958848174	1354.83	747.47	1322.46	728.37	2.5917	2.7321
1372958856506	1357.95	748.27	1325.33	730.32	2.5828	2.7339
1372958864839	1360.97	750.29	1329.67	738.66	2.5884	2.7433
1372958873173	1361.32	756.17	1332.57	741.70	2.5995	2.7295
1372958881510	1357.38	758.44	1334.54	741.96	2.5893	2.7350
1372958889843	1352.12	760.44	1335.03	738.70	2.5875	2.7397
1372958898179	1354.50	765.97	1333.23	736.55	2.5810	2.7450
1372958906512	1288.42	775.95	1290.70	719.90	2.5957	2.7550
1372958914845	1222.26	759.27	1203.46	723.98	2.6060	2.7534
1372958923179	1190.21	773.05	1165.91	722.37	2.6180	2.7577
1372958931511	1194.30	768.78	1177.51	731.24	2.6029	2.7671
1372958939844	1203.52	763.19	1188.24	732.96	2.6051	2.7799
1372958948178	1192.83	760.28	1178.96	733.68	2.6158	2.7809
1372958956511	1187.39	755.98	1173.48	738.79	2.6076	2.7770
1372958964844	1181.58	754.46	1172.41	743.75	2.6065	2.7951
1372958973178	1175.00	754.51	1170.46	739.45	2.6105	2.7815
1372958981511	1175.36	752.34	1170.10	733.33	2.6182	2.7794
1372958989844	1173.37	747.01	1170.40	731.81	2.6173	2.7908
1372958998176	1168.44	741.66	1171.76	724.29	2.6147	2.7938
1372959006511	1174.35	742.06	1174.80	731.66	2.6287	2.7939
1372959014844	1170.41	748.40	1176.04	733.70	2.6141	2.7908
1372959023178	1173.14	751.71	1177.75	737.84	2.6274	2.8015
1372959031511	1174.01	758.57	1180.11	738.79	2.6343	2.8037
1372959039844	1179.64	767.97	1176.67	740.35	2.6339	2.8030
1372959048178	1182.17	769.71	1176.73	738.82	2.6465	2.8124
1372959056513	1187.32	763.65	1175.47	736.11	2.6418	2.8129
1372959064846	1182.75	764.53	1172.81	732.00	2.6381	2.8159
1372959073180	1187.51	764.48	1170.29	727.22	2.6463	2.8139
1372959081512	1188.39	763.59	1168.44	728.21	2.6482	2.8040
1372959089845	1188.85	764.63	1170.59	727.42	2.6644	2.8141
1372959098179	1192.87	767.43	1168.34	733.26	2.6567	2.8153
1372959106512	1183.57	763.24	1168.20	738.25	2.6585	2.8162
1372959114845	1185.75	767.22	1167.50	741.15	2.6735	2.8072
1372959123179	1179.35	765.15	1167.40	747.90	2.6568	2.8196
1372959131512	1177.57	764.43	1168.25	745.97	2.6727	2.8120
1372959139852	1177.30	765.62	1169.06	746.37	2.6724	2.8157
1372959148186	1179.00	766.39	1171.76	747.38	2.6733	2.8120
1372959156518	1183.11	769.75	1166.05	745.75	2.6790	2.8138
1372959164851	1176.57	764.05	1171.13	737.02	2.6868	2.8060
1372959173184	1127.72	769.54	1138.92	747.19	2.6912	2.8016
1372959181518	1080.33	751.58	1038.91	726.90	2.6901	2.8169
1372959189851	1064.44	743.89	1044.30	723.94	2.6793	2.8052
1372959198185	1079.57	741.40	1079.44	732.36	2.6928	2.8171
1372959206518	1083.49	735.74	1087.28	728.99	2.6831	2.8125
1372959214851	1076.61	743.10	1084.62	734.56	2.6836	2.8232
1372959223185	1074.13	743.78	1078.81	734.82	2.6848	2.8200
1372959231517	1073.52	747.33	1078.53	737.74	2.6977	2.8266
1372959239850	1076.76	747.74	1076.46	737.41	2.7012	2.8271
1372959248183	1073.67	741.69	1079.60	737.38	2.6807	2.8195
1372959256517	1082.68	746.99	1078.09	737.16	2.7002	2.8232
1372959264850	1078.62	740.62	1082.32	737.01	2.7033	2.8281
1372959273187	1076.62	744.63	1077.62	738.73	2.6997	2.8244
1372959281521	1078.20	744.86	1081.20	738.51	2.7050	2.8364
1372959289854	1076.32	742.66	1079.94	737.17	2.7063	2.8430
1372959298187	1081.98	750.75	1077.92	740.46	2.7249	2.8479
1372959306520	1078.88	742.63	1074.11	739.14	2.7318	2.8465
1372959314853	1070.12	735.34	1074.68	740.36	2.7111	2.8565
1372959323186	1071.99	742.60	1076.80	738.53	2.7245	2.8446
