t	gaze_point_LX	gaze_point_LY	gaze_point_RX	gaze_point_RY	pupil_diameter_L	pupil_diameter_R
855085439198	1565.01	815.25	1609.43	821.96	3.4579	3.2557
855085447531	1566.30	820.31	1610.27	820.22	3.4645	3.2386
855085455865	1570.98	822.65	1610.63	829.71	3.4608	3.2518
855085464198	1551.98	821.28	1606.33	819.26	3.4688	3.2606
855085472530	1473.70	803.13	1521.59	796.29	3.4929	3.2854
855085480864	1346.23	771.82	1388.42	771.64	3.4869	3.3040
855085489197	1303.74	741.95	1340.99	753.63	3.4649	3.2868
855085497530	1304.02	736.33	1296.93	733.30	3.4502	3.3013
855085505864	1316.47	737.12	1314.11	734.02	3.4544	3.2965
855085514197	1307.92	728.48	1315.05	740.44	3.4529	3.2878
855085522530	1306.02	729.35	1318.39	740.81	3.4554	3.2849
855085530864	1314.66	729.73	1318.09	738.51	3.4511	3.2869
855085539197	1311.80	731.11	1317.84	726.65	3.4367	3.2828
855085547534	1311.46	729.58	1316.84	733.81	3.4376	3.2848
855085555867	1315.41	733.57	1322.32	741.95	3.4366	3.2734
855085564201	1304.39	732.25	1308.03	752.76	3.4376	3.2761
855085572534	1299.30	736.82	1302.29	763.08	3.4371	3.2848
855085580867	1298.51	739.91	1302.64	759.78	3.4433	3.2785
855085589201	1297.19	744.65	1297.97	763.12	3.4542	3.2813
855085597534	1298.01	750.30	1303.18	759.51	3.4457	3.2853
855085605867	1295.90	746.50	1305.50	757.66	3.4391	3.2720
855085614201	1290.62	747.98	1307.08	761.29	3.4501	3.2753
855085622534	1291.90	750.99	1301.43	757.02	3.4458	3.2776
855085630866	1290.09	751.04	1308.68	752.10	3.4548	3.2780
855085639200	1289.05	751.48	1304.07	754.82	3.4517	3.2765
855085647533	1283.97	749.05	1304.25	753.68	3.4575	3.2824
855085655866	1288.04	750.40	1303.01	753.50	3.4529	3.2802
855085664200	1287.45	750.03	1302.70	756.57	3.4562	3.2816
855085672537	1286.63	743.55	1301.16	755.59	3.4666	3.2920
855085680870	1287.42	742.16	1303.28	753.43	3.4570	3.2843
855085689204	1281.26	743.85	1299.93	756.05	3.4681	3.2835
855085697537	1286.78	739.39	1298.14	751.31	3.4734	3.2922
855085705869	1286.13	743.03	1295.83	752.93	3.4840	3.2899
855085714203	1284.38	742.49	1290.78	747.42	3.4922	3.2934
855085722536	1281.02	738.37	1292.32	751.15	3.4914	3.3000
855085730869	1279.57	743.15	1290.11	743.03	3.5078	3.2968
855085739203	1284.87	731.86	1296.69	750.16	3.5132	3.3100
855085747536	1256.07	737.18	1296.34	764.77	3.5074	3.3043
855085755870	1271.17	734.15	1305.85	764.44	3.5016	3.3080
855085764203	1274.13	731.08	1305.82	762.13	3.5120	3.3081
855085772536	1267.82	733.66	1306.73	761.84	3.5172	3.3139
855085780869	1271.14	731.71	1309.40	757.77	3.5221	3.3126
855085789202	1268.90	735.43	1304.62	759.04	3.5336	3.3214
855085797535	1267.70	736.49	1303.61	756.49	3.5393	3.3209
855085805873	1269.75	741.83	1304.61	758.52	3.5446	3.3228
855085814207	1261.84	742.88	1305.74	759.43	3.5484	3.3320
855085822540	1260.62	737.91	1302.17	765.15	3.5544	3.3296
855085830873	1258.64	736.13	1306.60	763.05	3.5610	3.3233
855085839207	1255.36	740.91	1305.63	769.61	3.5713	3.3401
855085847540	1252.14	740.65	1304.99	761.45	3.5712	3.3346
855085855873	1252.31	740.31	1306.17	765.82	3.5805	3.3433
855085864206	1248.98	739.55	1302.25	762.58	3.5804	3.3393
855085872539	1246.51	749.87	1303.82	763.62	3.5998	3.3440
855085880872	1252.75	743.41	1299.49	763.71	3.6011	3.3459
855085889206	1250.66	744.78	1305.97	765.30	3.6089	3.3529
855085897539	1249.65	744.59	1298.43	761.61	3.6098	3.3623
855085905872	1252.37	742.22	1301.78	765.70	3.6140	3.3604
855085914206	1252.64	741.56	1305.78	767.84	3.6284	3.3635
855085922539	1255.49	737.86	1302.16	763.32	3.6290	3.3617
855085930872	1255.99	744.80	1301.96	766.80	3.6286	3.3694
855085939211	1258.57	738.88	1300.86	768.00	3.6364	3.3720
855085947543	1256.12	730.49	1299.42	767.09	3.6308	3.3776
855085955876	1259.07	737.02	1302.67	767.20	3.6431	3.3784
855085964210	1258.86	739.67	1302.41	765.80	3.6613	3.3767
855085972543	1259.12	747.44	1300.67	768.91	3.6510	3.3823
855085980876	1259.93	746.65	1301.27	766.70	3.6472	3.3799
855085989210	1260.11	751.90	1296.05	767.58	3.6543	3.3939
855085997543	1256.20	758.35	1296.94	775.14	3.6706	3.3999
855086005876	1254.19	753.58	1295.87	776.03	3.6706	3.4079
855086014210	1252.34	747.07	1297.18	775.55	3.6784	3.4074
855086022543	1254.41	735.80	1298.83	776.09	3.6910	3.4062
855086030875	1249.57	733.49	1293.48	778.34	3.6933	3.4127
855086039208	1255.23	732.02	1298.22	777.76	3.7018	3.4084
855086047542	1256.02	728.34	1294.88	777.32	3.6953	3.4235
855086055875	1251.55	734.21	1293.44	778.67	3.6967	3.4129
855086064212	1249.89	747.24	1288.65	779.37	3.7031	3.4223
855086072546	1258.64	758.82	1288.60	765.29	3.7041	3.4221
855086080879	1264.77	751.51	1292.82	771.00	3.7043	3.4259
855086089212	1267.82	751.92	1291.10	775.88	3.7099	3.4295
855086097546	1265.43	742.51	1291.58	771.71	3.7108	3.4224
855086105878	1265.32	741.34	1293.26	780.45	3.7051	3.4388
855086114211	1266.32	746.44	1297.28	773.02	3.7170	3.4347
855086122545	1263.79	744.01	1293.09	780.22	3.7122	3.4357
855086130878	1260.41	744.59	1292.69	778.75	3.7181	3.4353
855086139211	1257.87	755.23	1293.54	772.98	3.7167	3.4350
855086147545	1257.10	761.06	1291.51	771.76	3.7252	3.4415
855086155878	1252.86	757.41	1289.38	769.69	3.7258	3.4459
855086164211	1249.55	750.78	1286.46	768.72	3.7294	3.4440
855086172545	1248.89	745.36	1288.06	771.23	3.7125	3.4467
855086180878	1254.54	735.29	1288.24	776.49	3.7257	3.4532
855086189210	1253.93	738.76	1291.12	774.04	3.7248	3.4572
855086197550	1250.91	745.67	1290.87	781.20	3.7347	3.4583
855086205883	1257.05	750.85	1290.84	781.36	3.7407	3.4583
855086214216	1250.12	763.53	1288.58	766.96	3.7329	3.4494
855086222550	1242.72	757.03	1285.71	762.40	3.7435	3.4604
855086230883	1243.69	748.45	1283.63	767.53	3.7472	3.4633
855086239216	1242.92	734.91	1289.95	771.37	3.7516	3.4628
855086247550	1242.77	734.93	1288.38	767.11	3.7605	3.4596
855086255883	1248.36	736.62	1288.09	767.52	3.7595	3.4728
855086264215	1249.21	736.49	1287.55	770.33	3.7528	3.4660
855086272549	1248.48	734.58	1284.18	763.91	3.7507	3.4663
855086280882	1255.01	733.95	1282.35	768.22	3.7517	3.4760
855086289215	1258.89	733.08	1290.20	769.06	3.7490	3.4664
855086297549	1259.44	738.95	1287.70	762.35	3.7461	3.4715
855086305882	1258.68	740.24	1290.26	765.40	3.7542	3.4800
855086314216	1259.58	739.46	1292.15	769.31	3.7502	3.4673
855086322549	1259.16	746.76	1286.72	777.91	3.7594	3.4780
855086330886	1257.72	747.94	1285.96	776.56	3.7548	3.4814
855086339219	1253.08	747.19	1283.25	779.84	3.7510	3.4826
855086347552	1251.37	749.96	1282.97	761.35	3.7596	3.4583
855086355885	1250.79	753.56	1283.90	778.21	3.7625	3.4850
855086364218	1250.70	750.36	1276.99	760.53	3.7588	3.4628
855086372552	1251.28	748.14	1280.98	760.03	3.7425	3.4611
855086380885	1249.38	748.60	1280.72	759.91	3.7591	3.4698
855086389218	1249.98	749.43	1278.30	753.11	3.7552	3.4640
855086397552	1250.60	749.93	1281.84	772.86	3.7579	3.4834
855086405885	1248.15	747.43	1277.15	766.38	3.7662	3.4850
855086414218	1248.33	741.43	1276.96	762.16	3.7584	3.4951
855086422551	1248.35	742.27	1279.77	767.67	3.7594	3.5000
855086430884	1242.70	735.44	1285.72	757.50	3.7596	3.4875
855086439217	1246.24	737.51	1281.64	756.90	3.7565	3.4899
855086447551	1242.99	735.27	1277.79	755.32	3.7596	3.4877
855086455884	1244.68	736.15	1282.34	760.24	3.7603	3.4918
855086464222	1239.52	739.47	1279.84	757.29	3.7593	3.4999
855086472556	1243.09	745.68	1279.88	763.34	3.7747	3.4999
855086480889	1245.72	744.27	1276.18	760.19	3.7578	3.5003
855086489222	1247.13	756.66	1274.19	762.74	3.7695	3.5001
855086497556	1246.81	761.12	1278.36	762.20	3.7646	3.4925
855086505888	1247.21	767.15	1272.60	768.54	3.7684	3.4993
855086514221	1254.38	761.70	1275.48	766.74	3.7504	3.4933
855086522555	1259.17	767.10	1277.16	768.54	3.7599	3.4878
855086530888	1256.54	754.27	1275.34	769.16	3.7487	3.4940
855086539221	1255.25	745.29	1280.16	771.12	3.7545	3.4891
855086547555	1261.07	742.32	1284.14	773.18	3.7586	3.4870
855086555888	1253.36	743.07	1276.26	769.78	3.7596	3.4812
855086564221	1258.75	739.73	1284.00	773.91	3.7577	3.4941
855086572555	1259.28	752.12	1279.71	770.92	3.7575	3.4777
855086580887	1257.66	755.87	1281.34	769.60	3.7588	3.4761
855086589224	1260.42	755.02	1279.51	766.06	3.7503	3.4743
855086597558	1256.62	764.27	1281.36	764.46	3.7501	3.4728
855086605891	1252.17	759.44	1282.46	760.96	3.7555	3.4703
855086614224	1252.23	768.72	1280.58	757.24	3.7602	3.4637
855086622557	1249.33	760.05	1281.02	754.40	3.7499	3.4619
855086630891	1253.18	755.97	1283.50	759.37	3.7504	3.4646
855086639224	1252.55	758.68	1280.95	756.36	3.7494	3.4616
855086647557	1254.86	761.51	1284.82	756.91	3.7492	3.4524
855086655891	1252.33	760.25	1281.88	757.31	3.7510	3.4487
855086664223	1255.29	762.48	1285.77	762.45	3.7522	3.4568
855086672556	1259.48	763.48	1278.49	761.43	3.7452	3.4529
855086680890	1257.27	750.22	1276.60	761.78	3.7570	3.4512
855086689223	1259.77	736.26	1280.33	761.03	3.7483	3.4452
855086697556	1258.06	733.58	1284.56	762.84	3.7435	3.4510
855086705890	1260.33	729.96	1284.11	752.61	3.7478	3.4403
855086714223	1254.10	722.32	1283.26	752.43	3.7463	3.4485
855086722562	1256.97	727.32	1284.76	761.63	3.7439	3.4422
855086730896	1257.80	724.40	1291.49	767.86	3.7389	3.4346
855086739229	1257.18	737.92	1291.14	768.64	3.7314	3.4370
855086747562	1255.78	738.73	1297.48	775.92	3.7323	3.4347
855086755895	1254.26	744.34	1297.03	773.50	3.7366	3.4418
855086764228	1268.68	743.47	1291.18	767.48	3.7347	3.4361
855086772561	1274.81	734.96	1286.51	757.95	3.7299	3.4379
855086780895	1277.08	725.02	1290.55	757.88	3.7252	3.4334
855086789228	1279.91	735.43	1299.62	750.49	3.7290	3.4301
855086797561	1282.59	736.09	1299.81	755.48	3.7280	3.4344
855086805895	1283.92	734.38	1302.45	759.00	3.7183	3.4343
855086814228	1283.55	740.34	1302.15	769.97	3.7259	3.4379
855086822560	1286.41	741.51	1303.28	758.92	3.7198	3.4437
855086830894	1288.15	735.01	1304.16	756.72	3.7166	3.4348
855086839227	1287.31	742.15	1301.55	754.85	3.7162	3.4469
855086847561	1279.63	742.16	1301.74	753.71	3.7220	3.4416
855086855898	1286.64	744.26	1297.41	747.80	3.7291	3.4433
855086864231	1281.88	740.32	1300.64	749.72	3.7231	3.4441
855086872564	1277.74	739.38	1295.56	762.94	3.7178	3.4512
855086880898	1263.51	736.05	1291.65	765.45	3.7228	3.4431
855086889231	1263.71	737.39	1271.33	755.45	3.7248	3.4564
855086897564	1269.86	750.87	1275.66	746.83	3.7260	3.4402
855086905897	1268.89	746.00	1279.72	760.58	3.7285	3.4608
855086914230	1297.45	953.30	1296.09	755.28	3.5003	3.4625
855086922563	NaN	NaN	NaN	NaN	NaN	NaN
855086930897	NaN	NaN	NaN	NaN	NaN	NaN
855086939230	NaN	NaN	NaN	NaN	NaN	NaN
855086947563	NaN	NaN	NaN	NaN	NaN	NaN
855086955897	NaN	NaN	NaN	NaN	NaN	NaN
855086964230	NaN	NaN	NaN	NaN	NaN	NaN
855086972563	NaN	NaN	NaN	NaN	NaN	NaN
855086980896	NaN	NaN	NaN	NaN	NaN	NaN
855086989234	NaN	NaN	NaN	NaN	NaN	NaN
855086997567	NaN	NaN	NaN	NaN	NaN	NaN
855087005901	NaN	NaN	NaN	NaN	NaN	NaN
855087014234	NaN	NaN	NaN	NaN	NaN	NaN
855087022567	NaN	NaN	NaN	NaN	NaN	NaN
855087030901	NaN	NaN	NaN	NaN	NaN	NaN
855087039234	NaN	NaN	NaN	NaN	NaN	NaN
855087047567	NaN	NaN	NaN	NaN	NaN	NaN
855087055901	NaN	NaN	NaN	NaN	NaN	NaN
855087064233	NaN	NaN	1553.26	1751.12	NaN	2.5898
855087072566	NaN	NaN	NaN	NaN	NaN	NaN
855087080900	NaN	NaN	NaN	NaN	NaN	NaN
855087089233	NaN	NaN	NaN	NaN	NaN	NaN
855087097566	NaN	NaN	NaN	NaN	NaN	NaN
855087105900	NaN	NaN	NaN	NaN	NaN	NaN
855087114237	NaN	NaN	1305.78	1051.14	NaN	3.1932
855087122570	NaN	NaN	1253.72	798.69	NaN	3.3306
855087130904	NaN	NaN	1290.39	882.13	NaN	3.3144
855087139236	981.40	897.06	1290.50	836.17	2.6175	3.3744
855087147569	1038.95	941.24	1291.90	793.27	2.7121	3.4270
855087155903	1273.63	999.92	1290.59	775.95	3.4186	3.4715
855087164236	1279.38	922.56	1281.87	756.72	3.4817	3.4884
855087172569	1277.62	863.74	1281.63	751.62	3.5228	3.4844
855087180902	1273.37	822.09	1286.51	747.57	3.5378	3.4854
855087189236	1277.53	798.35	1281.63	744.13	3.5895	3.4685
855087197569	1277.27	778.63	1283.79	749.32	3.6060	3.4735
855087205902	1291.55	756.44	1283.06	744.60	3.6140	3.4622
855087214236	1279.34	748.24	1287.15	745.22	3.6304	3.4558
855087222568	1300.53	736.43	1285.52	737.64	3.6296	3.4410
855087230901	1275.92	740.70	1289.21	733.53	3.6166	3.4372
855087239235	1278.10	736.84	1285.80	735.12	3.6092	3.4271
855087247574	1281.06	734.21	1286.13	729.93	3.6004	3.4124
855087255907	1282.87	733.30	1288.92	739.01	3.5904	3.4011
855087264241	1283.88	736.26	1289.57	732.65	3.5709	3.3869
855087272574	1280.09	733.24	1288.28	737.91	3.5699	3.3730
855087280906	1280.87	734.21	1292.28	735.94	3.5561	3.3671
855087289240	1283.35	724.34	1282.59	726.31	3.5393	3.3598
855087297572	1285.99	726.05	1280.35	727.00	3.5276	3.3409
855087305905	1278.66	728.24	1285.24	728.84	3.5152	3.3416
855087314239	1282.00	731.52	1284.96	724.27	3.5030	3.3260
855087322572	1282.37	737.29	1277.82	724.45	3.5024	3.3234
855087330905	1284.00	734.97	1281.03	725.02	3.4822	3.3086
855087339239	1276.87	741.18	1278.23	728.93	3.4650	3.3030
855087347572	1273.05	741.92	1280.20	722.60	3.4538	3.2892
855087355906	1271.34	741.10	1283.33	724.32	3.4468	3.2774
855087364240	1270.12	739.11	1286.58	727.96	3.4313	3.2638
855087372573	1273.28	741.08	1286.81	731.07	3.4241	3.2537
855087380909	1272.46	739.93	1284.87	727.95	3.3982	3.2527
855087389243	1271.19	738.92	1282.85	725.17	3.3992	3.2409
855087397576	1266.90	735.53	1281.84	724.43	3.3800	3.2235
855087405909	1269.37	730.87	1274.48	725.30	3.3636	3.2164
855087414243	1268.14	720.75	1274.59	727.02	3.3601	3.2081
855087422576	1273.87	713.96	1271.72	724.44	3.3425	3.1878
855087430909	1272.41	714.72	1273.41	727.71	3.3372	3.1873
855087439242	1268.83	711.45	1268.64	725.60	3.3226	3.1819
855087447575	1276.02	722.06	1273.28	726.31	3.3336	3.1775
855087455907	1274.92	711.65	1266.43	726.43	3.3060	3.1608
855087464241	1279.00	717.30	1270.18	727.59	3.2945	3.1538
855087472574	1283.42	718.54	1275.27	725.05	3.2940	3.1444
855087480907	1282.27	723.38	1277.41	725.68	3.2887	3.1362
855087489241	1281.19	720.67	1282.15	717.20	3.2770	3.1282
855087497574	1284.71	728.97	1282.25	728.03	3.2689	3.1180
855087505909	1281.01	721.98	1283.62	731.77	3.2641	3.1171
855087514244	1286.14	729.89	1285.64	732.70	3.2600	3.0985
855087522578	1286.52	730.76	1282.59	739.64	3.2443	3.1015
855087530911	1291.76	735.32	1280.36	739.74	3.2459	3.0961
855087539244	1292.00	725.18	1282.15	740.72	3.2334	3.0903
855087547577	1296.08	726.92	1280.90	738.33	3.2271	3.0861
855087555910	1285.04	718.49	1280.67	734.41	3.2274	3.0667
855087564244	1282.47	700.95	1282.53	727.21	3.2299	3.0732
855087572577	1288.28	701.21	1278.11	725.11	3.2157	3.0673
855087580910	1288.33	704.11	1275.13	727.09	3.2154	3.0684
855087589244	1287.89	709.63	1274.95	728.40	3.2049	3.0613
855087597577	1291.97	705.26	1276.05	735.17	3.2049	3.0524
855087605909	1293.33	714.21	1276.61	735.48	3.2022	3.0589
855087614242	1288.96	709.79	1273.72	739.31	3.1944	3.0555
855087622575	1288.07	718.74	1276.11	740.15	3.2046	3.0375
855087630909	1278.48	717.97	1274.82	742.45	3.1935	3.0378
855087639249	1270.38	711.56	1277.14	741.86	3.1992	3.0348
855087647581	1270.51	709.46	1277.69	740.06	3.2041	3.0419
855087655915	1276.27	708.25	1275.90	736.08	3.2058	3.0324
855087664248	1287.43	719.97	1279.77	734.61	3.2077	3.0336
855087672581	1291.94	722.34	1283.03	731.56	3.1895	3.0349
855087680914	1292.99	728.58	1281.75	734.63	3.1864	3.0353
855087689248	1292.65	727.40	1282.22	738.30	3.1872	3.0419
855087697580	1289.94	735.59	1283.48	738.33	3.1903	3.0442
855087705913	1286.26	733.16	1283.38	737.61	3.2010	3.0327
855087714247	1284.89	740.16	1285.73	741.80	3.2081	3.0452
855087722581	1282.39	725.23	1284.23	734.35	3.1917	3.0507
855087730914	1283.56	730.96	1284.13	730.94	3.1978	3.0445
855087739247	1286.15	728.42	1282.84	732.48	3.2023	3.0446
855087747580	1284.44	715.11	1283.29	737.75	3.2066	3.0376
855087755914	1287.76	717.22	1284.67	736.97	3.2125	3.0490
855087764246	1285.35	718.28	1279.72	742.44	3.2153	3.0503
855087772585	1287.77	717.88	1280.15	740.78	3.2078	3.0457
855087780918	1287.19	716.92	1280.39	745.78	3.2285	3.0481
855087789252	1291.68	723.64	1277.78	748.76	3.2248	3.0486
855087797586	1289.06	723.60	1279.00	755.32	3.2207	3.0528
855087805919	1294.29	724.75	1281.52	753.06	3.2243	3.0558
855087814252	1287.25	729.14	1282.77	753.45	3.2377	3.0604
855087822586	1287.33	724.42	1279.38	752.49	3.2295	3.0645
855087830919	1288.81	720.78	1275.55	738.16	3.2387	3.0625
855087839252	1285.23	712.61	1276.39	740.99	3.2327	3.0705
855087847586	1281.83	717.98	1279.67	734.43	3.2473	3.0693
855087855918	1287.40	712.67	1284.44	739.38	3.2393	3.0772
855087864251	1293.73	720.19	1283.96	748.67	3.2583	3.0693
855087872585	1293.96	731.88	1278.90	746.08	3.2625	3.0757
855087880918	1291.95	739.99	1276.41	757.90	3.2677	3.0878
855087889251	1286.69	734.90	1281.81	752.68	3.2648	3.0771
855087897585	1289.64	732.02	1279.68	748.49	3.2711	3.0853
855087905923	1283.17	721.44	1281.32	748.97	3.2747	3.1042
855087914256	1280.91	703.22	1284.40	729.52	3.2903	3.0976
855087922590	1279.65	705.11	1274.68	732.24	3.2919	3.0952
855087930922	1285.52	723.44	1268.31	736.64	3.2943	3.0995
855087939255	1286.67	736.01	1269.45	746.23	3.2914	3.1023
855087947589	1290.84	744.76	1272.35	752.11	3.2988	3.1068
855087955922	1292.53	756.85	1279.47	755.78	3.2959	3.1110
855087964255	1294.91	752.97	1281.04	759.69	3.2888	3.1141
855087972589	1257.90	739.56	1255.83	736.27	3.3048	3.1105
855087980921	1154.84	703.07	1162.99	696.36	3.3209	3.1361
855087989255	1097.70	681.15	1095.01	671.21	3.2834	3.1402
855087997589	1047.28	703.30	1058.82	656.01	3.2882	3.1338
855088005922	1039.67	700.70	1046.12	640.24	3.2705	3.1217
855088014254	1041.63	690.29	1060.40	651.69	3.2604	3.1179
855088022588	1031.57	680.08	1058.38	656.97	3.2488	3.1046
855088030925	1049.89	676.67	1060.12	663.68	3.2384	3.0847
855088039258	1058.45	681.77	1058.44	665.23	3.2076	3.0738
855088047592	1065.98	682.96	1051.66	662.51	3.1920	3.0690
855088055925	1066.59	685.24	1051.47	661.75	3.1638	3.0481
855088064258	1068.12	687.13	1053.64	646.40	3.1563	3.0491
855088072592	1072.64	693.67	1057.80	648.50	3.1413	3.0314
855088080925	1075.30	695.06	1056.85	642.14	3.1192	3.0203
855088089257	1072.84	696.79	1055.53	643.37	3.1091	3.0056
855088097591	1065.11	696.27	1053.18	652.07	3.0961	2.9940
855088105924	1059.22	690.01	1054.81	657.56	3.0712	2.9833
855088114257	1053.37	685.41	1059.71	657.80	3.0652	2.9671
855088122591	1046.86	694.44	1055.62	659.16	3.0717	2.9558
855088130924	1041.01	684.08	1056.15	659.61	3.0391	2.9437
855088139257	1045.13	682.39	1056.86	653.50	3.0331	2.9521
855088147591	1051.20	687.28	1060.26	650.72	3.0292	2.9236
855088155924	1053.14	684.65	1061.53	646.36	3.0227	2.9313
855088164263	1058.99	686.01	1059.03	639.87	3.0092	2.9155
855088172596	1057.59	686.33	1053.49	635.80	3.0073	2.9145
855088180929	1061.00	686.89	1046.70	637.82	2.9831	2.9030
855088189262	1054.50	686.06	1044.51	636.73	2.9786	2.8881
855088197595	1052.60	679.60	1040.04	649.21	2.9764	2.8834
855088205929	1042.23	681.73	1043.60	651.88	2.9755	2.8802
855088214262	1012.41	649.45	1035.88	645.18	2.9649	2.8756
855088222595	991.88	590.84	999.71	554.80	2.9523	2.8733
855088230929	991.78	572.19	999.37	536.45	2.9387	2.8451
855088239262	1012.54	538.69	992.60	515.70	2.9576	2.8466
855088247595	998.72	521.90	1012.03	490.50	2.9531	2.8410
855088255928	1002.94	531.68	1007.32	482.52	2.9492	2.8300
855088264261	1002.71	530.75	1016.81	490.44	2.9390	2.8323
855088272593	985.63	517.94	1012.84	494.09	2.9414	2.8259
855088280928	993.88	511.09	1016.94	499.67	2.9323	2.8179
855088289261	996.71	505.78	1018.20	502.98	2.9321	2.8138
855088297599	998.71	513.19	1021.17	501.83	2.9248	2.7993
855088305932	995.93	506.89	1017.87	506.51	2.9281	2.8015
855088314265	995.82	507.30	1017.06	505.42	2.9270	2.7966
855088322599	993.71	503.37	1014.77	513.37	2.9206	2.7987
855088330931	1000.01	512.69	1019.17	511.70	2.9230	2.7906
855088339264	993.98	508.92	1013.27	510.70	2.9153	2.7935
855088347597	987.56	511.55	1017.85	511.83	2.9057	2.7920
855088355931	985.69	516.57	1015.06	513.27	2.9128	2.7871
855088364263	978.40	517.76	1014.74	512.93	2.8993	2.7962
855088372597	977.54	524.42	1008.61	512.08	2.9097	2.7977
855088380931	972.66	520.83	1009.31	510.18	2.9132	2.7873
855088389264	972.07	519.61	1009.99	502.88	2.9181	2.7911
855088397597	972.10	520.17	1008.06	506.47	2.9227	2.7866
855088405931	971.28	519.21	1000.05	504.92	2.9108	2.7902
855088414263	979.42	521.24	1005.28	502.67	2.9104	2.7850
855088422596	981.80	521.81	1011.02	504.48	2.8971	2.7822
855088430935	989.17	522.91	1006.00	505.14	2.8877	2.7813
855088439268	1000.31	533.56	1010.67	506.60	2.9075	2.7793
855088447602	1008.35	528.67	1010.89	506.37	2.9054	2.7761
855088455935	1011.08	527.99	1007.31	502.76	2.9122	2.7835
855088464268	1014.02	519.11	1012.91	507.24	2.9044	2.7862
855088472601	1008.24	515.68	1010.65	502.11	2.9108	2.7822
855088480935	1013.25	510.14	1011.77	500.81	2.8978	2.7790
855088489267	1014.64	508.02	1013.83	499.52	2.9061	2.7837
855088497600	1013.95	508.86	1013.73	500.53	2.9091	2.7770
855088505934	1010.25	511.24	1012.69	502.00	2.9078	2.7778
855088514267	1008.94	514.65	1016.18	507.18	2.9001	2.7862
855088522600	997.09	514.95	1020.09	493.53	2.9044	2.7755
855088530934	1026.84	524.87	1041.06	497.60	2.9196	2.8019
855088539267	1100.92	535.44	1094.46	520.85	2.9449	2.7939
855088547600	1095.68	559.46	1096.66	524.66	2.9246	2.7789
855088555936	1100.67	565.68	1097.70	537.20	2.9218	2.7835
855088564270	1111.67	565.48	1100.19	532.30	2.9111	2.7770
855088572602	1102.16	563.52	1103.89	534.87	2.9084	2.7745
855088580936	1108.58	568.23	1100.83	533.30	2.9166	2.7733
855088589269	1103.12	571.02	1100.21	531.55	2.9287	2.7866
855088597602	1100.12	562.35	1105.06	534.71	2.9236	2.7894
855088605936	1100.64	562.23	1096.64	537.68	2.9206	2.7951
855088614269	1100.09	555.61	1098.92	543.04	2.9402	2.7956
855088622602	1104.96	561.00	1098.42	542.77	2.9464	2.7913
855088630936	1104.12	568.39	1096.47	542.05	2.9483	2.7957
855088639269	1105.22	568.43	1094.49	543.64	2.9577	2.8104
855088647601	1108.59	567.58	1090.36	545.55	2.9687	2.7960
855088655934	1103.49	574.54	1099.05	544.31	2.9629	2.8151
855088664268	1105.04	573.59	1095.13	541.47	2.9829	2.8121
855088672601	1105.19	578.44	1093.78	537.41	2.9913	2.8213
855088680935	1105.36	576.93	1092.80	541.86	2.9868	2.8293
855088689274	1108.37	576.54	1092.74	536.99	3.0098	2.8360
855088697607	1107.07	575.58	1094.40	537.09	3.0113	2.8456
855088705941	1109.85	572.87	1093.09	538.93	3.0286	2.8569
855088714274	1106.44	571.78	1094.38	539.08	3.0295	2.8452
855088722607	1111.43	570.09	1090.40	539.57	3.0413	2.8673
855088730940	1112.43	567.66	1090.88	533.50	3.0596	2.8662
855088739272	1115.77	572.63	1091.01	527.09	3.0674	2.8698
855088747606	1115.87	569.66	1091.23	526.69	3.0777	2.8867
855088755940	1116.12	574.42	1092.70	531.37	3.0908	2.8994
855088764273	1116.26	576.32	1093.94	534.36	3.1059	2.8949
855088772606	1117.12	573.90	1093.03	535.14	3.1059	2.9228
855088780939	1117.08	574.28	1092.83	536.06	3.1223	2.9262
855088789273	1114.54	564.76	1087.56	532.35	3.1389	2.9307
855088797606	1113.83	561.01	1092.23	531.01	3.1542	2.9291
855088805938	1115.96	562.87	1094.11	538.91	3.1670	2.9480
855088814272	1121.96	561.65	1092.29	542.04	3.1790	2.9594
855088822610	1130.96	567.46	1093.77	549.71	3.1870	2.9738
855088830944	1128.72	577.82	1088.23	550.68	3.1940	2.9774
855088839277	1128.23	580.58	1083.35	556.43	3.2023	2.9896
855088847609	1127.02	585.10	1079.88	554.36	3.2196	2.9880
855088855944	1109.96	590.85	1079.13	548.75	3.2305	3.0033
855088864277	1095.76	603.01	1046.86	572.51	3.2378	3.0280
855088872610	1090.45	619.43	1047.82	576.58	3.2411	3.0334
855088880943	1088.02	613.84	1050.51	581.63	3.2477	3.0462
855088889276	1082.89	607.71	1044.37	583.74	3.2476	3.0571
855088897608	1084.26	601.51	1042.92	587.06	3.2650	3.0590
855088905942	1085.80	600.00	1039.18	576.63	3.2627	3.0720
855088914276	1085.07	597.96	1042.00	574.62	3.2654	3.0767
855088922607	1083.94	601.55	1042.15	571.62	3.2743	3.0763
855088930942	1084.63	606.59	1041.43	567.42	3.2889	3.0962
855088939276	1080.95	605.89	1042.81	575.37	3.2848	3.0953
855088947613	1086.14	608.16	1043.40	573.23	3.2912	3.1017
855088955946	1081.94	603.79	1043.69	585.97	3.2908	3.1142
855088964279	1082.73	606.33	1045.71	585.19	3.2936	3.1237
855088972612	1078.77	610.38	1045.54	589.05	3.3055	3.1188
855088980946	1078.90	610.51	1044.85	592.48	3.3100	3.1362
855088989279	1079.23	619.46	1047.32	587.23	3.3134	3.1230
855088997611	1076.39	624.21	1049.05	587.10	3.3106	3.1304
855089005945	1081.44	630.49	1049.90	582.00	3.3114	3.1395
855089014279	1082.91	624.29	1048.92	580.75	3.3171	3.1417
855089022612	1077.29	628.72	1047.41	584.36	3.3276	3.1439
855089030945	1081.99	630.24	1045.54	584.51	3.3180	3.1566
855089039279	1078.07	625.19	1045.35	592.35	3.3345	3.1615
855089047611	1073.04	617.37	1043.18	591.16	3.3345	3.1629
855089055944	1074.84	614.98	1046.53	592.21	3.3330	3.1692
855089064278	1078.19	605.74	1051.02	592.91	3.3415	3.1712
855089072611	1077.71	605.81	1051.43	587.33	3.3436	3.1737
855089080950	1079.20	613.91	1054.63	583.46	3.3384	3.1774
855089089284	1084.54	624.32	1051.32	587.36	3.3327	3.1758
855089097617	1087.69	648.36	1058.05	598.48	3.3418	3.1761
855089105950	1069.41	617.11	1063.91	622.55	3.3478	3.1693
855089114284	1092.59	695.26	1055.97	679.49	3.3568	3.1828
855089122616	1069.63	740.08	1068.21	745.27	3.3493	3.1879
855089130949	1079.41	781.82	1067.84	791.09	3.3590	3.1774
855089139283	1072.88	781.99	1060.45	807.20	3.3457	3.1877
855089147616	1077.79	772.31	1072.17	794.24	3.3461	3.1942
855089155949	1084.71	771.65	1068.92	796.41	3.3458	3.1828
855089164283	1085.08	775.51	1067.45	789.48	3.3561	3.1868
855089172616	1080.93	781.87	1066.21	786.44	3.3545	3.1972
855089180949	1079.71	778.00	1071.40	782.29	3.3604	3.1935
855089189283	1080.42	781.61	1063.84	783.79	3.3648	3.2084
855089197616	1077.37	777.47	1070.79	784.86	3.3747	3.2026
855089205948	1076.32	778.55	1064.07	777.60	3.3702	3.2093
855089214287	1077.51	783.22	1068.85	782.73	3.3731	3.2062
855089222620	1075.02	783.01	1072.10	784.00	3.3793	3.2183
855089230953	1074.04	778.57	1071.28	792.16	3.3737	3.2251
855089239286	1073.81	773.27	1070.05	794.60	3.3742	3.2209
855089247620	1070.62	778.38	1071.03	798.52	3.3827	3.2230
855089255953	1067.59	780.10	1068.76	804.60	3.3814	3.2273
855089264286	1073.20	785.79	1069.16	807.88	3.3880	3.2317
855089272620	1070.58	782.89	1070.56	814.17	3.3851	3.2320
855089280952	1072.53	789.31	1068.19	815.62	3.3913	3.2340
855089289285	1069.38	794.54	1067.33	812.80	3.4040	3.2462
855089297619	1071.56	789.67	1076.16	810.93	3.3956	3.2322
855089305952	1073.69	789.47	1071.35	810.10	3.4047	3.2480
855089314285	1070.52	786.93	1069.32	800.60	3.4076	3.2379
855089322619	1071.92	785.63	1072.24	802.73	3.4091	3.2499
855089330952	1069.93	779.18	1071.94	789.01	3.4000	3.2557
855089339285	1076.57	787.45	1067.70	782.63	3.4165	3.2566
855089347623	1073.51	778.79	1077.98	783.58	3.4138	3.2595
855089355956	1069.65	777.80	1078.34	789.99	3.4192	3.2650
855089364288	1071.68	774.11	1073.14	792.52	3.4175	3.2603
855089372622	1070.56	771.86	1072.37	796.08	3.4096	3.2612
855089380955	1070.07	777.31	1072.46	794.09	3.4048	3.2592
855089389288	1066.64	781.61	1068.52	793.65	3.4005	3.2605
855089397622	1066.66	781.94	1063.17	790.78	3.3925	3.2548
855089405955	1065.53	777.76	1065.14	790.32	3.3938	3.2554
855089414288	1068.92	789.85	1063.79	781.02	3.3754	3.2306
855089422622	1065.45	797.60	1069.64	795.91	3.3848	3.2412
855089430955	1059.62	802.63	1071.82	804.59	3.3799	3.2355
855089439288	1060.94	805.57	1068.29	810.91	3.3709	3.2332
855089447621	1060.43	803.46	1065.04	806.49	3.3737	3.2279
855089455954	1070.16	798.45	1058.26	814.18	3.3447	3.2372
855089464287	1058.92	826.49	1057.89	852.71	3.3561	3.2410
855089472625	1017.47	866.52	1037.57	903.76	3.3396	3.2367
855089480958	1018.74	882.70	1039.83	926.49	3.3505	3.2463
855089489291	1014.95	872.02	1043.93	909.63	3.3469	3.2251
855089497625	1015.58	859.49	1025.72	899.19	3.3431	3.2093
855089505958	1012.78	853.33	1032.99	894.71	3.3413	3.2065
855089514291	1019.48	858.22	1040.24	906.67	3.3478	3.2323
855089522624	1020.67	857.37	1041.15	902.19	3.3328	3.2287
855089530957	1032.19	854.78	1041.88	896.25	3.3346	3.2296
855089539290	1031.50	855.85	1040.67	895.82	3.3323	3.2271
855089547624	1035.30	864.49	1042.24	894.10	3.3463	3.2315
855089555957	1038.76	872.24	1044.15	890.52	3.3591	3.2264
855089564290	1034.46	873.30	1035.29	880.13	3.3482	3.1981
855089572624	1038.98	881.51	1044.06	892.28	3.3530	3.2286
855089580957	1032.30	879.74	1042.22	892.28	3.3447	3.2283
855089589290	1036.15	886.35	1041.76	890.81	3.3484	3.2259
855089597624	1040.23	884.87	1038.88	894.84	3.3481	3.2297
855089605959	1036.92	885.31	1043.35	894.40	3.3499	3.2332
855089614292	1035.84	883.59	1043.02	890.11	3.3437	3.2285
855089622626	1036.23	882.60	1040.33	891.35	3.3666	3.2286
855089630959	1029.91	877.74	1035.91	881.67	3.3563	3.2327
855089639292	1030.98	874.49	1028.75	866.25	3.3596	3.2017
855089647626	1037.30	873.30	1039.92	886.54	3.3754	3.2454
855089655959	1035.08	875.20	1032.08	884.69	3.3766	3.2498
855089664292	1037.60	867.85	1032.66	882.75	3.3790	3.2428
855089672626	1033.60	869.60	1031.27	884.59	3.3800	3.2563
855089680958	1040.72	869.70	1033.65	881.03	3.3844	3.2595
855089689291	1032.05	871.74	1033.21	887.72	3.3873	3.2525
855089697625	1035.34	875.99	1033.53	883.79	3.3932	3.2579
855089705958	1035.36	875.43	1030.73	888.74	3.3872	3.2609
855089714291	1031.31	881.31	1027.63	889.85	3.3933	3.2476
855089722625	1032.64	878.29	1029.95	892.98	3.3893	3.2610
855089730958	1032.04	887.28	1027.48	893.14	3.4102	3.2660
855089739298	1032.42	890.52	1025.77	887.16	3.4008	3.2614
855089747632	1027.57	888.98	1023.89	891.45	3.4050	3.2690
855089755965	1025.64	895.27	1029.67	894.13	3.4064	3.2724
855089764297	1023.49	893.66	1029.27	889.29	3.4189	3.2603
855089772631	1022.27	887.63	1030.23	891.95	3.4141	3.2672
855089780964	1017.94	886.08	1032.03	885.05	3.4164	3.2717
855089789297	1018.66	882.39	1030.77	888.13	3.4170	3.2777
855089797630	1022.07	881.26	1026.01	885.08	3.4153	3.2725
855089805964	1019.38	882.22	1022.92	878.48	3.4190	3.2692
855089814297	1017.48	877.62	1027.23	871.74	3.4158	3.2746
855089822630	1012.33	872.49	1023.63	868.91	3.4173	3.2707
855089830964	1029.59	876.92	1042.22	898.75	3.4193	3.2812
855089839296	1099.19	891.66	1106.80	919.75	3.4375	3.2720
855089847629	1114.14	878.96	1131.32	920.09	3.4349	3.2889
855089855963	1095.65	880.73	1102.04	913.63	3.4421	3.2795
855089864296	1095.01	886.15	1105.68	918.63	3.4562	3.2865
855089872634	1098.37	887.13	1107.15	919.00	3.4439	3.2780
855089880968	1099.40	893.44	1107.31	916.90	3.4500	3.2889
855089889301	1091.58	893.74	1107.68	912.44	3.4623	3.2781
855089897635	1089.12	890.12	1108.21	918.52	3.4485	3.2908
855089905968	1096.18	895.16	1103.51	913.66	3.4617	3.2803
855089914301	1095.30	903.70	1106.44	911.15	3.4617	3.2827
855089922633	1091.36	897.17	1102.30	915.57	3.4595	3.2888
855089930967	1086.73	892.42	1102.83	911.28	3.4586	3.2829
855089939300	1092.69	899.39	1104.88	919.99	3.4755	3.2883
855089947633	1089.09	896.32	1109.08	925.06	3.4762	3.3056
855089955967	1090.49	899.10	1111.70	926.66	3.4866	3.3053
855089964300	1092.61	892.79	1114.90	932.62	3.4853	3.3091
855089972633	1094.01	898.12	1115.91	933.45	3.4905	3.3073
855089980967	1094.81	895.57	1110.30	926.11	3.4940	3.3077
855089989299	1092.12	888.60	1104.83	924.09	3.4850	3.2902
855089997635	1097.06	895.18	1108.27	928.35	3.5033	3.3054
855090005969	1093.01	890.52	1110.33	931.86	3.4987	3.3071
855090014302	1094.01	885.50	1112.65	935.77	3.4963	3.3187
855090022636	1099.13	888.43	1108.99	922.55	3.5176	3.2978
855090030969	1096.75	892.73	1109.23	928.78	3.5224	3.3152
855090039302	1098.72	889.17	1108.99	923.29	3.5153	3.3120
855090047636	1097.54	888.55	1106.98	927.45	3.5196	3.3218
855090055969	1104.61	897.71	1115.31	933.65	3.5310	3.3351
855090064303	1101.34	901.38	1115.55	928.99	3.5213	3.3296
855090072636	1099.63	892.34	1102.79	902.70	3.5261	3.3233
855090080968	1064.56	861.92	1093.06	867.71	3.5260	3.3377
855090089302	1073.03	836.29	1101.78	879.50	3.5190	3.3335
855090097635	1083.56	829.16	1099.99	866.01	3.5273	3.3172
855090105969	1082.92	834.89	1103.90	858.76	3.5358	3.3274
855090114302	1077.24	841.07	1101.45	869.00	3.5405	3.3229
855090122635	1075.92	847.36	1105.10	864.40	3.5499	3.3258
855090130974	1079.92	849.96	1105.45	862.42	3.5504	3.3267
855090139307	1080.88	847.38	1105.02	860.37	3.5472	3.3324
855090147640	1077.96	851.47	1106.75	857.77	3.5383	3.3287
855090155973	1082.95	847.46	1108.78	858.49	3.5338	3.3283
855090164306	1081.45	851.30	1104.67	862.39	3.5440	3.3450
855090172639	1079.60	848.76	1108.43	863.12	3.5267	3.3360
855090180973	1078.73	844.85	1107.06	857.40	3.5292	3.3317
855090189306	1081.65	850.76	1108.10	862.75	3.5383	3.3234
855090197639	1081.99	851.15	1103.40	862.49	3.5346	3.3383
855090205973	1079.90	849.23	1102.34	863.58	3.5296	3.3284
855090214306	1080.64	846.66	1102.75	873.86	3.5318	3.3452
855090222639	1076.93	849.22	1101.73	870.02	3.5359	3.3309
855090230973	1075.66	841.49	1100.03	880.52	3.5344	3.3511
855090239305	1088.19	832.82	1103.49	878.96	3.5261	3.3377
855090247638	1204.47	799.01	1202.09	827.78	3.5764	3.3721
855090255972	1285.10	803.20	1303.16	787.29	3.5975	3.3593
855090264310	1352.02	781.88	1391.39	789.20	3.5825	3.3183
855090272642	1410.55	767.91	1412.68	777.13	3.5629	3.3368
855090280977	1393.75	778.96	1416.46	795.19	3.5599	3.3388
855090289310	1379.90	762.79	1417.42	781.01	3.5475	3.3409
855090297643	1392.12	758.93	1417.38	774.06	3.5349	3.3372
855090305977	1384.93	763.49	1414.36	762.42	3.5582	3.3414
855090314309	1389.93	763.90	1414.58	759.50	3.5504	3.3286
855090322642	1397.72	761.09	1411.11	755.98	3.5389	3.3287
855090330975	1395.32	762.71	1410.38	765.44	3.5441	3.3415
855090339309	1395.10	767.87	1411.01	769.21	3.5536	3.3280
855090347642	1402.32	762.26	1408.61	761.59	3.5370	3.3247
855090355975	1400.33	761.22	1411.29	772.50	3.5378	3.3325
855090364309	1401.90	762.89	1408.58	771.63	3.5483	3.3327
855090372642	1398.57	764.65	1404.20	773.47	3.5437	3.3309
855090380975	1395.75	758.16	1405.24	770.81	3.5401	3.3288
855090389309	1397.27	760.16	1407.46	777.28	3.5323	3.3406
855090397645	1399.35	762.98	1410.00	773.31	3.5362	3.3324
855090405978	1401.24	770.05	1404.62	770.80	3.5408	3.3251
855090414312	1400.77	765.63	1407.88	771.13	3.5389	3.3336
855090422645	1398.55	764.35	1410.25	764.87	3.5406	3.3282
855090430978	1401.56	772.43	1407.60	757.57	3.5500	3.3386
855090439312	1399.64	777.86	1404.65	756.37	3.5481	3.3294
855090447645	1400.94	778.23	1404.38	770.10	3.5463	3.3401
855090455978	1401.01	775.09	1408.13	775.36	3.5405	3.3248
855090464312	1402.29	779.09	1407.38	789.85	3.5445	3.3443
855090472645	1405.59	775.76	1408.33	789.30	3.5401	3.3426
855090480977	1401.08	777.51	1402.94	788.92	3.5379	3.3396
855090489311	1401.65	781.26	1401.64	781.02	3.5325	3.3479
855090497644	1403.57	785.89	1403.08	768.18	3.5285	3.3353
855090505977	1402.31	776.95	1401.19	766.07	3.5361	3.3410
855090514311	1404.48	775.28	1405.67	763.39	3.5246	3.3370
855090522649	1405.21	763.30	1405.75	766.39	3.5107	3.3353
855090530982	1409.40	761.14	1407.92	766.56	3.5242	3.3285
855090539316	1407.94	772.30	1435.18	777.24	3.5187	3.3250
855090547649	1387.86	711.16	1428.81	746.55	3.5213	3.3565
855090555981	1397.43	671.18	1389.36	696.91	3.5152	3.3371
855090564315	1349.10	672.23	1421.84	676.09	3.5190	3.3416
855090572648	1374.00	661.79	1383.07	660.77	3.5054	3.3427
855090580981	1367.82	656.74	1381.00	662.69	3.5060	3.3445
855090589315	1365.71	665.69	1378.20	670.54	3.5140	3.3462
855090597648	1369.70	662.12	1379.55	675.01	3.5121	3.3421
855090605981	1366.84	662.85	1379.04	680.94	3.4982	3.3341
855090614315	1369.83	657.91	1369.80	680.25	3.5054	3.3442
855090622648	1375.25	655.34	1366.96	674.90	3.5062	3.3384
855090630981	1373.43	651.18	1368.44	674.37	3.5012	3.3330
855090639314	1374.18	653.64	1367.26	679.89	3.5034	3.3375
855090647647	1374.58	650.45	1368.90	677.34	3.5099	3.3405
855090655986	1375.11	652.36	1368.98	679.19	3.5016	3.3356
855090664320	1374.55	655.53	1368.81	682.40	3.5036	3.3275
855090672653	1372.51	663.23	1371.53	687.26	3.5072	3.3386
855090680986	1371.90	663.40	1373.28	696.70	3.5073	3.3329
855090689320	1371.88	669.49	1377.62	688.04	3.5136	3.3365
855090697653	1365.92	665.30	1375.04	672.10	3.5120	3.3385
855090705986	1365.89	662.03	1374.70	665.68	3.5172	3.3402
