t	gaze_point_LX	gaze_point_LY	gaze_point_RX	gaze_point_RY	pupil_diameter_L	pupil_diameter_R
869742197737	1017.02	722.32	1054.63	745.35	3.1439	3.2954
869742206071	1057.97	1135.49	NaN	NaN	3.1707	NaN
869742214404	1202.77	1364.92	NaN	NaN	2.1026	NaN
869742222738	NaN	NaN	NaN	NaN	NaN	NaN
869742231071	NaN	NaN	NaN	NaN	NaN	NaN
869742239404	NaN	NaN	NaN	NaN	NaN	NaN
869742247737	NaN	NaN	NaN	NaN	NaN	NaN
869742256070	NaN	NaN	NaN	NaN	NaN	NaN
869742264406	NaN	NaN	NaN	NaN	NaN	NaN
869742272740	NaN	NaN	NaN	NaN	NaN	NaN
869742281075	NaN	NaN	NaN	NaN	NaN	NaN
869742289407	NaN	NaN	NaN	NaN	NaN	NaN
869742297740	NaN	NaN	NaN	NaN	NaN	NaN
869742306074	NaN	NaN	NaN	NaN	NaN	NaN
869742314406	NaN	NaN	NaN	NaN	NaN	NaN
869742322740	NaN	NaN	NaN	NaN	NaN	NaN
869742331074	NaN	NaN	NaN	NaN	NaN	NaN
869742339407	NaN	NaN	NaN	NaN	NaN	NaN
869742347740	1335.06	997.26	1323.48	752.18	2.9529	3.2640
869742356074	1268.02	806.80	1304.40	810.82	3.0454	3.3388
869742364407	1249.61	732.28	1294.88	686.79	3.1437	3.3258
869742372740	1252.76	674.75	1298.43	701.05	3.1375	3.2775
869742381073	1256.13	740.70	1298.33	728.49	3.1773	3.2578
869742389406	1252.89	696.25	1292.96	721.08	3.1402	3.2868
869742397745	1246.24	678.15	1284.94	709.55	3.1282	3.2824
869742406079	1257.36	683.46	1286.49	704.65	3.1169	3.2632
869742414412	1260.23	683.70	1280.72	708.51	3.1350	3.2749
869742422745	1261.43	681.18	1282.03	704.11	3.1453	3.2934
869742431079	1256.29	684.80	1282.56	697.64	3.1473	3.2683
869742439412	1264.33	678.54	1284.78	699.84	3.1375	3.2675
869742447744	1266.24	674.05	1288.55	701.03	3.1055	3.2855
869742456078	1275.85	675.51	1280.27	702.07	3.1289	3.2830
869742464410	1273.88	682.71	1283.72	702.09	3.1319	3.2739
869742472744	1272.09	679.40	1280.63	708.81	3.1070	3.3101
869742481078	1284.89	714.22	1281.39	699.03	3.1839	3.2746
869742489411	1271.28	666.37	1281.39	694.13	3.0635	3.2795
869742497745	1269.04	710.20	1278.01	716.35	3.1760	3.3030
869742506079	1274.35	722.93	1276.78	703.36	3.1920	3.2869
869742514411	1263.81	700.84	1285.78	702.42	3.1504	3.3060
869742522744	1262.19	687.48	1285.08	698.51	3.1353	3.2924
869742531082	1276.12	673.37	1291.98	697.49	3.0876	3.2992
869742539415	1269.09	666.01	1294.78	700.01	3.0872	3.2988
869742547748	1277.05	664.65	1288.83	703.09	3.1026	3.3161
869742556082	1268.86	691.11	1283.41	698.71	3.1668	3.2979
869742564414	1267.72	668.96	1280.12	696.99	3.1127	3.2933
869742572748	1267.58	665.71	1289.10	708.05	3.1190	3.3154
869742581082	1272.17	679.06	1286.11	702.86	3.1383	3.3270
869742589415	1274.79	661.14	1279.87	705.20	3.1117	3.3324
869742597748	1274.44	679.74	1285.57	704.97	3.1614	3.3143
869742606080	1276.10	682.25	1275.99	705.20	3.1673	3.3356
869742614413	1269.71	691.79	1277.50	699.37	3.1912	3.3174
869742622748	1275.58	699.73	1276.36	708.19	3.2274	3.3472
869742631081	1279.50	651.12	1278.70	698.02	3.1293	3.3354
869742639415	1281.32	670.75	1277.36	703.48	3.1754	3.3464
869742647747	1275.68	678.53	1275.20	697.66	3.1814	3.3396
869742656081	1286.89	672.63	1276.77	697.77	3.1835	3.3339
869742664414	1286.08	671.31	1271.74	695.81	3.1621	3.3553
869742672748	1283.77	676.32	1277.77	710.04	3.1746	3.3592
869742681081	1280.94	677.33	1284.62	707.56	3.1891	3.3762
869742689415	1280.63	681.15	1283.07	702.52	3.1703	3.3550
869742697748	1278.13	679.21	1278.76	697.86	3.1734	3.3554
869742706081	1284.97	678.68	1276.21	708.80	3.1969	3.4018
869742714415	1280.97	675.78	1276.07	686.57	3.1913	3.3513
869742722748	1278.10	690.34	1281.37	687.16	3.2102	3.3453
869742731080	1272.81	675.02	1277.55	720.56	3.1902	3.4556
869742739414	1275.49	680.01	1281.16	685.29	3.2124	3.3662
869742747748	1273.74	671.99	1285.03	694.03	3.1814	3.3734
869742756080	1276.55	669.03	1283.36	694.71	3.1837	3.4045
869742764414	1269.76	670.18	1280.62	692.07	3.1915	3.3945
869742772747	1272.58	726.21	1281.96	696.30	3.3313	3.4148
869742781080	1279.90	728.61	1284.61	695.96	3.3414	3.4119
869742789421	1269.07	684.17	1281.89	701.36	3.2225	3.4245
869742797755	1269.33	689.11	1280.64	693.24	3.2132	3.4164
869742806088	1272.14	719.60	1281.12	696.80	3.2939	3.4101
869742814422	1260.32	732.61	1281.67	701.26	3.3380	3.4349
869742822755	1271.28	720.83	1279.23	698.49	3.2942	3.4227
869742831088	1266.78	674.31	1280.05	696.56	3.2084	3.4279
869742839420	1259.63	671.11	1283.16	704.46	3.2031	3.4297
869742847754	1271.85	672.39	1278.43	694.70	3.2029	3.4219
869742856087	1266.57	680.81	1282.22	692.20	3.1874	3.4039
869742864420	1261.92	719.64	1281.87	698.28	3.2906	3.4076
869742872754	1265.79	676.90	1285.67	692.18	3.1899	3.4184
869742881087	1269.28	703.46	1286.23	689.53	3.2689	3.4063
869742889421	1270.69	679.03	1282.81	690.70	3.2186	3.4083
869742897754	1269.70	703.25	1279.41	697.58	3.2622	3.4100
869742906087	1269.54	697.10	1288.90	690.45	3.2239	3.3846
869742914419	1271.42	684.55	1285.18	692.19	3.2054	3.3923
869742922756	1263.87	662.89	1284.26	686.61	3.1630	3.3715
869742931090	1265.14	674.55	1279.70	692.31	3.1575	3.4045
869742939424	1268.96	685.29	1279.80	697.05	3.1983	3.4210
869742947756	1275.32	679.98	1284.40	687.43	3.1815	3.3748
869742956090	1278.46	716.50	1288.34	689.39	3.2463	3.3679
869742964423	1274.79	701.23	1284.16	693.10	3.2047	3.3660
869742972757	1274.34	679.79	1292.54	690.04	3.1649	3.3625
869742981090	1277.29	708.12	1288.23	689.34	3.2098	3.3446
869742989422	1270.50	701.03	1286.44	681.09	3.1814	3.3463
869742997755	1274.19	694.10	1289.70	687.83	3.1709	3.3403
869743006089	1271.74	681.55	1282.24	694.02	3.1376	3.3360
869743014423	1283.98	732.16	1283.70	695.06	3.2449	3.3434
869743022756	1276.28	693.41	1288.16	695.15	3.1413	3.3456
869743031089	1271.70	684.19	1283.48	695.86	3.1198	3.3257
869743039423	1283.23	743.67	1286.80	695.67	3.2422	3.3297
869743047760	1278.57	703.17	1283.00	698.22	3.1534	3.3085
869743056094	1276.47	701.54	1286.09	695.18	3.1574	3.3198
869743064428	1271.62	694.48	1286.01	710.73	3.1074	3.3257
869743072760	1280.34	716.98	1285.64	695.82	3.1710	3.3024
869743081094	1269.86	686.03	1290.62	705.90	3.0749	3.2935
869743089427	1264.79	701.57	1286.68	699.65	3.1092	3.2833
869743097761	1273.89	700.06	1281.74	701.84	3.0776	3.2690
869743106094	1262.95	670.10	1282.55	697.83	3.0249	3.2723
869743114427	1275.39	686.82	1281.30	709.67	3.0509	3.2802
869743122759	1278.98	722.11	1288.13	699.23	3.1414	3.2610
869743131093	1267.47	687.58	1285.85	698.20	3.0450	3.2481
869743139426	1276.20	718.39	1283.59	698.87	3.1092	3.2593
869743147760	1271.89	674.00	1289.27	696.14	3.0022	3.2288
869743156093	1283.73	710.39	1287.74	696.28	3.1056	3.2278
869743164426	1271.15	715.45	1287.36	693.93	3.1046	3.2085
869743172759	1273.27	686.59	1282.57	700.17	3.0190	3.1973
869743181098	1276.43	688.21	1285.58	698.21	2.9953	3.2069
869743189431	1273.21	716.77	1295.12	700.88	3.0658	3.2029
869743197764	1274.29	717.95	1292.63	700.60	3.0493	3.2019
869743206098	1274.49	710.51	1289.59	696.30	3.0499	3.1710
869743214431	1276.40	686.87	1289.97	697.19	2.9563	3.1802
869743222764	1271.31	724.43	1289.01	698.82	3.0717	3.1664
869743231097	1273.42	701.14	1288.81	692.05	3.0120	3.1516
869743239430	1269.60	723.22	1286.25	696.74	3.0455	3.1752
869743247763	1265.20	700.93	1282.35	696.97	2.9851	3.1546
869743256097	1268.48	692.46	1283.82	704.95	2.9816	3.1677
869743264430	1267.82	712.83	1284.75	701.57	3.0261	3.1609
869743272764	1275.51	708.19	1282.28	695.05	3.0089	3.1554
869743281097	1273.21	715.06	1278.36	706.03	3.0416	3.1618
869743289430	1270.85	719.56	1278.96	706.21	3.0619	3.1490
869743297763	1274.03	721.34	1281.90	698.95	3.0342	3.1588
869743306096	1272.99	722.58	1277.73	694.66	3.0220	3.1419
869743314436	1273.13	706.43	1280.79	709.13	2.9918	3.1505
869743322769	1274.52	697.02	1280.65	699.72	2.9641	3.1407
869743331103	1267.20	689.04	1287.32	703.67	2.9362	3.1386
869743339436	1267.47	694.58	1281.19	714.44	2.9388	3.1656
869743347769	1275.01	688.82	1283.13	713.23	2.9572	3.1447
869743356103	1277.61	720.40	1283.00	716.40	3.0193	3.1569
869743364436	1277.92	688.66	1284.28	714.33	2.9216	3.1284
869743372769	1259.90	687.27	1276.88	724.28	2.8733	3.1000
869743381102	1246.10	744.68	1251.32	763.14	2.9333	3.0924
869743389435	1252.59	752.82	1256.31	765.25	2.8854	3.0545
869743397769	1248.80	764.47	1262.22	782.57	2.8937	3.0627
869743406100	1236.97	747.11	1262.93	784.68	2.8894	3.0844
869743414434	1241.10	747.33	1268.88	768.71	2.8676	3.0344
869743422768	1241.79	747.13	1267.16	775.58	2.8582	3.0470
869743431100	1251.04	753.04	1262.61	775.35	2.8674	3.0410
869743439434	1243.55	748.47	1265.35	780.69	2.8393	3.0329
869743447769	1242.16	740.69	1268.82	775.22	2.8278	3.0284
869743456102	1245.94	749.97	1267.18	775.87	2.8328	3.0320
869743464436	1243.36	744.73	1270.59	772.47	2.8248	3.0240
869743472769	1251.45	789.81	1267.97	766.82	2.8916	3.0156
869743481103	1254.80	739.87	1261.04	765.25	2.7920	3.0120
869743489436	1254.23	750.34	1263.84	770.88	2.8231	3.0186
869743497770	1263.03	785.19	1265.39	808.79	2.8659	3.0690
869743506102	1279.22	831.75	1289.92	841.07	2.8762	3.0467
869743514437	1310.32	865.68	1323.73	888.55	2.8425	3.0295
869743522770	1297.51	883.46	1320.34	906.36	2.8070	2.9889
869743531101	1325.62	888.01	1322.09	925.27	2.7862	3.0568
869743539435	1316.95	906.15	1321.35	916.85	2.8691	3.0330
869743547768	1327.60	925.46	1329.70	903.01	2.8946	2.9861
869743556101	1315.99	920.53	1324.39	948.05	2.8772	3.0897
869743564436	1323.73	937.32	1322.48	928.85	2.9347	3.0318
869743572775	1306.78	876.76	1329.02	926.40	2.7610	3.0261
869743581108	1317.61	876.55	1323.26	935.01	2.7763	3.0655
869743589442	1319.05	905.27	1338.69	843.36	2.8402	2.8511
869743597773	1318.79	942.03	1336.20	860.68	2.9607	2.9001
869743606107	1317.19	882.41	1332.40	924.84	2.8199	3.0541
869743614441	1321.50	883.58	1332.36	917.50	2.7982	3.0324
869743622774	1319.57	879.51	1333.02	840.96	2.8094	2.8538
869743631106	1313.13	860.69	1339.17	918.56	2.7671	3.0430
869743639440	1316.91	882.13	1335.32	923.10	2.8276	3.0552
869743647773	1322.04	883.01	1338.28	914.00	2.8121	3.0322
869743656106	NaN	NaN	1328.56	919.75	NaN	3.0365
869743664440	1329.42	880.00	1333.94	927.00	2.8124	3.0669
869743672773	NaN	NaN	1333.65	919.71	NaN	3.0630
869743681106	1317.36	879.22	1337.48	920.07	2.8142	3.0878
869743689439	1327.98	934.29	1330.35	932.50	2.9849	3.1031
869743697772	1316.68	939.97	1324.07	912.00	2.9725	3.0664
869743706110	1320.32	943.57	1336.72	903.06	2.9995	3.0408
869743714444	1317.04	917.78	1329.80	930.16	2.9217	3.1026
869743722777	1315.82	933.91	1328.33	921.33	2.9681	3.1033
869743731111	1319.30	944.00	1325.44	931.04	2.9887	3.1117
869743739444	1315.12	918.80	1321.56	933.66	2.9288	3.1100
869743747777	1317.24	936.79	1335.43	870.32	2.9811	2.9904
869743756110	NaN	NaN	1329.66	909.59	NaN	3.0940
869743764443	1314.33	896.73	1330.04	927.16	2.9053	3.1377
869743772776	1315.28	919.03	1326.64	912.74	2.9480	3.0902
869743781109	1315.82	906.71	1332.76	899.49	2.9152	3.0564
869743789443	1318.02	901.85	1334.13	887.80	2.9217	3.0362
869743797776	1356.02	892.28	1359.06	944.23	2.8945	3.1536
869743806108	1411.19	937.91	1427.13	948.28	3.0053	3.1785
869743814443	NaN	NaN	1460.66	902.13	NaN	3.1007
869743822775	1489.61	901.32	1491.71	923.02	2.9665	3.1646
869743831108	1491.41	900.11	1505.98	921.80	2.9947	3.1589
869743839447	1499.12	904.80	1504.35	895.23	2.9842	3.1140
869743847779	1495.97	918.72	1507.45	930.93	3.0226	3.1834
869743856113	1491.17	923.81	1507.62	901.72	3.0582	3.1253
869743864447	1490.85	906.13	1509.53	900.66	3.0268	3.1251
869743872781	1495.28	898.88	1505.26	899.18	3.0292	3.1192
869743881114	1498.71	891.76	1505.83	911.76	3.0075	3.1370
869743889448	1502.15	917.72	1503.20	903.25	3.0600	3.1385
869743897781	1501.62	905.17	1502.93	923.01	3.0617	3.1782
869743906114	1492.33	914.19	1505.35	909.98	3.0802	3.1861
869743914447	1499.86	921.78	1502.80	907.29	3.0752	3.1641
869743922780	1492.23	927.96	1508.85	910.51	3.0872	3.1917
869743931113	1488.53	917.41	1503.09	904.60	3.0665	3.1682
869743939447	1539.23	909.74	1547.26	921.29	3.0851	3.2162
869743947780	1598.42	907.13	1607.82	925.20	3.1061	3.2676
869743956113	1622.51	902.21	1631.07	896.31	3.1368	3.2256
869743964445	1607.99	885.52	1619.58	888.38	3.1247	3.2094
869743972782	1620.51	880.65	1621.10	917.57	3.1013	3.2600
869743981116	1615.59	879.87	1623.61	911.15	3.0896	3.2479
869743989449	1621.49	881.52	1629.05	897.57	3.0824	3.2165
869743997781	1627.23	879.67	1620.88	909.39	3.0845	3.2510
869744006114	1628.30	902.49	1630.66	891.67	3.1249	3.2410
869744014447	1633.33	892.82	1626.23	904.06	3.1112	3.2664
869744022781	1631.92	903.46	1624.03	893.49	3.1434	3.2152
869744031114	1628.14	890.90	1625.45	904.71	3.1060	3.2684
869744039447	1630.57	885.22	1628.12	894.55	3.0973	3.2363
869744047781	1630.30	901.21	1618.74	904.78	3.1491	3.2897
869744056114	1625.36	887.51	1620.66	898.65	3.1450	3.2810
869744064448	1624.30	894.88	1631.45	906.84	3.1333	3.2991
869744072780	1622.83	885.37	1624.43	887.95	3.1086	3.2505
869744081113	1633.42	894.94	1626.37	903.08	3.1538	3.2975
869744089446	1619.57	894.56	1624.26	898.78	3.1566	3.3007
869744097790	1628.86	897.64	1626.37	894.18	3.1645	3.2850
869744106124	1625.08	884.87	1618.58	897.33	3.1618	3.2946
869744114456	1622.59	886.54	1616.69	908.00	3.1668	3.3238
869744122790	1626.73	893.98	1624.47	871.23	3.1548	3.2391
869744131123	1626.27	887.93	1617.75	894.94	3.1503	3.2911
869744139456	1627.44	899.72	1627.53	883.00	3.1803	3.2559
869744147790	1625.54	904.01	1621.24	889.38	3.1763	3.2944
869744156122	1631.55	899.29	1622.72	888.56	3.1432	3.2731
869744164455	1629.28	906.07	1617.18	896.53	3.1832	3.3146
869744172789	1628.80	888.21	1623.11	887.19	3.1437	3.2879
869744181122	1631.91	892.34	1618.51	885.80	3.1675	3.2834
869744189456	1627.61	890.20	1621.42	901.93	3.1498	3.3354
869744197789	1627.25	886.70	1621.22	901.42	3.1465	3.3149
869744206122	1630.02	901.01	1623.36	884.26	3.1903	3.2726
869744214455	1636.50	898.00	1615.76	887.16	3.1941	3.2884
869744222789	1632.46	868.93	1614.09	897.70	3.1268	3.2994
869744231123	1637.59	889.53	1618.50	893.70	3.2019	3.3041
869744239455	1634.39	890.96	1624.01	883.50	3.1933	3.2976
869744247789	1637.53	883.89	1616.97	896.21	3.1788	3.3084
869744256122	1636.60	870.94	1616.14	895.45	3.1346	3.2995
869744264455	1631.17	891.06	1616.94	894.82	3.1811	3.3022
869744272789	1636.92	887.07	1619.63	887.03	3.1859	3.3027
869744281122	1632.24	890.64	1614.76	877.74	3.1698	3.2755
869744289456	1629.88	904.11	1620.82	892.21	3.1986	3.3231
869744297790	1634.95	883.08	1621.29	874.59	3.1582	3.2733
869744306123	1624.68	873.61	1618.31	885.11	3.1562	3.2941
869744314456	1655.32	876.11	1645.99	885.83	3.1938	3.3462
869744322789	1675.18	850.12	1668.99	846.91	3.2261	3.3183
869744331122	1661.50	841.31	1672.80	833.18	3.2196	3.3047
869744339455	1671.63	841.01	1664.94	843.06	3.2448	3.3317
869744347790	1666.85	855.43	1675.18	833.30	3.2485	3.3038
869744356126	1667.01	838.19	1670.54	842.37	3.2060	3.3078
869744364459	1663.58	845.41	1674.53	836.24	3.2404	3.2975
869744372794	1663.86	845.47	1668.04	840.13	3.2129	3.3276
869744381126	1667.21	841.36	1669.33	843.53	3.1969	3.3427
869744389459	1666.58	848.87	1675.93	836.31	3.2041	3.3099
869744397793	1672.86	847.87	1674.03	836.13	3.2126	3.3128
869744406126	1665.86	858.43	1672.03	823.60	3.2489	3.2852
869744414459	1674.35	842.09	1675.09	824.00	3.2330	3.2914
869744422793	1670.28	848.48	1673.59	835.21	3.2153	3.3157
869744431126	1666.63	850.41	1675.97	841.03	3.2323	3.3392
869744439460	1671.00	847.51	1675.08	827.57	3.2431	3.3044
869744447792	1671.55	845.45	1676.22	818.86	3.2380	3.2801
869744456125	1668.69	845.17	1672.48	852.73	3.2481	3.3473
869744464457	1665.42	835.29	1672.98	831.96	3.2240	3.3143
869744472790	1666.21	838.51	1671.54	852.74	3.2353	3.3476
869744481124	1643.58	813.38	1666.78	817.68	3.1779	3.2997
869744489463	1573.23	765.20	1594.55	752.39	3.1755	3.2952
869744497796	1534.54	697.76	1548.53	714.16	3.1573	3.3399
869744506130	1494.65	654.53	1511.51	676.59	3.1334	3.3351
869744514463	1445.58	650.92	1456.97	644.18	3.1817	3.3214
869744522797	1452.72	628.88	1456.70	638.77	3.1592	3.3600
869744531130	1462.85	628.53	1462.84	647.78	3.1502	3.3592
869744539464	1461.75	633.61	1452.84	650.42	3.1872	3.3354
869744547796	1460.37	628.65	1453.23	642.19	3.1662	3.3419
869744556129	1459.48	629.48	1453.91	642.03	3.1430	3.3407
869744564464	1457.11	632.77	1456.82	652.84	3.1562	3.3319
869744572795	1457.49	636.56	1453.64	641.45	3.1568	3.3329
869744581129	1456.57	632.03	1456.14	644.67	3.1379	3.3382
869744589462	1460.38	639.81	1458.98	645.50	3.1828	3.3367
869744597795	1452.42	632.27	1457.75	643.85	3.1677	3.3399
869744606130	1453.46	634.60	1456.05	649.43	3.1634	3.3273
869744614463	1459.26	632.81	1457.91	646.53	3.1686	3.3186
869744622799	1458.55	620.53	1462.70	650.31	3.1496	3.3230
869744631133	1454.31	643.61	1460.30	652.07	3.1933	3.3275
869744639466	1459.48	634.78	1460.46	657.46	3.1644	3.3380
869744647800	1453.57	644.75	1460.78	647.77	3.1926	3.3066
869744656133	1454.28	639.82	1457.43	652.73	3.1862	3.3186
869744664466	1449.49	634.22	1455.14	652.61	3.1860	3.3200
869744672798	1449.50	628.55	1456.13	652.70	3.1841	3.3230
869744681132	1449.34	636.58	1460.16	649.13	3.1954	3.3078
869744689466	1451.53	626.09	1467.73	648.82	3.1738	3.2987
869744697798	1447.25	641.54	1464.97	650.58	3.2001	3.2972
869744706132	1447.61	632.13	1463.87	648.87	3.1734	3.3157
869744714465	1444.15	636.79	1467.13	651.95	3.1900	3.3219
869744722798	1451.74	640.63	1466.43	652.27	3.1929	3.3298
869744731132	1455.98	645.11	1472.17	645.93	3.1994	3.3078
869744739465	1453.14	637.07	1469.70	651.50	3.1633	3.2983
869744747798	1450.64	646.24	1466.62	640.42	3.2037	3.2917
869744756138	1448.12	633.31	1469.41	647.45	3.1985	3.2976
869744764472	1452.81	641.62	1465.23	646.44	3.1973	3.3114
869744772806	1454.20	635.65	1458.99	649.72	3.1716	3.2964
869744781138	1457.74	639.01	1461.45	649.04	3.1694	3.3144
869744789471	1464.93	633.86	1463.76	653.86	3.1604	3.3237
869744797804	1470.58	630.43	1466.74	654.09	3.1715	3.3261
869744806138	1467.42	630.80	1469.05	654.50	3.1755	3.3252
869744814471	1465.47	635.98	1461.39	658.17	3.2236	3.3227
869744822804	1467.34	600.78	1453.78	630.28	3.2465	3.3383
869744831137	1472.19	584.90	1489.57	593.56	3.2461	3.3426
869744839470	1482.56	582.71	1486.32	595.64	3.2670	3.3375
869744847803	1481.22	588.17	1482.23	601.02	3.2639	3.3548
869744856137	1485.88	588.09	1482.18	605.06	3.2634	3.3530
869744864470	1483.56	583.63	1478.50	601.91	3.2827	3.3523
869744872802	1482.92	587.76	1489.63	601.33	3.2841	3.3446
869744881136	1482.02	579.29	1483.33	599.63	3.2845	3.3605
869744889473	1486.69	580.48	1482.35	596.21	3.2797	3.3546
869744897807	1489.46	582.94	1482.05	598.98	3.2778	3.3689
869744906140	1484.64	586.15	1484.47	602.76	3.3028	3.3767
869744914473	1491.09	577.15	1479.98	603.77	3.2717	3.3746
869744922806	1491.94	573.57	1480.87	598.93	3.2868	3.3922
869744931140	1492.71	580.86	1477.36	605.87	3.2873	3.3908
869744939472	1493.68	581.04	1481.42	605.86	3.3131	3.3826
869744947805	1487.22	579.11	1480.77	598.70	3.2870	3.3865
869744956139	1483.20	575.28	1478.92	602.17	3.3115	3.3957
869744964472	1492.25	582.31	1480.02	603.39	3.3146	3.4039
869744972805	1484.77	585.31	1479.07	599.33	3.3206	3.3918
869744981139	1479.75	555.20	1478.44	564.46	3.3154	3.4135
869744989472	1470.05	550.57	1479.76	562.43	3.3340	3.4226
869744997805	1473.52	556.14	1480.86	551.10	3.3469	3.4140
869745006139	1473.06	553.37	1481.03	560.48	3.3339	3.4403
869745014478	1477.78	558.38	1478.75	566.33	3.3494	3.4277
869745022811	1472.31	551.55	1479.69	566.15	3.3470	3.4209
869745031143	1476.78	549.82	1474.87	567.44	3.3225	3.4286
869745039477	1482.79	550.71	1478.64	562.04	3.3560	3.4181
869745047810	1477.94	547.13	1478.17	562.37	3.3314	3.4188
869745056143	1476.40	543.02	1475.93	560.54	3.3317	3.4257
869745064477	1474.16	551.07	1474.82	556.77	3.3072	3.4194
869745072810	1476.37	554.64	1473.31	554.88	3.3193	3.4302
869745081143	1482.22	557.47	1474.21	559.06	3.3469	3.4186
869745089477	1482.15	555.49	1478.85	562.48	3.3360	3.4133
869745097809	1474.07	555.43	1480.06	563.35	3.3335	3.4125
869745106143	1480.72	556.55	1472.65	561.92	3.3283	3.4187
869745114476	1482.02	558.36	1469.44	566.03	3.3031	3.4212
869745122810	1483.85	562.94	1476.21	555.99	3.3379	3.4044
869745131143	1475.64	557.91	1473.54	552.49	3.3067	3.3812
869745139477	1483.08	554.80	1470.31	561.10	3.3115	3.3939
869745147816	1487.26	561.59	1470.62	560.22	3.3117	3.3912
869745156148	1487.31	564.18	1477.08	555.64	3.3113	3.3828
869745164482	1484.07	560.27	1470.80	560.44	3.3108	3.3667
869745172814	1487.09	559.45	1470.45	559.56	3.2948	3.3755
869745181147	1485.92	551.07	1476.68	553.12	3.2850	3.3660
869745189481	1485.86	554.24	1471.75	549.97	3.2991	3.3349
869745197814	1485.54	555.80	1475.65	551.87	3.3089	3.3463
869745206147	1480.40	553.51	1467.51	551.92	3.2819	3.3423
869745214481	1482.54	562.24	1474.50	556.77	3.2879	3.3455
869745222814	1482.64	557.01	1474.76	555.07	3.2859	3.3404
869745231148	1487.02	555.02	1471.02	552.24	3.2664	3.3238
869745239481	1474.57	557.65	1475.52	560.78	3.2632	3.3653
869745247814	1474.65	566.11	1473.38	559.92	3.2634	3.3432
869745256146	1477.59	562.80	1476.34	562.35	3.2880	3.3553
869745264480	1482.01	557.34	1471.92	566.81	3.2577	3.3631
869745272813	1480.35	558.12	1473.80	559.47	3.2686	3.3509
869745281150	1482.25	561.49	1470.28	562.22	3.2718	3.3517
869745289484	1481.89	559.40	1470.43	566.02	3.2639	3.3538
869745297817	1482.08	557.35	1469.57	564.14	3.2589	3.3570
869745306150	1475.26	557.51	1470.76	561.97	3.2555	3.3416
869745314484	1480.79	554.08	1477.25	560.14	3.2621	3.3522
869745322817	1479.27	553.84	1466.87	560.65	3.2675	3.3232
869745331150	1485.41	557.81	1477.09	558.26	3.2502	3.3449
869745339483	1476.08	561.65	1472.47	558.85	3.2491	3.3359
869745347816	1480.90	559.84	1471.09	562.68	3.2774	3.3534
869745356150	1479.65	559.00	1478.74	562.08	3.2472	3.3396
869745364483	1486.59	558.20	1477.83	568.09	3.2545	3.3527
869745372816	1472.28	552.18	1477.22	562.00	3.2376	3.3404
869745381149	1481.09	556.35	1480.50	568.35	3.2419	3.3366
869745389483	1481.42	566.86	1479.94	563.20	3.2513	3.3334
869745397816	1476.31	556.12	1479.82	565.45	3.2390	3.3170
869745406149	1473.16	554.42	1475.93	560.08	3.2574	3.3218
869745414487	1478.84	561.96	1475.74	563.66	3.2535	3.3097
869745422820	1469.26	559.89	1473.25	566.21	3.2561	3.3356
869745431153	1480.91	554.79	1474.89	566.65	3.2525	3.3294
869745439487	1508.25	559.27	1479.33	567.78	3.2667	3.3365
869745447820	1556.75	561.78	1545.50	584.53	3.2618	3.3271
869745456153	1585.52	582.10	1561.20	583.29	3.2665	3.3252
869745464487	1581.86	584.62	1564.86	588.44	3.2772	3.3067
869745472820	1569.57	589.82	1571.51	588.51	3.2881	3.3276
869745481154	1572.49	581.48	1571.17	593.02	3.2721	3.3231
869745489487	1573.91	586.29	1572.12	589.57	3.2576	3.3177
869745497819	1578.14	582.28	1573.20	584.92	3.2764	3.3298
869745506152	1574.72	581.32	1573.79	591.68	3.2674	3.3127
869745514486	1573.83	586.87	1578.62	594.40	3.2754	3.3274
869745522819	1575.89	582.97	1579.91	596.30	3.2734	3.3365
869745531151	1576.52	585.87	1577.37	598.35	3.2931	3.3300
869745539491	1570.30	582.27	1579.93	596.68	3.2749	3.3306
869745547825	1573.02	585.56	1579.80	593.67	3.2643	3.3310
869745556157	1574.12	595.34	1579.66	596.86	3.2827	3.3387
869745564491	1578.76	588.61	1576.26	597.76	3.2783	3.3422
869745572824	1577.26	588.52	1571.66	601.18	3.2829	3.3193
869745581157	1577.18	577.14	1573.45	598.96	3.2772	3.3317
869745589490	1577.99	575.83	1576.22	601.95	3.2670	3.3293
869745597824	1581.67	582.32	1575.13	599.07	3.2785	3.3583
869745606158	1575.58	581.66	1575.25	597.48	3.2713	3.3542
869745614490	1578.23	576.67	1581.35	598.95	3.2736	3.3510
869745622824	1579.13	586.16	1583.74	598.27	3.2771	3.3348
869745631157	1579.19	576.97	1582.55	592.90	3.2716	3.3304
869745639490	1578.98	575.74	1580.34	596.54	3.2653	3.3478
869745647824	1582.75	578.46	1582.75	596.09	3.2632	3.3456
869745656156	1582.39	575.83	1580.27	596.02	3.2704	3.3442
869745664489	1581.19	575.85	1581.66	592.64	3.2828	3.3427
869745672826	1582.76	583.19	1584.26	600.76	3.3043	3.3668
869745681159	1580.85	588.57	1574.27	595.65	3.3119	3.3584
869745689493	1581.74	584.28	1575.90	594.95	3.3090	3.3686
869745697826	1581.74	581.12	1575.43	598.29	3.2988	3.3666
869745706159	1580.01	577.77	1578.35	597.30	3.2894	3.3629
869745714492	1575.72	587.39	1573.57	596.20	3.3136	3.3611
869745722826	1579.15	585.72	1575.33	596.13	3.3045	3.3518
869745731159	1580.06	585.01	1577.49	593.30	3.3098	3.3799
869745739491	1581.73	582.19	1583.49	589.91	3.3066	3.3721
869745747826	1584.59	583.89	1580.02	596.00	3.3023	3.3791
869745756159	1590.76	601.75	1573.61	615.55	3.2985	3.3735
869745764492	1583.59	610.47	1582.82	626.09	3.3077	3.3887
869745772825	1586.56	609.32	1588.05	626.00	3.3325	3.3818
869745781158	1586.78	605.24	1589.68	623.75	3.3088	3.3925
869745789491	1582.28	610.62	1581.75	624.51	3.3261	3.3832
869745797828	1585.86	598.15	1584.40	612.03	3.3022	3.3857
869745806161	1581.43	597.95	1582.69	621.17	3.2940	3.3914
869745814494	1586.14	602.95	1582.94	616.85	3.3163	3.4034
869745822827	1588.39	600.48	1588.68	621.09	3.2951	3.4022
869745831160	1586.04	609.72	1588.93	616.27	3.3169	3.4090
869745839493	1585.16	611.15	1588.16	616.11	3.3188	3.3835
869745847827	1587.73	612.17	1586.25	613.71	3.3083	3.3738
869745856160	1584.08	602.22	1587.57	625.03	3.2977	3.4233
869745864493	1586.61	605.40	1580.45	617.32	3.3115	3.3958
869745872827	1591.55	603.80	1586.47	613.30	3.3113	3.3974
869745881160	1586.77	599.07	1585.83	620.18	3.3003	3.4058
869745889492	1588.54	603.57	1587.89	622.28	3.3242	3.4065
869745897826	1589.21	607.67	1586.90	626.71	3.3136	3.4059
869745906159	1591.47	605.52	1586.65	622.91	3.3130	3.4026
869745914492	1590.31	610.54	1585.46	617.23	3.3252	3.4107
869745922826	1586.65	607.57	1581.64	628.28	3.3281	3.4175
869745931165	1587.68	605.36	1590.96	621.02	3.3066	3.4097
869745939499	1586.50	603.84	1589.79	619.67	3.3259	3.4195
869745947832	1592.11	608.67	1588.96	622.54	3.3143	3.4112
869745956165	1587.57	602.38	1587.73	622.45	3.3058	3.4143
869745964498	1589.78	601.44	1587.86	617.99	3.2987	3.4122
869745972832	1587.28	610.73	1588.40	622.32	3.3153	3.4070
869745981165	1589.39	613.41	1587.57	621.17	3.3080	3.4150
869745989498	1586.14	610.55	1590.12	628.98	3.3100	3.4224
869745997832	1588.66	609.53	1589.69	622.32	3.2967	3.4083
869746006165	1593.35	602.39	1591.68	623.53	3.2911	3.3992
869746014498	1596.83	607.65	1589.20	620.19	3.2840	3.3966
869746022832	1589.41	607.53	1585.84	621.49	3.2814	3.3899
869746031165	1589.21	615.14	1587.20	626.81	3.3191	3.4114
869746039498	1593.87	609.05	1590.22	625.95	3.2879	3.4093
869746047831	1603.41	612.25	1591.27	623.85	3.2895	3.4103
869746056164	1595.82	612.64	1587.76	622.69	3.2973	3.3993
