t	gaze_point_LX	gaze_point_LY	gaze_point_RX	gaze_point_RY	pupil_diameter_L	pupil_diameter_R
432316895661	912.55	982.48	919.58	983.42	2.5696	2.7345
432316903994	912.36	980.72	919.15	986.07	2.5730	2.7492
432316912327	910.29	978.97	913.60	985.49	2.5827	2.7694
432316920661	912.78	980.76	912.09	982.65	2.6109	2.7801
432316928994	918.73	974.16	915.03	987.01	2.5986	2.7922
432316937327	920.41	976.01	916.02	979.08	2.6284	2.8015
432316945661	917.36	973.25	916.06	991.83	2.6404	2.8262
432316953993	919.50	974.35	916.25	984.22	2.6576	2.8286
432316962326	918.99	972.05	911.22	984.73	2.6689	2.8307
432316970659	919.19	964.55	912.95	984.80	2.6813	2.8407
432316978993	918.88	973.43	916.57	990.33	2.7073	2.8638
432316987329	922.85	965.41	912.78	988.07	2.7153	2.8709
432316995663	919.65	967.38	914.88	987.11	2.7190	2.8809
432317003996	921.52	964.75	913.08	989.80	2.7413	2.9086
432317012330	931.68	969.63	912.12	981.83	2.7567	2.9042
432317020663	915.68	964.50	926.90	994.56	2.7430	2.9393
432317028996	1002.04	947.25	1009.13	948.33	2.8000	2.9625
432317037329	1087.70	895.72	1103.61	898.67	2.8481	2.9800
432317045661	1161.99	859.09	1173.62	842.50	2.8687	2.9922
432317053996	1196.37	815.18	1215.02	807.99	2.8750	3.0106
432317062329	1219.54	782.07	1234.58	781.36	2.9016	3.0179
432317070663	1243.56	772.37	1238.92	756.57	2.8972	3.0329
432317078996	1242.20	785.40	1232.20	764.23	2.9308	3.0410
432317087329	1246.61	783.33	1233.01	761.25	2.9307	3.0452
432317095663	1235.54	782.60	1231.30	759.54	2.9396	3.0531
432317103996	1237.76	779.30	1231.86	757.20	2.9586	3.0616
432317112334	1234.12	775.31	1224.78	762.68	2.9582	3.0866
432317120667	1238.49	770.23	1224.20	768.38	2.9740	3.0961
432317129000	1239.91	768.28	1228.03	768.58	2.9676	3.1018
432317137333	1236.49	773.37	1226.57	762.02	2.9847	3.1136
432317145667	1234.66	771.78	1225.36	774.68	2.9904	3.1208
432317154001	1237.47	769.74	1224.62	769.79	3.0021	3.1275
432317162333	1238.35	767.33	1220.26	768.98	3.0175	3.1526
432317170668	1238.49	769.72	1229.00	771.91	3.0235	3.1540
432317179000	1241.41	767.72	1229.13	770.87	3.0243	3.1663
432317187334	1244.21	768.98	1231.62	766.88	3.0501	3.1755
432317195667	1250.46	754.27	1245.58	734.49	3.0542	3.2011
432317204000	1277.57	723.57	1263.32	704.14	3.0526	3.1986
432317212333	1280.99	715.51	1280.22	702.25	3.0728	3.2123
432317220666	1281.32	717.16	1273.99	705.95	3.0722	3.2204
432317229000	1277.36	717.39	1273.64	704.44	3.0807	3.2263
432317237333	1276.54	713.10	1268.85	708.00	3.0783	3.2288
432317245672	1281.20	714.30	1265.77	703.31	3.1000	3.2412
432317254006	1279.12	710.78	1266.99	711.83	3.1113	3.2513
432317262339	1283.63	712.13	1262.27	702.44	3.1248	3.2657
432317270673	1280.06	715.94	1262.34	702.62	3.1227	3.2662
432317279006	1279.44	713.68	1266.76	707.04	3.1243	3.2706
432317287339	1276.95	711.64	1262.77	704.97	3.1293	3.2756
432317295672	1275.76	718.38	1268.86	707.57	3.1316	3.2860
432317304006	1273.70	720.56	1270.37	715.68	3.1507	3.2898
432317312339	1271.80	738.81	1263.78	722.98	3.1377	3.3056
432317320672	1257.75	1081.54	1284.78	842.49	2.8594	3.1495
432317329006	NaN	NaN	NaN	NaN	NaN	NaN
432317337339	NaN	NaN	NaN	NaN	NaN	NaN
432317345672	NaN	NaN	NaN	NaN	NaN	NaN
432317354006	NaN	NaN	NaN	NaN	NaN	NaN
432317362338	NaN	NaN	NaN	NaN	NaN	NaN
432317370671	NaN	NaN	NaN	NaN	NaN	NaN
432317379007	NaN	NaN	NaN	NaN	NaN	NaN
432317387340	NaN	NaN	NaN	NaN	NaN	NaN
432317395673	NaN	NaN	NaN	NaN	NaN	NaN
432317404007	NaN	NaN	NaN	NaN	NaN	NaN
432317412340	NaN	NaN	NaN	NaN	NaN	NaN
432317420673	NaN	NaN	NaN	NaN	NaN	NaN
432317429007	NaN	NaN	NaN	NaN	NaN	NaN
432317437340	NaN	NaN	NaN	NaN	NaN	NaN
432317445672	NaN	NaN	NaN	NaN	NaN	NaN
432317454006	NaN	NaN	NaN	NaN	NaN	NaN
432317462339	NaN	NaN	NaN	NaN	NaN	NaN
432317470672	NaN	NaN	NaN	NaN	NaN	NaN
432317479006	NaN	NaN	NaN	NaN	NaN	NaN
432317487339	NaN	NaN	NaN	NaN	NaN	NaN
432317495672	NaN	NaN	NaN	NaN	NaN	NaN
432317504008	NaN	NaN	NaN	NaN	NaN	NaN
432317512342	NaN	NaN	1680.10	969.48	NaN	2.1853
432317520675	NaN	NaN	1326.92	890.35	NaN	3.1614
432317529008	1278.31	870.24	1314.61	868.80	3.1238	3.2628
432317537341	1277.57	790.12	1295.69	796.39	3.2259	3.4016
432317545674	1287.17	730.81	1289.40	743.48	3.3004	3.4788
432317554008	1290.47	703.59	1289.37	711.19	3.3348	3.5147
432317562340	1295.85	690.64	1281.75	709.28	3.3340	3.5259
432317570674	1298.25	697.47	1278.98	708.03	3.3416	3.5341
432317579008	1299.54	695.67	1281.55	700.08	3.3402	3.5434
432317587341	1297.32	701.26	1281.26	693.73	3.3386	3.5403
432317595674	1300.93	711.78	1281.79	696.08	3.3492	3.5434
432317604007	1299.99	714.55	1274.92	696.44	3.3624	3.5537
432317612340	1301.47	712.61	1277.97	698.78	3.3569	3.5612
432317620673	1296.68	716.02	1281.19	695.67	3.3583	3.5558
432317629007	1301.65	708.63	1285.30	698.67	3.3698	3.5652
432317637347	1306.11	703.29	1280.37	698.94	3.3691	3.5670
432317645679	1303.65	709.08	1280.08	699.27	3.3722	3.5631
432317654012	1306.40	705.49	1284.09	697.93	3.3675	3.5632
432317662346	1302.03	709.00	1283.90	699.17	3.3717	3.5736
432317670680	1306.69	708.75	1286.08	702.09	3.3813	3.5793
432317679012	1305.10	704.39	1282.47	706.73	3.3708	3.5766
432317687346	1300.60	712.56	1290.07	703.15	3.3812	3.5864
432317695679	1303.12	712.14	1288.44	701.17	3.3763	3.5821
432317704012	1302.63	702.98	1284.96	708.57	3.3887	3.5851
432317712345	1303.21	702.51	1288.25	705.83	3.3857	3.5862
432317720678	1303.49	697.44	1281.94	707.55	3.3874	3.5825
432317729011	1305.71	693.96	1282.72	708.76	3.3873	3.5954
432317737345	1305.24	697.87	1275.03	710.01	3.3925	3.5974
432317745678	1304.03	693.69	1278.77	711.30	3.4158	3.5878
432317754011	1306.32	692.55	1273.32	710.07	3.4032	3.6021
432317762345	1307.09	691.84	1274.77	713.64	3.4088	3.6092
432317770682	1306.03	694.71	1272.66	714.94	3.4182	3.6118
432317779015	1300.93	691.40	1273.21	707.44	3.4124	3.6001
432317787349	1302.41	696.14	1271.06	704.42	3.4181	3.6132
432317795682	1298.92	691.35	1278.06	701.86	3.4104	3.6152
432317804015	1301.43	693.58	1276.88	708.62	3.4178	3.6264
432317812349	1305.19	690.94	1270.88	708.42	3.4292	3.6260
432317820682	1305.00	696.90	1274.11	707.80	3.4320	3.6324
432317829015	1301.01	685.24	1279.34	700.84	3.4202	3.6264
432317837349	1289.28	688.87	1270.36	705.55	3.4273	3.6320
432317845682	1291.96	691.93	1272.45	706.08	3.4283	3.6425
432317854014	1296.12	683.69	1273.61	700.66	3.4462	3.6386
432317862348	1290.55	691.34	1278.70	703.02	3.4399	3.6488
432317870681	1294.04	687.77	1277.94	706.21	3.4378	3.6446
432317879014	1293.30	680.68	1273.62	703.36	3.4402	3.6472
432317887348	1295.25	685.43	1273.37	697.90	3.4370	3.6520
432317895681	1292.63	684.57	1264.70	706.30	3.4370	3.6600
432317904018	1286.26	677.49	1260.97	699.02	3.4477	3.6706
432317912352	1282.02	683.57	1268.02	699.04	3.4458	3.6629
432317920685	1279.82	690.57	1261.44	703.02	3.4467	3.6724
432317929018	1283.92	694.46	1260.95	708.13	3.4571	3.6793
432317937351	1283.13	690.88	1263.96	703.78	3.4519	3.6785
432317945684	1288.63	696.03	1269.28	709.52	3.4595	3.6843
432317954017	1290.33	698.55	1281.83	712.89	3.4756	3.6886
432317962351	1292.18	683.79	1273.70	716.79	3.4615	3.6914
432317970684	1284.98	686.69	1270.22	715.41	3.4767	3.6992
432317979017	1279.32	687.93	1264.82	711.26	3.4707	3.6977
432317987351	1276.40	693.20	1263.51	709.10	3.4581	3.6937
432317995684	1276.88	694.84	1261.68	709.12	3.4620	3.7025
432318004017	1279.49	697.96	1262.54	714.83	3.4655	3.7090
432318012350	1274.44	696.43	1260.65	710.15	3.4735	3.7060
432318020684	1268.97	705.72	1255.78	716.78	3.4810	3.7131
432318029021	1274.54	700.48	1260.48	709.33	3.4728	3.7103
432318037354	1276.78	703.05	1260.84	719.68	3.4722	3.7209
432318045687	1285.16	696.27	1271.39	712.09	3.4847	3.7322
432318054021	1287.36	700.10	1275.88	708.81	3.4933	3.7307
432318062355	1291.45	700.37	1276.04	703.74	3.4850	3.7258
432318070687	1291.94	698.54	1278.29	699.61	3.4908	3.7348
432318079020	1300.15	699.24	1282.99	699.30	3.4954	3.7397
432318087355	1298.53	694.61	1288.08	698.81	3.4962	3.7539
432318095687	1300.12	686.74	1288.90	695.10	3.4848	3.7442
432318104019	1296.32	695.62	1280.63	700.11	3.5046	3.7584
432318112353	1293.88	692.12	1281.07	699.53	3.4981	3.7485
432318120686	1293.48	693.79	1276.85	697.07	3.4935	3.7621
432318129019	1294.10	692.79	1277.34	693.99	3.4896	3.7543
432318137352	1290.51	696.53	1278.10	689.72	3.4890	3.7559
432318145686	1294.88	700.02	1274.12	694.18	3.4940	3.7757
432318154019	1292.52	703.65	1282.68	688.71	3.4829	3.7614
432318162359	1295.41	709.54	1280.67	688.97	3.4945	3.7709
432318170693	1295.66	718.22	1283.46	685.76	3.4999	3.7705
432318179025	1297.66	711.40	1288.23	678.81	3.4895	3.7629
432318187358	1297.04	712.11	1283.64	679.68	3.4913	3.7581
432318195693	1295.22	712.85	1280.92	687.95	3.4815	3.7731
432318204026	1294.46	710.23	1284.10	685.79	3.4783	3.7636
432318212359	1295.03	703.86	1283.16	687.73	3.4760	3.7625
432318220693	1290.56	707.61	1286.81	681.87	3.4803	3.7663
432318229026	1290.48	711.15	1283.36	690.52	3.4744	3.7705
432318237359	1294.22	705.92	1283.43	680.12	3.4671	3.7667
432318245693	1291.17	708.23	1281.85	680.63	3.4671	3.7638
432318254025	1288.75	705.79	1282.83	682.57	3.4596	3.7598
432318262358	1289.43	713.11	1281.21	677.65	3.4574	3.7479
432318270692	1292.70	711.67	1280.87	681.46	3.4580	3.7594
432318279025	1290.24	711.52	1282.08	681.12	3.4645	3.7533
432318287358	1294.02	712.51	1283.44	682.99	3.4584	3.7477
432318295696	1292.17	712.56	1287.41	687.59	3.4453	3.7484
432318304029	1292.12	720.48	1285.77	686.06	3.4377	3.7466
432318312362	1291.30	710.11	1287.92	686.28	3.4354	3.7389
432318320696	1292.95	709.61	1285.53	687.32	3.4359	3.7399
432318329029	1288.29	713.43	1286.18	696.71	3.4306	3.7345
432318337361	1291.43	706.91	1287.22	692.76	3.4310	3.7338
432318345695	1291.54	711.22	1283.08	695.93	3.4318	3.7388
432318354028	1291.59	709.67	1285.28	696.19	3.4171	3.7252
432318362361	1294.88	711.82	1280.42	704.65	3.4345	3.7333
432318370695	1298.18	706.81	1281.53	696.66	3.4091	3.7137
432318379028	1297.08	705.78	1277.18	705.51	3.4176	3.7288
432318387361	1296.56	713.57	1275.87	700.13	3.4186	3.7096
432318395695	1291.96	713.25	1276.41	696.27	3.4050	3.7142
432318404028	1293.73	721.30	1274.16	697.90	3.4071	3.7128
432318412361	1291.18	718.09	1276.91	698.99	3.4140	3.7082
432318420694	1281.90	717.21	1272.03	696.36	3.3877	3.7048
432318429032	1287.52	718.92	1269.20	690.55	3.3947	3.7182
432318437365	1287.52	707.83	1273.03	680.13	3.3887	3.7140
432318445699	1287.57	710.80	1270.50	684.39	3.3747	3.7083
432318454032	1289.75	716.08	1268.53	686.01	3.3947	3.7040
432318462365	1284.32	715.82	1269.06	685.68	3.3864	3.7104
432318470699	1288.72	719.94	1264.27	689.78	3.3869	3.7150
432318479032	1289.37	714.44	1268.93	692.25	3.3797	3.7181
432318487365	1289.32	716.02	1267.81	687.01	3.3897	3.7100
432318495699	1283.92	713.33	1266.26	685.69	3.3814	3.7170
432318504031	1286.50	707.07	1263.35	691.79	3.3822	3.7263
432318512364	1289.70	715.34	1270.42	687.49	3.3777	3.7097
432318520698	1284.74	717.34	1271.01	688.06	3.3838	3.7125
432318529032	1288.15	709.81	1268.32	691.81	3.3816	3.7150
432318537365	1293.07	714.48	1269.90	688.01	3.3820	3.7193
432318545698	1288.88	717.75	1268.08	687.63	3.3965	3.7300
432318554034	1286.91	714.93	1266.55	694.90	3.3981	3.7352
432318562367	1292.35	714.24	1267.36	688.63	3.3929	3.7315
432318570700	1291.96	710.54	1267.77	687.85	3.3912	3.7317
432318579033	1295.89	713.07	1272.02	684.53	3.3940	3.7346
432318587366	1293.76	715.88	1265.89	687.48	3.3971	3.7442
432318595699	1293.26	718.54	1266.13	685.25	3.4020	3.7431
432318604033	1289.43	710.71	1265.10	689.27	3.3955	3.7479
432318612366	1291.15	710.18	1266.66	679.42	3.4029	3.7394
432318620699	1283.63	710.01	1264.09	679.98	3.3990	3.7352
432318629033	1289.98	712.56	1261.71	682.91	3.4095	3.7507
432318637366	1294.86	707.74	1260.49	682.38	3.4112	3.7440
432318645698	1290.96	708.49	1260.62	679.26	3.4110	3.7431
432318654032	1287.18	709.95	1257.71	684.02	3.4167	3.7514
432318662365	1291.88	709.20	1255.72	693.24	3.4105	3.7654
432318670697	1288.59	713.94	1257.33	689.94	3.4216	3.7667
432318679032	1288.01	710.27	1256.02	692.60	3.4250	3.7660
432318687372	1290.53	710.33	1257.74	690.90	3.4209	3.7647
432318695705	1290.47	705.88	1255.63	688.98	3.4212	3.7689
432318704039	1288.85	713.33	1252.70	688.49	3.4304	3.7682
432318712372	1292.83	711.52	1250.93	690.59	3.4345	3.7762
432318720705	1288.76	707.57	1251.20	688.14	3.4353	3.7764
432318729039	1283.86	705.92	1255.20	686.28	3.4482	3.7812
432318737372	1286.16	705.44	1258.37	679.13	3.4342	3.7913
432318745704	1282.93	705.29	1255.42	680.70	3.4351	3.7901
432318754037	1286.92	704.16	1257.70	677.00	3.4424	3.7963
432318762370	1286.11	694.34	1257.57	680.70	3.4390	3.7999
432318770703	1283.86	700.13	1258.98	678.02	3.4525	3.7967
432318779037	1283.74	700.41	1260.38	678.07	3.4463	3.8103
432318787370	1287.78	699.50	1258.66	678.39	3.4491	3.8164
432318795703	1286.80	698.93	1253.13	674.37	3.4543	3.8132
432318804037	1286.70	697.18	1261.77	672.36	3.4478	3.8151
432318812370	1286.46	693.66	1260.74	672.06	3.4538	3.8199
432318820707	1289.35	698.48	1260.03	672.00	3.4612	3.8229
432318829041	1289.83	693.36	1258.91	674.02	3.4593	3.8290
432318837374	1288.18	704.04	1261.30	680.06	3.4684	3.8360
432318845707	1288.11	700.39	1261.39	674.57	3.4823	3.8405
432318854041	1289.07	706.99	1263.33	684.57	3.4767	3.8574
432318862374	1291.62	705.96	1261.92	684.79	3.4748	3.8614
432318870707	1287.17	698.41	1264.50	679.62	3.4839	3.8682
432318879041	1291.64	704.34	1265.11	683.77	3.4895	3.8681
432318887375	1291.37	702.71	1265.58	684.18	3.4958	3.8824
432318895707	1294.50	698.48	1268.14	685.01	3.4913	3.8912
432318904041	1291.46	704.13	1268.96	682.24	3.5000	3.8800
432318912373	1286.77	704.76	1270.46	687.59	3.5065	3.9031
432318920706	1289.42	704.35	1262.88	690.00	3.4967	3.8994
432318929040	1286.68	710.79	1262.67	701.16	3.5146	3.9180
432318937374	1285.95	710.40	1260.03	695.38	3.5121	3.9151
432318945710	1282.94	712.76	1254.37	692.71	3.5225	3.9173
432318954045	1283.50	710.52	1252.57	692.12	3.5197	3.9246
432318962377	1283.86	711.67	1250.96	684.29	3.5254	3.9274
432318970711	1283.37	699.81	1248.40	676.98	3.5206	3.9440
432318979045	1289.62	700.15	1252.27	683.64	3.5405	3.9461
432318987376	1292.77	696.14	1254.72	675.01	3.5418	3.9454
432318995709	1296.66	694.59	1257.62	687.69	3.5537	3.9582
432319004043	1295.75	695.34	1257.19	684.43	3.5413	3.9666
432319012376	1291.83	692.50	1261.37	684.78	3.5568	3.9775
432319020709	1296.35	691.17	1263.31	683.77	3.5534	3.9853
432319029043	1299.37	694.34	1265.05	671.78	3.5580	3.9921
432319037376	1296.30	696.51	1265.24	669.34	3.5791	3.9814
432319045709	1295.80	706.04	1262.76	679.71	3.5792	3.9990
432319054042	1291.82	713.80	1264.13	689.62	3.5856	4.0036
432319062376	1294.72	714.73	1257.08	687.49	3.5835	4.0111
432319070709	1295.73	713.30	1250.24	691.11	3.5862	4.0165
432319079046	1288.21	712.58	1249.25	689.87	3.5886	4.0163
432319087380	1283.75	709.77	1252.94	678.65	3.5971	4.0202
432319095713	1283.80	705.39	1249.95	676.80	3.6057	4.0255
432319104047	1284.93	693.59	1255.71	666.26	3.6025	4.0274
432319112380	1276.06	690.24	1255.46	672.20	3.6019	4.0393
432319120712	1283.01	689.44	1254.93	674.35	3.6044	4.0318
432319129045	1286.16	697.02	1258.23	688.19	3.6151	4.0405
432319137379	1286.80	697.64	1260.70	687.62	3.6134	4.0320
432319145712	1286.28	694.19	1271.71	679.80	3.6034	4.0171
432319154044	1329.79	759.54	1297.57	751.47	3.5946	4.0290
432319162378	1346.81	808.28	1314.67	791.38	3.5747	4.0326
432319170711	1344.63	851.42	1327.21	839.99	3.5916	4.0289
432319179045	1341.47	850.90	1312.33	853.39	3.5799	3.9858
432319187379	1345.36	839.19	1316.03	834.02	3.5673	3.9621
432319195712	1345.25	841.87	1313.97	837.32	3.5457	3.9479
432319204046	1343.83	843.86	1318.35	835.79	3.5216	3.9211
432319212386	1345.74	844.06	1315.89	832.01	3.5040	3.9087
432319220719	1343.07	847.41	1313.15	837.20	3.4830	3.8925
432319229052	1346.06	848.03	1317.38	830.26	3.4655	3.8587
432319237385	1354.94	850.23	1316.22	830.39	3.4381	3.8456
432319245718	1344.82	846.94	1320.80	823.07	3.4152	3.8142
432319254051	1346.75	849.37	1323.10	820.70	3.3967	3.7929
432319262385	1343.12	853.34	1325.00	813.40	3.3762	3.7684
432319270718	1343.72	843.33	1326.97	810.58	3.3542	3.7507
432319279051	1339.29	844.84	1335.14	808.28	3.3442	3.7260
432319287385	1342.63	839.96	1333.94	804.04	3.3106	3.6958
432319295718	1338.85	841.37	1330.37	810.52	3.3040	3.6852
432319304051	1343.26	844.75	1339.59	805.09	3.2756	3.6534
432319312384	1336.50	843.10	1331.98	814.49	3.2491	3.6469
432319320717	1342.01	856.84	1342.10	807.39	3.2533	3.5964
432319329050	1342.93	862.45	1331.88	816.34	3.2298	3.5865
432319337384	1345.74	854.28	1331.65	815.25	3.2116	3.5601
432319345721	1344.76	855.71	1324.98	822.58	3.2068	3.5548
432319354054	1348.40	855.03	1322.06	816.68	3.1670	3.5256
432319362388	1340.89	859.47	1318.73	818.71	3.1639	3.5284
432319370721	1335.90	849.50	1325.31	811.56	3.1539	3.5089
432319379054	1331.14	845.11	1329.54	804.70	3.1532	3.4870
432319387388	1329.51	847.08	1328.59	808.99	3.1361	3.4675
432319395720	1335.09	841.68	1333.36	817.22	3.1318	3.4654
432319404053	1335.21	847.27	1339.29	815.26	3.1171	3.4462
432319412387	1334.84	843.79	1341.96	815.14	3.1029	3.4328
432319420720	1334.71	847.28	1338.16	805.73	3.0910	3.4230
432319429052	1336.07	852.50	1338.62	814.97	3.0881	3.4177
432319437386	1329.51	856.12	1339.08	827.01	3.0678	3.4069
432319445720	1331.85	866.16	1340.70	826.51	3.0791	3.3880
432319454053	1332.95	861.29	1335.77	833.80	3.0736	3.3605
432319462387	1336.22	860.91	1329.84	828.87	3.0592	3.3515
432319470722	1335.62	852.81	1330.31	833.68	3.0491	3.3370
432319479054	1337.59	860.74	1332.75	834.87	3.0577	3.3291
432319487388	1336.85	862.68	1329.18	830.85	3.0360	3.3242
432319495721	1344.16	854.65	1326.87	833.87	3.0174	3.3173
432319504054	1336.05	864.75	1326.11	826.97	3.0101	3.3059
432319512388	1338.02	870.94	1324.63	826.78	3.0196	3.2964
432319520721	1335.14	864.38	1322.22	823.80	3.0098	3.3033
432319529054	1338.59	854.74	1326.90	809.71	2.9979	3.2840
432319537388	1334.78	859.39	1331.20	812.15	2.9985	3.2699
432319545721	1336.52	854.16	1328.80	816.10	2.9940	3.2689
432319554052	1335.16	856.81	1326.56	807.06	2.9872	3.2633
432319562387	1339.12	857.72	1332.21	815.34	2.9748	3.2638
432319570720	1332.71	859.09	1327.98	818.11	2.9792	3.2565
432319579053	1337.55	862.26	1327.46	825.22	2.9594	3.2716
432319587387	1337.48	863.05	1325.27	825.73	2.9548	3.2418
432319595720	1339.87	853.47	1326.47	831.80	2.9540	3.2428
432319604061	1342.36	860.82	1326.10	835.07	2.9570	3.2475
432319612395	1338.06	857.21	1324.22	826.13	2.9576	3.2410
432319620728	1341.13	853.56	1328.33	835.10	2.9521	3.2338
432319629061	1338.46	858.89	1334.89	828.43	2.9582	3.2168
432319637394	1342.16	859.55	1327.76	829.71	2.9484	3.2306
432319645727	1336.17	866.59	1327.41	822.33	2.9490	3.2148
432319654060	1339.35	867.81	1331.97	813.69	2.9468	3.1935
432319662393	1339.31	865.30	1333.61	816.41	2.9500	3.1985
432319670727	1341.21	862.66	1334.63	815.06	2.9501	3.1960
432319679060	1338.02	863.22	1329.80	820.66	2.9349	3.1894
432319687393	1341.40	862.97	1331.99	820.08	2.9278	3.1990
432319695727	1336.16	863.87	1337.88	820.15	2.9404	3.1840
432319704060	1340.71	861.07	1332.01	815.53	2.9274	3.1813
432319712394	1341.97	864.83	1329.29	817.42	2.9348	3.1832
432319720726	1345.11	866.41	1336.74	813.52	2.9307	3.1764
432319729059	1340.29	861.64	1332.65	822.34	2.9213	3.1816
432319737397	1345.55	865.28	1333.01	820.00	2.9226	3.1767
432319745730	1336.76	866.45	1334.21	816.35	2.9188	3.1691
432319754063	1340.50	863.23	1337.41	813.61	2.9156	3.1712
432319762397	1345.79	857.19	1336.73	815.53	2.9115	3.1732
432319770731	1342.55	862.64	1336.97	815.10	2.9182	3.1617
432319779064	1341.49	863.24	1334.29	819.27	2.9145	3.1604
432319787397	1344.29	864.47	1338.33	817.78	2.9061	3.1553
432319795730	1341.13	866.01	1337.35	808.20	2.9077	3.1365
432319804063	1341.67	878.37	1332.98	812.20	2.9226	3.1559
432319812396	1339.05	867.64	1333.52	814.36	2.9134	3.1428
432319820730	1342.10	869.41	1338.50	810.51	2.9092	3.1446
432319829063	1337.79	871.10	1332.22	811.00	2.9159	3.1428
432319837396	1334.35	858.65	1333.92	818.02	2.9169	3.1438
432319845730	1343.42	867.31	1327.34	830.82	2.9245	3.1589
432319854063	1339.87	866.37	1330.10	823.89	2.9240	3.1504
432319862396	1341.30	862.53	1338.47	829.32	2.9212	3.1411
432319870734	1339.30	865.31	1334.76	826.47	2.9307	3.1318
432319879067	1345.28	863.68	1333.48	831.66	2.9409	3.1439
432319887400	1340.63	869.50	1337.50	830.41	2.9454	3.1472
432319895734	1344.02	865.77	1336.41	827.06	2.9402	3.1518
432319904067	1344.82	864.81	1328.67	820.96	2.9333	3.1422
432319912400	1342.22	862.96	1331.98	815.44	2.9486	3.1388
432319920734	1345.23	865.94	1339.59	816.48	2.9540	3.1375
432319929067	1342.30	862.84	1335.28	813.59	2.9531	3.1435
432319937400	1338.47	864.34	1335.10	820.93	2.9543	3.1551
432319945733	1343.17	867.53	1340.77	813.03	2.9476	3.1488
432319954066	1338.75	857.68	1332.98	823.40	2.9456	3.1416
432319962399	1343.66	866.53	1340.63	819.14	2.9556	3.1537
432319970733	1335.80	870.61	1337.95	819.13	2.9657	3.1417
432319979066	1287.20	852.28	1314.91	819.27	2.9576	3.1569
432319987399	1254.48	842.39	1256.50	802.10	2.9705	3.1536
432319995738	1218.08	832.99	1239.55	796.38	2.9653	3.1617
432320004071	1214.17	825.73	1237.93	807.37	2.9727	3.1731
432320012404	1211.95	827.37	1232.48	809.20	2.9725	3.1700
432320020737	1214.75	825.08	1232.06	808.78	2.9704	3.1727
432320029071	1214.13	828.38	1228.47	804.58	2.9680	3.1763
432320037403	1216.76	820.91	1237.36	803.10	2.9814	3.1565
432320045737	1215.03	824.55	1233.72	809.71	2.9705	3.1747
432320054069	1213.93	828.20	1233.60	809.58	2.9931	3.1818
432320062402	1217.32	824.01	1232.83	810.94	2.9762	3.1672
432320070736	1218.85	824.53	1232.46	813.57	2.9864	3.1704
432320079070	1222.07	821.20	1228.77	803.80	2.9901	3.1618
432320087403	1219.59	824.59	1227.27	806.30	2.9887	3.1707
432320095737	1223.04	827.38	1227.74	807.79	2.9986	3.1610
432320104070	1221.36	821.55	1228.51	808.41	2.9831	3.1732
432320112403	1222.08	826.87	1228.41	799.72	2.9847	3.1629
432320120737	1220.61	825.56	1228.35	792.11	2.9893	3.1506
432320129073	1223.05	824.06	1225.14	802.92	2.9877	3.1622
432320137406	1220.79	822.33	1228.39	801.60	2.9847	3.1483
432320145740	1221.44	823.94	1227.54	799.54	2.9836	3.1547
432320154073	1224.55	824.63	1220.53	797.69	2.9812	3.1654
432320162406	1223.83	827.55	1224.13	801.99	2.9739	3.1608
432320170740	1223.27	823.42	1226.29	799.92	2.9820	3.1517
432320179073	1228.13	823.69	1228.89	799.20	2.9851	3.1548
432320187406	1222.75	828.75	1222.70	805.42	2.9833	3.1521
432320195740	1226.54	826.16	1226.70	795.51	2.9839	3.1458
432320204072	1222.31	816.05	1218.61	801.53	2.9846	3.1411
432320212405	1222.37	801.51	1220.78	798.43	2.9847	3.1299
432320220739	1225.55	808.56	1219.41	797.52	2.9787	3.1344
432320229072	1224.19	808.28	1218.76	799.31	2.9744	3.1365
432320237406	1225.49	809.51	1221.20	795.69	2.9748	3.1244
432320245740	1223.53	808.80	1219.90	800.66	2.9710	3.1218
432320254073	1226.36	811.11	1219.36	794.82	2.9852	3.1191
432320262410	1224.32	811.71	1221.38	801.75	2.9785	3.1142
432320270744	1226.65	808.37	1215.91	804.23	2.9698	3.1277
432320279077	1226.26	805.24	1217.83	802.12	2.9858	3.1150
432320287409	1225.56	810.26	1219.04	800.26	2.9798	3.1215
432320295743	1220.71	809.63	1220.39	800.87	2.9773	3.1125
432320304076	1228.73	804.41	1225.71	797.54	2.9660	3.1093
432320312409	1218.77	807.66	1220.53	800.82	2.9629	3.1132
432320320743	1223.67	812.71	1220.77	799.33	2.9799	3.1157
432320329076	1222.31	814.53	1224.50	799.07	2.9749	3.1064
432320337409	1221.22	805.54	1223.82	794.65	2.9764	3.1131
432320345742	1217.84	808.53	1224.78	799.50	2.9661	3.1115
432320354076	1216.81	810.71	1227.03	796.78	2.9764	3.1173
432320362409	1219.48	806.43	1231.33	800.99	2.9684	3.1324
432320370741	1218.16	810.11	1233.58	801.92	2.9821	3.1119
432320379075	1210.82	805.31	1236.75	803.92	2.9806	3.1198
432320387410	1214.76	804.67	1234.85	804.49	2.9739	3.1155
432320395743	1212.51	805.54	1229.44	802.53	2.9732	3.1208
432320404077	1209.94	802.77	1231.56	801.89	2.9722	3.1169
432320412410	1216.26	809.97	1237.48	803.43	2.9807	3.1127
432320420743	1214.84	813.02	1230.09	808.29	2.9858	3.1220
432320429076	1213.19	806.33	1236.98	803.00	2.9709	3.1035
432320437410	1211.64	811.12	1234.63	797.12	2.9869	3.1119
432320445743	1215.25	807.26	1230.62	803.86	2.9786	3.1156
432320454076	1242.21	814.73	1245.53	807.69	2.9803	3.1337
432320462409	1303.42	841.83	1309.56	827.36	2.9771	3.0983
432320470742	1335.11	882.27	1347.78	835.93	2.9946	3.1123
432320479076	1361.86	873.95	1362.26	843.09	2.9814	3.1008
432320487408	1354.09	872.58	1356.92	859.34	2.9972	3.1025
432320495742	1350.93	870.00	1348.32	866.59	2.9928	3.1193
432320504076	1356.73	871.27	1354.73	858.04	2.9986	3.1082
432320512409	1356.11	860.81	1346.06	867.02	2.9935	3.1167
432320520750	1359.40	865.79	1356.14	860.53	3.0081	3.0968
432320529083	1353.94	866.38	1349.42	861.65	3.0110	3.1094
432320537416	1359.69	866.35	1350.93	858.57	3.0063	3.0985
432320545749	1363.79	862.93	1354.22	862.44	3.0061	3.0961
432320554083	1364.28	855.47	1352.71	863.35	2.9895	3.1064
432320562416	1362.68	862.53	1356.38	856.96	2.9973	3.1062
432320570749	1359.65	872.17	1347.64	867.41	2.9979	3.1151
432320579083	1364.88	870.20	1358.10	858.80	3.0054	3.1014
432320587416	1364.89	860.77	1351.62	860.85	2.9859	3.1148
432320595749	1364.38	870.23	1350.57	859.14	3.0008	3.1224
432320604083	1361.88	864.14	1357.15	860.37	2.9831	3.1219
432320612415	1360.02	870.52	1353.30	858.35	2.9957	3.1167
432320620748	1360.55	868.08	1353.84	855.44	2.9935	3.1229
432320629082	1361.37	870.49	1357.19	856.84	2.9823	3.1184
432320637415	1362.48	864.31	1351.77	857.25	2.9813	3.1274
432320645748	1364.49	871.03	1360.45	855.08	2.9935	3.1206
432320654088	1363.66	865.04	1356.70	857.16	2.9919	3.1296
432320662421	1358.80	857.53	1352.52	860.81	2.9878	3.1393
432320670754	1359.66	854.18	1357.49	858.35	2.9950	3.1393
432320679088	1367.05	859.18	1356.94	862.90	2.9864	3.1301
432320687421	1362.52	857.01	1359.63	862.97	3.0007	3.1301
432320695753	1369.50	858.06	1354.09	865.51	2.9917	3.1431
432320704087	1362.27	845.75	1348.66	851.56	2.9704	3.1550
432320712420	1352.84	859.57	1346.88	831.54	2.9956	3.1455
432320720753	1356.42	856.68	1337.81	828.36	3.0160	3.1356
432320729087	1352.13	861.73	1338.72	829.00	3.0211	3.1391
432320737420	1361.70	855.61	1344.59	824.23	3.0030	3.1412
432320745753	1357.44	858.24	1341.87	837.33	3.0002	3.1463
432320754086	1357.38	858.03	1341.12	827.92	2.9989	3.1273
432320762420	1354.74	862.94	1341.82	826.65	3.0059	3.1275
432320770753	1359.13	866.43	1344.37	826.05	3.0074	3.1358
432320779086	1357.75	868.44	1343.40	830.98	2.9909	3.1506
432320787422	1359.09	863.16	1341.75	832.84	2.9952	3.1480
432320795755	1355.35	859.56	1341.30	833.43	2.9938	3.1391
432320804089	1359.33	865.35	1341.47	835.28	2.9917	3.1501
432320812422	1355.01	855.63	1341.73	830.24	2.9840	3.1361
432320820755	1361.79	861.81	1344.74	827.54	2.9921	3.1161
432320829088	1357.43	862.28	1340.74	833.39	2.9959	3.1366
432320837422	1356.64	866.80	1339.72	832.32	2.9868	3.1398
432320845755	1358.38	864.52	1341.14	827.59	2.9921	3.1279
432320854087	1355.70	860.51	1344.32	834.16	2.9787	3.1371
432320862421	1355.39	862.20	1345.81	833.44	2.9798	3.1295
432320870754	1351.65	857.78	1342.89	833.29	2.9763	3.1236
432320879087	1355.33	860.87	1342.45	828.92	2.9780	3.1319
432320887421	1357.08	864.41	1342.83	829.81	2.9804	3.1289
432320895754	1355.98	860.59	1344.80	828.09	2.9765	3.1312
432320904087	1355.00	861.79	1346.47	837.46	2.9762	3.1257
432320912425	1355.47	864.99	1346.06	824.42	2.9651	3.1157
432320920758	1354.27	859.15	1345.26	834.00	2.9756	3.1209
432320929091	1351.23	861.76	1345.55	832.09	2.9675	3.1254
432320937424	1351.69	862.00	1339.88	834.20	2.9734	3.1206
432320945757	1362.63	863.25	1342.39	836.84	2.9656	3.1329
432320954090	1362.03	861.59	1340.75	831.29	2.9572	3.1149
432320962424	1358.09	865.35	1343.32	829.61	2.9527	3.1156
432320970757	1352.54	863.33	1336.06	833.58	2.9549	3.1128
432320979090	1365.48	862.20	1348.29	832.30	2.9515	3.1173
432320987424	1387.91	865.59	1375.56	835.99	2.9377	3.0946
432320995757	1383.50	868.38	1375.38	838.28	2.9269	3.1038
432321004090	1382.03	860.92	1377.48	828.35	2.9268	3.0939
432321012424	1382.04	856.45	1366.73	835.30	2.9166	3.0996
432321020757	1381.51	864.10	1370.70	837.67	2.9163	3.1015
432321029090	1384.58	860.59	1364.13	837.95	2.9122	3.0974
432321037424	1376.86	870.01	1369.84	834.05	2.9206	3.0927
432321045763	1379.49	861.13	1375.41	829.20	2.9148	3.0762
432321054096	1376.84	857.60	1365.31	838.73	2.9021	3.0838
432321062430	1377.28	859.80	1372.35	833.89	2.9183	3.0749
432321070763	1384.49	857.67	1372.08	828.55	2.9093	3.0733
432321079096	1373.79	817.92	1360.23	809.99	2.9029	3.0909
432321087430	1357.95	714.04	1367.86	715.97	2.9256	3.1129
432321095763	1346.22	627.12	1370.83	619.23	2.9305	3.0993
432321104095	1337.04	543.29	1363.12	545.01	2.9229	3.0787
432321112429	1347.84	536.92	1354.37	537.21	2.8950	3.0574
432321120762	1343.93	540.65	1348.16	548.37	2.9195	3.0701
432321129095	1348.88	538.93	1352.61	538.44	2.9127	3.0919
432321137429	1344.98	535.63	1354.82	537.35	2.9293	3.0809
432321145762	1342.58	538.53	1353.58	537.26	2.9043	3.0789
432321154095	1343.39	539.05	1353.29	538.83	2.8954	3.0723
432321162429	1336.35	541.66	1351.25	535.90	2.8972	3.0563
432321170762	1342.32	543.11	1353.59	538.04	2.9048	3.0531
432321179098	1341.30	542.92	1351.64	540.98	2.8871	3.0503
432321187432	1346.12	544.88	1347.50	543.24	2.8853	3.0368
432321195765	1346.10	544.09	1344.37	542.14	2.8857	3.0302
432321204098	1338.62	549.86	1347.70	542.15	2.8795	3.0419
432321212432	1339.69	547.37	1349.85	546.23	2.8710	3.0268
432321220765	1344.30	542.38	1346.65	548.57	2.8641	3.0183
432321229098	1343.83	547.95	1349.14	545.28	2.8524	3.0122
432321237432	1345.87	540.08	1347.71	546.54	2.8606	3.0125
432321245765	1347.78	539.60	1344.57	546.43	2.8586	3.0043
432321254098	1342.97	545.87	1345.27	547.56	2.8584	3.0080
432321262431	1351.32	546.12	1351.61	544.79	2.8542	3.0008
432321270764	1346.11	547.74	1347.48	549.56	2.8513	2.9897
432321279097	1346.00	546.82	1348.47	549.22	2.8304	2.9900
432321287431	1355.85	543.87	1347.23	547.42	2.8422	2.9941
432321295764	1354.76	545.18	1349.23	544.13	2.8304	2.9751
432321304097	1350.12	554.08	1348.64	544.09	2.8370	2.9712
432321312436	1349.30	544.74	1347.96	547.15	2.8197	2.9684
432321320769	1354.12	544.28	1349.48	545.74	2.8190	2.9729
432321329102	1351.16	547.56	1348.95	546.59	2.8145	2.9516
432321337436	1349.53	543.98	1346.86	546.85	2.8136	2.9567
432321345768	1352.12	547.41	1351.99	543.76	2.7987	2.9487
432321354101	1351.74	543.16	1349.26	549.49	2.7964	2.9488
432321362435	1357.44	546.78	1348.66	551.53	2.7908	2.9419
432321370768	1354.09	555.15	1350.23	542.94	2.7828	2.9386
432321379101	1351.30	546.50	1351.51	552.90	2.7756	2.9271
432321387435	1349.83	552.08	1346.68	550.66	2.7646	2.9284
432321395768	1354.81	551.42	1347.43	551.04	2.7597	2.9206
432321404101	1352.42	551.14	1348.71	547.80	2.7664	2.9068
432321412434	1357.53	556.43	1353.38	549.99	2.7646	2.8976
432321420768	1347.98	549.43	1350.87	546.20	2.7548	2.8784
432321429100	1346.54	556.03	1348.80	547.32	2.7304	2.8788
432321437437	1346.58	554.08	1350.07	555.57	2.7341	2.8983
432321445771	1344.82	551.71	1350.19	553.78	2.7144	2.8702
432321454104	1345.50	552.35	1354.98	545.97	2.7170	2.8655
432321462437	1346.95	551.13	1350.70	553.83	2.7121	2.8778
432321470771	1346.61	543.76	1355.05	543.32	2.6900	2.8592
432321479104	1339.12	555.99	1351.16	550.59	2.7052	2.8656
432321487437	1345.88	549.18	1354.35	545.08	2.6987	2.8363
432321495771	1335.95	554.92	1346.07	549.49	2.6820	2.8373
432321504104	1331.77	568.60	1344.71	563.50	2.6927	2.8450
432321512436	1303.40	642.72	1301.80	621.21	2.6980	2.8605
432321520770	1283.84	723.09	1259.01	702.93	2.6923	2.8579
432321529103	1276.59	774.32	1247.72	760.66	2.6873	2.8428
432321537436	1262.03	815.96	1255.49	813.29	2.6915	2.8308
432321545770	1238.41	812.06	1259.25	797.58	2.6812	2.8236
432321554103	1239.70	819.85	1252.52	795.63	2.6871	2.8172
432321562436	1243.75	821.73	1259.65	807.07	2.6804	2.7976
432321570777	1245.95	821.91	1257.33	801.72	2.6777	2.7990
432321579110	1241.37	818.91	1250.70	807.51	2.6731	2.8061
432321587442	1247.62	816.06	1255.23	800.48	2.6707	2.7893
432321595776	1248.70	820.08	1251.01	799.92	2.6874	2.7891
432321604109	1247.98	813.90	1252.57	802.66	2.6732	2.8093
432321612442	1253.95	817.61	1254.00	797.55	2.6987	2.8033
432321620776	1248.36	817.15	1251.30	802.26	2.6898	2.7904
432321629109	1248.52	811.21	1239.46	804.83	2.6884	2.8133
432321637442	1247.49	817.33	1249.40	798.48	2.6974	2.8190
432321645776	1253.04	821.77	1251.76	801.31	2.7137	2.8157
432321654109	1256.08	819.64	1255.84	799.35	2.7088	2.8027
432321662442	1249.68	821.63	1253.97	797.75	2.7046	2.8193
432321670775	1250.67	829.08	1256.13	801.95	2.7129	2.8192
432321679108	1252.07	818.65	1250.88	803.67	2.6967	2.8067
432321687441	1248.42	820.87	1253.90	800.68	2.7225	2.8175
432321695775	1243.18	824.73	1257.46	794.58	2.7282	2.8230
432321704111	1250.56	813.75	1255.87	806.49	2.7225	2.8220
432321712444	1238.87	824.79	1256.25	804.38	2.7181	2.8188
432321720778	1239.50	822.82	1259.83	802.09	2.7203	2.8447
432321729111	1233.82	815.11	1267.07	801.53	2.7145	2.8368
432321737444	1240.84	822.21	1260.95	798.48	2.7444	2.8552
432321745778	1234.23	820.44	1274.81	797.04	2.7318	2.8460
432321754110	1235.88	819.03	1262.19	796.83	2.7209	2.8636
432321762443	1230.95	811.83	1263.69	797.22	2.7339	2.8552
432321770777	1242.27	816.54	1270.94	799.08	2.7400	2.8477
432321779110	1239.89	807.43	1266.00	797.78	2.7376	2.8509
432321787443	1240.39	819.00	1263.47	800.72	2.7382	2.8613
432321795777	1245.84	811.99	1263.08	796.75	2.7475	2.8634
432321804110	1244.68	806.18	1254.46	795.36	2.7568	2.8570
432321812443	1244.75	807.13	1260.32	795.51	2.7578	2.8755
432321820777	1245.50	819.45	1258.54	796.13	2.7531	2.8842
432321829114	1247.95	816.22	1254.89	797.91	2.7670	2.8665
432321837446	1239.41	813.05	1254.59	796.59	2.7570	2.8862
432321845780	1247.16	814.64	1254.61	793.83	2.7790	2.8845
432321854113	1255.65	816.43	1259.23	801.10	2.7548	2.8785
432321862446	1297.23	834.88	1289.45	807.03	2.7712	2.8764
432321870780	1327.19	845.10	1340.61	808.69	2.7619	2.8728
