t	gaze_point_LX	gaze_point_LY	gaze_point_RX	gaze_point_RY	pupil_diameter_L	pupil_diameter_R
431991938107	1290.31	715.09	1278.58	706.94	3.3907	3.5304
431991946439	1289.45	721.32	1275.52	719.66	3.3786	3.5205
431991954772	1294.10	718.47	1275.79	728.24	3.3653	3.5184
431991963106	1293.74	718.51	1274.51	728.40	3.3651	3.5116
431991971439	1291.73	719.16	1277.73	723.79	3.3489	3.4891
431991979772	1297.68	719.18	1277.07	731.22	3.3475	3.4836
431991988106	1294.84	722.30	1278.53	728.38	3.3380	3.4791
431991996439	1290.94	726.54	1273.40	728.84	3.3332	3.4647
431992004772	1283.61	728.15	1273.55	727.35	3.3199	3.4538
431992013106	1288.02	724.30	1277.89	724.58	3.3056	3.4398
431992021439	1284.78	722.37	1280.11	720.90	3.3112	3.4325
431992029771	1283.14	726.30	1285.24	714.48	3.2945	3.4134
431992038105	1277.55	727.62	1283.94	719.40	3.2945	3.4093
431992046452	1289.77	724.44	1300.29	712.97	3.2951	3.4100
431992054785	1314.90	898.23	1342.11	792.74	3.0243	3.3011
431992063119	NaN	NaN	1425.18	928.19	NaN	2.9200
431992071452	NaN	NaN	NaN	NaN	NaN	NaN
431992079785	NaN	NaN	NaN	NaN	NaN	NaN
431992088119	NaN	NaN	NaN	NaN	NaN	NaN
431992096452	NaN	NaN	NaN	NaN	NaN	NaN
431992104784	NaN	NaN	NaN	NaN	NaN	NaN
431992113118	NaN	NaN	NaN	NaN	NaN	NaN
431992121451	NaN	NaN	NaN	NaN	NaN	NaN
431992129784	NaN	NaN	NaN	NaN	NaN	NaN
431992138118	NaN	NaN	NaN	NaN	NaN	NaN
431992146451	NaN	NaN	NaN	NaN	NaN	NaN
431992154784	NaN	NaN	NaN	NaN	NaN	NaN
431992163118	NaN	NaN	NaN	NaN	NaN	NaN
431992171451	NaN	NaN	NaN	NaN	NaN	NaN
431992179782	NaN	NaN	NaN	NaN	NaN	NaN
431992188115	NaN	NaN	NaN	NaN	NaN	NaN
431992196448	NaN	NaN	NaN	NaN	NaN	NaN
431992204781	NaN	NaN	NaN	NaN	NaN	NaN
431992213115	NaN	NaN	NaN	NaN	NaN	NaN
431992221448	NaN	NaN	NaN	NaN	NaN	NaN
431992229781	NaN	NaN	NaN	NaN	NaN	NaN
431992238115	NaN	NaN	NaN	NaN	NaN	NaN
431992246448	NaN	NaN	NaN	NaN	NaN	NaN
431992254781	NaN	NaN	NaN	NaN	NaN	NaN
431992263115	NaN	NaN	NaN	NaN	NaN	NaN
431992271447	NaN	NaN	NaN	NaN	NaN	NaN
431992279780	NaN	NaN	NaN	NaN	NaN	NaN
431992288113	NaN	NaN	NaN	NaN	NaN	NaN
431992296447	NaN	NaN	NaN	NaN	NaN	NaN
431992304780	NaN	NaN	NaN	NaN	NaN	NaN
431992313117	NaN	NaN	NaN	NaN	NaN	NaN
431992321451	NaN	NaN	NaN	NaN	NaN	NaN
431992329784	NaN	NaN	NaN	NaN	NaN	NaN
431992338118	NaN	NaN	NaN	NaN	NaN	NaN
431992346450	NaN	NaN	NaN	NaN	NaN	NaN
431992354783	NaN	NaN	NaN	NaN	NaN	NaN
431992363116	NaN	NaN	NaN	NaN	NaN	NaN
431992371450	NaN	NaN	NaN	NaN	NaN	NaN
431992379783	NaN	NaN	NaN	NaN	NaN	NaN
431992388117	NaN	NaN	NaN	NaN	NaN	NaN
431992396450	NaN	NaN	NaN	NaN	NaN	NaN
431992404783	NaN	NaN	NaN	NaN	NaN	NaN
431992413116	NaN	NaN	NaN	NaN	NaN	NaN
431992421450	NaN	NaN	NaN	NaN	NaN	NaN
431992429782	NaN	NaN	NaN	NaN	NaN	NaN
431992438119	NaN	NaN	NaN	NaN	NaN	NaN
431992446453	NaN	NaN	NaN	NaN	NaN	NaN
431992454786	NaN	NaN	NaN	NaN	NaN	NaN
431992463119	NaN	NaN	NaN	NaN	NaN	NaN
431992471453	NaN	NaN	NaN	NaN	NaN	NaN
431992479786	NaN	NaN	NaN	NaN	NaN	NaN
431992488119	NaN	NaN	NaN	NaN	NaN	NaN
431992496453	NaN	NaN	NaN	NaN	NaN	NaN
431992504785	NaN	NaN	NaN	NaN	NaN	NaN
431992513118	NaN	NaN	NaN	NaN	NaN	NaN
431992521452	NaN	NaN	NaN	NaN	NaN	NaN
431992529785	NaN	NaN	NaN	NaN	NaN	NaN
431992538118	NaN	NaN	NaN	NaN	NaN	NaN
431992546452	NaN	NaN	NaN	NaN	NaN	NaN
431992554785	NaN	NaN	NaN	NaN	NaN	NaN
431992563118	NaN	NaN	NaN	NaN	NaN	NaN
431992571458	NaN	NaN	NaN	NaN	NaN	NaN
431992579791	NaN	NaN	NaN	NaN	NaN	NaN
431992588123	NaN	NaN	NaN	NaN	NaN	NaN
431992596456	NaN	NaN	NaN	NaN	NaN	NaN
431992604790	NaN	NaN	NaN	NaN	NaN	NaN
431992613123	NaN	NaN	NaN	NaN	NaN	NaN
431992621388	NaN	NaN	NaN	NaN	NaN	NaN
431992629653	NaN	NaN	NaN	NaN	NaN	NaN
431992637986	NaN	NaN	NaN	NaN	NaN	NaN
431992646320	NaN	NaN	NaN	NaN	NaN	NaN
431992654653	NaN	NaN	NaN	NaN	NaN	NaN
431992663020	NaN	NaN	NaN	NaN	NaN	NaN
431992671386	NaN	NaN	NaN	NaN	NaN	NaN
431992679753	NaN	NaN	NaN	NaN	NaN	NaN
431992688122	NaN	NaN	NaN	NaN	NaN	NaN
431992696455	NaN	NaN	NaN	NaN	NaN	NaN
431992704793	NaN	NaN	NaN	NaN	NaN	NaN
431992713127	NaN	NaN	NaN	NaN	NaN	NaN
431992721460	NaN	NaN	NaN	NaN	NaN	NaN
431992729794	NaN	NaN	NaN	NaN	NaN	NaN
431992738127	NaN	NaN	NaN	NaN	NaN	NaN
431992746459	NaN	NaN	NaN	NaN	NaN	NaN
431992754793	NaN	NaN	NaN	NaN	NaN	NaN
431992763126	NaN	NaN	NaN	NaN	NaN	NaN
431992771459	NaN	NaN	NaN	NaN	NaN	NaN
431992779793	NaN	NaN	800.52	1478.29	NaN	3.0573
431992788126	NaN	NaN	NaN	NaN	NaN	NaN
431992796459	1358.14	1054.36	NaN	NaN	2.9333	NaN
431992804793	1538.76	826.62	NaN	NaN	2.6341	NaN
431992813126	1356.64	951.53	1573.60	842.01	3.0242	2.7633
431992821459	1360.71	861.73	1591.66	891.96	3.1162	2.6711
431992829792	1362.10	800.63	1562.18	979.90	3.2166	2.6455
431992838131	1367.35	748.73	1360.81	899.41	3.2803	3.2003
431992846464	1363.54	723.03	1364.39	885.07	3.3338	3.2745
431992854798	1365.02	702.33	1356.07	835.80	3.3546	3.3470
431992863131	1364.14	699.85	1348.90	794.11	3.3616	3.4257
431992871464	1363.72	700.43	1344.45	760.63	3.3567	3.4795
431992879798	1365.23	694.53	1341.99	732.48	3.3549	3.5337
431992888131	1364.93	699.96	1342.14	716.73	3.3579	3.5546
431992896464	1368.47	694.47	1340.65	707.38	3.3677	3.5897
431992904798	1366.04	699.08	1342.74	699.14	3.3758	3.5898
431992913130	1364.90	687.63	1336.50	696.04	3.3775	3.5900
431992921463	1372.58	689.99	1338.53	699.12	3.3749	3.5927
431992929797	1365.00	689.71	1341.66	689.38	3.3784	3.5769
431992938130	1368.81	691.15	1337.35	693.35	3.3863	3.5870
431992946463	1369.88	689.79	1346.73	701.64	3.3884	3.5926
431992954797	1363.89	694.24	1346.38	702.07	3.3878	3.5992
431992963132	1368.19	691.79	1341.01	705.95	3.3887	3.6077
431992971465	1362.02	691.30	1338.82	700.72	3.3835	3.6154
431992979799	1367.56	698.72	1342.37	701.50	3.3871	3.6006
431992988131	1363.23	698.50	1342.31	704.15	3.3986	3.6105
431992996464	1367.14	693.39	1340.55	704.11	3.3981	3.6162
431993004798	1361.54	697.91	1338.69	705.72	3.3972	3.6185
431993013131	1363.19	695.45	1346.43	696.58	3.3993	3.5954
431993021464	1362.57	706.48	1343.04	706.35	3.4232	3.6322
431993029798	1363.75	709.30	1340.39	719.04	3.4292	3.6319
431993038131	1370.20	786.75	1349.92	813.60	3.3513	3.4843
431993046464	1558.19	876.54	1638.98	951.48	2.7289	2.6572
431993054798	NaN	NaN	1609.12	896.67	NaN	2.7310
431993063131	NaN	NaN	NaN	NaN	NaN	NaN
431993071463	NaN	NaN	NaN	NaN	NaN	NaN
431993079797	NaN	NaN	NaN	NaN	NaN	NaN
431993088130	NaN	NaN	NaN	NaN	NaN	NaN
431993096469	NaN	NaN	NaN	NaN	NaN	NaN
431993104803	NaN	NaN	NaN	NaN	NaN	NaN
431993113136	NaN	NaN	NaN	NaN	NaN	NaN
431993121469	NaN	NaN	NaN	NaN	NaN	NaN
431993129803	NaN	NaN	NaN	NaN	NaN	NaN
431993138136	NaN	NaN	NaN	NaN	NaN	NaN
431993146468	NaN	NaN	NaN	NaN	NaN	NaN
431993154802	NaN	NaN	NaN	NaN	NaN	NaN
431993163135	NaN	NaN	NaN	NaN	NaN	NaN
431993171468	NaN	NaN	NaN	NaN	NaN	NaN
431993179802	NaN	NaN	NaN	NaN	NaN	NaN
431993188135	NaN	NaN	NaN	NaN	NaN	NaN
431993196468	NaN	NaN	NaN	NaN	NaN	NaN
431993204802	NaN	NaN	NaN	NaN	NaN	NaN
431993213135	NaN	NaN	NaN	NaN	NaN	NaN
431993221468	NaN	NaN	NaN	NaN	NaN	NaN
431993229804	NaN	NaN	NaN	NaN	NaN	NaN
431993238138	NaN	NaN	NaN	NaN	NaN	NaN
431993246471	NaN	NaN	NaN	NaN	NaN	NaN
431993254804	NaN	NaN	NaN	NaN	NaN	NaN
431993263138	NaN	NaN	NaN	NaN	NaN	NaN
431993271471	NaN	NaN	NaN	NaN	NaN	NaN
431993279804	NaN	NaN	NaN	NaN	NaN	NaN
431993288138	NaN	NaN	NaN	NaN	NaN	NaN
431993296471	NaN	NaN	NaN	NaN	NaN	NaN
431993304804	NaN	NaN	NaN	NaN	NaN	NaN
431993313137	NaN	NaN	NaN	NaN	NaN	NaN
431993321470	NaN	NaN	NaN	NaN	NaN	NaN
431993329804	NaN	NaN	NaN	NaN	NaN	NaN
431993338137	NaN	NaN	NaN	NaN	NaN	NaN
431993346470	NaN	NaN	NaN	NaN	NaN	NaN
431993354803	NaN	NaN	NaN	NaN	NaN	NaN
431993363142	NaN	NaN	NaN	NaN	NaN	NaN
431993371475	NaN	NaN	NaN	NaN	NaN	NaN
431993379808	NaN	NaN	NaN	NaN	NaN	NaN
431993388141	NaN	NaN	NaN	NaN	NaN	NaN
431993396474	NaN	NaN	NaN	NaN	NaN	NaN
431993404807	NaN	NaN	NaN	NaN	NaN	NaN
431993413141	NaN	NaN	NaN	NaN	NaN	NaN
431993421474	NaN	NaN	NaN	NaN	NaN	NaN
431993429807	NaN	NaN	NaN	NaN	NaN	NaN
431993438141	NaN	NaN	NaN	NaN	NaN	NaN
431993446474	NaN	NaN	NaN	NaN	NaN	NaN
431993454807	NaN	NaN	NaN	NaN	NaN	NaN
431993463141	NaN	NaN	NaN	NaN	NaN	NaN
431993471473	NaN	NaN	NaN	NaN	NaN	NaN
431993479806	NaN	NaN	NaN	NaN	NaN	NaN
431993488144	NaN	NaN	NaN	NaN	NaN	NaN
431993496477	NaN	NaN	NaN	NaN	NaN	NaN
431993504810	NaN	NaN	NaN	NaN	NaN	NaN
431993513144	NaN	NaN	NaN	NaN	NaN	NaN
431993521477	NaN	NaN	NaN	NaN	NaN	NaN
431993529810	NaN	NaN	NaN	NaN	NaN	NaN
431993538144	NaN	NaN	NaN	NaN	NaN	NaN
431993546476	NaN	NaN	NaN	NaN	NaN	NaN
431993554809	NaN	NaN	NaN	NaN	NaN	NaN
431993563143	NaN	NaN	NaN	NaN	NaN	NaN
431993571476	NaN	NaN	NaN	NaN	NaN	NaN
431993579809	NaN	NaN	NaN	NaN	NaN	NaN
431993588142	NaN	NaN	NaN	NaN	NaN	NaN
431993596475	NaN	NaN	NaN	NaN	NaN	NaN
431993604809	NaN	NaN	NaN	NaN	NaN	NaN
431993613142	NaN	NaN	NaN	NaN	NaN	NaN
431993621409	NaN	NaN	NaN	NaN	NaN	NaN
431993629675	NaN	NaN	NaN	NaN	NaN	NaN
431993638008	NaN	NaN	NaN	NaN	NaN	NaN
431993646342	NaN	NaN	NaN	NaN	NaN	NaN
431993654675	NaN	NaN	NaN	NaN	NaN	NaN
431993663044	NaN	NaN	NaN	NaN	NaN	NaN
431993671413	NaN	NaN	NaN	NaN	NaN	NaN
431993679782	NaN	NaN	NaN	NaN	NaN	NaN
431993688153	NaN	NaN	NaN	NaN	NaN	NaN
431993696486	1358.08	884.16	NaN	NaN	2.9227	NaN
431993704819	1355.70	869.81	1521.88	875.27	3.0087	2.6630
431993713152	1357.87	824.71	1512.71	848.09	3.0882	2.7540
431993721486	1361.19	778.02	1346.11	923.54	3.1532	3.0701
431993729819	1361.96	750.13	1347.50	933.17	3.1776	3.0849
431993738145	1362.92	727.89	1353.40	881.84	3.2241	3.1654
431993746477	1362.11	721.13	1349.62	838.73	3.2222	3.2307
431993754816	1358.15	724.61	1344.17	797.49	3.2256	3.2773
431993763149	1362.57	718.39	1334.07	777.27	3.2355	3.3214
431993771483	1355.51	720.99	1330.72	754.06	3.2386	3.3528
431993779817	1351.96	715.45	1328.81	734.98	3.2495	3.3866
431993788149	1353.26	711.41	1327.91	724.49	3.2511	3.4029
431993796483	1348.14	707.36	1327.05	719.06	3.2465	3.4117
431993804816	1346.96	712.19	1326.01	721.42	3.2502	3.4126
431993813149	1346.55	706.73	1325.56	716.42	3.2505	3.4138
431993821483	1350.37	708.79	1322.11	709.09	3.2559	3.4227
431993829816	1329.52	707.47	1312.99	712.86	3.2510	3.4342
431993838149	1303.96	701.44	1292.48	685.29	3.2590	3.4445
431993846483	1293.27	702.23	1279.94	693.64	3.2535	3.4272
431993854816	1300.67	701.72	1288.45	702.86	3.2645	3.4581
431993863150	1306.78	704.75	1290.87	700.25	3.2662	3.4638
431993871482	1306.60	700.92	1290.96	702.03	3.2758	3.4540
431993879819	1308.46	703.36	1286.55	702.21	3.2813	3.4557
431993888153	1310.53	704.34	1292.68	706.42	3.2855	3.4770
431993896486	1303.93	707.38	1286.14	710.73	3.2855	3.4722
431993904819	1307.76	705.13	1286.45	705.96	3.2935	3.4765
431993913152	1307.73	710.45	1284.28	709.62	3.3091	3.4816
431993921486	1307.74	708.88	1291.75	706.40	3.3243	3.4848
431993929819	1305.06	705.65	1282.99	711.22	3.3089	3.4960
431993938153	1303.51	713.26	1285.56	705.26	3.3242	3.4874
431993946486	1303.82	710.15	1286.02	704.70	3.3288	3.4836
431993954818	1300.87	701.50	1286.05	711.03	3.3326	3.4983
431993963151	1300.40	704.12	1280.16	712.17	3.3400	3.5029
431993971485	1292.85	699.21	1283.36	713.10	3.3320	3.5077
431993979818	1295.97	696.19	1281.86	710.27	3.3410	3.5009
431993988151	1300.61	699.29	1282.66	710.36	3.3553	3.5175
431993996485	1299.68	700.37	1284.41	714.79	3.3557	3.5129
431994004818	1300.59	699.53	1280.28	708.67	3.3536	3.5152
431994013158	1296.63	700.87	1279.81	713.45	3.3658	3.5216
431994021492	1299.36	703.85	1280.00	712.46	3.3702	3.5273
431994029824	1299.99	703.63	1280.82	709.02	3.3680	3.5240
431994038157	1299.61	700.62	1282.58	709.76	3.3676	3.5229
431994046491	1302.84	695.44	1280.78	712.77	3.3677	3.5264
431994054824	1302.38	700.28	1286.00	704.74	3.3740	3.5200
431994063157	1299.61	698.33	1281.84	710.45	3.3726	3.5409
431994071491	1296.29	699.53	1285.64	708.38	3.3726	3.5236
431994079824	1297.60	699.36	1277.22	715.74	3.3726	3.5283
431994088157	1300.53	705.05	1282.91	714.65	3.3801	3.5291
431994096491	1305.96	703.71	1286.23	712.31	3.3839	3.5185
431994104824	1301.53	707.25	1281.37	711.64	3.3817	3.5217
431994113156	1300.53	697.57	1279.55	705.08	3.3844	3.5180
431994121490	1299.92	702.06	1280.93	703.60	3.3822	3.5105
431994129823	1301.71	709.52	1278.74	705.40	3.3849	3.5074
431994138156	1303.82	706.11	1277.83	704.04	3.3957	3.5026
431994146493	1301.54	702.57	1282.45	706.53	3.3847	3.5034
431994154826	1304.54	712.64	1280.53	707.29	3.3776	3.4986
431994163159	1302.82	708.15	1279.10	705.99	3.3758	3.4852
431994171493	1298.42	709.40	1284.04	703.32	3.3748	3.4734
431994179826	1297.96	706.68	1285.45	707.75	3.3696	3.4726
431994188158	1293.65	702.95	1283.66	712.47	3.3557	3.4728
431994196492	1301.13	699.73	1283.59	709.49	3.3506	3.4582
431994204824	1301.42	699.06	1286.75	713.62	3.3505	3.4518
431994213157	1300.39	703.82	1290.00	712.13	3.3446	3.4471
431994221491	1298.34	704.35	1292.95	712.76	3.3317	3.4298
431994229824	1301.28	702.50	1287.67	718.61	3.3284	3.4310
431994238157	1302.26	705.53	1293.69	712.81	3.3253	3.4196
431994246491	1305.12	705.87	1294.69	711.66	3.3212	3.4178
431994254824	1304.25	701.72	1295.05	715.31	3.3001	3.4122
431994263157	1307.58	699.91	1293.65	716.66	3.2954	3.3960
431994271489	1305.72	701.38	1295.76	718.25	3.2881	3.3930
431994279829	1302.79	705.69	1295.30	716.01	3.2894	3.3840
431994288162	1303.03	704.37	1289.36	718.11	3.2836	3.3872
431994296495	1304.16	704.16	1295.62	716.91	3.2750	3.3617
431994304829	1303.16	704.67	1297.01	717.38	3.2562	3.3602
431994313162	1304.49	705.53	1293.79	716.03	3.2565	3.3580
431994321496	1306.41	703.71	1292.37	719.79	3.2565	3.3572
431994329829	1304.65	702.95	1291.18	715.58	3.2357	3.3472
431994338162	1291.26	702.00	1284.86	707.49	3.2320	3.3486
431994346495	1292.53	697.99	1280.24	710.62	3.2290	3.3398
431994354828	1296.07	698.17	1287.80	711.33	3.2253	3.3338
431994363161	1293.32	705.09	1283.19	710.72	3.2303	3.3266
431994371494	1296.39	705.47	1285.38	714.32	3.2053	3.3176
431994379828	1293.64	706.30	1282.34	712.09	3.2089	3.3026
431994388161	1293.85	699.27	1285.38	712.75	3.1935	3.3021
431994396494	1288.09	703.39	1283.89	706.40	3.1842	3.2974
431994404831	1290.33	704.00	1282.91	709.98	3.1837	3.2910
431994413164	1292.77	708.26	1284.97	710.92	3.1656	3.2872
431994421497	1293.55	701.14	1283.30	704.40	3.1636	3.2743
431994429830	1292.65	709.53	1281.84	712.18	3.1606	3.2757
431994438163	1293.00	707.79	1285.49	706.92	3.1493	3.2599
431994446496	1293.20	709.07	1284.63	709.04	3.1411	3.2484
431994454830	1301.64	703.05	1288.50	711.16	3.1254	3.2380
431994463163	1293.28	710.32	1286.97	708.53	3.1312	3.2310
431994471497	1299.62	707.19	1284.75	716.37	3.1217	3.2357
431994479830	1297.16	699.19	1287.43	710.10	3.1181	3.2205
431994488163	1302.06	705.37	1286.72	708.99	3.1102	3.2208
431994496496	1300.22	710.95	1284.71	712.73	3.1152	3.2182
431994504830	1294.93	701.70	1288.76	704.29	3.1061	3.2016
431994513162	1298.87	706.13	1289.05	706.63	3.1017	3.2054
431994521495	1296.26	704.77	1285.99	705.39	3.0854	3.1882
431994529829	1293.60	703.88	1281.58	706.62	3.0860	3.2029
431994538167	1299.82	708.71	1283.88	706.88	3.0956	3.1915
431994546500	1302.92	705.30	1282.82	706.23	3.0864	3.1917
431994554834	1292.69	704.78	1281.66	709.94	3.0872	3.1995
431994563167	1297.58	704.36	1284.37	705.65	3.0909	3.1860
431994571500	1298.86	704.32	1288.12	711.51	3.0883	3.1804
431994579834	1299.25	707.44	1282.89	703.14	3.0711	3.1754
431994588166	1298.65	699.45	1278.19	708.18	3.0792	3.1908
431994596499	1304.90	696.88	1283.79	709.79	3.0838	3.1897
431994604833	1304.31	697.99	1288.43	711.45	3.0689	3.1828
431994613166	1305.14	702.99	1286.63	710.91	3.0764	3.1830
431994621499	1304.59	703.55	1285.31	716.67	3.0798	3.1951
431994629833	1303.69	707.84	1280.54	711.13	3.0779	3.1980
431994638166	1296.68	703.65	1277.52	710.79	3.0805	3.1985
431994646499	1296.03	707.06	1277.62	704.87	3.0949	3.2028
431994654833	1301.75	714.79	1281.01	708.52	3.0795	3.2002
431994663166	1304.14	714.37	1281.68	711.08	3.0864	3.1965
431994671503	1310.75	715.95	1280.87	709.74	3.0822	3.2003
431994679837	1310.54	717.15	1283.69	705.10	3.0893	3.1969
431994688170	1311.53	711.74	1281.63	714.69	3.1062	3.2136
431994696503	1310.11	715.27	1287.09	707.43	3.1152	3.2061
431994704837	1314.49	714.10	1281.53	716.97	3.1054	3.2314
431994713170	1313.10	714.11	1282.92	714.49	3.1164	3.2310
431994721503	1313.08	709.60	1283.60	719.55	3.1199	3.2267
431994729837	1314.93	720.28	1282.48	716.40	3.1249	3.2367
431994738170	1315.71	717.18	1281.36	716.05	3.1279	3.2415
431994746503	1316.51	711.71	1284.49	720.89	3.1360	3.2563
431994754836	1316.41	716.38	1285.65	715.35	3.1318	3.2491
431994763169	1317.54	717.14	1282.24	710.90	3.1493	3.2736
431994771502	1306.81	714.32	1282.55	707.73	3.1478	3.2826
431994779836	1310.29	715.87	1285.23	704.96	3.1513	3.2688
431994788169	1308.15	711.37	1280.30	706.25	3.1477	3.2828
431994796502	1303.10	715.16	1283.27	703.89	3.1577	3.2885
431994804841	1296.68	717.43	1282.53	713.39	3.1624	3.2981
431994813174	1299.82	710.72	1274.89	706.86	3.1752	3.3091
431994821507	1311.40	711.76	1283.84	710.81	3.1898	3.3213
431994829839	1313.08	710.98	1287.81	711.75	3.1934	3.3260
431994838173	1309.80	708.29	1286.50	714.02	3.1944	3.3425
431994846506	1307.88	710.35	1284.36	719.15	3.1988	3.3508
431994854840	1302.82	699.29	1284.37	716.17	3.1983	3.3545
431994863173	1304.44	705.73	1282.72	714.32	3.2093	3.3515
431994871506	1305.47	701.25	1281.96	712.48	3.2121	3.3718
431994879840	1305.72	698.95	1280.49	708.58	3.2267	3.3856
431994888173	1317.10	704.62	1280.92	716.79	3.2275	3.3902
431994896506	1317.53	697.82	1283.46	716.02	3.2511	3.4006
431994904840	1308.48	703.78	1286.55	715.35	3.2603	3.4055
431994913172	1311.42	707.46	1287.30	718.78	3.2410	3.4124
431994921505	1317.79	707.55	1281.71	717.59	3.2563	3.4247
431994929843	1312.77	707.73	1279.68	717.74	3.2715	3.4425
431994938177	1312.14	704.06	1285.53	714.25	3.2786	3.4399
431994946510	1315.27	699.55	1276.86	723.89	3.2887	3.4620
431994954843	1311.04	701.04	1282.17	720.22	3.2884	3.4742
431994963177	1307.39	701.13	1282.86	718.15	3.2903	3.4711
431994971510	1305.68	701.31	1277.61	714.16	3.2891	3.4868
431994979844	1312.75	707.49	1290.85	713.58	3.3078	3.4734
431994988177	1311.70	697.44	1290.63	711.10	3.3231	3.5029
431994996509	1310.49	700.04	1290.31	707.67	3.3313	3.5190
431995004842	1316.56	711.41	1284.02	721.02	3.3399	3.5209
431995013176	1315.89	697.92	1282.55	713.57	3.3352	3.5251
431995021509	1311.95	696.52	1281.69	708.05	3.3536	3.5424
431995029842	1306.62	704.70	1280.20	702.80	3.3599	3.5517
431995038176	1307.20	708.04	1284.64	709.71	3.3573	3.5537
431995046509	1302.94	706.51	1287.48	697.41	3.3758	3.5378
431995054842	1305.26	701.33	1286.13	705.86	3.3761	3.5724
431995063181	1303.06	695.31	1286.32	702.75	3.3857	3.5781
431995071513	1303.47	710.63	1285.16	720.82	3.3859	3.5942
431995079846	1305.37	697.60	1282.85	711.65	3.4037	3.5961
431995088180	1303.55	700.63	1283.63	715.51	3.4070	3.6040
431995096513	1306.85	712.01	1278.36	723.73	3.4002	3.6021
431995104846	1308.77	698.10	1279.60	706.61	3.3898	3.6147
431995113180	1317.07	693.09	1281.94	702.24	3.3946	3.6028
431995121513	1314.15	696.50	1286.35	704.39	3.3959	3.5996
431995129846	1314.18	714.18	1291.35	724.69	3.3879	3.6065
431995138180	1307.50	707.07	1286.08	716.54	3.3905	3.5984
431995146513	1303.85	708.72	1281.98	722.86	3.3713	3.5908
431995154845	1304.62	694.94	1281.00	707.30	3.3551	3.5711
431995163179	1307.54	705.59	1283.30	717.45	3.3443	3.5537
431995171512	1311.82	702.86	1288.49	708.42	3.3268	3.5396
431995179845	1307.14	718.06	1293.34	717.69	3.3163	3.5338
431995188179	1304.03	718.31	1289.60	717.73	3.2935	3.5129
431995196517	1295.83	713.94	1289.63	714.96	3.2693	3.4915
431995204850	1293.54	720.62	1272.62	730.57	3.2656	3.4839
431995213184	1293.32	709.48	1276.06	723.49	3.2444	3.4628
431995221517	1309.68	712.99	1286.58	711.42	3.2288	3.4557
431995229849	1299.11	708.57	1290.35	725.55	3.2213	3.4274
431995238183	1300.27	718.41	1291.29	711.68	3.2031	3.4186
431995246516	1297.32	713.46	1286.19	720.53	3.1921	3.3984
431995254849	1287.05	726.16	1288.11	722.08	3.1683	3.4020
431995263183	1353.19	728.59	1333.43	723.23	3.1609	3.3717
431995271516	1375.19	738.76	1373.70	731.91	3.1455	3.3767
431995279849	1397.99	738.73	1388.58	729.06	3.1342	3.3401
431995288183	1380.80	735.92	1385.34	739.80	3.1129	3.3327
431995296516	1383.60	744.99	1391.66	731.82	3.1039	3.3241
431995304849	1390.42	738.96	1386.94	740.30	3.0824	3.3120
431995313182	1390.25	728.84	1386.87	729.81	3.0994	3.3017
431995321519	1394.38	739.89	1379.55	742.89	3.0705	3.2911
431995329852	1385.29	734.48	1388.05	731.10	3.0719	3.2833
431995338186	1381.72	730.64	1391.63	734.88	3.0690	3.2711
431995346519	1378.95	733.82	1381.42	741.29	3.0492	3.2535
431995354852	1373.27	732.94	1384.11	734.89	3.0377	3.2595
431995363186	1373.81	733.52	1385.18	732.90	3.0404	3.2531
431995371519	1371.24	732.13	1393.04	730.65	3.0207	3.2358
431995379852	1374.52	736.82	1390.08	738.03	3.0044	3.2334
431995388185	1377.31	745.25	1396.74	737.51	3.0120	3.2230
431995396518	1377.81	736.81	1395.72	738.70	3.0051	3.2280
431995404851	1384.08	739.41	1392.91	734.74	3.0032	3.2137
431995413185	1382.62	738.56	1386.00	732.91	2.9850	3.2148
431995421518	1377.71	739.33	1384.54	735.92	2.9812	3.1944
431995429851	1374.04	742.31	1387.46	728.51	2.9918	3.1856
431995438184	1374.48	744.41	1383.55	734.67	2.9816	3.1888
431995446518	1369.26	745.38	1383.84	727.96	2.9846	3.1788
431995454860	1368.90	738.13	1382.63	730.11	2.9735	3.1679
431995463193	1372.60	746.13	1386.92	731.11	2.9742	3.1716
431995471526	1378.55	740.32	1390.60	730.76	2.9764	3.1712
431995479859	1387.23	737.42	1389.03	732.78	2.9641	3.1686
431995488192	1386.26	745.03	1390.99	733.99	2.9614	3.1687
431995496526	1369.87	748.55	1368.59	739.94	2.9669	3.1447
431995504859	1296.30	727.60	1295.18	719.70	2.9614	3.1708
431995513192	1198.40	706.86	1196.43	716.23	2.9626	3.1762
431995521526	1117.23	714.78	1127.71	721.03	2.9571	3.1428
431995529859	1074.42	721.13	1042.35	718.23	2.9455	3.1550
431995538192	1065.54	710.07	1054.62	718.21	2.9265	3.1485
431995546526	1059.57	709.34	1081.90	716.52	2.9379	3.1644
431995554858	1055.04	717.97	1073.29	721.49	2.9217	3.1563
431995563191	1058.92	724.76	1065.62	720.14	2.9308	3.1399
431995571525	1056.45	718.70	1058.14	720.93	2.9420	3.1469
431995579858	1059.47	711.57	1064.30	723.09	2.9375	3.1407
431995588197	1068.53	713.08	1066.66	707.70	2.9367	3.1443
431995596530	1069.87	711.76	1068.86	710.73	2.9364	3.1527
431995604863	1064.55	711.98	1063.53	715.60	2.9294	3.1352
431995613196	1057.94	720.75	1064.03	713.62	2.9446	3.1422
431995621530	1055.64	730.28	1064.32	706.55	2.9448	3.1624
431995629862	1058.41	724.23	1070.75	715.18	2.9444	3.1582
431995638195	1068.26	713.90	1065.13	712.46	2.9493	3.1565
431995646529	1067.58	707.69	1061.23	703.14	2.9570	3.1660
431995654862	1061.75	708.54	1060.71	712.78	2.9528	3.1583
431995663195	1055.36	710.13	1054.16	714.26	2.9549	3.1674
431995671528	1057.89	708.28	1060.19	711.65	2.9720	3.1705
431995679861	1049.89	710.85	1069.38	714.78	2.9548	3.1799
431995688194	1058.06	718.55	1068.09	717.98	2.9911	3.1904
431995696528	1062.13	718.34	1064.02	712.02	2.9830	3.1942
431995704861	1061.77	716.36	1067.74	709.76	3.0030	3.1928
431995713193	1064.43	710.28	1062.52	711.04	3.0006	3.2182
431995721528	1061.96	707.94	1058.98	707.93	3.0121	3.2106
431995729862	1057.43	716.08	1054.96	712.45	3.0207	3.2242
431995738195	1057.35	708.53	1054.35	714.22	3.0088	3.2382
431995746529	1052.69	713.40	1057.42	719.06	3.0320	3.2346
431995754861	1050.23	716.40	1054.51	711.57	3.0382	3.2613
431995763194	1125.62	715.41	1118.20	709.91	3.0518	3.2662
431995771528	1231.56	728.38	1245.25	725.54	3.0831	3.2889
431995779861	1330.98	712.01	1338.55	711.62	3.1060	3.2905
431995788194	1415.28	724.05	1425.39	719.60	3.1027	3.2855
431995796527	1467.64	752.56	1472.35	739.04	3.1061	3.2804
431995804861	1467.04	751.68	1450.39	739.43	3.1267	3.2927
431995813193	1470.70	735.86	1451.83	732.68	3.1335	3.3051
431995821527	1465.58	725.97	1461.36	737.43	3.1523	3.3257
431995829860	1455.11	734.50	1452.21	744.24	3.1500	3.3326
431995838193	1453.14	745.81	1458.02	736.73	3.1682	3.3307
431995846530	1461.01	737.83	1456.38	733.36	3.1694	3.3434
431995854863	1464.31	737.99	1456.90	739.21	3.1722	3.3614
431995863196	1460.55	742.99	1455.28	736.04	3.1794	3.3751
431995871529	1454.43	730.26	1447.74	741.55	3.1910	3.3744
431995879862	1445.32	737.77	1454.55	740.60	3.1886	3.3811
431995888195	1451.21	738.71	1457.54	743.22	3.2009	3.3991
431995896528	1459.31	733.77	1456.76	735.07	3.2198	3.3982
431995904870	1463.70	729.84	1453.29	735.46	3.2303	3.4230
431995913195	1464.34	732.75	1456.09	738.71	3.2340	3.4298
431995921529	1466.21	738.93	1455.19	732.70	3.2399	3.4408
431995929861	1472.67	741.87	1449.40	735.94	3.2569	3.4540
431995938194	1465.20	739.95	1457.53	741.48	3.2554	3.4507
431995946528	1461.90	739.29	1457.99	736.32	3.2607	3.4631
431995954861	1449.16	736.30	1452.73	739.03	3.2734	3.4639
431995963194	1335.13	736.18	1340.39	719.04	3.2883	3.5033
431995971528	1219.31	727.09	1209.47	718.70	3.3164	3.5319
431995979868	1111.16	726.74	1107.07	715.90	3.3105	3.5471
431995988201	1014.41	728.26	993.71	726.17	3.2961	3.5456
431995996534	967.40	742.71	969.88	739.46	3.2817	3.5456
431996004868	983.01	743.57	989.50	756.14	3.2993	3.5560
431996013200	973.88	728.53	979.86	746.91	3.3097	3.5613
431996021533	973.61	733.78	971.32	724.03	3.3082	3.5697
431996029867	978.30	742.73	974.97	730.29	3.3035	3.5706
431996038209	982.25	740.78	982.33	734.78	3.3096	3.5655
431996046534	970.53	748.43	983.17	743.85	3.3023	3.5850
431996054867	968.34	743.68	976.02	740.88	3.3083	3.5854
431996063200	970.70	748.40	967.76	734.11	3.3304	3.5831
431996071533	972.93	744.23	965.50	729.75	3.3076	3.5901
431996079867	978.52	739.68	970.76	720.83	3.3117	3.5860
431996088199	970.98	738.11	971.21	726.93	3.3148	3.5923
431996096532	972.44	743.79	977.40	743.99	3.3202	3.6061
431996104866	965.98	750.88	975.75	751.39	3.3127	3.6050
431996113203	966.95	745.22	970.23	746.94	3.3016	3.5914
431996121545	970.64	738.38	969.22	748.16	3.3008	3.6082
431996129870	970.62	734.42	966.10	752.74	3.3042	3.6074
431996138203	976.02	729.31	962.82	744.96	3.3219	3.6114
431996146536	971.55	739.48	965.99	735.18	3.3111	3.6190
431996154870	973.07	755.90	974.99	728.88	3.3154	3.6205
431996163204	967.46	753.70	981.73	722.31	3.3109	3.6148
431996171535	964.51	740.11	976.10	719.50	3.3171	3.6163
431996179869	969.11	746.60	967.01	725.07	3.3108	3.6229
431996188202	972.19	751.01	957.84	721.17	3.3126	3.6294
431996196535	966.54	749.13	968.90	723.43	3.3124	3.6281
431996204869	963.56	746.48	968.81	722.59	3.3133	3.6315
431996213202	967.28	743.04	965.36	736.78	3.3113	3.6314
431996221535	977.80	734.94	956.07	744.19	3.3008	3.6424
431996229869	1009.91	737.40	992.43	719.63	3.3045	3.6541
431996238203	1051.44	738.21	1033.01	716.63	3.3187	3.6441
431996246539	1054.21	747.31	1044.39	723.20	3.3143	3.6492
431996254872	1038.28	737.11	1048.37	711.40	3.3240	3.6555
431996263205	1036.24	737.60	1039.10	714.62	3.3201	3.6577
431996271538	1045.44	738.48	1029.48	727.68	3.3212	3.6595
431996279872	1043.70	739.60	1023.03	728.11	3.3328	3.6624
431996288205	1041.72	742.39	1028.89	732.08	3.3292	3.6734
431996296538	1039.44	750.30	1027.58	722.36	3.3410	3.6735
431996304872	1037.08	747.37	1033.25	716.85	3.3310	3.6790
431996313205	1034.76	741.66	1031.83	709.02	3.3341	3.6688
431996321538	1038.67	738.23	1027.10	708.11	3.3401	3.6692
431996329871	1041.95	734.55	1027.53	709.39	3.3446	3.6805
431996338204	1038.76	732.97	1033.41	704.64	3.3494	3.6787
431996346537	1046.46	734.40	1042.03	705.51	3.3599	3.6826
431996354871	1046.72	734.17	1037.68	708.87	3.3573	3.6818
431996363204	1040.87	736.65	1031.60	709.07	3.3606	3.6863
431996371543	1037.47	737.49	1032.11	703.65	3.3708	3.6938
431996379877	1049.85	723.46	1042.78	709.04	3.3743	3.7014
431996388210	1100.33	731.85	1087.80	702.38	3.3783	3.7107
431996396543	1231.32	705.91	1225.11	686.06	3.4117	3.7308
431996404876	1322.03	697.20	1327.97	693.68	3.4126	3.7384
431996413209	1415.53	701.75	1427.09	691.71	3.3978	3.7315
431996421542	1462.03	707.25	1465.59	692.50	3.4052	3.7208
431996429875	1472.64	711.76	1464.65	693.67	3.4247	3.7102
431996438209	1464.50	702.56	1454.82	682.63	3.4256	3.7332
431996446542	1475.32	699.58	1460.08	684.47	3.4301	3.7295
431996454875	1467.82	697.69	1456.06	684.42	3.4307	3.7261
431996463209	1463.77	703.08	1455.58	691.64	3.4421	3.7420
431996471542	1467.44	700.70	1451.88	694.79	3.4425	3.7410
431996479875	1468.79	702.02	1444.17	688.47	3.4505	3.7379
431996488208	1471.49	702.64	1440.10	692.87	3.4546	3.7553
431996496541	1479.72	697.59	1435.51	691.77	3.4557	3.7613
431996504879	1475.18	696.66	1443.64	684.01	3.4577	3.7588
431996513213	1467.58	706.77	1449.63	695.40	3.4691	3.7701
431996521546	1469.51	708.14	1453.45	704.26	3.4709	3.7758
431996529880	1468.28	711.68	1451.50	703.56	3.4686	3.7650
431996538213	1472.20	703.79	1449.41	688.54	3.4734	3.7839
431996546546	1471.87	713.48	1453.87	692.53	3.4787	3.7895
431996554879	1470.61	713.88	1454.58	700.19	3.4809	3.7924
431996563213	1463.85	713.27	1454.29	698.23	3.4813	3.7998
431996571545	1466.11	700.54	1456.12	683.31	3.4879	3.8084
431996579878	1468.77	691.43	1451.86	686.14	3.4902	3.8113
431996588212	1478.53	697.61	1445.21	693.22	3.5020	3.8130
431996596545	1477.62	696.99	1438.39	704.11	3.5070	3.8173
431996604879	1478.23	695.43	1439.98	700.32	3.5041	3.8196
431996613212	1471.57	691.92	1448.44	696.01	3.5170	3.8238
431996621545	1468.35	701.37	1456.45	691.13	3.5120	3.8269
431996629878	1463.32	713.82	1454.14	685.44	3.5096	3.8398
431996638217	1455.20	701.82	1459.55	694.83	3.5085	3.8501
431996646550	1399.16	673.30	1404.54	681.20	3.5288	3.8380
431996654882	1305.30	661.16	1324.67	636.41	3.5349	3.8767
431996663216	1227.00	620.56	1237.59	605.12	3.5423	3.8863
431996671549	1156.41	615.11	1164.93	618.22	3.5602	3.8785
431996679882	1135.41	599.32	1132.42	610.14	3.5561	3.8729
431996688216	1140.10	612.00	1143.67	615.27	3.5558	3.8806
431996696549	1153.33	604.15	1145.11	609.79	3.5648	3.8804
431996704881	1151.48	595.46	1143.95	599.29	3.5751	3.8807
431996713215	1150.79	611.63	1145.20	594.44	3.5698	3.8918
431996721548	1156.38	607.94	1150.11	593.89	3.5734	3.8840
431996729881	1151.58	620.50	1150.77	602.81	3.5705	3.8943
431996738215	1145.70	609.46	1150.28	610.80	3.5796	3.8906
431996746548	1147.75	605.97	1142.26	608.91	3.5847	3.8887
431996754880	1147.36	611.21	1141.99	609.16	3.5981	3.8842
431996763218	1145.21	605.77	1145.05	601.77	3.5904	3.8914
431996771551	1143.12	613.73	1142.99	597.48	3.5997	3.8941
431996779884	1137.51	612.69	1142.51	596.94	3.5962	3.9013
431996788218	1143.97	609.12	1142.14	598.46	3.6129	3.9041
431996796551	1148.77	604.39	1144.17	603.66	3.6036	3.8988
431996804884	1146.85	604.34	1140.80	611.20	3.6067	3.9095
431996813218	1148.69	610.23	1133.52	621.52	3.6180	3.9104
431996821551	1147.03	606.92	1131.32	607.23	3.6161	3.9153
431996829884	1143.22	610.23	1127.79	599.17	3.6214	3.9093
431996838217	1148.10	618.37	1137.36	584.26	3.6164	3.9040
431996846550	1139.41	617.91	1135.37	593.49	3.6245	3.9083
431996854883	1140.86	616.92	1137.95	596.59	3.6234	3.9155
431996863217	1141.71	613.21	1141.19	598.29	3.6209	3.9213
431996871550	1151.22	612.54	1135.27	596.68	3.6203	3.9158
431996879883	1146.96	618.85	1135.49	597.08	3.6183	3.9202
431996888217	1153.92	619.65	1135.83	596.36	3.6196	3.9230
431996896557	1156.82	610.92	1136.12	603.80	3.6221	3.9175
431996904890	1149.80	599.51	1128.66	613.11	3.6219	3.9141
431996913223	1154.77	605.12	1127.24	617.71	3.6191	3.9246
431996921556	1147.98	608.00	1133.27	607.48	3.6086	3.9200
431996929889	1150.16	612.31	1127.29	597.20	3.6145	3.9236
431996938222	1149.41	616.42	1130.75	600.96	3.6064	3.9185
431996946556	1151.53	620.69	1126.23	604.11	3.5982	3.9216
431996954889	1149.48	618.84	1130.37	606.78	3.5908	3.9171
431996963222	1145.16	618.77	1125.79	605.93	3.5723	3.9079
431996971556	1144.69	619.38	1129.49	613.91	3.5840	3.9203
431996979889	1147.75	628.36	1135.51	623.03	3.5636	3.9040
431996988223	1211.45	658.02	1188.96	654.36	3.5786	3.9212
431996996555	1292.87	698.71	1282.55	688.10	3.5650	3.9391
431997004888	1352.53	746.96	1361.30	734.96	3.5617	3.9148
431997013222	1405.24	785.07	1389.18	758.79	3.5493	3.9040
431997021555	1393.03	806.80	1412.39	752.80	3.5405	3.8808
431997029891	1390.11	793.80	1403.36	754.02	3.5320	3.8870
431997038224	1400.66	779.09	1407.58	748.14	3.5296	3.8771
431997046558	1402.77	788.29	1404.28	750.31	3.5280	3.8760
431997054891	1401.53	778.51	1413.10	758.66	3.5158	3.8882
431997063225	1400.66	779.23	1402.66	750.12	3.5119	3.8827
431997071558	1402.06	777.95	1405.44	750.66	3.5047	3.8838
431997079890	1409.88	781.36	1412.61	736.11	3.5195	3.8798
431997088223	1412.11	780.75	1417.66	754.05	3.4990	3.8894
431997096557	1413.84	781.82	1412.81	752.08	3.5030	3.8839
431997104890	1408.90	788.85	1397.12	762.46	3.5065	3.8870
431997113224	1413.10	787.17	1399.91	764.00	3.5048	3.8779
431997121557	1409.01	788.95	1400.64	766.77	3.4893	3.8733
431997129890	1406.79	797.44	1400.34	773.59	3.5023	3.8733
431997138224	1406.51	795.69	1401.46	776.89	3.4886	3.8693
431997146557	1408.73	798.86	1402.18	774.55	3.4952	3.8694
431997154889	1411.08	799.16	1398.79	775.37	3.4888	3.8652
431997163226	1411.50	800.15	1410.33	768.54	3.4862	3.8656
431997171560	1415.32	798.46	1417.52	769.12	3.4819	3.8692
431997179893	1415.15	796.61	1424.09	772.06	3.4795	3.8594
431997188226	1406.78	793.93	1414.95	777.76	3.4795	3.8703
431997196560	1406.91	790.98	1414.55	772.16	3.4794	3.8592
431997204893	1405.93	792.22	1407.14	762.52	3.4814	3.8598
431997213226	1422.92	773.65	1429.02	750.64	3.4803	3.8659
431997221561	1453.81	728.21	1487.88	725.84	3.4952	3.8799
431997229894	1540.69	654.63	1523.52	659.83	3.5028	3.8513
431997238226	1528.01	648.38	1543.37	620.88	3.4759	3.8531
431997246559	1553.41	632.16	1553.86	613.65	3.4728	3.8433
431997254893	1543.69	632.16	1550.49	609.29	3.4651	3.8435
431997263226	1546.30	636.68	1553.92	619.53	3.4735	3.8420
431997271559	1542.20	640.83	1547.72	624.12	3.4719	3.8305
431997279892	1541.98	639.48	1547.28	630.31	3.4720	3.8244
431997288228	1551.19	635.85	1543.63	636.00	3.4605	3.8185
431997296562	1555.81	629.57	1543.76	638.44	3.4558	3.8067
431997304896	1556.17	629.31	1542.44	635.30	3.4523	3.7954
431997313228	1559.77	623.75	1541.07	637.21	3.4499	3.7941
431997321562	1560.23	633.15	1539.94	635.19	3.4414	3.7758
431997329895	1552.52	637.52	1539.33	635.12	3.4400	3.7722
431997338228	1558.08	632.80	1544.33	632.97	3.4349	3.7644
431997346562	1553.89	640.19	1542.62	632.52	3.4304	3.7671
431997354895	1556.31	638.78	1541.40	635.70	3.4193	3.7558
431997363228	1554.38	637.97	1548.11	636.31	3.4236	3.7507
431997371562	1557.17	633.43	1557.48	637.81	3.4297	3.7433
431997379895	1559.33	634.67	1550.35	636.69	3.4050	3.7345
431997388228	1561.89	631.86	1542.21	632.63	3.4062	3.7240
431997396561	1564.81	630.36	1540.83	635.63	3.4118	3.7134
431997404894	1563.24	632.13	1533.66	637.00	3.4046	3.7224
431997413227	1561.45	630.26	1537.19	636.37	3.3956	3.7127
431997421568	1560.21	629.64	1546.29	631.65	3.4027	3.7076
431997429901	1558.93	627.46	1547.26	627.50	3.4052	3.7014
431997438234	1560.85	628.58	1551.58	626.63	3.3963	3.7042
431997446568	1563.94	629.13	1548.91	631.48	3.3958	3.7000
431997454901	1565.95	632.43	1547.20	628.94	3.3949	3.6933
431997463234	1568.21	634.02	1551.75	629.99	3.3925	3.6998
431997471567	1560.21	634.88	1557.40	630.95	3.3823	3.6902
431997479900	1518.05	640.01	1500.50	636.59	3.3857	3.6797
431997488233	1403.46	647.08	1404.84	635.39	3.3974	3.6912
431997496566	1305.59	676.84	1304.52	653.20	3.3845	3.6980
431997504900	1212.82	715.67	1196.10	688.60	3.3876	3.7000
431997513233	1147.65	748.96	1125.32	734.99	3.3870	3.6927
431997521566	1111.04	799.11	1055.81	771.65	3.3498	3.6684
431997529900	1099.36	807.14	1071.04	788.84	3.3403	3.6635
431997538232	1110.44	794.67	1075.80	779.38	3.3590	3.6652
431997546565	1095.24	795.94	1071.39	788.05	3.3422	3.6497
431997554903	1099.26	793.08	1070.58	787.24	3.3520	3.6512
431997563236	1100.48	791.07	1065.26	782.63	3.3512	3.6530
431997571570	1099.86	793.89	1064.66	772.58	3.3482	3.6514
431997579902	1098.00	793.28	1073.53	763.43	3.3491	3.6479
431997588236	1099.02	791.16	1069.90	754.99	3.3593	3.6331
431997596569	1101.30	796.35	1070.41	763.57	3.3692	3.6503
431997604903	1101.64	794.09	1065.43	761.09	3.3524	3.6497
431997613235	1106.65	787.94	1062.11	764.89	3.3544	3.6456
431997621568	1111.33	790.25	1060.40	765.20	3.3599	3.6467
431997629902	1108.11	789.55	1066.76	773.93	3.3625	3.6463
431997638235	1105.74	799.93	1065.12	779.71	3.3652	3.6390
431997646569	1111.03	797.19	1071.83	788.87	3.3763	3.6417
431997654902	1108.95	797.91	1068.24	781.93	3.3649	3.6404
431997663235	1104.19	798.40	1072.28	773.38	3.3733	3.6402
431997671569	1100.39	787.98	1073.76	770.91	3.3737	3.6340
431997679902	1106.33	785.52	1073.35	766.86	3.3779	3.6539
431997688239	1108.25	786.44	1069.75	768.39	3.3788	3.6498
431997696572	1106.96	793.69	1076.06	766.78	3.3916	3.6363
431997704906	1108.84	787.61	1070.78	772.83	3.3910	3.6474
431997713239	1107.15	793.71	1072.97	768.96	3.3987	3.6425
431997721572	1125.82	762.52	1116.90	751.32	3.3954	3.6709
431997729906	1223.54	759.15	1198.26	727.27	3.4220	3.6674
431997738239	1288.43	726.32	1274.05	701.23	3.4528	3.6916
431997746572	1347.04	712.48	1311.05	693.65	3.4377	3.6653
431997754906	1355.97	715.58	1346.76	689.53	3.4325	3.6767
431997763239	1340.63	708.49	1330.11	685.28	3.4362	3.6759
431997771571	1346.19	718.35	1337.60	694.14	3.4560	3.6871
431997779905	1351.12	718.37	1340.52	688.89	3.4493	3.6778
431997788238	1358.58	720.03	1341.36	701.38	3.4523	3.6845
431997796571	1361.59	720.93	1335.77	708.98	3.4647	3.6916
431997804905	1366.31	723.08	1341.67	707.75	3.4630	3.6868
431997813242	1360.53	726.56	1338.79	701.03	3.4560	3.6841
431997821575	1356.84	720.42	1331.43	701.09	3.4749	3.6880
