t	gaze_point_LX	gaze_point_LY	gaze_point_RX	gaze_point_RY	pupil_diameter_L	pupil_diameter_R
1500344194548	1255.66	699.11	1240.23	698.07	3.0895	3.0491
1500344202882	1259.00	712.69	1242.12	699.64	3.1230	3.0856
1500344211215	1261.51	708.41	1244.66	699.80	3.0947	3.0733
1500344219549	1255.19	702.15	1240.63	693.97	3.0838	3.0465
1500344227883	1255.98	702.05	1245.00	698.51	3.0557	3.0511
1500344236216	1255.86	711.76	1238.98	688.79	3.0671	3.0325
1500344244555	1260.81	707.34	1245.73	688.69	3.0813	3.0378
1500344252888	1262.07	704.55	1248.27	696.03	3.0630	3.0483
1500344261220	1279.48	699.18	1269.40	695.85	3.0575	3.0369
1500344269554	1274.33	697.23	1258.04	697.67	3.0409	3.0353
1500344277887	1274.22	699.06	1262.89	696.11	3.0528	3.0252
1500344286220	1268.57	704.14	1266.23	692.38	3.0455	3.0411
1500344294553	1272.22	698.74	1258.18	696.79	3.0298	3.0407
1500344302887	1275.20	698.67	1269.03	692.70	3.0293	3.0341
1500344311220	1274.04	699.19	1262.97	686.45	3.0412	3.0281
1500344319553	1271.22	697.63	1262.23	690.78	3.0323	3.0321
1500344327887	1269.97	697.14	1263.46	694.61	3.0120	3.0376
1500344336219	1270.59	699.16	1267.94	689.17	3.0178	3.0258
1500344344552	1274.02	690.97	1267.83	689.19	3.0097	3.0277
1500344352886	1271.05	699.67	1264.59	692.24	3.0251	3.0307
1500344361219	1272.07	695.46	1262.89	685.16	3.0184	3.0316
1500344369553	1270.98	702.93	1265.92	692.43	3.0326	3.0401
1500344377890	1273.08	697.41	1264.25	689.05	3.0282	3.0447
1500344386224	1268.66	692.47	1265.93	685.22	3.0100	3.0449
1500344394558	1273.17	703.57	1267.12	689.31	3.0355	3.0356
1500344402891	1272.54	702.54	1263.85	689.46	3.0458	3.0218
1500344411223	1270.04	697.99	1267.27	692.55	3.0340	3.0293
1500344419556	1278.15	710.52	1262.99	695.28	3.0457	3.0536
1500344427889	1275.36	700.29	1261.37	687.11	3.0500	3.0257
1500344436223	1268.73	696.46	1259.28	689.37	3.0349	3.0371
1500344444556	1268.06	710.44	1263.51	694.70	3.0371	3.0619
1500344452890	1269.20	701.29	1269.16	697.17	3.0082	3.0276
1500344461223	1278.48	715.82	1267.25	725.33	2.9788	3.0230
1500344469556	1273.43	704.75	1246.78	717.40	2.9829	3.0263
1500344477890	1280.97	1196.79	NaN	NaN	3.0158	NaN
1500344486223	NaN	NaN	NaN	NaN	NaN	NaN
1500344494556	NaN	NaN	NaN	NaN	NaN	NaN
1500344502889	NaN	NaN	NaN	NaN	NaN	NaN
1500344511226	NaN	NaN	NaN	NaN	NaN	NaN
1500344519560	NaN	NaN	NaN	NaN	NaN	NaN
1500344527893	NaN	NaN	NaN	NaN	NaN	NaN
1500344536226	NaN	NaN	NaN	NaN	NaN	NaN
1500344544560	NaN	NaN	NaN	NaN	NaN	NaN
1500344552892	NaN	NaN	NaN	NaN	NaN	NaN
1500344561226	NaN	NaN	NaN	NaN	NaN	NaN
1500344569559	NaN	NaN	NaN	NaN	NaN	NaN
1500344577892	NaN	NaN	NaN	NaN	NaN	NaN
1500344586225	NaN	NaN	NaN	NaN	NaN	NaN
1500344594559	NaN	NaN	NaN	NaN	NaN	NaN
1500344602891	NaN	NaN	NaN	NaN	NaN	NaN
1500344611225	NaN	NaN	NaN	NaN	NaN	NaN
1500344619558	NaN	NaN	NaN	NaN	NaN	NaN
1500344627892	NaN	NaN	1217.52	873.29	NaN	2.5400
1500344636229	NaN	NaN	1291.68	792.91	NaN	2.9718
1500344644562	NaN	NaN	1272.37	740.88	NaN	3.1285
1500344652893	NaN	NaN	1270.29	692.21	NaN	3.1980
1500344661226	1287.74	867.95	1272.70	696.79	3.1463	3.2078
1500344669559	1276.35	756.55	1278.81	720.95	3.0744	3.1684
1500344677895	1274.72	699.89	1274.49	722.01	3.1870	3.1853
1500344686228	1281.24	684.65	1272.36	715.76	3.1800	3.1751
1500344694561	1276.55	723.97	1284.71	714.86	3.2183	3.1984
1500344702894	1276.88	741.70	1274.15	717.16	3.2278	3.1638
1500344711228	1279.55	745.64	1283.42	717.19	3.2522	3.2280
1500344719561	1274.21	724.54	1274.65	715.90	3.2122	3.2422
1500344727894	1280.45	712.91	1276.33	718.63	3.1674	3.2339
1500344736227	1275.36	750.44	1275.12	712.42	3.2423	3.2557
1500344744561	1282.03	735.92	1273.09	708.73	3.2679	3.2575
1500344752894	1281.18	732.41	1274.36	703.91	3.2541	3.2474
1500344761227	1282.08	723.77	1271.02	699.34	3.2633	3.2533
1500344769566	1270.03	734.24	1274.20	703.58	3.2970	3.2636
1500344777899	1275.83	702.99	1266.69	698.70	3.2191	3.2685
1500344786232	1284.65	745.74	1271.98	692.88	3.3261	3.2523
1500344794564	1283.56	746.61	1271.26	703.28	3.3391	3.3088
1500344802898	1284.66	720.82	1272.57	689.28	3.2637	3.2774
1500344811231	1283.35	726.32	1277.30	695.88	3.3159	3.2961
1500344819564	1278.78	706.49	1276.03	682.96	3.2811	3.2892
1500344827898	1279.66	714.62	1270.33	685.56	3.2998	3.2908
1500344836231	1280.31	705.87	1267.83	688.15	3.2980	3.3177
1500344844564	1284.63	729.95	1270.29	680.35	3.3598	3.3137
1500344852898	1281.17	750.14	1281.73	687.01	3.4109	3.3091
1500344861231	1278.59	712.20	1274.37	680.85	3.3340	3.3154
1500344869563	1286.19	731.38	1279.95	687.45	3.3939	3.3335
1500344877897	1278.49	728.64	1273.10	682.40	3.3965	3.3334
1500344886230	1278.05	732.35	1280.30	671.99	3.4192	3.3407
1500344894563	1284.20	720.94	1263.46	682.28	3.3893	3.3485
1500344902901	1284.03	734.76	1267.15	682.22	3.4263	3.3446
1500344911235	1281.17	749.47	1275.83	672.34	3.4644	3.3412
1500344919568	1282.48	741.29	1276.31	681.77	3.4317	3.3563
1500344927902	1280.42	712.91	1256.82	705.08	3.4084	3.4116
1500344936235	1281.02	742.47	1262.45	711.80	3.4798	3.4457
1500344944567	1283.07	732.33	1268.83	704.49	3.4609	3.4197
1500344952901	1283.00	716.52	1268.15	710.84	3.4563	3.4525
1500344961234	1285.09	708.30	1258.58	707.70	3.4284	3.4805
1500344969567	1282.43	735.91	1261.02	671.14	3.5100	3.3996
1500344977901	1285.89	722.19	1260.36	672.10	3.4904	3.3890
1500344986234	1288.99	739.46	1264.21	666.85	3.5484	3.4034
1500344994567	1285.06	738.25	1266.44	674.76	3.5355	3.4285
1500345002900	1284.67	746.61	1261.39	681.26	3.5674	3.4193
1500345011234	1282.22	742.31	1263.31	665.82	3.5649	3.4182
1500345019566	1281.67	723.77	1262.18	694.91	3.5362	3.4899
1500345027905	1280.84	731.88	1274.98	700.80	3.5737	3.5155
1500345036238	1278.81	737.87	1266.75	687.54	3.5898	3.4750
1500345044571	1281.24	741.33	1264.20	676.55	3.6054	3.4662
1500345052905	1290.56	732.57	1265.37	712.40	3.5949	3.5578
1500345061237	1283.17	739.21	1262.68	692.55	3.5950	3.5356
1500345069571	1285.18	739.86	1273.83	678.39	3.6153	3.4883
1500345077904	1285.96	752.56	1270.14	661.34	3.6286	3.4585
1500345086237	1281.90	720.95	1272.60	663.61	3.5715	3.4698
1500345094570	1285.87	733.26	1258.15	657.55	3.6046	3.4580
1500345102904	1279.85	739.81	1261.92	681.61	3.6354	3.5020
1500345111236	1279.33	744.87	1250.77	680.07	3.6159	3.5079
1500345119570	1279.77	742.29	1257.70	676.71	3.6250	3.4786
1500345127904	1272.91	744.10	1266.94	681.73	3.6197	3.4822
1500345136237	1269.66	731.09	1273.41	671.40	3.6059	3.4576
1500345144570	1276.33	741.88	1266.16	663.72	3.6049	3.4450
1500345152903	1275.04	745.78	1267.95	661.83	3.6077	3.4361
1500345161243	1274.26	730.59	1268.71	657.20	3.5788	3.4390
1500345169576	1269.38	754.95	1266.16	660.17	3.5963	3.4247
1500345177909	1272.88	746.72	1273.32	670.89	3.5851	3.4379
1500345186243	1273.58	742.19	1268.61	672.61	3.5836	3.4445
1500345194576	1275.52	732.53	1270.58	664.71	3.5451	3.4332
1500345202909	1282.45	747.19	1260.20	667.81	3.5528	3.4336
1500345211242	1282.81	740.96	1261.63	665.74	3.5352	3.3982
1500345219577	1283.74	744.68	1256.61	669.86	3.5472	3.4044
1500345227911	1275.56	752.13	1261.43	670.82	3.5372	3.3877
1500345236244	1285.84	744.99	1255.15	674.14	3.5269	3.4010
1500345244576	1282.51	714.87	1257.20	670.40	3.4556	3.3911
1500345252909	1274.56	733.95	1265.52	669.99	3.4754	3.4014
1500345261243	1274.54	728.79	1261.59	674.01	3.4586	3.3759
1500345269576	1271.53	718.62	1265.00	679.66	3.4151	3.3778
1500345277909	1269.17	707.35	1259.59	674.92	3.3875	3.3732
1500345286242	1275.12	729.33	1263.75	670.59	3.4474	3.3573
1500345294578	1272.20	721.28	1267.77	672.26	3.4066	3.3472
1500345302912	1269.84	734.42	1262.73	673.97	3.4187	3.3512
1500345311245	1283.07	740.23	1260.32	668.37	3.4454	3.3379
1500345319577	1274.58	737.32	1259.40	680.11	3.4156	3.3403
1500345327910	1272.97	721.87	1256.29	677.10	3.3806	3.3322
1500345336243	1268.89	724.30	1259.54	678.04	3.3804	3.3265
1500345344577	1277.15	727.53	1260.09	680.73	3.3949	3.3373
1500345352910	1272.46	720.47	1261.40	680.14	3.3648	3.3269
1500345361244	1277.95	716.95	1255.69	672.76	3.3527	3.3288
1500345369577	1279.66	693.07	1257.21	669.21	3.2872	3.3248
1500345377910	1279.08	731.99	1252.43	686.83	3.3676	3.3291
1500345386244	1278.93	712.91	1250.44	682.74	3.3269	3.3409
1500345394576	1273.61	664.00	1255.35	681.68	3.2127	3.3240
1500345402909	1280.35	727.87	1249.86	680.09	3.3500	3.3217
1500345411242	1284.10	723.17	1249.72	682.54	3.3292	3.3220
1500345419575	1279.90	711.78	1255.31	674.08	3.3075	3.3124
1500345427914	1278.64	717.12	1254.66	675.08	3.3366	3.3016
1500345436248	1275.40	702.44	1259.23	680.06	3.2833	3.3210
1500345444581	1273.95	736.56	1256.22	677.63	3.3749	3.3214
1500345452914	1274.49	729.86	1254.70	679.92	3.3446	3.3299
1500345461247	1271.13	729.97	1254.47	675.16	3.3727	3.3134
1500345469580	1270.75	723.47	1249.56	682.21	3.3551	3.3367
1500345477913	1278.53	727.36	1262.03	684.88	3.3593	3.3123
1500345486247	1273.90	704.67	1251.21	684.06	3.3057	3.3304
1500345494580	1273.96	707.17	1251.55	681.61	3.3359	3.3151
1500345502913	1272.71	710.40	1248.32	681.16	3.3278	3.3197
1500345511247	1275.04	721.62	1246.74	679.87	3.3505	3.3257
1500345519580	1264.93	708.90	1253.77	683.19	3.3299	3.3338
1500345527913	1270.77	717.20	1252.05	683.97	3.3348	3.3360
1500345536246	1272.31	723.76	1253.84	672.51	3.3642	3.3214
1500345544579	1272.50	717.28	1254.09	673.10	3.3655	3.3154
1500345552915	1276.67	714.70	1254.51	693.60	3.3529	3.3549
1500345561249	1277.60	720.45	1260.37	671.80	3.3775	3.3058
1500345569582	1275.64	737.86	1257.31	678.53	3.4216	3.3508
1500345577915	1272.44	717.58	1252.49	681.92	3.3826	3.3468
1500345586248	1273.77	734.96	1249.23	672.69	3.4252	3.3399
1500345594582	1271.52	715.03	1251.15	671.71	3.3717	3.3445
1500345602915	1265.47	709.82	1248.36	676.48	3.3936	3.3555
1500345611249	1272.82	735.55	1251.77	682.70	3.4246	3.3747
1500345619580	1271.94	736.17	1253.86	676.98	3.4445	3.3700
1500345627914	1273.56	741.85	1257.14	683.73	3.4676	3.3735
1500345636248	1270.13	734.45	1252.04	677.33	3.4680	3.3835
1500345644581	1274.59	743.61	1257.29	685.96	3.4915	3.3943
1500345652914	1276.56	737.44	1257.24	679.36	3.4826	3.3883
1500345661247	1273.81	735.43	1254.65	676.55	3.4605	3.3894
1500345669580	1273.24	745.27	1253.65	681.49	3.5116	3.3925
1500345677914	1270.19	731.09	1253.45	675.66	3.4778	3.4048
1500345686253	1273.85	733.21	1254.29	678.51	3.4937	3.4001
1500345694586	1271.45	739.68	1251.84	677.77	3.5252	3.4042
1500345702919	1274.26	721.51	1259.66	677.71	3.4941	3.4168
1500345711252	1272.68	743.28	1253.54	670.53	3.5374	3.3996
1500345719586	1272.65	750.97	1253.05	679.52	3.5592	3.4389
1500345727919	1278.79	750.87	1252.48	676.47	3.5708	3.4279
1500345736252	1281.49	746.98	1253.50	674.70	3.5671	3.4315
1500345744585	1284.24	756.27	1248.91	670.55	3.5942	3.4363
1500345752919	1276.14	750.10	1249.10	689.10	3.5790	3.4697
1500345761252	1279.94	762.16	1245.84	689.24	3.6394	3.4911
1500345769586	1272.02	750.66	1246.45	671.66	3.6118	3.4508
1500345777918	1282.93	760.56	1254.73	677.31	3.6354	3.4696
1500345786251	1280.37	758.92	1252.70	663.97	3.6405	3.4758
1500345794584	1277.85	749.44	1247.14	668.92	3.6329	3.4843
1500345802918	1273.97	760.85	1249.82	664.06	3.6630	3.4919
1500345811251	1273.16	743.68	1254.83	662.41	3.6257	3.4768
1500345819590	1271.85	734.91	1252.27	707.87	3.6121	3.5880
1500345827923	1274.87	756.48	1254.65	663.50	3.6559	3.4983
1500345836256	1276.02	764.76	1257.61	665.18	3.6913	3.4990
1500345844590	1277.46	766.83	1256.93	690.45	3.6951	3.5675
1500345852922	1269.79	741.09	1254.18	666.17	3.6493	3.5106
1500345861255	1276.79	758.16	1252.70	662.79	3.6825	3.5124
1500345869588	1276.55	772.58	1256.13	661.97	3.7166	3.5326
1500345877922	1280.60	756.70	1250.30	691.72	3.7016	3.5840
1500345886255	1280.32	757.78	1249.44	692.78	3.7052	3.5884
1500345894589	1276.72	757.32	1250.92	697.14	3.7137	3.6132
1500345902922	1274.79	758.18	1248.42	719.89	3.7164	3.6586
1500345911255	1276.38	741.94	1249.88	700.09	3.6739	3.6227
1500345919588	1275.54	739.80	1246.12	723.49	3.6817	3.6796
1500345927921	1272.13	758.54	1240.54	715.33	3.7317	3.6522
1500345936254	1268.27	748.58	1244.24	738.66	3.6991	3.7227
1500345944589	1277.51	736.87	1241.55	720.59	3.6792	3.6899
1500345952922	1279.90	745.89	1238.17	682.81	3.7045	3.6320
1500345961255	1270.81	750.03	1239.56	729.16	3.7204	3.7162
1500345969589	1270.34	763.54	1239.76	717.72	3.7694	3.7110
1500345977922	1269.07	766.65	1239.71	728.67	3.7725	3.7383
1500345986255	1271.74	766.65	1244.24	701.72	3.7774	3.6735
1500345994588	1271.15	769.77	1241.83	715.04	3.7989	3.7058
1500346002921	1271.72	768.55	1243.41	721.59	3.8116	3.7073
1500346011254	1268.95	767.64	1244.68	716.12	3.8069	3.7092
1500346019588	1269.01	769.71	1245.84	695.30	3.8009	3.6628
1500346027921	1271.12	768.81	1240.74	720.40	3.8138	3.7332
1500346036254	1270.89	753.46	1238.55	714.66	3.7585	3.7390
1500346044588	1265.95	766.19	1241.73	737.29	3.8076	3.7812
1500346052921	1273.86	753.16	1240.96	719.02	3.7714	3.7506
1500346061254	1267.09	768.79	1238.73	727.73	3.8143	3.7583
1500346069588	1272.49	776.12	1241.53	730.26	3.8254	3.7745
1500346077927	1273.81	775.63	1237.48	737.44	3.8414	3.7937
1500346086261	1273.65	768.21	1240.35	727.02	3.8365	3.7616
1500346094595	1267.39	768.75	1238.63	744.23	3.8400	3.7947
1500346102928	1271.18	765.20	1241.79	713.61	3.8421	3.7482
1500346111261	1277.18	768.71	1245.79	741.13	3.8652	3.8108
1500346119594	1278.90	771.55	1239.19	722.47	3.8588	3.7822
1500346127928	1273.92	770.37	1242.14	711.18	3.8513	3.7723
1500346136261	1273.25	756.32	1241.22	724.15	3.8304	3.7821
1500346144595	1274.09	770.57	1243.63	720.53	3.8643	3.7817
1500346152927	1272.92	763.23	1244.64	726.13	3.8716	3.8068
1500346161260	1274.81	764.53	1245.05	708.93	3.8854	3.7610
1500346169594	1269.59	763.96	1239.41	704.82	3.8771	3.7499
1500346177926	1269.23	761.38	1244.55	716.01	3.8647	3.7758
1500346186260	1265.41	768.92	1249.80	671.89	3.8760	3.6963
1500346194594	1263.81	772.62	1253.70	709.38	3.9026	3.7700
1500346202926	1271.78	771.61	1247.44	719.61	3.8920	3.7939
1500346211265	1269.49	771.11	1250.12	683.22	3.8801	3.7128
1500346219598	1265.75	772.84	1248.98	693.89	3.8779	3.7213
1500346227932	1268.65	775.13	1241.80	732.32	3.8757	3.8045
1500346236265	1265.03	775.23	1248.09	740.16	3.8616	3.8068
1500346244598	1270.57	763.51	1244.67	723.52	3.8394	3.7766
1500346252932	1267.76	769.07	1240.82	727.47	3.8348	3.7905
1500346261265	1268.49	768.25	1243.72	714.63	3.8247	3.7248
1500346269598	1269.48	768.36	1245.73	748.24	3.7952	3.7936
1500346277931	1264.64	768.31	1251.79	727.72	3.8069	3.7479
1500346286265	1267.01	768.74	1255.15	721.04	3.7872	3.7293
1500346294597	1266.96	767.38	1248.63	712.75	3.7840	3.7003
1500346302930	1268.41	764.13	1248.90	700.62	3.7612	3.6556
1500346311264	1264.49	764.92	1250.59	727.70	3.7351	3.6899
1500346319597	1266.71	764.73	1247.25	696.02	3.7202	3.6151
1500346327930	1270.06	763.69	1247.01	681.34	3.7016	3.5704
1500346336264	1263.67	764.38	1244.51	710.13	3.6717	3.6140
1500346344602	1266.92	766.59	1250.75	705.95	3.6660	3.5712
1500346352935	1272.49	760.21	1247.30	702.64	3.6561	3.5467
1500346361269	1266.99	767.81	1249.30	688.69	3.6398	3.5074
1500346369601	1270.01	764.45	1247.85	739.82	3.6163	3.5953
1500346377934	1266.56	749.95	1247.53	689.89	3.5716	3.4736
1500346386268	1269.67	773.69	1248.74	703.03	3.6126	3.4923
1500346394601	1267.21	759.32	1250.50	709.45	3.5707	3.4659
1500346402934	1269.85	757.59	1247.81	688.80	3.5484	3.4312
1500346411268	1271.15	757.28	1242.16	688.38	3.5312	3.4196
1500346419601	1269.62	752.73	1247.03	688.83	3.5272	3.4053
1500346427934	1265.04	737.06	1248.11	692.21	3.4623	3.3889
1500346436268	1272.04	764.16	1244.11	681.12	3.5045	3.3810
1500346444600	1252.70	745.26	1223.61	706.14	3.4666	3.4038
1500346452933	1250.56	749.29	1227.92	693.83	3.4591	3.3674
1500346461267	1253.40	743.14	1230.48	684.42	3.4482	3.3517
1500346469603	1252.27	758.31	1229.47	684.64	3.4669	3.3379
1500346477936	1259.40	759.29	1229.50	693.22	3.4788	3.3423
1500346486270	1252.54	732.30	1227.61	683.84	3.4096	3.3126
1500346494603	1254.37	740.12	1226.49	695.13	3.3915	3.3212
1500346502936	1257.65	739.60	1229.81	689.96	3.4002	3.3058
1500346511269	1254.78	726.70	1233.06	692.12	3.3481	3.2959
1500346519602	1258.58	712.90	1223.78	683.62	3.3222	3.2785
1500346527935	1255.71	727.81	1233.98	694.24	3.3269	3.2831
1500346536268	1251.17	729.32	1226.24	692.86	3.3460	3.2638
1500346544602	1259.66	732.84	1232.41	691.52	3.3196	3.2685
1500346552935	1253.53	712.20	1230.35	691.21	3.2871	3.2525
1500346561268	1256.49	698.03	1230.69	691.73	3.2451	3.2457
1500346569602	1256.74	729.60	1231.79	695.26	3.3137	3.2382
1500346577935	1256.14	701.84	1233.24	684.41	3.2392	3.2309
1500346586268	1255.16	706.56	1232.48	693.72	3.2353	3.2284
1500346594602	1258.23	733.83	1234.18	688.55	3.2932	3.2079
1500346602941	1257.21	726.04	1231.07	698.30	3.2707	3.2367
1500346611273	1257.54	718.93	1233.23	696.75	3.2350	3.2195
1500346619607	1247.49	697.30	1228.77	702.89	3.1817	3.2140
1500346627940	1248.53	713.72	1232.89	705.55	3.1859	3.1978
1500346636273	1245.46	728.96	1227.18	711.66	3.1751	3.1771
1500346644607	1255.71	726.00	1237.34	717.38	3.2034	3.1593
1500346652940	1255.04	826.48	1223.11	789.24	3.1184	3.1689
1500346661273	NaN	NaN	1236.67	1020.55	NaN	2.9026
1500346669607	NaN	NaN	NaN	NaN	NaN	NaN
1500346677940	NaN	NaN	NaN	NaN	NaN	NaN
1500346686273	NaN	NaN	NaN	NaN	NaN	NaN
1500346694606	NaN	NaN	NaN	NaN	NaN	NaN
1500346702939	NaN	NaN	NaN	NaN	NaN	NaN
1500346711273	NaN	NaN	NaN	NaN	NaN	NaN
1500346719606	NaN	NaN	NaN	NaN	NaN	NaN
1500346727940	NaN	NaN	NaN	NaN	NaN	NaN
1500346736279	NaN	NaN	NaN	NaN	NaN	NaN
1500346744612	NaN	NaN	NaN	NaN	NaN	NaN
1500346752945	NaN	NaN	NaN	NaN	NaN	NaN
1500346761277	NaN	NaN	NaN	NaN	NaN	NaN
1500346769611	NaN	NaN	NaN	NaN	NaN	NaN
1500346777944	NaN	NaN	NaN	NaN	NaN	NaN
1500346786277	NaN	NaN	NaN	NaN	NaN	NaN
1500346794611	NaN	NaN	NaN	NaN	NaN	NaN
1500346802945	NaN	NaN	NaN	NaN	NaN	NaN
1500346811278	NaN	NaN	1253.79	919.30	NaN	3.1484
1500346819611	1191.71	1393.73	1244.44	773.77	2.8510	3.1014
1500346827944	NaN	NaN	1245.06	704.20	NaN	3.1415
1500346836276	1271.56	1064.53	1243.32	696.05	3.0493	3.1600
1500346844608	1249.06	815.12	1245.87	737.16	2.9388	3.1448
1500346852941	1259.79	753.17	1250.32	740.87	3.0179	3.1377
1500346861274	1261.67	706.56	1243.04	728.85	3.1426	3.1301
1500346869614	1266.76	693.26	1247.90	724.35	3.1701	3.1434
1500346877948	1258.45	693.59	1259.33	722.86	3.1313	3.1600
1500346886281	1255.21	714.67	1247.20	718.67	3.0864	3.1623
1500346894614	1256.23	717.22	1247.27	707.57	3.0947	3.1564
1500346902947	1257.32	708.77	1247.88	713.81	3.0749	3.1561
1500346911280	1262.49	706.42	1242.05	694.05	3.1029	3.1387
1500346919613	1263.83	702.84	1241.00	691.77	3.1081	3.1717
1500346927947	1256.90	701.22	1239.75	689.04	3.1022	3.1667
1500346936280	1260.64	702.38	1242.95	703.04	3.1024	3.1989
1500346944613	1255.98	705.25	1243.02	694.88	3.1156	3.1760
1500346952946	1260.15	698.69	1240.29	700.15	3.1077	3.2041
1500346961280	1257.42	697.25	1242.63	696.97	3.1157	3.2010
1500346969612	1257.37	693.45	1249.00	686.90	3.1092	3.1836
1500346977946	1253.81	695.71	1247.82	702.67	3.1089	3.1982
1500346986278	1259.40	698.30	1233.62	710.92	3.1167	3.2260
1500346994615	1253.00	687.79	1239.19	688.48	3.1019	3.1921
1500347002948	1257.95	695.28	1237.12	697.36	3.1193	3.2068
1500347011281	1254.45	747.80	1225.71	708.23	3.1992	3.1968
1500347019615	1248.17	706.93	1233.41	707.07	3.0993	3.1855
1500347027948	1252.54	712.48	1236.43	705.73	3.1163	3.1745
1500347036282	1252.50	707.22	1228.83	709.58	3.1110	3.1867
1500347044615	1247.89	704.02	1222.59	686.84	3.1244	3.1780
1500347052948	1247.80	701.95	1223.28	705.78	3.1278	3.1927
1500347061280	1250.17	700.25	1237.99	710.94	3.1406	3.2287
1500347069614	1249.27	695.83	1228.71	746.13	3.1457	3.3000
1500347077947	1249.81	689.24	1226.26	701.78	3.1305	3.2142
1500347086280	1252.96	714.59	1234.00	689.05	3.1971	3.1854
1500347094614	1246.72	707.22	1241.70	715.87	3.1876	3.2589
1500347102947	1250.11	736.44	1228.54	700.18	3.2525	3.2366
1500347111281	1245.09	706.35	1232.48	700.79	3.2113	3.2438
1500347119614	1248.98	731.79	1233.22	699.61	3.2695	3.2376
1500347127954	1251.53	725.61	1232.51	691.74	3.2414	3.2508
1500347136287	1253.14	716.70	1235.36	700.12	3.2468	3.2375
1500347144619	1255.43	679.92	1236.68	700.63	3.1835	3.2478
1500347152953	1253.78	718.96	1228.67	689.78	3.2658	3.2313
1500347161286	1240.78	726.62	1228.89	696.91	3.2988	3.2504
1500347169619	1251.71	740.27	1234.83	697.00	3.3292	3.2661
1500347177953	1248.21	756.52	1228.92	701.71	3.3864	3.2616
1500347186287	1244.14	757.49	1233.02	703.90	3.3772	3.2956
1500347194619	1248.72	757.26	1243.63	700.11	3.3883	3.2890
1500347202953	1250.73	740.51	1233.23	700.58	3.3686	3.2719
1500347211286	1253.49	738.64	1239.70	702.09	3.3478	3.2871
1500347219620	1252.68	729.45	1237.50	712.27	3.3299	3.3155
1500347227953	1249.12	738.26	1237.69	702.81	3.3736	3.2976
1500347236287	1251.53	763.83	1227.70	695.63	3.4117	3.2784
1500347244619	1244.75	758.68	1229.02	732.30	3.3905	3.3415
1500347252953	1253.47	762.82	1224.56	701.82	3.3939	3.2851
1500347261291	1250.69	762.89	1229.65	690.92	3.4153	3.2684
1500347269624	1248.73	742.67	1234.41	695.98	3.3829	3.2594
1500347277956	1258.67	757.30	1234.00	701.59	3.3892	3.2817
1500347286289	1248.80	737.11	1234.36	689.38	3.3384	3.2407
1500347294622	1239.35	755.83	1232.49	708.65	3.3789	3.2735
1500347302956	1244.72	749.99	1233.07	710.76	3.3786	3.2741
1500347311289	1249.76	765.86	1230.78	707.70	3.3973	3.2591
1500347319623	1250.02	731.37	1225.43	697.02	3.3092	3.2365
1500347327956	1245.80	753.45	1227.26	700.36	3.3748	3.2266
1500347336289	1243.58	727.92	1224.35	705.39	3.3034	3.2272
1500347344623	1239.76	726.84	1216.26	715.03	3.2795	3.2382
1500347352955	1239.99	736.59	1219.95	711.68	3.3097	3.2240
1500347361288	1238.09	723.28	1220.93	713.53	3.2694	3.2106
1500347369621	1235.53	708.87	1224.14	714.58	3.2169	3.2219
1500347377955	1240.63	724.05	1226.21	715.77	3.2530	3.1988
1500347386290	1237.19	714.64	1221.50	705.39	3.2338	3.1837
1500347394624	1240.99	720.80	1222.71	706.98	3.2398	3.2104
1500347402957	1243.70	713.54	1222.71	702.22	3.1996	3.1986
1500347411290	1237.91	731.21	1218.72	702.39	3.2337	3.1958
1500347419623	1244.90	724.89	1227.47	703.60	3.2329	3.1803
1500347427957	1238.47	702.14	1216.76	706.98	3.1624	3.2079
1500347436290	1246.92	736.01	1226.30	706.89	3.2562	3.1709
1500347444623	1237.93	691.43	1227.92	702.26	3.1510	3.1787
1500347452956	1242.28	692.64	1226.26	705.95	3.1531	3.1557
1500347461289	1232.32	705.29	1228.75	704.71	3.1827	3.1526
1500347469623	1235.78	715.98	1227.68	706.52	3.2036	3.1536
1500347477955	1240.50	740.31	1224.40	702.47	3.2293	3.1507
1500347486289	1242.72	731.92	1231.68	703.62	3.2296	3.1283
1500347494623	1245.51	715.25	1226.88	714.60	3.1670	3.1358
1500347502955	1241.29	702.89	1220.51	716.51	3.1325	3.1438
1500347511289	1241.57	691.86	1226.36	714.51	3.1297	3.1619
1500347519630	1242.40	684.41	1220.22	698.87	3.1124	3.1180
1500347527964	1242.24	689.06	1225.16	710.11	3.1071	3.1329
1500347536297	1245.21	705.03	1224.46	714.36	3.1359	3.1334
1500347544630	1244.73	699.55	1225.23	711.24	3.1152	3.1201
1500347552964	1244.49	699.07	1227.76	712.48	3.1036	3.1196
1500347561297	1241.96	696.24	1216.83	716.75	3.0882	3.1463
1500347569631	1236.66	702.78	1228.42	714.83	3.1056	3.1316
1500347577964	1232.16	701.09	1227.10	709.27	3.0927	3.1318
1500347586297	1252.13	701.74	1225.14	714.41	3.0848	3.1290
1500347594630	1243.49	698.54	1230.18	711.71	3.0856	3.0995
1500347602962	1244.77	701.30	1230.71	716.32	3.0888	3.1133
1500347611296	1244.45	739.27	1231.64	712.63	3.1678	3.1056
1500347619630	1238.87	718.72	1226.73	708.22	3.1112	3.1043
1500347627962	1244.30	726.11	1226.76	714.43	3.1266	3.1013
1500347636296	1239.08	700.45	1233.40	707.90	3.0576	3.0861
1500347644629	1239.66	695.70	1231.69	711.59	3.0545	3.0994
1500347652966	1244.24	694.87	1231.21	708.99	3.0670	3.0658
1500347661299	1245.89	719.99	1231.67	720.60	3.1249	3.0972
1500347669631	1246.69	704.47	1230.47	714.09	3.0588	3.0785
1500347677965	1243.26	703.13	1225.60	722.57	3.0652	3.0845
1500347686298	1250.76	706.36	1223.92	715.86	3.0647	3.0908
1500347694632	1254.30	700.32	1222.90	711.70	3.0494	3.0896
1500347702965	1244.09	700.36	1222.21	706.99	3.0468	3.0822
1500347711298	1246.95	693.94	1224.89	721.20	3.0515	3.0901
1500347719632	1244.47	706.65	1223.22	712.04	3.0680	3.1073
1500347727964	1245.86	705.95	1228.16	708.88	3.0735	3.0843
1500347736298	1245.33	698.79	1226.20	713.79	3.0481	3.0767
1500347744631	1250.91	705.20	1228.95	718.38	3.0561	3.1012
1500347752963	1246.78	701.60	1230.14	720.37	3.0437	3.1032
1500347761297	1248.52	702.44	1227.60	715.92	3.0739	3.0827
1500347769630	1244.83	698.88	1224.75	712.97	3.0518	3.0935
1500347777963	1246.51	702.47	1222.46	709.48	3.0609	3.0921
1500347786302	1249.59	707.06	1221.73	710.27	3.0723	3.0905
1500347794635	1250.71	705.34	1217.67	718.85	3.0771	3.1096
1500347802969	1251.58	702.88	1225.10	714.16	3.0687	3.0817
1500347811302	1249.46	699.49	1227.70	715.09	3.0473	3.0772
1500347819634	1253.42	697.93	1221.30	708.94	3.0625	3.0903
1500347827968	1249.05	723.40	1224.53	710.10	3.1385	3.1043
1500347836301	1250.11	713.74	1226.67	709.90	3.1026	3.0783
1500347844634	1248.71	708.28	1227.45	710.12	3.1042	3.0849
1500347852967	1252.41	699.23	1231.71	713.26	3.0797	3.0676
1500347861301	1255.83	702.94	1226.07	710.49	3.0914	3.0799
1500347869634	1248.69	698.15	1229.57	710.85	3.0951	3.0820
1500347877967	1248.02	708.54	1231.39	718.88	3.0838	3.0706
1500347886301	1249.09	702.58	1230.16	720.38	3.1010	3.0717
1500347894633	1246.76	702.84	1242.23	729.30	3.0933	3.1016
1500347902966	1244.86	696.42	1240.99	724.35	3.0717	3.0732
1500347911303	1242.15	702.99	1239.38	722.45	3.0622	3.0986
1500347919636	1247.49	702.02	1234.76	721.99	3.1133	3.0945
1500347927970	1239.16	699.78	1214.89	712.56	3.0743	3.0689
1500347936303	1241.49	742.13	1211.63	714.64	3.1743	3.0725
1500347944636	1240.06	696.83	1223.43	717.03	3.0776	3.0940
1500347952970	1233.30	688.36	1221.96	717.39	3.0716	3.1001
1500347961303	1237.03	707.48	1227.19	716.65	3.1102	3.0899
1500347969635	1237.56	685.25	1226.03	714.77	3.0638	3.0905
1500347977968	1241.48	689.48	1219.28	705.15	3.0813	3.0774
1500347986302	1237.24	682.20	1226.45	702.87	3.0536	3.0780
1500347994635	1240.86	685.17	1228.59	710.16	3.0594	3.0848
1500348002968	1239.84	720.89	1230.15	710.62	3.1356	3.0847
1500348011302	1245.34	704.76	1230.62	709.22	3.0929	3.0678
1500348019635	1236.49	693.18	1224.58	719.33	3.0702	3.0736
1500348027968	1245.77	698.67	1223.48	716.26	3.0941	3.0734
1500348036302	1242.90	700.39	1223.63	718.17	3.0926	3.0726
1500348044640	1245.37	696.22	1222.42	725.55	3.0862	3.0880
1500348052974	1243.26	696.58	1216.41	716.96	3.0945	3.0815
1500348061307	1243.38	693.18	1220.41	725.32	3.0638	3.1007
1500348069640	1241.29	686.41	1220.36	721.58	3.0661	3.0887
1500348077974	1244.88	693.88	1218.71	719.85	3.0809	3.0817
1500348086306	1248.12	691.16	1221.76	717.58	3.0853	3.0774
1500348094640	1240.09	698.96	1227.15	715.67	3.0918	3.0840
1500348102973	1237.21	704.08	1227.61	719.97	3.0983	3.0978
1500348111306	1237.48	700.28	1227.53	717.45	3.0876	3.0885
1500348119639	1237.88	690.71	1220.88	711.63	3.0829	3.0812
1500348127972	1229.22	695.12	1217.93	708.17	3.0829	3.0873
1500348136306	1235.37	693.31	1219.10	708.25	3.0716	3.0863
1500348144639	1228.87	685.26	1216.84	715.59	3.0666	3.0756
1500348152972	1231.88	692.53	1216.91	711.15	3.0687	3.0749
1500348161306	1231.45	701.16	1215.87	711.06	3.0729	3.0658
1500348169639	1232.97	698.11	1218.20	713.77	3.0681	3.0833
1500348177980	1230.26	693.57	1221.93	712.85	3.0598	3.0589
1500348186312	1234.91	690.29	1215.33	716.28	3.0530	3.0638
1500348194645	1233.94	693.37	1212.30	721.91	3.0749	3.0793
1500348202979	1233.01	699.72	1222.20	716.56	3.0711	3.0545
1500348211311	1228.36	697.03	1225.06	717.12	3.0763	3.0570
1500348219646	1235.58	700.27	1228.54	716.80	3.0601	3.0680
1500348227979	1227.01	691.88	1232.72	717.81	3.0521	3.0517
1500348236312	1233.35	717.78	1233.57	711.01	3.1039	3.0330
1500348244646	1234.46	692.12	1230.15	718.64	3.0396	3.0548
1500348252979	1233.87	692.58	1228.63	718.92	3.0337	3.0501
1500348261313	1234.39	703.55	1218.74	721.28	3.0452	3.0381
1500348269645	1231.86	699.06	1214.49	722.19	3.0448	3.0349
1500348277978	1236.08	698.13	1218.44	718.86	3.0410	3.0383
1500348286312	1245.58	700.38	1225.07	716.37	3.0200	3.0169
1500348294645	1247.01	710.90	1232.00	719.90	3.0598	3.0252
1500348302979	1241.71	708.74	1226.84	716.74	3.0325	3.0165
1500348311314	1237.38	706.95	1233.33	713.22	3.0309	3.0443
1500348319648	1241.36	706.32	1231.67	711.66	3.0261	3.0054
1500348327981	1249.26	701.85	1234.25	715.33	3.0145	3.0257
1500348336314	1251.69	704.23	1235.64	713.27	3.0342	3.0228
1500348344648	1245.28	706.37	1230.88	714.48	2.9996	3.0070
1500348352980	1248.43	708.61	1234.34	714.52	3.0171	3.0067
1500348361313	1243.86	707.57	1235.84	718.82	3.0186	3.0140
1500348369647	1242.75	708.37	1230.73	714.93	3.0137	2.9950
1500348377980	1245.24	714.02	1228.35	715.84	3.0174	3.0103
1500348386314	1244.06	710.53	1225.60	708.04	3.0103	2.9903
1500348394647	1243.89	711.22	1224.81	710.89	3.0045	2.9938
1500348402980	1241.82	708.28	1231.49	720.31	3.0074	3.0125
1500348411314	1241.91	712.14	1235.43	714.00	2.9946	2.9862
1500348419647	1240.81	707.83	1227.34	717.31	2.9854	2.9950
1500348427979	1247.61	710.17	1220.45	717.49	3.0014	3.0031
1500348436316	1239.01	710.00	1222.05	714.34	2.9922	3.0108
1500348444650	1236.75	712.04	1229.01	720.14	2.9895	2.9745
1500348452983	1245.87	717.49	1225.17	714.88	2.9649	2.9834
1500348461316	1246.24	720.65	1232.93	718.01	2.9883	2.9782
1500348469650	1248.33	709.91	1233.79	717.60	2.9713	2.9738
1500348477983	1242.43	713.34	1232.86	715.66	2.9845	2.9738
1500348486316	1244.20	706.42	1231.71	716.91	2.9861	2.9764
1500348494650	1244.76	711.48	1231.03	716.11	2.9867	2.9489
1500348502982	1243.45	706.69	1229.05	712.62	2.9825	2.9736
1500348511316	1247.03	711.04	1231.24	714.90	2.9864	2.9685
1500348519649	1246.00	700.40	1228.41	717.59	2.9588	2.9497
1500348527982	1247.61	704.00	1228.15	711.03	2.9604	2.9454
1500348536316	1246.91	706.84	1231.57	709.75	2.9651	2.9469
1500348544649	1240.52	703.99	1217.33	720.41	2.9676	2.9583
1500348552982	1245.62	708.42	1220.35	725.17	2.9766	2.9639
1500348561315	1241.01	703.86	1231.80	724.84	2.9541	2.9564
1500348569654	1237.94	702.94	1230.50	718.48	2.9590	2.9623
1500348577986	1243.29	701.81	1226.74	717.51	2.9825	2.9504
1500348586319	1240.63	702.84	1230.97	719.10	2.9716	2.9321
1500348594653	1241.51	710.90	1227.93	719.42	2.9608	2.9390
1500348602986	1242.60	707.34	1232.40	724.46	2.9694	2.9485
1500348611319	1243.59	717.13	1222.80	717.41	2.9886	2.9349
1500348619653	1238.51	711.01	1224.69	715.98	2.9775	2.9328
1500348627986	1241.42	710.60	1228.08	719.95	2.9700	2.9342
1500348636320	1236.58	711.86	1225.26	715.68	2.9655	2.9417
1500348644652	1236.68	708.42	1225.07	714.68	2.9623	2.9254
1500348652985	1240.20	710.73	1232.01	716.03	2.9619	2.9241
1500348661319	1242.27	710.52	1230.32	721.75	2.9588	2.9341
1500348669651	1248.07	710.69	1218.85	718.41	2.9625	2.9257
1500348677985	1243.95	712.23	1226.77	718.64	2.9689	2.9277
1500348686318	1240.74	708.95	1224.65	714.97	2.9507	2.9113
1500348694651	1240.56	712.21	1229.59	716.22	2.9708	2.9378
1500348702990	1245.23	712.56	1228.70	713.38	2.9668	2.9270
1500348711323	1247.05	707.41	1227.30	712.59	2.9503	2.9240
1500348719657	1244.04	708.64	1226.07	721.86	2.9559	2.9268
1500348727989	1241.97	707.83	1227.11	719.90	2.9609	2.9374
1500348736322	1242.64	714.69	1221.81	714.07	2.9719	2.9312
1500348744656	1241.10	710.63	1223.83	715.99	2.9584	2.9101
1500348752989	1246.41	706.47	1226.71	716.95	2.9646	2.9175
1500348761323	1244.88	714.22	1226.11	714.62	2.9793	2.9130
1500348769655	1242.84	711.32	1220.12	725.92	2.9937	2.9279
1500348777989	1240.18	706.12	1222.08	717.33	2.9876	2.9231
1500348786323	1247.24	706.71	1218.58	715.23	2.9829	2.9233
1500348794655	1240.06	705.63	1219.21	712.51	2.9785	2.9256
1500348802988	1245.43	703.67	1221.06	721.22	2.9745	2.9391
1500348811321	1244.36	710.19	1223.71	716.00	2.9982	2.9400
1500348819654	1246.48	702.42	1226.69	717.90	2.9958	2.9544
1500348827993	1249.92	703.43	1232.19	720.15	2.9872	2.9533
1500348836326	1253.82	715.51	1237.05	727.62	2.9923	2.9632
1500348844660	1246.31	714.87	1237.13	722.94	3.0233	2.9516
1500348852993	1246.95	711.52	1237.20	718.89	3.0206	2.9460
1500348861326	1243.39	707.06	1240.79	722.90	2.9985	2.9613
1500348869660	1248.18	708.71	1236.85	718.52	3.0200	2.9483
1500348877992	1248.90	705.82	1242.34	723.54	3.0166	2.9704
1500348886326	1244.07	708.73	1237.63	727.84	3.0169	2.9788
1500348894658	1248.00	705.77	1245.19	714.80	3.0157	2.9632
1500348902992	1250.84	710.97	1238.79	717.66	3.0245	2.9703
1500348911326	1248.42	705.52	1240.92	715.12	3.0265	2.9835
1500348919658	1249.50	709.66	1234.94	720.80	3.0578	2.9896
