t	gaze_point_LX	gaze_point_LY	gaze_point_RX	gaze_point_RY	pupil_diameter_L	pupil_diameter_R
1500429788117	1273.96	717.16	1264.21	710.85	2.9357	2.9783
1500429796450	1265.93	706.28	1267.27	709.80	2.9055	2.9952
1500429804784	1263.95	704.54	1263.79	704.23	2.9042	2.9842
1500429813117	1266.17	708.76	1268.91	705.43	2.9052	2.9833
1500429821450	1268.92	708.13	1266.26	701.20	2.8982	2.9815
1500429829783	1268.84	700.72	1266.36	701.19	2.9122	2.9894
1500429838119	1265.84	699.76	1267.35	704.41	2.9128	2.9961
1500429846453	1269.10	703.83	1263.84	701.29	2.9101	2.9825
1500429854786	1270.47	704.07	1266.90	706.18	2.9005	2.9939
1500429863120	1266.20	699.13	1263.63	707.15	2.8907	2.9804
1500429871453	1265.89	698.17	1266.55	707.25	2.8909	2.9892
1500429879786	1268.58	708.63	1267.89	701.01	2.9289	2.9934
1500429888120	1270.76	697.64	1263.63	707.91	2.9087	2.9841
1500429896453	1273.31	700.29	1264.97	702.45	2.9276	2.9824
1500429904786	1264.99	713.11	1261.49	701.56	2.9352	2.9839
1500429913119	1267.42	697.99	1266.79	702.61	2.9062	2.9897
1500429921452	1269.05	704.73	1266.35	703.65	2.9193	2.9902
1500429929786	1270.04	706.54	1261.96	699.65	2.9160	2.9975
1500429938118	1266.12	710.50	1263.60	702.00	2.9476	2.9998
1500429946452	1264.15	710.52	1266.21	701.51	2.9264	2.9945
1500429954785	1266.90	706.17	1262.94	705.17	2.9150	3.0016
1500429963118	1268.18	703.25	1262.61	696.05	2.9222	3.0110
1500429971457	1267.96	704.79	1259.44	696.01	2.9247	2.9996
1500429979789	1270.21	702.95	1262.24	696.73	2.9198	3.0220
1500429988123	1261.50	707.94	1265.15	697.33	2.9245	3.0131
1500429996456	1266.05	706.62	1259.15	697.56	2.9533	3.0269
1500430004789	1259.05	708.86	1265.57	702.58	2.9401	3.0125
1500430013123	1262.15	711.60	1266.91	709.40	2.9197	2.9810
1500430021456	1265.00	729.95	1270.36	725.68	2.9214	2.9876
1500430029790	1264.25	699.46	1271.87	706.38	2.9089	2.9905
1500430038123	NaN	NaN	1273.70	889.76	NaN	2.9747
1500430046456	NaN	NaN	NaN	NaN	NaN	NaN
1500430054788	NaN	NaN	NaN	NaN	NaN	NaN
1500430063121	NaN	NaN	NaN	NaN	NaN	NaN
1500430071455	NaN	NaN	NaN	NaN	NaN	NaN
1500430079788	NaN	NaN	NaN	NaN	NaN	NaN
1500430088121	NaN	NaN	NaN	NaN	NaN	NaN
1500430096459	NaN	NaN	NaN	NaN	NaN	NaN
1500430104792	NaN	NaN	NaN	NaN	NaN	NaN
1500430113125	NaN	NaN	NaN	NaN	NaN	NaN
1500430121459	NaN	NaN	NaN	NaN	NaN	NaN
1500430129791	NaN	NaN	NaN	NaN	NaN	NaN
1500430138124	NaN	NaN	NaN	NaN	NaN	NaN
1500430146456	NaN	NaN	NaN	NaN	NaN	NaN
1500430154789	NaN	NaN	1548.68	1390.77	NaN	2.0975
1500430163123	NaN	NaN	1326.96	1414.66	NaN	3.2478
1500430171456	NaN	NaN	1211.25	866.29	NaN	2.3636
1500430179791	NaN	NaN	1270.63	781.87	NaN	2.8738
1500430188124	NaN	NaN	1255.10	712.06	NaN	2.9811
1500430196455	1260.82	931.97	1262.10	689.56	2.9648	3.0221
1500430204788	1269.58	797.68	1274.84	717.64	3.0200	2.9842
1500430213124	1263.86	701.34	1271.52	729.90	3.0215	2.9710
1500430221455	1268.37	690.35	1274.78	730.40	3.0606	2.9948
1500430229795	1262.98	731.02	1275.78	734.20	2.9895	3.0003
1500430238129	1257.20	740.34	1276.87	727.09	3.0089	3.0065
1500430246462	1260.55	741.64	1276.19	729.27	3.0197	3.0402
1500430254795	1254.63	727.74	1268.61	713.26	3.0149	3.0412
1500430263129	1255.96	732.51	1283.33	708.86	3.0378	3.0599
1500430271462	1255.48	722.72	1269.11	703.05	3.0406	3.0326
1500430279794	1261.09	723.04	1269.75	708.62	3.0494	3.0793
1500430288128	1261.08	725.98	1266.24	701.25	3.0661	3.0881
1500430296461	1257.58	716.69	1272.19	701.22	3.0687	3.0757
1500430304794	1262.41	710.91	1278.22	698.07	3.0658	3.1055
1500430313127	1262.54	704.21	1282.23	682.11	3.0511	3.0675
1500430321461	1265.23	705.23	1273.72	699.85	3.0914	3.1077
1500430329794	1264.07	704.25	1282.98	701.56	3.0825	3.0972
1500430338127	1259.52	699.04	1265.94	696.70	3.0773	3.1073
1500430346460	1260.58	696.84	1263.69	716.84	3.0925	3.1354
1500430354793	1263.99	697.74	1267.84	690.28	3.1016	3.1139
1500430363132	1262.98	700.50	1267.59	686.82	3.1051	3.1242
1500430371465	1263.29	692.78	1269.70	685.11	3.1122	3.1073
1500430379798	1265.55	691.12	1270.94	688.34	3.1049	3.1261
1500430388131	1260.90	693.78	1275.41	694.85	3.1359	3.1389
1500430396465	1261.64	692.79	1267.58	695.51	3.1277	3.1471
1500430404798	1261.82	692.26	1264.86	683.08	3.1289	3.1488
1500430413131	1265.46	688.92	1259.17	687.64	3.1436	3.1669
1500430421464	1267.14	676.38	1281.20	673.40	3.1394	3.1688
1500430429797	1263.30	683.79	1272.01	681.90	3.1558	3.1781
1500430438131	1265.37	671.77	1264.52	676.93	3.1583	3.1836
1500430446464	1262.07	685.85	1266.09	677.43	3.2070	3.1828
1500430454797	1266.05	674.04	1266.87	682.87	3.1785	3.1994
1500430463131	1271.15	695.02	1268.38	684.28	3.2274	3.1971
1500430471464	1269.58	685.75	1263.74	688.28	3.2088	3.2059
1500430479797	1261.63	680.43	1257.96	677.44	3.1735	3.1904
1500430488134	1266.04	716.94	1252.63	692.82	3.2788	3.2343
1500430496467	1265.35	708.46	1265.20	690.03	3.2677	3.2280
1500430504801	1266.90	728.69	1260.60	678.41	3.3233	3.2306
1500430513133	1269.90	707.16	1269.82	673.60	3.2811	3.2285
1500430521467	1260.35	670.65	1269.80	682.12	3.2175	3.2412
1500430529800	1257.01	693.80	1272.11	678.84	3.2575	3.2340
1500430538134	1257.99	680.65	1263.16	678.42	3.2519	3.2511
1500430546467	1262.22	688.95	1258.00	678.98	3.2734	3.2443
1500430554800	1265.46	690.61	1264.59	668.02	3.2821	3.2659
1500430563133	1273.02	727.09	1263.85	665.50	3.3896	3.2575
1500430571466	1269.57	681.01	1262.99	670.12	3.2765	3.2669
1500430579800	1269.89	699.14	1264.17	682.74	3.3215	3.2905
1500430588133	1268.03	700.14	1266.53	682.25	3.3193	3.3170
1500430596466	1268.34	686.79	1270.87	682.73	3.3188	3.3045
1500430604799	1271.13	677.39	1266.55	679.50	3.2959	3.3074
1500430613132	1276.79	697.26	1265.42	669.89	3.3513	3.2879
1500430621471	1273.72	693.74	1260.85	671.88	3.3375	3.3013
1500430629804	1272.38	729.27	1267.28	674.55	3.4091	3.3015
1500430638138	1273.04	718.51	1261.92	677.26	3.3884	3.3257
1500430646470	1256.19	712.89	1268.20	668.99	3.3828	3.3199
1500430654804	1259.54	720.02	1267.24	669.92	3.3938	3.3129
1500430663136	1261.12	717.09	1267.11	672.36	3.3883	3.3238
1500430671470	1263.69	733.60	1265.69	672.77	3.4281	3.3481
1500430679803	1266.54	738.80	1265.30	662.21	3.4280	3.3350
1500430688136	1262.77	732.14	1268.14	664.81	3.4226	3.3366
1500430696470	1271.96	748.70	1268.52	666.12	3.4465	3.3460
1500430704803	1275.06	719.74	1269.45	672.16	3.3790	3.3360
1500430713136	1267.86	703.82	1267.46	672.94	3.3599	3.3439
1500430721470	1272.68	739.33	1268.80	660.80	3.4381	3.3108
1500430729803	1267.29	719.29	1268.49	672.39	3.3937	3.3298
1500430738135	1269.14	746.47	1257.78	665.06	3.4588	3.3231
1500430746468	1269.88	729.41	1265.10	655.77	3.4300	3.3232
1500430754807	1269.98	741.25	1272.16	664.64	3.4277	3.3224
1500430763140	1270.50	749.98	1270.36	681.35	3.4499	3.3505
1500430771474	1263.57	720.05	1267.40	661.60	3.3670	3.3273
1500430779807	1265.91	710.54	1273.72	670.41	3.3531	3.3250
1500430788140	1268.22	725.94	1262.52	667.31	3.3803	3.3210
1500430796474	1270.08	736.67	1273.87	680.42	3.4085	3.3445
1500430804807	1262.66	730.16	1265.57	677.50	3.3907	3.3376
1500430813139	1269.19	702.12	1260.98	676.14	3.3405	3.3388
1500430821473	1265.02	728.08	1266.06	669.97	3.3827	3.3216
1500430829806	1261.68	710.80	1267.99	671.61	3.3519	3.3152
1500430838139	1267.22	736.98	1267.78	681.77	3.3996	3.3145
1500430846472	1268.80	737.18	1263.65	673.54	3.4039	3.3116
1500430854806	1273.15	709.87	1268.19	672.52	3.3326	3.3020
1500430863139	1272.96	719.45	1271.99	675.77	3.3604	3.3058
1500430871473	1270.05	714.14	1274.47	673.20	3.3288	3.2998
1500430879806	1268.45	712.24	1279.20	666.99	3.3393	3.2980
1500430888143	1273.16	732.82	1273.52	674.26	3.3687	3.3030
1500430896477	1267.53	731.57	1271.35	675.04	3.3837	3.2899
1500430904809	1266.33	713.78	1272.52	676.37	3.3337	3.3055
1500430913143	1264.92	722.90	1268.62	668.45	3.3516	3.2875
1500430921477	1267.18	726.34	1263.05	671.10	3.3766	3.3084
1500430929809	1268.41	704.69	1267.86	667.18	3.3192	3.2887
1500430938143	1268.81	745.23	1265.63	668.61	3.3994	3.2877
1500430946476	1265.03	679.80	1269.40	668.84	3.2648	3.2989
1500430954810	1277.28	720.19	1264.15	665.39	3.3599	3.2876
1500430963142	1271.24	718.69	1273.58	669.64	3.3543	3.2962
1500430971475	1269.14	696.80	1270.88	669.46	3.3013	3.3145
1500430979809	1264.55	695.48	1273.58	667.49	3.3072	3.2986
1500430988142	1265.98	719.33	1268.92	676.75	3.3500	3.3129
1500430996475	1275.97	729.67	1266.86	681.61	3.3695	3.3102
1500431004809	1269.95	730.02	1269.34	681.92	3.3867	3.3272
1500431013146	1269.53	700.62	1264.95	680.84	3.3126	3.3065
1500431021480	1267.15	693.16	1264.47	678.11	3.2881	3.3082
1500431029812	1272.08	725.73	1265.36	681.69	3.3731	3.3232
1500431038145	1266.63	682.20	1268.59	682.61	3.2779	3.3138
1500431046479	1271.47	696.77	1257.44	678.37	3.3148	3.3199
1500431054811	1267.59	691.06	1262.49	672.46	3.3158	3.2853
1500431063145	1263.53	699.82	1270.18	673.99	3.3095	3.2979
1500431071478	1262.36	686.92	1269.20	665.99	3.2896	3.2811
1500431079812	1262.35	691.91	1266.74	665.46	3.3165	3.2849
1500431088145	1260.66	708.40	1265.73	669.99	3.3351	3.2921
1500431096478	1254.88	677.27	1271.34	664.71	3.2870	3.2773
1500431104812	1261.98	713.15	1274.22	671.22	3.3654	3.2928
1500431113144	1263.09	697.78	1269.62	672.05	3.2948	3.2909
1500431121477	1264.85	715.25	1276.98	675.16	3.3624	3.2859
1500431129810	1265.99	727.29	1281.14	681.51	3.3762	3.3048
1500431138144	1269.77	719.60	1273.41	671.83	3.3750	3.2912
1500431146485	1267.32	700.83	1273.71	683.35	3.3353	3.3003
1500431154818	1266.85	715.68	1268.27	680.74	3.3860	3.2988
1500431163152	1267.14	739.21	1271.23	684.50	3.4307	3.3240
1500431171485	1264.87	707.48	1266.78	675.01	3.3692	3.2953
1500431179818	1263.36	726.03	1269.41	680.12	3.4132	3.3148
1500431188151	1259.21	723.62	1270.19	676.02	3.4230	3.2970
1500431196484	1263.27	718.65	1271.32	677.48	3.4060	3.3253
1500431204817	1264.42	741.63	1273.77	677.62	3.4616	3.3145
1500431213151	1263.66	740.36	1274.19	666.66	3.4740	3.2837
1500431221484	1262.74	723.88	1269.07	663.32	3.4513	3.3031
1500431229818	1264.77	741.94	1271.57	669.40	3.5071	3.3127
1500431238151	1263.02	735.66	1274.54	665.32	3.4627	3.2889
1500431246484	1262.16	747.09	1272.86	668.00	3.5027	3.3145
1500431254817	1268.33	745.81	1270.75	666.65	3.5179	3.3117
1500431263150	1268.54	740.04	1263.74	658.00	3.5081	3.3080
1500431271483	1268.81	730.08	1261.01	654.34	3.4780	3.3107
1500431279818	1269.82	742.83	1266.60	659.87	3.5172	3.3147
1500431288151	1270.75	748.46	1269.21	660.28	3.5371	3.3182
1500431296485	1271.98	752.55	1265.46	665.22	3.5780	3.3592
1500431304818	1275.06	744.95	1267.61	668.81	3.5508	3.3468
1500431313152	1269.34	750.56	1263.05	670.61	3.5631	3.3580
1500431321485	1274.15	757.61	1265.33	670.25	3.5937	3.3588
1500431329818	1270.90	749.61	1265.88	668.96	3.5738	3.3794
1500431338151	1269.81	746.45	1274.19	671.84	3.5954	3.3665
1500431346484	1269.89	755.23	1267.31	665.31	3.6106	3.3908
1500431354818	1271.32	755.72	1270.65	673.51	3.5914	3.3873
1500431363151	1269.39	759.07	1269.61	663.39	3.6224	3.3794
1500431371484	1270.69	758.38	1269.96	666.34	3.6307	3.3756
1500431379817	1264.70	759.62	1273.16	672.98	3.6383	3.4036
1500431388151	1263.89	748.46	1271.47	670.33	3.6147	3.4091
1500431396484	1268.47	757.21	1271.27	671.02	3.6423	3.4176
1500431404817	1264.50	765.65	1272.32	682.01	3.6676	3.4458
1500431413155	1272.93	755.57	1269.76	675.15	3.6633	3.4467
1500431421488	1268.22	759.52	1266.72	671.21	3.6741	3.4498
1500431429821	1266.87	763.99	1266.42	679.01	3.6911	3.4613
1500431438155	1269.58	753.66	1272.76	689.46	3.6820	3.4972
1500431446488	1263.62	758.10	1263.52	679.33	3.7042	3.4731
1500431454822	1265.19	760.68	1262.75	676.06	3.7259	3.4726
1500431463154	1263.60	760.22	1261.25	701.00	3.6962	3.5391
1500431471488	1268.52	764.92	1270.42	678.99	3.7130	3.4978
1500431479822	1268.30	753.90	1265.03	671.12	3.6960	3.4869
1500431488153	1270.70	760.68	1269.61	688.20	3.7099	3.5235
1500431496487	1268.67	764.06	1266.37	662.94	3.7185	3.4966
1500431504820	1269.89	751.85	1273.91	671.84	3.7212	3.5038
1500431513153	1268.65	734.07	1268.08	709.77	3.6719	3.5867
1500431521487	1266.55	759.95	1267.97	700.42	3.7564	3.5663
1500431529820	1264.17	762.05	1264.27	689.87	3.7639	3.5601
1500431538157	1253.61	763.10	1244.88	706.19	3.7264	3.5919
1500431546491	1258.07	791.17	1251.98	691.62	3.7960	3.5470
1500431554824	1261.85	780.03	1253.01	713.30	3.7735	3.6192
1500431563157	1253.08	783.01	1246.83	689.50	3.7807	3.5621
1500431571490	1256.73	777.00	1249.68	694.23	3.7692	3.5753
1500431579823	1252.98	770.87	1249.47	666.37	3.7704	3.5197
1500431588157	1251.83	782.27	1245.24	687.13	3.7946	3.5719
1500431596490	1255.04	780.90	1250.39	679.25	3.7795	3.5465
1500431604824	1251.08	784.48	1248.82	671.01	3.8049	3.5571
1500431613156	1254.85	789.29	1253.22	736.18	3.8009	3.6915
1500431621490	1254.57	780.44	1244.40	722.20	3.8136	3.6523
1500431629823	1254.55	782.12	1249.88	719.14	3.7998	3.6422
1500431638157	1248.77	782.72	1248.59	718.41	3.8193	3.6474
1500431646489	1252.25	780.60	1239.97	727.51	3.7882	3.6771
1500431654822	1249.05	788.77	1247.03	725.22	3.8040	3.6591
1500431663155	1257.76	778.63	1248.67	710.18	3.7841	3.6211
1500431671494	1251.25	781.95	1246.12	735.52	3.7758	3.6888
1500431679827	1255.09	782.84	1245.07	746.32	3.7628	3.6927
1500431688161	1255.30	784.45	1244.72	734.35	3.7632	3.6696
1500431696494	1251.66	779.97	1245.69	728.79	3.7503	3.6415
1500431704827	1252.46	773.19	1241.89	748.48	3.7127	3.6706
1500431713161	1254.85	786.00	1237.65	717.48	3.7321	3.5978
1500431721493	1249.00	762.17	1239.22	712.80	3.6605	3.5816
1500431729826	1257.12	759.97	1246.22	705.55	3.6538	3.5728
1500431738160	1254.22	787.59	1244.95	696.70	3.7177	3.5352
1500431746493	1253.26	778.32	1249.07	716.10	3.6742	3.5626
1500431754827	1255.20	786.08	1249.29	712.07	3.6768	3.5537
1500431763160	1258.90	789.41	1246.36	729.62	3.7018	3.5652
1500431771493	1256.51	789.42	1249.76	729.40	3.6701	3.5390
1500431779826	1256.76	778.90	1244.70	718.36	3.6615	3.5039
1500431788159	1251.86	751.02	1244.90	685.75	3.5862	3.4342
1500431796492	1249.03	783.73	1246.28	712.90	3.6424	3.4770
1500431804830	1252.41	777.88	1245.20	689.65	3.6365	3.4131
1500431813163	1249.02	777.15	1245.39	692.64	3.6172	3.4170
1500431821497	1254.88	782.13	1243.93	702.93	3.6215	3.4245
1500431829830	1249.09	760.41	1247.68	693.67	3.5578	3.3851
1500431838164	1255.61	756.62	1241.99	704.14	3.5415	3.3981
1500431846497	1250.26	787.44	1248.03	701.68	3.6015	3.4059
1500431854830	1257.59	771.26	1241.34	680.04	3.5684	3.3578
1500431863164	1254.47	780.95	1241.15	684.28	3.5670	3.3544
1500431871495	1250.51	791.32	1246.36	679.08	3.5892	3.3439
1500431879829	1252.95	768.60	1247.62	681.12	3.5315	3.3428
1500431888163	1250.80	782.93	1248.05	680.10	3.5569	3.3204
1500431896495	1250.23	791.39	1236.28	737.33	3.5713	3.4362
1500431904829	1235.59	783.39	1229.40	742.54	3.5336	3.4057
1500431913162	1235.95	790.00	1240.16	751.17	3.5427	3.4149
1500431921496	1238.19	778.64	1234.83	694.72	3.5248	3.3017
1500431929834	1238.68	777.94	1231.64	720.45	3.5245	3.3438
1500431938167	1235.60	766.00	1234.70	712.33	3.4940	3.3378
1500431946500	1235.06	767.30	1231.66	705.86	3.4891	3.3336
1500431954833	1239.24	776.93	1234.69	719.44	3.5031	3.3563
1500431963167	1241.91	779.94	1233.34	700.43	3.5071	3.3076
1500431971500	1242.50	776.82	1238.95	736.28	3.4820	3.3685
1500431979833	1239.32	768.47	1240.00	739.46	3.4734	3.3717
1500431988167	1244.92	774.42	1237.18	698.60	3.4814	3.2731
1500431996499	1247.79	779.82	1233.08	699.69	3.4978	3.2679
1500432004833	1247.82	767.48	1235.32	704.07	3.4452	3.2648
1500432013167	1247.77	776.43	1238.20	705.86	3.4719	3.2410
1500432021498	1236.86	776.43	1237.86	706.68	3.4614	3.2764
1500432029832	1245.66	774.66	1237.05	712.74	3.4591	3.2583
1500432038165	1245.72	765.12	1234.16	716.46	3.4417	3.2731
1500432046499	1249.40	788.45	1230.22	702.43	3.4693	3.2356
1500432054832	1239.71	774.72	1240.19	710.06	3.4549	3.2354
1500432063171	1244.49	762.79	1241.71	702.86	3.4202	3.2425
1500432071505	1241.26	771.67	1235.22	708.67	3.4381	3.2462
1500432079838	1241.08	767.22	1236.55	711.32	3.4312	3.2429
1500432088171	1246.23	765.36	1236.41	708.46	3.4086	3.2489
1500432096504	1244.06	756.32	1237.54	703.54	3.4045	3.2336
1500432104837	1241.35	776.78	1235.00	707.11	3.4489	3.2358
1500432113170	1243.82	761.53	1235.79	708.86	3.4072	3.2479
1500432121503	1246.76	776.11	1239.04	710.37	3.4227	3.2354
1500432129837	1244.20	765.53	1240.48	708.09	3.4122	3.2364
1500432138170	1241.73	759.29	1235.53	710.93	3.4220	3.2326
1500432146503	1244.16	744.06	1237.62	708.80	3.3751	3.2241
1500432154837	1248.81	764.33	1240.63	708.67	3.4159	3.2351
1500432163170	1246.40	757.82	1234.01	714.84	3.3967	3.2354
1500432171503	1246.46	773.15	1237.72	709.38	3.4219	3.2151
1500432179836	1249.10	768.52	1238.21	712.13	3.4294	3.2159
1500432188169	1242.69	733.78	1241.69	711.25	3.3365	3.2193
1500432196506	1239.82	774.44	1237.34	721.38	3.4095	3.2016
1500432204839	1243.84	784.26	1238.02	719.13	3.4025	3.1986
1500432213172	1250.91	795.91	1240.18	784.16	3.3481	3.2590
1500432221506	1265.74	800.96	1234.90	708.51	3.3946	3.1221
1500432229839	1245.18	1004.13	1231.66	966.04	3.0493	3.1269
1500432238173	1271.98	1286.68	NaN	NaN	1.6290	NaN
1500432246504	NaN	NaN	NaN	NaN	NaN	NaN
1500432254838	NaN	NaN	NaN	NaN	NaN	NaN
1500432263171	NaN	NaN	NaN	NaN	NaN	NaN
1500432271504	NaN	NaN	NaN	NaN	NaN	NaN
1500432279838	NaN	NaN	NaN	NaN	NaN	NaN
1500432288171	NaN	NaN	NaN	NaN	NaN	NaN
1500432296504	NaN	NaN	NaN	NaN	NaN	NaN
1500432304838	NaN	NaN	NaN	NaN	NaN	NaN
1500432313171	NaN	NaN	NaN	NaN	NaN	NaN
1500432321504	NaN	NaN	NaN	NaN	NaN	NaN
1500432329841	NaN	NaN	NaN	NaN	NaN	NaN
1500432338174	NaN	NaN	NaN	NaN	NaN	NaN
1500432346507	NaN	NaN	NaN	NaN	NaN	NaN
1500432354840	NaN	NaN	NaN	NaN	NaN	NaN
1500432363174	NaN	NaN	NaN	NaN	NaN	NaN
1500432371507	NaN	NaN	NaN	NaN	NaN	NaN
1500432379841	NaN	NaN	1203.22	1041.53	NaN	2.2103
1500432388174	NaN	NaN	1137.44	840.20	NaN	2.8117
1500432396507	NaN	NaN	1112.85	716.80	NaN	3.0348
1500432404840	1087.32	926.55	1095.51	638.34	3.1008	3.1852
1500432413171	1088.38	727.76	1088.48	601.15	3.1315	3.2293
1500432421504	1105.23	638.96	1102.10	658.73	3.2737	3.1660
1500432429840	1115.47	633.59	1101.08	648.88	3.2850	3.1804
1500432438173	1107.00	646.75	1105.08	645.11	3.2585	3.1774
1500432446506	1108.56	654.79	1105.81	635.83	3.2531	3.1652
1500432454843	1105.62	646.76	1096.77	629.17	3.2502	3.1739
1500432463176	1106.67	642.93	1106.79	631.09	3.2679	3.1996
1500432471509	1109.20	641.70	1100.18	628.78	3.2403	3.1772
1500432479842	1109.45	637.87	1100.21	633.96	3.2507	3.1880
1500432488175	1108.49	638.26	1102.61	626.47	3.2716	3.1869
1500432496509	1105.75	631.03	1102.82	619.70	3.2451	3.1692
1500432504842	1110.01	638.88	1103.07	626.62	3.2691	3.1901
1500432513175	1108.25	631.59	1097.86	625.77	3.2678	3.2049
1500432521509	1115.35	623.63	1093.80	616.39	3.2725	3.1863
1500432529842	1107.05	631.02	1093.86	618.29	3.2629	3.1934
1500432538175	1108.86	626.15	1092.63	621.17	3.2629	3.2051
1500432546508	1111.15	629.63	1096.12	617.55	3.2719	3.2000
1500432554841	1108.57	630.27	1100.99	615.84	3.2768	3.1867
1500432563174	1108.60	623.51	1093.00	617.23	3.2657	3.1727
1500432571508	1104.98	621.32	1093.36	622.86	3.2545	3.2100
1500432579840	1103.71	616.19	1091.63	623.33	3.2690	3.2003
1500432588181	1109.14	617.23	1091.42	618.80	3.2522	3.1865
1500432596514	1103.78	613.70	1094.54	626.64	3.2683	3.2010
1500432604847	1108.91	617.22	1097.40	627.03	3.2682	3.2024
1500432613181	1108.18	623.98	1088.48	623.48	3.2700	3.2002
1500432621513	1106.01	622.52	1096.97	632.96	3.2737	3.2049
1500432629847	1109.22	621.26	1095.93	626.08	3.2804	3.2075
1500432638180	1110.57	617.92	1090.44	630.88	3.2750	3.2098
1500432646513	1110.60	616.72	1091.18	631.08	3.2653	3.2133
1500432654847	1108.62	622.97	1093.37	628.02	3.2835	3.2267
1500432663180	1110.34	624.99	1095.64	639.71	3.2655	3.2042
1500432671513	1113.72	642.85	1103.94	665.72	3.2489	3.1847
1500432679847	1106.93	654.27	1095.98	664.76	3.2276	3.1782
1500432688180	NaN	NaN	NaN	NaN	NaN	NaN
1500432696514	1259.63	1489.80	NaN	NaN	1.2296	NaN
1500432704845	NaN	NaN	NaN	NaN	NaN	NaN
1500432713179	NaN	NaN	NaN	NaN	NaN	NaN
1500432721517	NaN	NaN	NaN	NaN	NaN	NaN
1500432729850	NaN	NaN	NaN	NaN	NaN	NaN
1500432738183	NaN	NaN	NaN	NaN	NaN	NaN
1500432746517	NaN	NaN	NaN	NaN	NaN	NaN
1500432754849	NaN	NaN	NaN	NaN	NaN	NaN
1500432763183	NaN	NaN	NaN	NaN	NaN	NaN
1500432771516	NaN	NaN	NaN	NaN	NaN	NaN
1500432779849	NaN	NaN	NaN	NaN	NaN	NaN
1500432788182	NaN	NaN	NaN	NaN	NaN	NaN
1500432796515	NaN	NaN	NaN	NaN	NaN	NaN
1500432804849	NaN	NaN	NaN	NaN	NaN	NaN
1500432813182	NaN	NaN	NaN	NaN	NaN	NaN
1500432821515	NaN	NaN	NaN	NaN	NaN	NaN
1500432829848	NaN	NaN	1182.96	918.91	NaN	2.0635
1500432838182	NaN	NaN	1275.37	799.04	NaN	3.0197
1500432846515	1241.03	844.56	1254.19	667.52	2.9778	3.1821
1500432854852	1242.86	715.18	1241.88	610.32	3.2293	3.2863
1500432863186	1255.63	644.88	1254.60	646.22	3.3512	3.2306
1500432871519	1257.17	618.13	1251.97	642.30	3.3655	3.2199
1500432879853	1252.76	644.43	1253.42	636.86	3.3286	3.2217
1500432888186	1247.89	648.14	1252.02	634.80	3.3129	3.2379
1500432896519	1255.35	639.41	1251.26	628.23	3.3265	3.2267
1500432904853	1255.36	633.85	1245.06	619.96	3.3285	3.2401
1500432913186	1253.34	624.33	1252.38	624.82	3.3139	3.2336
1500432921519	1255.05	635.39	1248.67	623.05	3.3199	3.2373
1500432929852	1249.53	636.00	1249.02	626.53	3.3237	3.2299
1500432938185	1252.25	641.06	1250.51	636.21	3.3168	3.2304
1500432946518	1254.04	653.21	1254.78	637.98	3.2975	3.2038
1500432954852	1260.49	624.71	1250.44	645.11	3.2959	3.1939
1500432963185	1254.70	744.68	1253.91	767.73	3.1441	3.0757
1500432971518	NaN	NaN	NaN	NaN	NaN	NaN
1500432979857	NaN	NaN	NaN	NaN	NaN	NaN
1500432988190	NaN	NaN	NaN	NaN	NaN	NaN
1500432996523	NaN	NaN	NaN	NaN	NaN	NaN
1500433004855	NaN	NaN	NaN	NaN	NaN	NaN
1500433013188	NaN	NaN	NaN	NaN	NaN	NaN
1500433021522	NaN	NaN	NaN	NaN	NaN	NaN
1500433029855	NaN	NaN	NaN	NaN	NaN	NaN
1500433038189	NaN	NaN	NaN	NaN	NaN	NaN
1500433046522	NaN	NaN	NaN	NaN	NaN	NaN
1500433054856	NaN	NaN	NaN	NaN	NaN	NaN
1500433063189	NaN	NaN	NaN	NaN	NaN	NaN
1500433071522	NaN	NaN	NaN	NaN	NaN	NaN
1500433079854	NaN	NaN	NaN	NaN	NaN	NaN
1500433088187	NaN	NaN	NaN	NaN	NaN	NaN
1500433096521	NaN	NaN	1267.64	865.06	NaN	3.1416
1500433104854	1240.47	823.95	1248.43	674.03	2.9834	3.1949
1500433113193	1253.29	714.09	1236.78	617.95	3.2440	3.2916
1500433121526	1264.97	644.81	1252.19	663.26	3.3441	3.2524
1500433129860	1259.63	635.53	1254.00	652.70	3.3440	3.2473
1500433138193	1259.17	661.00	1250.67	650.83	3.3354	3.2687
1500433146526	1254.10	655.69	1254.18	650.12	3.3306	3.2676
1500433154858	1249.58	659.20	1251.50	652.86	3.3415	3.2700
1500433163192	1257.80	652.33	1248.80	656.49	3.3362	3.2666
1500433171525	1251.58	650.58	1251.05	646.64	3.3427	3.2607
1500433179858	1260.61	654.77	1251.14	653.20	3.3545	3.2838
1500433188191	1259.37	639.54	1245.83	669.01	3.3570	3.2535
1500433196525	1254.24	716.62	1255.50	734.97	3.2472	3.1633
1500433204858	1313.53	1453.71	1446.52	1280.69	3.3088	1.8194
1500433213192	NaN	NaN	NaN	NaN	NaN	NaN
1500433221525	NaN	NaN	NaN	NaN	NaN	NaN
1500433229855	NaN	NaN	NaN	NaN	NaN	NaN
1500433238189	NaN	NaN	NaN	NaN	NaN	NaN
1500433246526	NaN	NaN	NaN	NaN	NaN	NaN
1500433254859	NaN	NaN	NaN	NaN	NaN	NaN
1500433263192	NaN	NaN	NaN	NaN	NaN	NaN
1500433271526	NaN	NaN	NaN	NaN	NaN	NaN
1500433279859	NaN	NaN	NaN	NaN	NaN	NaN
1500433288192	NaN	NaN	NaN	NaN	NaN	NaN
1500433296526	NaN	NaN	NaN	NaN	NaN	NaN
1500433304859	NaN	NaN	NaN	NaN	NaN	NaN
1500433313192	NaN	NaN	NaN	NaN	NaN	NaN
1500433321525	1124.19	1166.37	1278.32	977.25	2.3522	2.7985
1500433329858	1224.87	1004.86	1252.33	841.53	3.0950	3.1391
1500433338191	1249.30	905.50	1232.70	730.71	3.3487	3.2503
1500433346525	1256.63	835.53	1234.81	690.44	3.4720	3.2972
1500433354858	1254.99	785.78	1239.67	743.99	3.5313	3.2785
1500433363191	1255.08	786.88	1244.00	753.87	3.5697	3.2582
1500433371532	1253.14	785.07	1241.50	758.00	3.5714	3.2727
1500433379864	1248.49	794.05	1247.40	771.14	3.5295	3.3140
1500433388198	1254.53	791.63	1239.90	770.57	3.5649	3.3281
1500433396531	1250.77	843.73	1227.77	775.03	3.4596	3.3273
1500433404864	1330.59	1059.32	NaN	NaN	2.9317	NaN
1500433413197	NaN	NaN	1360.42	1468.99	NaN	1.5724
1500433421529	NaN	NaN	NaN	NaN	NaN	NaN
1500433429864	NaN	NaN	NaN	NaN	NaN	NaN
1500433438197	NaN	NaN	NaN	NaN	NaN	NaN
1500433446531	NaN	NaN	NaN	NaN	NaN	NaN
1500433454863	NaN	NaN	NaN	NaN	NaN	NaN
1500433463196	NaN	NaN	NaN	NaN	NaN	NaN
1500433471530	NaN	NaN	NaN	NaN	NaN	NaN
1500433479863	NaN	NaN	NaN	NaN	NaN	NaN
1500433488196	NaN	NaN	NaN	NaN	NaN	NaN
1500433496530	NaN	NaN	NaN	NaN	NaN	NaN
1500433504863	NaN	NaN	NaN	NaN	NaN	NaN
1500433513196	NaN	NaN	NaN	NaN	NaN	NaN
1500433521530	NaN	NaN	1432.83	1468.83	NaN	2.5333
1500433529862	1364.91	1195.52	1272.57	1149.25	2.0762	3.1050
1500433538196	1276.62	1033.97	1255.89	896.63	2.9370	3.3120
1500433546529	1237.42	879.85	1233.98	722.61	3.3601	3.3125
1500433554862	1247.49	801.00	1232.14	699.21	3.5111	3.3780
1500433563195	1253.02	767.52	1241.07	725.27	3.6005	3.3272
1500433571528	1238.61	787.75	1245.00	719.26	3.5506	3.3303
1500433579862	1241.52	779.69	1246.07	733.36	3.5714	3.3835
1500433588196	1242.33	774.20	1235.70	693.59	3.5791	3.3382
1500433596528	1247.26	781.83	1240.86	709.14	3.5953	3.3716
1500433604861	1246.84	766.03	1244.82	692.59	3.5843	3.3672
1500433613195	1241.89	764.43	1239.98	683.07	3.5988	3.3665
1500433621528	1244.12	760.57	1239.15	686.38	3.5982	3.3606
1500433629861	1248.96	759.42	1238.29	694.63	3.6124	3.3820
1500433638204	1247.19	752.71	1238.36	686.37	3.5965	3.3709
1500433646536	1242.56	753.36	1232.92	688.79	3.6104	3.3821
1500433654870	1244.84	753.71	1237.16	691.11	3.6221	3.3714
1500433663204	1240.85	756.23	1231.19	696.13	3.6192	3.3795
1500433671537	1245.63	749.14	1231.23	704.50	3.6062	3.4129
1500433679868	1245.54	752.37	1234.98	679.46	3.6237	3.3723
1500433688201	1243.27	758.22	1231.30	687.76	3.6298	3.3845
1500433696535	1246.34	753.36	1238.46	688.14	3.6194	3.3767
1500433704868	1242.69	775.84	1237.38	726.11	3.6165	3.4282
1500433713201	1245.73	765.92	1232.49	741.07	3.6238	3.4920
1500433721535	1240.22	756.65	1225.44	729.45	3.5972	3.4603
1500433729868	1242.41	767.32	1233.80	703.31	3.6191	3.3984
1500433738201	1243.19	757.88	1230.59	711.87	3.6026	3.4296
1500433746535	1243.99	764.20	1230.68	703.33	3.6048	3.4175
1500433754868	1240.81	773.76	1229.60	758.37	3.5896	3.4781
1500433763200	1240.16	806.43	1233.59	787.07	3.5952	3.4994
1500433771539	1241.24	793.39	1240.48	738.98	3.5840	3.4378
1500433779872	1225.82	893.07	1268.89	922.77	3.4209	3.2286
1500433788205	1229.92	1373.96	NaN	NaN	1.5571	NaN
1500433796538	NaN	NaN	NaN	NaN	NaN	NaN
1500433804872	NaN	NaN	NaN	NaN	NaN	NaN
1500433813205	NaN	NaN	NaN	NaN	NaN	NaN
1500433821539	NaN	NaN	NaN	NaN	NaN	NaN
1500433829872	NaN	NaN	NaN	NaN	NaN	NaN
1500433838204	NaN	NaN	NaN	NaN	NaN	NaN
1500433846537	NaN	NaN	NaN	NaN	NaN	NaN
1500433854871	NaN	NaN	NaN	NaN	NaN	NaN
1500433863204	NaN	NaN	NaN	NaN	NaN	NaN
1500433871537	NaN	NaN	NaN	NaN	NaN	NaN
1500433879871	NaN	NaN	NaN	NaN	NaN	NaN
1500433888204	NaN	NaN	NaN	NaN	NaN	NaN
1500433896541	NaN	NaN	NaN	NaN	NaN	NaN
1500433904875	NaN	NaN	NaN	NaN	NaN	NaN
1500433913207	NaN	NaN	NaN	NaN	NaN	NaN
1500433921540	1315.18	1212.19	1405.83	1197.40	2.1475	2.4812
1500433929874	1252.46	1061.72	1284.97	1023.05	3.0518	3.2985
1500433938207	1224.72	913.28	1270.84	838.68	3.4139	3.4053
1500433946538	1252.44	849.23	1259.30	734.84	3.5379	3.4310
1500433954874	1255.60	790.39	1255.68	699.26	3.6395	3.4630
1500433963205	1256.50	780.86	1255.54	750.38	3.6493	3.4850
1500433971540	1258.60	789.99	1259.88	730.94	3.6639	3.4747
1500433979874	1252.25	822.80	1253.67	782.11	3.5784	3.4670
1500433988206	1241.16	1064.15	NaN	NaN	3.1858	NaN
1500433996540	NaN	NaN	992.90	1367.29	NaN	1.9471
1500434004873	NaN	NaN	NaN	NaN	NaN	NaN
1500434013206	NaN	NaN	NaN	NaN	NaN	NaN
1500434021539	NaN	NaN	NaN	NaN	NaN	NaN
1500434029881	NaN	NaN	NaN	NaN	NaN	NaN
1500434038214	NaN	NaN	NaN	NaN	NaN	NaN
1500434046548	NaN	NaN	NaN	NaN	NaN	NaN
1500434054880	NaN	NaN	NaN	NaN	NaN	NaN
1500434063213	NaN	NaN	NaN	NaN	NaN	NaN
1500434071546	NaN	NaN	NaN	NaN	NaN	NaN
1500434079879	NaN	NaN	NaN	NaN	NaN	NaN
1500434088213	NaN	NaN	NaN	NaN	NaN	NaN
1500434096547	NaN	NaN	NaN	NaN	NaN	NaN
1500434104879	NaN	NaN	1296.08	1198.80	NaN	1.5093
1500434113213	1338.29	1166.87	NaN	NaN	2.3098	NaN
1500434121547	1227.55	994.34	1279.52	977.75	3.1694	3.3057
1500434129879	1244.74	892.19	1257.92	812.20	3.4179	3.3436
1500434138212	1256.39	815.38	1250.75	722.88	3.5370	3.4072
1500434146546	1257.30	786.68	1256.48	733.09	3.5655	3.3779
1500434154876	1249.43	811.07	1259.93	763.29	3.5316	3.3899
1500434163214	1245.02	814.88	1259.47	745.30	3.5535	3.3665
1500434171548	1249.23	817.51	1259.27	762.07	3.5729	3.4202
1500434179881	1251.81	806.13	1256.98	771.73	3.5754	3.4482
1500434188214	1250.80	806.46	1254.23	747.33	3.5956	3.4211
1500434196548	1251.94	801.91	1256.35	739.67	3.6031	3.3978
1500434204881	1254.36	792.32	1246.20	767.30	3.5854	3.4863
1500434213213	1252.50	796.91	1253.15	769.15	3.6065	3.4654
1500434221547	1248.68	789.76	1246.19	772.25	3.6062	3.4987
1500434229880	1251.27	797.06	1240.79	758.70	3.6345	3.4843
1500434238213	1253.06	792.70	1245.76	771.22	3.6097	3.4813
1500434246547	1256.07	786.07	1244.53	768.85	3.6152	3.4981
1500434254880	1255.43	785.43	1247.07	768.16	3.6244	3.5084
1500434263213	1257.10	786.31	1235.58	762.89	3.6180	3.4916
1500434271546	1253.06	785.51	1240.57	774.12	3.6254	3.5247
1500434279880	1258.85	789.71	1244.06	785.57	3.6314	3.5531
1500434288212	1254.13	784.62	1249.22	764.98	3.6327	3.5173
1500434296551	1259.55	787.74	1242.47	776.16	3.6325	3.5617
