t	gaze_point_LX	gaze_point_LY	gaze_point_RX	gaze_point_RY	pupil_diameter_L	pupil_diameter_R
870054658639	NaN	NaN	NaN	NaN	NaN	NaN
870054666974	NaN	NaN	NaN	NaN	NaN	NaN
870054675308	NaN	NaN	NaN	NaN	NaN	NaN
870054683641	NaN	NaN	NaN	NaN	NaN	NaN
870054691974	NaN	NaN	NaN	NaN	NaN	NaN
870054700307	NaN	NaN	NaN	NaN	NaN	NaN
870054708640	NaN	NaN	NaN	NaN	NaN	NaN
870054716974	NaN	NaN	NaN	NaN	NaN	NaN
870054725307	NaN	NaN	NaN	NaN	NaN	NaN
870054733640	NaN	NaN	NaN	NaN	NaN	NaN
870054741975	NaN	NaN	NaN	NaN	NaN	NaN
870054750309	NaN	NaN	NaN	NaN	NaN	NaN
870054758642	NaN	NaN	NaN	NaN	NaN	NaN
870054766976	NaN	NaN	NaN	NaN	NaN	NaN
870054775309	NaN	NaN	NaN	NaN	NaN	NaN
870054783642	NaN	NaN	NaN	NaN	NaN	NaN
870054791975	NaN	NaN	NaN	NaN	NaN	NaN
870054800308	NaN	NaN	1328.73	1250.91	NaN	3.0564
870054808641	NaN	NaN	1307.88	900.28	NaN	2.9571
870054816974	NaN	NaN	1289.51	838.76	NaN	3.2901
870054825308	1311.17	838.95	1296.62	689.89	3.4252	3.1934
870054833639	1302.57	732.64	1305.29	737.95	3.3862	3.2287
870054841972	1313.94	762.27	1300.49	763.46	3.4701	3.2852
870054850306	1307.44	783.59	1302.58	761.92	3.4204	3.2614
870054858639	1307.86	787.28	1296.81	774.23	3.4410	3.3064
870054866973	1308.92	771.91	1303.43	745.71	3.3954	3.2582
870054875311	1307.19	751.65	1294.61	761.76	3.3335	3.2664
870054883643	1317.12	782.27	1293.03	785.60	3.3908	3.3112
870054891979	1318.35	794.37	1298.24	797.97	3.4007	3.2807
870054900310	1326.54	802.16	1313.45	793.51	3.4210	3.2292
870054908643	1334.00	979.96	1326.00	937.55	3.3515	3.2286
870054916976	NaN	NaN	1446.55	1233.49	NaN	2.5591
870054925309	NaN	NaN	NaN	NaN	NaN	NaN
870054933643	NaN	NaN	NaN	NaN	NaN	NaN
870054941976	NaN	NaN	NaN	NaN	NaN	NaN
870054950311	NaN	NaN	NaN	NaN	NaN	NaN
870054958645	NaN	NaN	NaN	NaN	NaN	NaN
870054966978	NaN	NaN	NaN	NaN	NaN	NaN
870054975312	NaN	NaN	NaN	NaN	NaN	NaN
870054983644	NaN	NaN	NaN	NaN	NaN	NaN
870054991978	NaN	NaN	NaN	NaN	NaN	NaN
870055000311	NaN	NaN	NaN	NaN	NaN	NaN
870055008649	NaN	NaN	NaN	NaN	NaN	NaN
870055016982	NaN	NaN	NaN	NaN	NaN	NaN
870055025315	NaN	NaN	NaN	NaN	NaN	NaN
870055033649	NaN	NaN	NaN	NaN	NaN	NaN
870055041982	NaN	NaN	NaN	NaN	NaN	NaN
870055050315	NaN	NaN	NaN	NaN	NaN	NaN
870055058649	NaN	NaN	NaN	NaN	NaN	NaN
870055066983	NaN	NaN	NaN	NaN	NaN	NaN
870055075315	NaN	NaN	NaN	NaN	NaN	NaN
870055083648	NaN	NaN	NaN	NaN	NaN	NaN
870055091981	NaN	NaN	NaN	NaN	NaN	NaN
870055100314	NaN	NaN	NaN	NaN	NaN	NaN
870055108648	NaN	NaN	NaN	NaN	NaN	NaN
870055116981	NaN	NaN	NaN	NaN	NaN	NaN
870055125314	NaN	NaN	NaN	NaN	NaN	NaN
870055133653	NaN	NaN	NaN	NaN	NaN	NaN
870055141987	NaN	NaN	NaN	NaN	NaN	NaN
870055150320	NaN	NaN	NaN	NaN	NaN	NaN
870055158653	NaN	NaN	NaN	NaN	NaN	NaN
870055166986	NaN	NaN	NaN	NaN	NaN	NaN
870055175318	NaN	NaN	NaN	NaN	NaN	NaN
870055183652	NaN	NaN	NaN	NaN	NaN	NaN
870055191985	NaN	NaN	NaN	NaN	NaN	NaN
870055200318	NaN	NaN	NaN	NaN	NaN	NaN
870055208652	NaN	NaN	NaN	NaN	NaN	NaN
870055216985	NaN	NaN	NaN	NaN	NaN	NaN
870055225319	NaN	NaN	NaN	NaN	NaN	NaN
870055233652	NaN	NaN	NaN	NaN	NaN	NaN
870055241985	NaN	NaN	NaN	NaN	NaN	NaN
870055250319	NaN	NaN	NaN	NaN	NaN	NaN
870055258652	NaN	NaN	NaN	NaN	NaN	NaN
870055266988	NaN	NaN	NaN	NaN	NaN	NaN
870055275322	NaN	NaN	NaN	NaN	NaN	NaN
870055283655	NaN	NaN	NaN	NaN	NaN	NaN
870055291988	NaN	NaN	NaN	NaN	NaN	NaN
870055300322	NaN	NaN	NaN	NaN	NaN	NaN
870055308655	NaN	NaN	NaN	NaN	NaN	NaN
870055316988	NaN	NaN	NaN	NaN	NaN	NaN
870055325322	NaN	NaN	NaN	NaN	NaN	NaN
870055333655	NaN	NaN	NaN	NaN	NaN	NaN
870055341988	NaN	NaN	NaN	NaN	NaN	NaN
870055350322	NaN	NaN	NaN	NaN	NaN	NaN
870055358655	NaN	NaN	NaN	NaN	NaN	NaN
870055366987	NaN	NaN	NaN	NaN	NaN	NaN
870055375321	NaN	NaN	NaN	NaN	NaN	NaN
870055383654	NaN	NaN	NaN	NaN	NaN	NaN
870055391987	NaN	NaN	1371.12	760.52	NaN	2.4771
870055400324	1231.74	843.26	1244.55	669.28	3.1029	2.9695
870055408658	1206.30	665.12	1241.40	689.39	3.0303	2.9416
870055416992	1213.09	646.70	1238.04	686.04	3.0408	2.9293
870055425325	1210.43	674.34	1237.60	687.44	3.0264	2.9520
870055433658	1214.11	667.86	1241.10	659.58	3.0026	2.9174
870055441992	1213.22	670.18	1228.35	660.18	3.0316	2.9457
870055450326	1219.67	661.91	1229.80	661.53	3.0366	2.9163
870055458657	1220.38	655.33	1230.46	661.67	3.0157	2.8970
870055466991	1220.34	650.36	1229.62	675.49	2.9866	2.8967
870055475325	1231.05	653.80	1229.10	677.04	2.9711	2.8933
870055483658	1222.19	649.12	1231.32	660.01	2.9724	2.8614
870055491991	1218.49	659.29	1236.38	671.24	2.9594	2.8471
870055500325	1221.22	663.16	1229.75	678.56	2.9625	2.8532
870055508657	1218.62	662.96	1233.23	661.73	2.9629	2.8393
870055516991	1227.30	662.22	1228.89	662.48	2.9533	2.8187
870055525331	1228.73	662.20	1231.26	670.55	2.9538	2.8206
870055533665	1216.78	659.83	1232.75	673.56	2.9261	2.8135
870055541998	1218.22	658.05	1227.85	681.96	2.9148	2.8354
870055550332	1215.91	660.07	1227.68	673.29	2.9302	2.8038
870055558664	1214.47	654.84	1230.86	671.61	2.9024	2.8153
870055566997	1220.61	662.91	1230.95	670.30	2.9327	2.7883
870055575330	1220.43	660.86	1226.28	676.74	2.9204	2.7919
870055583664	1217.88	663.55	1226.68	678.45	2.9296	2.7947
870055591995	1248.13	666.90	1245.74	692.35	2.8827	2.7930
870055600328	1287.77	683.13	1287.98	714.31	2.8759	2.7787
870055608661	1293.64	700.81	1287.25	722.52	2.8820	2.7663
870055616995	1285.86	702.39	1288.54	713.53	2.8817	2.7770
870055625328	1287.29	702.50	1288.99	727.47	2.8942	2.7641
870055633662	1287.49	692.74	1291.14	719.26	2.8594	2.7594
870055641995	1286.43	704.74	1292.27	715.96	2.8770	2.7621
870055650327	1277.82	697.91	1288.18	723.70	2.8533	2.7589
870055658661	1287.61	700.94	1288.32	717.18	2.8749	2.7608
870055666995	1288.38	700.13	1288.75	721.74	2.8719	2.7849
870055675328	1279.08	696.51	1292.65	718.22	2.8729	2.7584
870055683661	1281.89	697.49	1286.53	733.52	2.8896	2.7865
870055691995	1286.83	696.68	1290.37	726.21	2.8835	2.7731
870055700328	1292.46	700.63	1284.68	729.66	2.9074	2.7856
870055708661	1289.96	691.99	1286.69	731.65	2.8944	2.7992
870055716995	1285.04	716.53	1284.97	737.84	2.8817	2.7518
870055725328	1292.49	744.11	1290.09	737.12	2.9202	2.7536
870055733662	1291.26	1035.22	1305.91	1032.58	2.9948	2.7131
870055741995	NaN	NaN	NaN	NaN	NaN	NaN
870055750327	NaN	NaN	NaN	NaN	NaN	NaN
870055758660	NaN	NaN	NaN	NaN	NaN	NaN
870055766994	NaN	NaN	1717.34	60.23	NaN	2.5013
870055775327	NaN	NaN	NaN	NaN	NaN	NaN
870055783660	NaN	NaN	NaN	NaN	NaN	NaN
870055792000	NaN	NaN	NaN	NaN	NaN	NaN
870055800333	NaN	NaN	NaN	NaN	NaN	NaN
870055808667	NaN	NaN	NaN	NaN	NaN	NaN
870055817000	NaN	NaN	NaN	NaN	NaN	NaN
870055825333	NaN	NaN	NaN	NaN	NaN	NaN
870055833666	NaN	NaN	1274.62	941.25	NaN	2.8330
870055841999	1302.08	786.02	1290.39	745.09	3.0631	2.8226
870055850332	1293.74	674.67	1288.94	704.07	3.0197	2.9050
870055858665	1294.16	725.49	1286.43	740.80	3.0864	2.8710
870055866999	1304.65	767.74	1294.39	729.31	3.1722	2.8834
870055875332	1305.51	768.83	1293.69	742.73	3.1887	2.9261
870055883666	1301.58	752.47	1289.49	719.11	3.1830	2.9469
870055891999	1301.58	743.62	1282.77	717.37	3.1979	2.9434
870055900332	1294.84	746.39	1288.13	713.90	3.2417	2.9541
870055908666	1307.10	738.38	1287.91	703.89	3.2353	2.9824
870055916999	1302.15	704.54	1287.71	709.74	3.1680	2.9864
870055925337	1297.11	698.44	1278.26	717.25	3.1862	3.0108
870055933671	1297.19	730.06	1284.97	698.44	3.2480	3.0103
870055942003	1299.09	715.32	1286.89	714.73	3.2304	3.0238
870055950336	1303.31	728.67	1288.74	706.86	3.2900	3.0290
870055958670	1304.59	738.53	1283.37	702.27	3.3126	3.0340
870055967003	1302.00	732.75	1284.73	714.90	3.2897	3.0592
870055975336	1308.02	726.07	1285.66	712.20	3.2900	3.0746
870055983670	1310.29	744.31	1285.46	710.47	3.3502	3.0752
870055992003	1304.14	740.35	1283.45	708.45	3.3502	3.0945
870056000336	1297.84	727.55	1283.50	715.87	3.3242	3.1073
870056008670	1301.67	729.10	1281.70	704.57	3.3464	3.1205
870056017003	1307.31	745.49	1281.51	701.72	3.3731	3.1005
870056025336	1301.53	744.43	1283.46	705.53	3.3660	3.1285
870056033669	1303.16	750.00	1282.06	708.68	3.3914	3.1522
870056042002	1300.21	734.24	1281.34	698.64	3.3791	3.1454
870056050340	1303.47	740.26	1287.24	700.33	3.4164	3.1478
870056058674	1307.62	735.65	1273.65	708.16	3.3885	3.1825
870056067007	1302.81	709.80	1274.26	707.78	3.3679	3.1850
870056075340	1306.97	736.46	1278.87	707.06	3.4209	3.1743
870056083674	1306.23	727.44	1281.54	704.62	3.3887	3.2067
870056092007	1307.79	747.62	1284.59	695.38	3.4552	3.2042
870056100340	1310.95	745.77	1280.70	709.81	3.4731	3.2466
870056108674	1292.32	737.29	1266.64	700.93	3.4659	3.2433
870056117007	1260.88	719.86	1238.41	690.93	3.4504	3.2465
870056125340	1283.69	717.67	1260.76	690.56	3.4372	3.2556
870056133673	1279.98	721.80	1251.04	692.84	3.4556	3.2484
870056142006	1280.52	720.12	1262.42	693.18	3.4851	3.2579
870056150339	1275.14	708.56	1255.53	702.65	3.4576	3.2993
870056158673	1278.63	730.28	1255.17	695.29	3.5098	3.2762
870056167006	1282.68	734.99	1257.72	695.01	3.5225	3.2840
870056175339	1283.03	717.09	1251.33	713.34	3.5048	3.3417
870056183677	1281.41	729.46	1253.61	715.86	3.5361	3.3663
870056192011	1280.41	725.72	1250.60	706.10	3.5362	3.3554
870056200344	1280.91	726.17	1256.46	708.79	3.5314	3.3530
870056208678	1279.65	735.61	1245.92	716.64	3.5554	3.3974
870056217011	1278.50	717.52	1252.72	695.05	3.5287	3.3454
870056225343	1278.80	735.16	1257.56	708.50	3.5821	3.3867
870056233676	1280.60	735.82	1249.49	724.09	3.5855	3.4302
870056242010	1290.00	735.64	1248.92	713.51	3.5792	3.4071
870056250343	1287.82	741.64	1251.17	726.69	3.6124	3.4445
870056258676	1276.02	716.85	1247.83	711.86	3.5710	3.4235
870056267010	1277.06	739.07	1255.16	715.43	3.6118	3.4438
870056275343	1282.15	725.57	1248.99	730.55	3.5850	3.4853
870056283677	1284.89	743.59	1244.69	725.73	3.6218	3.4785
870056292010	1280.10	722.74	1249.64	707.26	3.5757	3.4278
870056300343	1285.54	710.68	1247.26	734.19	3.5824	3.5022
870056308676	1281.81	738.33	1244.66	734.87	3.6416	3.5237
870056317014	1275.78	726.46	1249.74	722.50	3.6131	3.5112
870056325346	1273.54	712.43	1250.57	727.25	3.5830	3.5157
870056333679	1278.81	727.80	1247.75	735.38	3.6309	3.5399
870056342013	1272.48	715.09	1257.55	716.13	3.6190	3.5083
870056350346	1279.52	725.91	1255.48	714.69	3.6449	3.5127
870056358679	1279.88	705.13	1251.18	722.14	3.6101	3.5452
870056367013	1281.65	724.33	1249.23	736.08	3.6234	3.5705
870056375346	1283.62	730.28	1251.19	729.84	3.6527	3.5761
870056383679	1285.69	727.53	1241.53	748.24	3.6599	3.6169
870056392012	1278.83	724.70	1245.11	727.24	3.6589	3.5771
870056400346	1275.89	717.55	1250.24	716.52	3.6548	3.5654
870056408679	1285.44	729.99	1245.06	733.50	3.6954	3.6203
870056417011	1287.06	732.98	1254.74	720.04	3.7144	3.5862
870056425345	1281.38	713.51	1254.96	734.75	3.6694	3.6112
870056433678	1280.84	724.24	1248.85	738.39	3.7014	3.6372
870056442012	1278.48	736.09	1250.53	742.48	3.7299	3.6395
870056450350	1285.24	731.03	1249.16	726.96	3.7345	3.5996
870056458683	1275.88	723.08	1250.77	733.44	3.7039	3.6319
870056467017	1277.07	721.26	1250.21	741.75	3.7232	3.6508
870056475350	1275.37	715.31	1249.02	735.78	3.7253	3.6629
870056483683	1283.08	729.03	1250.01	724.77	3.7570	3.6372
870056492017	1281.77	735.56	1243.42	752.09	3.7714	3.7177
870056500350	1280.89	733.45	1250.11	747.44	3.7726	3.6969
870056508683	1284.42	726.84	1250.85	745.33	3.7812	3.6908
870056517016	1281.09	727.23	1245.06	758.70	3.7706	3.7243
870056525349	1283.08	727.34	1248.77	752.23	3.8054	3.7214
870056533682	1279.27	725.97	1250.52	747.86	3.7748	3.7134
870056542016	1280.26	739.91	1254.90	739.33	3.8058	3.6640
870056550349	1339.96	779.44	1314.46	783.47	3.8226	3.6871
870056558682	1480.89	925.67	1435.93	928.03	3.8970	3.7712
870056567015	1581.44	1053.76	1539.16	1066.84	3.9201	3.7768
870056575353	1676.43	1169.51	1633.37	1176.62	3.9183	3.7498
870056583687	1764.56	1247.01	1719.59	1268.62	3.8803	3.7487
870056592020	1830.06	1329.34	1775.69	1343.75	3.8711	3.7413
870056600353	1854.06	1403.33	1800.15	1403.11	3.8585	3.7365
870056608686	1882.29	1432.62	1833.58	1420.85	3.8746	3.7341
870056617019	1884.42	1425.95	1835.81	1421.19	3.8781	3.7513
870056625353	1871.58	1419.28	1827.44	1407.61	3.8841	3.7541
870056633686	1888.92	1427.00	1828.93	1414.79	3.8710	3.7388
870056642019	1887.00	1427.64	1820.23	1416.80	3.8879	3.7600
870056650352	1889.06	1425.55	1829.35	1419.99	3.8783	3.7450
870056658686	1885.57	1422.45	1829.42	1420.32	3.8956	3.7633
870056667020	1885.92	1426.10	1838.78	1423.22	3.9011	3.7543
870056675352	1881.85	1432.14	1838.27	1419.81	3.9115	3.7700
870056683686	1879.52	1424.96	1838.39	1421.83	3.8905	3.7677
870056692019	1882.32	1425.48	1834.90	1416.72	3.8976	3.7724
870056700352	1886.66	1428.55	1833.22	1425.07	3.9002	3.7640
870056708691	1879.27	1428.38	1831.24	1422.02	3.8986	3.7756
870056717024	1875.12	1428.01	1837.29	1423.82	3.9083	3.7739
870056725357	1877.55	1426.78	1833.61	1424.84	3.9133	3.7896
870056733691	1877.41	1429.11	1828.09	1424.58	3.9149	3.7695
870056742024	1879.31	1442.62	1837.93	1428.12	3.9274	3.7719
870056750358	1929.33	1485.61	1874.45	1468.13	3.9156	3.7780
870056758691	1931.90	1493.00	1867.95	1487.24	3.9295	3.7767
870056767024	1922.27	1486.26	1873.24	1486.88	3.9367	3.7548
870056775357	1924.36	1483.81	1874.66	1481.73	3.9424	3.7625
870056783691	1919.50	1495.93	1869.52	1475.31	3.9384	3.7713
870056792024	1918.41	1485.90	1866.99	1480.00	3.9424	3.7840
870056800356	1919.34	1488.16	1873.71	1480.59	3.9424	3.7657
870056808690	1917.84	1489.25	1868.82	1480.62	3.9441	3.7665
870056817023	1917.03	1488.45	1876.27	1477.78	3.9259	3.7724
870056825356	1915.71	1490.10	1869.74	1482.94	3.9311	3.7805
870056833690	1915.33	1489.58	1868.36	1491.10	3.9281	3.7693
870056842027	1915.42	1489.20	1868.47	1480.34	3.9153	3.7497
870056850360	1913.97	1486.23	1867.41	1487.30	3.9190	3.7497
870056858694	1914.24	1491.22	1871.95	1487.50	3.9028	3.7363
870056867027	1915.73	1494.09	1869.70	1486.51	3.8966	3.7414
870056875361	1917.42	1489.55	1874.48	1493.91	3.8853	3.7304
870056883694	1910.87	1496.52	1869.45	1489.84	3.8701	3.7159
870056892027	1909.33	1493.90	1868.00	1487.65	3.8820	3.7034
870056900359	1913.83	1490.97	1869.58	1494.77	3.8533	3.6915
870056908693	1916.10	1488.06	1872.52	1491.25	3.8435	3.6841
870056917026	1910.62	1494.59	1870.09	1494.77	3.8363	3.6720
870056925359	1896.03	1499.18	1857.89	1503.52	3.8243	3.6740
870056933693	1907.25	1504.25	1866.29	1507.47	3.8023	3.6585
870056942026	1912.68	1501.58	1863.48	1499.56	3.7934	3.6481
870056950359	1908.40	1504.44	1863.65	1498.32	3.7885	3.6422
870056958693	1904.72	1500.30	1866.40	1498.98	3.7910	3.6228
870056967026	1906.67	1498.36	1863.91	1492.28	3.7591	3.6311
870056975361	1906.78	1498.12	1867.47	1494.87	3.7596	3.6095
870056983695	1904.58	1502.36	1866.75	1498.32	3.7435	3.5909
870056992027	1908.98	1495.72	1862.99	1502.20	3.7339	3.5862
870057000361	1902.74	1498.71	1867.39	1501.07	3.7338	3.5810
870057008693	1903.72	1502.69	1868.10	1497.69	3.7204	3.5624
870057017027	1903.16	1504.57	1865.07	1499.10	3.7114	3.5770
870057025360	1908.08	1505.93	1861.06	1494.41	3.7094	3.5516
870057033693	1906.43	1503.40	1864.35	1500.54	3.6960	3.5422
870057042027	1902.66	1496.96	1862.47	1498.00	3.6930	3.5409
870057050360	1902.79	1503.70	1866.11	1500.59	3.6896	3.5368
870057058693	1905.24	1499.72	1860.72	1499.45	3.6869	3.5323
870057067027	1906.36	1502.17	1862.55	1500.30	3.6621	3.5174
870057075360	1901.66	1496.54	1857.44	1501.04	3.6662	3.5328
870057083694	1904.69	1498.14	1865.11	1499.73	3.6697	3.5080
870057092026	1904.26	1503.51	1864.27	1504.75	3.6435	3.5072
870057100367	1907.37	1506.93	1866.04	1503.53	3.6474	3.5039
870057108700	1900.07	1503.86	1865.46	1507.45	3.6444	3.5121
870057117034	1902.29	1503.76	1870.69	1502.66	3.6253	3.4850
870057125368	1902.27	1502.62	1867.50	1502.35	3.6238	3.4827
870057133700	1899.14	1506.99	1865.01	1500.75	3.6204	3.4902
870057142034	1905.31	1507.80	1864.05	1495.24	3.6201	3.4761
870057150367	1905.88	1505.06	1862.87	1499.44	3.6190	3.4729
870057158700	1902.19	1507.94	1868.06	1502.94	3.6117	3.4581
870057167034	1901.22	1500.99	1859.06	1502.43	3.6030	3.4661
870057175367	1899.28	1499.50	1862.07	1503.74	3.6005	3.4501
870057183699	1904.60	1502.12	1863.09	1500.75	3.6044	3.4571
870057192033	1902.60	1503.85	1869.66	1508.35	3.5957	3.4575
870057200366	1903.31	1508.41	1863.24	1502.87	3.5811	3.4396
870057208700	1901.79	1508.30	1868.65	1506.00	3.5811	3.4446
870057217033	1902.53	1505.68	1866.91	1502.54	3.5897	3.4291
870057225366	1902.12	1507.10	1869.55	1504.18	3.5768	3.4344
870057233703	1899.33	1506.02	1867.89	1503.94	3.5698	3.4306
870057242037	1902.30	1507.00	1869.57	1502.00	3.5527	3.4149
870057250371	1902.32	1508.01	1868.81	1505.27	3.5556	3.4285
870057258703	1903.91	1505.49	1870.41	1503.38	3.5619	3.4112
870057267037	1930.22	1509.70	1882.96	1506.47	3.5510	3.4120
870057275370	1949.55	1503.91	1907.03	1500.83	3.5537	3.3819
870057283704	1952.56	1498.83	1923.57	1497.93	3.5518	3.3776
870057292038	1949.58	1502.50	1925.24	1507.60	3.5484	3.3904
870057300371	1950.55	1508.72	1928.05	1501.40	3.5483	3.3731
870057308704	1956.70	1509.69	1929.15	1507.18	3.5563	3.3833
870057317036	1959.19	1502.70	1934.06	1507.04	3.5393	3.3663
870057325369	1959.14	1510.01	1927.80	1505.38	3.5290	3.3669
870057333703	1952.53	1506.48	1920.24	1509.23	3.5347	3.3761
870057342036	1955.41	1505.78	1927.47	1504.78	3.5285	3.3479
870057350369	1950.33	1505.93	1921.68	1502.52	3.5238	3.3590
870057358702	1952.29	1503.28	1911.75	1498.95	3.5260	3.3552
870057367040	1951.46	1504.38	1921.77	1504.26	3.5097	3.3447
870057375372	1956.62	1509.17	1922.64	1501.34	3.4980	3.3476
870057383705	1956.06	1512.94	1928.11	1505.88	3.5138	3.3362
870057392039	1953.34	1505.68	1933.58	1507.26	3.5244	3.3324
870057400372	1961.26	1504.93	1930.23	1508.25	3.5068	3.3327
870057408705	1964.04	1512.16	1927.98	1504.85	3.5008	3.3502
870057417039	1954.24	1509.41	1929.14	1506.23	3.5006	3.3530
870057425372	1949.29	1510.92	1924.15	1506.51	3.4959	3.3286
870057433705	1948.58	1513.41	1924.02	1502.09	3.4877	3.3308
870057442041	1950.61	1511.22	1924.21	1502.30	3.4881	3.3168
870057450374	1948.54	1507.72	1927.75	1505.38	3.4954	3.3208
870057458708	1947.57	1512.36	1924.41	1502.67	3.4967	3.3285
870057467041	1948.36	1512.21	1923.51	1498.80	3.4747	3.3223
870057475373	1945.69	1512.53	1928.94	1497.33	3.4804	3.3017
870057483706	1947.03	1512.58	1921.60	1504.87	3.4677	3.3317
870057492043	1946.65	1518.68	1924.95	1507.24	3.4400	3.3102
870057500376	1946.21	1514.02	1922.09	1508.72	3.4624	3.3174
870057508709	1954.18	1514.41	1929.93	1506.66	3.4639	3.3014
870057517043	1951.08	1512.32	1925.64	1515.28	3.4533	3.3049
870057525376	1951.62	1509.92	1929.26	1509.62	3.4607	3.3069
870057533707	1955.80	1508.28	1930.68	1508.23	3.4554	3.2982
870057542041	1951.79	1507.52	1925.56	1504.55	3.4511	3.3097
870057550374	1954.04	1510.34	1926.74	1506.82	3.4522	3.3000
870057558707	1942.42	1509.78	1929.29	1509.50	3.4511	3.2873
870057567039	1950.70	1510.95	1921.56	1508.40	3.4289	3.2923
870057575373	1945.68	1509.96	1922.21	1506.60	3.4352	3.2690
870057583707	1948.86	1512.04	1916.31	1501.66	3.4271	3.2927
870057592039	1948.85	1506.70	1922.23	1501.84	3.4337	3.2806
870057600373	1948.53	1514.77	1927.14	1502.47	3.4390	3.2844
870057608706	1950.12	1513.25	1923.52	1503.52	3.4328	3.2906
870057617039	1951.13	1509.87	1920.33	1505.37	3.4395	3.2895
870057625379	1956.66	1509.45	1926.68	1510.64	3.4142	3.2802
870057633712	1953.64	1512.46	1928.50	1512.29	3.4175	3.2863
870057642045	1951.98	1510.55	1929.66	1501.49	3.4179	3.2784
870057650379	1955.70	1511.73	1927.27	1506.24	3.4143	3.2850
870057658712	1951.67	1518.96	1922.37	1504.10	3.4047	3.2979
870057667045	1949.25	1509.12	1922.22	1502.98	3.4105	3.2698
870057675378	1948.16	1511.55	1915.22	1500.52	3.3995	3.2862
870057683711	1946.41	1514.12	1918.90	1503.37	3.3924	3.2742
870057692044	1951.42	1514.18	1918.24	1503.62	3.4157	3.2808
870057700378	1951.84	1510.06	1921.43	1504.24	3.4064	3.2746
870057708712	1950.77	1506.87	1920.02	1507.84	3.4099	3.2740
870057717044	1949.86	1510.11	1924.46	1508.15	3.4048	3.2624
870057725378	1939.53	1508.81	1921.96	1501.15	3.3986	3.2791
870057733711	1945.66	1510.52	1921.34	1507.27	3.3833	3.2620
870057742044	1941.20	1506.43	1926.89	1506.53	3.3896	3.2526
870057750378	1943.49	1504.01	1918.89	1504.25	3.3720	3.2726
870057758719	1936.09	1502.99	1891.48	1492.73	3.3917	3.2606
870057767053	1813.20	1450.55	1800.85	1431.55	3.3564	3.2473
870057775386	1748.36	1358.61	1734.76	1343.00	3.3239	3.2470
870057783719	NaN	NaN	1654.15	1231.06	NaN	3.2827
870057792053	NaN	NaN	1518.54	1389.76	NaN	2.2432
870057800386	NaN	NaN	NaN	NaN	NaN	NaN
870057808719	NaN	NaN	NaN	NaN	NaN	NaN
870057817052	NaN	NaN	NaN	NaN	NaN	NaN
870057825386	NaN	NaN	NaN	NaN	NaN	NaN
870057833719	NaN	NaN	NaN	NaN	NaN	NaN
870057842053	NaN	NaN	NaN	NaN	NaN	NaN
870057850386	NaN	NaN	NaN	NaN	NaN	NaN
870057858718	NaN	NaN	NaN	NaN	NaN	NaN
870057867051	NaN	NaN	NaN	NaN	NaN	NaN
870057875385	NaN	NaN	1343.64	959.68	NaN	3.1928
870057883717	1331.38	863.94	1354.79	712.42	3.1580	3.1113
870057892050	1339.90	750.07	1353.37	777.95	3.2830	3.1665
870057900386	1346.50	750.36	1353.17	781.94	3.2270	3.1611
870057908718	1335.58	780.26	1349.58	760.24	3.2808	3.1543
870057917051	1327.60	745.67	1344.12	733.93	3.2129	3.1221
870057925384	1329.22	738.15	1346.85	745.09	3.2365	3.1594
870057933717	1330.48	736.21	1346.20	727.92	3.2532	3.1243
870057942051	1325.34	734.18	1341.80	744.59	3.2605	3.1576
870057950383	1329.90	749.65	1344.72	731.29	3.2894	3.1336
870057958716	1329.73	733.00	1343.21	728.91	3.2417	3.1248
870057967050	1331.25	748.15	1346.31	712.27	3.2781	3.0804
870057975383	1335.04	749.61	1336.21	720.32	3.2755	3.1018
870057983716	1335.29	749.36	1332.11	726.49	3.2718	3.1137
870057992050	1328.89	754.57	1331.51	723.84	3.2726	3.0958
870058000383	1329.54	733.48	1332.16	715.88	3.2222	3.0755
870058008716	1327.32	752.79	1331.42	718.99	3.2597	3.0688
870058017054	1328.84	755.47	1329.35	716.92	3.2614	3.0898
870058025388	1328.31	730.38	1326.86	719.90	3.2291	3.0683
870058033721	1335.63	750.57	1329.90	715.54	3.2620	3.0586
870058042055	1325.63	744.04	1329.54	721.91	3.2495	3.0793
870058050387	1307.52	741.63	1303.18	712.58	3.2253	3.0381
870058058720	1258.56	735.06	1250.44	724.70	3.2037	3.0795
870058067054	1275.11	721.78	1271.28	730.45	3.1713	3.0984
870058075387	1273.28	720.45	1268.72	715.93	3.1911	3.0560
870058083720	1266.63	723.80	1271.18	721.02	3.1678	3.0553
870058092053	1267.66	730.84	1267.88	719.41	3.1806	3.0562
870058100387	1268.52	714.66	1271.79	727.01	3.1590	3.0781
870058108720	1272.82	717.39	1268.29	718.57	3.1406	3.0523
870058117054	1272.93	729.19	1266.57	718.46	3.1963	3.0503
870058125387	1265.43	713.24	1264.21	714.39	3.1462	3.0423
870058133720	1264.58	699.06	1262.29	712.30	3.1214	3.0484
870058142053	1259.92	708.49	1262.98	713.24	3.1285	3.0376
870058150391	1264.11	715.24	1259.45	711.83	3.1463	3.0368
870058158725	1266.07	726.95	1264.87	714.75	3.1769	3.0316
870058167058	1265.49	724.70	1267.46	736.62	3.1840	3.0999
870058175392	1260.17	711.33	1268.66	718.44	3.1501	3.0371
870058183725	1266.50	736.95	1267.28	710.76	3.2027	3.0257
870058192058	1265.89	709.21	1270.63	711.73	3.1364	3.0409
870058200391	1271.28	747.76	1269.27	722.44	3.2475	3.0516
870058208725	1265.17	723.83	1266.44	715.82	3.1777	3.0436
870058217058	1266.07	733.06	1265.86	715.07	3.2037	3.0514
870058225391	1266.57	721.86	1266.35	733.81	3.1833	3.0715
870058233724	1271.51	747.16	1264.19	715.63	3.2337	3.0377
870058242057	1268.47	725.32	1267.57	712.63	3.2088	3.0598
870058250390	1271.60	736.64	1262.87	732.27	3.2411	3.0878
870058258724	1273.82	732.62	1264.27	729.05	3.2253	3.1106
870058267057	1277.84	749.15	1267.44	720.38	3.2739	3.0838
870058275390	1277.16	747.14	1264.99	714.59	3.2599	3.0758
870058283727	1275.22	734.78	1267.35	711.59	3.2465	3.0725
870058292061	1272.17	732.54	1266.30	710.79	3.2525	3.0646
870058300394	1272.16	740.87	1263.35	712.50	3.2646	3.0837
870058308727	1278.49	736.17	1271.58	709.47	3.2778	3.0764
870058317060	1267.44	725.76	1268.92	708.53	3.2186	3.0828
870058325393	1271.81	736.21	1273.32	716.11	3.2717	3.1077
870058333726	1269.77	726.73	1270.94	718.24	3.2347	3.1069
870058342060	1269.66	723.21	1269.20	712.32	3.2404	3.1087
870058350392	1275.52	743.25	1270.78	719.58	3.2917	3.1414
870058358726	1254.87	768.92	1244.17	743.46	3.3202	3.1573
870058367059	1223.91	792.64	1217.81	776.66	3.3165	3.1726
870058375392	1232.09	785.67	1228.41	788.88	3.2843	3.1810
870058383726	1237.29	799.33	1232.78	791.44	3.3071	3.1934
870058392059	1227.95	788.91	1226.69	795.82	3.2939	3.1939
870058400393	1235.92	799.84	1224.70	813.83	3.3230	3.2500
870058408726	1235.04	793.20	1227.23	797.75	3.2914	3.1828
870058417064	1234.54	789.62	1227.27	798.43	3.2890	3.2095
870058425398	1217.75	769.86	1225.75	809.24	3.2126	3.2236
870058433730	1226.63	784.02	1229.96	816.11	3.2529	3.2392
870058442063	1237.52	806.83	1233.46	788.57	3.3126	3.1659
870058450396	1228.43	792.44	1231.86	791.65	3.2956	3.1472
870058458730	1222.08	771.50	1235.81	789.52	3.2124	3.1354
870058467063	1223.95	775.45	1236.26	783.94	3.2138	3.1041
870058475396	1231.68	782.21	1235.55	790.55	3.2269	3.1531
870058483730	1227.13	788.87	1232.18	785.37	3.2276	3.1042
870058492063	1230.58	793.83	1226.45	795.49	3.2426	3.1288
870058500396	1230.98	775.21	1235.47	793.66	3.1935	3.1117
870058508730	1235.45	761.50	1229.28	790.16	3.1665	3.0848
870058517063	1229.48	794.51	1233.13	790.97	3.2112	3.0941
870058525396	1237.80	771.55	1233.96	783.25	3.1741	3.0522
870058533729	1237.03	782.15	1231.74	781.02	3.1736	3.0519
870058542066	1230.83	778.79	1235.60	765.79	3.1493	3.0175
870058550399	1227.85	754.25	1236.66	742.95	3.0935	2.9324
870058558733	1231.35	767.23	1232.77	772.30	3.1190	3.0013
870058567066	1238.13	788.36	1236.99	770.18	3.1510	3.0030
870058575399	1236.87	785.70	1235.46	778.74	3.1669	3.0260
870058583733	1235.45	789.69	1238.68	750.27	3.1580	2.9268
870058592066	1230.25	788.69	1240.04	745.21	3.1304	2.9007
870058600400	1230.85	768.01	1235.44	752.79	3.0900	2.9346
870058608732	1226.79	785.01	1235.86	767.52	3.1282	2.9738
870058617065	1221.46	749.09	1241.62	743.00	3.0579	2.9180
870058625398	1246.34	794.47	1255.91	782.50	3.1375	2.9938
870058633731	1332.53	791.66	1338.86	785.94	3.0971	2.9603
870058642065	1334.99	799.94	1341.24	802.42	3.1024	2.9836
870058650398	1341.94	795.79	1353.71	801.68	3.1133	2.9531
870058658730	1341.51	802.72	1353.49	793.59	3.1339	2.9524
870058667064	1345.08	797.58	1354.63	796.86	3.1025	2.9693
870058675402	1338.62	812.39	1354.71	810.47	3.1229	2.9965
870058683736	1349.13	811.25	1353.43	803.18	3.1310	2.9655
870058692069	1342.66	794.86	1355.63	806.36	3.1186	2.9756
870058700402	1341.80	808.79	1359.01	789.13	3.1122	2.9318
870058708735	1339.39	822.31	1357.84	805.74	3.1479	2.9845
870058717068	1347.77	797.92	1358.68	803.03	3.1098	2.9727
870058725402	1348.14	794.53	1356.82	815.00	3.1013	3.0338
870058733735	1350.83	805.53	1357.34	802.62	3.1431	2.9999
870058742068	1347.26	798.11	1359.76	804.87	3.1386	3.0114
870058750401	1347.13	809.14	1359.92	807.41	3.1484	3.0048
870058758734	1344.12	799.14	1365.76	790.00	3.1227	2.9715
870058767068	1348.47	828.68	1362.73	789.45	3.1862	2.9733
870058775402	1347.12	795.75	1359.10	804.08	3.1319	3.0345
870058783734	1350.20	801.53	1361.42	799.28	3.1551	3.0065
870058792068	1343.94	775.11	1353.13	802.78	3.0776	3.0368
870058800401	1350.40	808.07	1356.23	801.19	3.1687	3.0144
870058808741	1350.26	807.39	1345.78	806.35	3.1807	3.0478
870058817075	1352.18	802.33	1349.90	828.18	3.1780	3.1022
870058825406	1348.95	810.45	1359.90	799.25	3.2058	3.0365
870058833740	1347.20	816.17	1361.64	791.45	3.2022	3.0180
870058842073	1344.01	796.59	1352.50	794.60	3.1729	3.0427
870058850407	1352.63	816.40	1349.80	809.10	3.2100	3.0797
870058858740	1341.12	785.54	1353.43	793.24	3.1192	3.0461
870058867073	1346.43	811.12	1334.64	818.21	3.1968	3.1069
870058875407	1345.23	813.44	1349.48	816.09	3.2156	3.1130
870058883739	1351.94	812.14	1346.49	809.37	3.2165	3.0903
870058892073	1349.06	814.49	1344.11	815.86	3.2372	3.1032
870058900406	1351.61	812.04	1353.35	819.59	3.2237	3.1246
870058908738	1370.93	766.02	1399.16	761.22	3.2029	3.0793
870058917072	1370.35	670.96	1400.90	688.16	3.1777	3.0996
870058925405	1378.71	654.40	1392.10	672.37	3.2256	3.1211
870058933745	1393.41	634.90	1393.49	656.63	3.2128	3.1485
870058942078	1388.35	634.10	1392.33	650.10	3.2086	3.1438
870058950411	1386.28	633.79	1389.36	663.08	3.2362	3.1445
870058958745	1389.86	628.86	1393.54	653.06	3.2235	3.1514
870058967078	1385.67	627.89	1392.74	652.60	3.2287	3.1600
870058975411	1387.70	626.19	1392.61	656.60	3.2125	3.1533
870058983744	1389.83	629.03	1390.59	652.37	3.2462	3.1566
870058992077	1394.14	637.72	1395.35	650.69	3.2523	3.1636
870059000412	1392.07	636.51	1391.96	655.87	3.2617	3.1611
870059008745	1390.87	637.85	1390.10	656.22	3.2600	3.1774
870059017077	1388.56	629.12	1394.55	652.14	3.2428	3.1744
870059025410	1391.48	640.60	1399.58	647.90	3.2577	3.1513
870059033742	1388.70	637.34	1392.76	649.61	3.2708	3.1606
870059042076	1390.10	638.59	1400.87	644.06	3.2673	3.1435
870059050409	1393.89	639.69	1398.64	644.42	3.2676	3.1630
870059058742	1393.70	642.81	1397.18	645.40	3.2802	3.1397
870059067070	1386.95	628.45	1401.34	646.77	3.2528	3.1550
870059075403	1389.09	633.13	1399.47	644.13	3.2662	3.1529
870059083736	1389.15	631.91	1392.85	644.15	3.2522	3.1586
870059092070	1393.38	632.49	1396.89	652.28	3.2592	3.1680
870059100402	1392.48	633.90	1395.44	647.27	3.2740	3.1701
870059108735	1393.48	638.20	1393.18	648.09	3.2709	3.1741
870059117069	1370.16	597.40	1371.64	606.85	3.2819	3.1822
870059125402	1371.51	555.76	1370.66	567.38	3.2812	3.1918
870059133735	1366.16	543.28	1359.19	554.77	3.3188	3.2159
870059142068	1370.54	535.47	1368.23	556.06	3.3049	3.1924
870059150402	1373.10	543.96	1367.64	548.86	3.3287	3.1802
870059158735	1372.94	546.66	1369.37	549.27	3.3194	3.1830
870059167068	1366.44	537.34	1373.93	552.13	3.2931	3.1965
870059175402	1370.69	543.96	1362.62	547.81	3.3089	3.1926
870059183735	1369.36	538.58	1368.74	548.87	3.3074	3.1986
870059192068	1370.02	540.84	1371.51	549.01	3.3082	3.1877
870059200415	1372.95	540.01	1369.69	546.74	3.3092	3.1878
870059208748	1374.07	539.48	1370.18	541.88	3.3098	3.1688
870059217081	1370.23	537.81	1364.83	549.91	3.3131	3.1932
870059225415	1370.47	546.78	1366.99	553.58	3.3188	3.1885
870059233748	1376.14	548.79	1362.26	547.96	3.3417	3.1862
870059242081	1373.47	544.74	1367.59	547.74	3.3157	3.1991
870059250415	1373.47	548.03	1361.48	548.68	3.3190	3.1940
870059258748	1375.79	542.54	1362.08	549.38	3.3123	3.1994
870059267081	1373.55	541.68	1363.55	548.54	3.3099	3.1938
870059275415	1368.36	542.54	1361.47	543.24	3.3059	3.1946
870059283747	1370.34	542.83	1360.05	550.88	3.3085	3.2050
870059292080	1372.45	539.43	1361.73	547.36	3.3109	3.2185
870059300414	1367.44	542.58	1355.92	546.94	3.3162	3.1958
870059308747	1369.71	538.25	1362.58	543.95	3.3038	3.2055
870059317081	1372.32	541.89	1361.41	542.81	3.3172	3.1986
870059325414	1372.51	538.92	1358.19	543.77	3.3013	3.2009
870059333751	1371.43	543.07	1367.06	540.68	3.2988	3.2012
870059342084	1376.03	548.38	1363.27	545.84	3.3201	3.2107
870059350417	1372.90	542.52	1366.46	540.21	3.3139	3.2141
870059358751	1372.64	543.32	1364.95	553.50	3.3088	3.2044
870059367083	1372.16	538.51	1371.01	550.92	3.3082	3.2161
870059375417	1372.23	547.82	1370.27	551.51	3.3043	3.2313
870059383750	1373.85	546.83	1363.41	553.14	3.3277	3.2206
870059392084	1350.83	547.43	1347.75	545.01	3.3073	3.2287
870059400417	1290.96	543.28	1277.17	545.38	3.3050	3.2061
870059408750	1297.10	540.97	1287.02	544.33	3.3128	3.2207
870059417082	1299.63	540.70	1284.13	536.09	3.3146	3.2236
870059425416	1301.60	538.51	1290.78	540.16	3.3228	3.2303
870059433749	1298.87	526.61	1286.21	541.30	3.3088	3.2311
870059442083	1298.99	542.22	1284.70	542.06	3.3146	3.2302
870059450416	1297.99	540.25	1288.05	541.81	3.3138	3.2337
870059458753	1299.72	543.57	1286.60	538.15	3.3296	3.2359
870059467086	1292.07	535.56	1289.06	540.16	3.3304	3.2500
870059475420	1298.38	538.07	1287.46	544.31	3.3378	3.2650
870059483752	1299.43	533.78	1289.95	540.23	3.3315	3.2665
870059492085	1297.06	538.26	1291.49	541.03	3.3457	3.2618
870059500419	1299.81	540.77	1290.34	542.54	3.3761	3.2655
870059508752	1295.36	544.21	1298.78	539.92	3.3466	3.2624
870059517086	1297.64	541.54	1292.07	542.33	3.3479	3.2726
870059525419	1296.72	541.67	1295.45	542.65	3.3648	3.2765
870059533752	1296.89	539.54	1291.07	545.09	3.3541	3.2738
870059542085	1301.83	538.56	1288.39	549.16	3.3737	3.2961
870059550419	1297.58	533.06	1288.15	543.47	3.3502	3.2970
870059558752	1302.80	536.71	1291.89	544.63	3.3630	3.3019
870059567086	1295.27	537.45	1293.04	545.79	3.3813	3.3089
870059575419	1301.65	542.80	1286.45	544.26	3.4027	3.3094
870059583751	1297.96	545.41	1287.49	544.33	3.4012	3.3109
870059592089	1298.67	539.43	1285.21	542.12	3.3804	3.3119
870059600423	1277.42	549.69	1262.26	540.01	3.4057	3.3175
870059608756	1191.35	531.02	1181.84	532.98	3.4035	3.3280
870059617089	1152.90	546.80	1137.37	553.36	3.4254	3.3634
870059625423	1123.92	539.25	1121.27	545.05	3.3969	3.3398
870059633756	1172.12	537.17	1165.82	549.73	3.3926	3.3614
870059642088	1147.52	541.72	1143.78	547.04	3.4093	3.3466
870059650422	1155.38	538.96	1145.87	546.23	3.3961	3.3416
870059658755	1152.00	535.77	1141.40	552.47	3.3852	3.3686
870059667088	1154.15	537.24	1140.14	553.37	3.3902	3.3632
870059675421	1151.42	535.60	1144.45	556.56	3.3916	3.3613
870059683755	1154.94	542.07	1142.22	549.32	3.3909	3.3586
870059692088	1156.37	540.94	1139.77	550.58	3.4094	3.3727
870059700421	1166.79	545.30	1142.73	547.67	3.4199	3.3434
870059708755	1167.86	542.36	1136.96	538.51	3.4339	3.3432
870059717088	1163.43	543.39	1137.01	542.64	3.4131	3.3461
870059725425	1162.28	527.88	1129.63	538.76	3.3971	3.3529
870059733759	1159.88	535.60	1136.65	543.17	3.4001	3.3419
870059742092	1166.18	541.69	1134.16	548.02	3.4118	3.3519
870059750426	1163.31	546.37	1133.01	544.69	3.4176	3.3489
870059758759	1159.33	542.21	1135.44	548.15	3.4056	3.3452
870059767092	1162.79	545.72	1131.94	548.15	3.4214	3.3560
870059775425	1164.41	541.99	1131.72	541.18	3.4094	3.3541
870059783759	1159.60	542.68	1134.76	548.44	3.4089	3.3430
870059792093	1165.61	543.36	1137.99	541.92	3.4116	3.3373
870059800424	1161.06	540.10	1133.88	545.48	3.4124	3.3505
870059808758	1160.83	536.86	1134.09	550.46	3.3990	3.3388
870059817091	1163.14	539.14	1131.93	538.12	3.4122	3.3477
870059825425	1158.35	542.30	1133.79	552.28	3.4155	3.3492
870059833758	1156.40	545.00	1139.24	547.55	3.3942	3.3425
870059842091	1152.71	541.36	1134.70	545.49	3.3903	3.3450
870059850424	1157.26	541.71	1134.01	553.87	3.4070	3.3518
870059858762	1157.69	537.52	1140.08	551.18	3.3925	3.3395
870059867094	1157.54	536.72	1136.81	551.97	3.3958	3.3500
870059875428	1159.34	539.47	1138.46	550.98	3.4005	3.3382
870059883761	1159.62	545.66	1139.51	554.16	3.4103	3.3515
870059892095	1159.20	547.23	1138.74	554.49	3.4045	3.3448
870059900427	1153.62	542.73	1139.45	547.99	3.4070	3.3364
870059908761	1160.43	548.51	1138.60	554.95	3.4076	3.3478
870059917094	1160.06	544.91	1141.73	558.30	3.4129	3.3527
870059925428	1157.41	543.97	1137.82	558.11	3.4146	3.3417
870059933761	1159.85	539.15	1136.73	558.22	3.4102	3.3749
870059942095	1158.20	534.83	1136.60	556.96	3.4140	3.3495
870059950428	1163.69	536.30	1136.78	556.99	3.4012	3.3682
870059958761	1164.51	539.71	1140.01	558.65	3.4225	3.3539
870059967093	1156.73	538.72	1143.08	556.31	3.4232	3.3490
870059975427	1158.04	538.52	1138.76	557.32	3.4217	3.3530
870059983766	1161.43	545.01	1142.39	559.62	3.4307	3.3437
870059992099	1161.61	545.54	1143.16	560.53	3.4469	3.3559
870060000433	1162.61	549.21	1141.46	556.33	3.4491	3.3548
870060008765	1162.29	544.67	1142.41	554.32	3.4369	3.3517
870060017098	1165.61	539.58	1141.58	555.19	3.3979	3.3500
870060025432	1160.52	543.05	1139.84	555.44	3.4406	3.3674
870060033765	1167.29	546.42	1132.93	551.11	3.4656	3.3594
870060042098	1163.61	541.56	1130.91	559.69	3.4391	3.3689
870060050432	1158.85	545.58	1136.17	555.08	3.4523	3.3687
870060058765	1161.49	538.87	1140.57	559.52	3.4424	3.3582
870060067098	1158.79	545.69	1139.69	553.96	3.4601	3.3727
870060075432	1159.93	544.13	1142.97	561.06	3.4516	3.3912
870060083765	1165.45	548.84	1143.03	553.09	3.4872	3.3725
870060092098	1164.46	548.49	1144.97	558.92	3.4794	3.3896
870060100431	1160.60	539.47	1137.19	557.34	3.4584	3.4049
870060108764	1162.72	543.69	1141.69	559.46	3.4717	3.3995
870060117101	1167.29	540.89	1137.81	557.76	3.4810	3.4104
870060125435	1161.58	549.42	1143.04	559.17	3.5021	3.4115
870060133768	1159.12	542.62	1142.52	564.00	3.4761	3.4158
870060142101	1157.54	537.52	1135.19	555.08	3.4877	3.4068
870060150435	1164.21	540.51	1133.65	544.97	3.4844	3.4159
870060158768	1165.52	551.62	1137.45	556.98	3.5107	3.4197
870060167101	1167.94	549.89	1136.53	562.63	3.5197	3.4231
870060175434	1169.96	552.16	1135.59	555.43	3.5053	3.4254
870060183767	1169.96	548.83	1137.51	562.32	3.5204	3.4414
870060192100	1171.16	556.72	1145.23	561.76	3.5345	3.4422
870060200433	1172.27	544.33	1141.28	556.55	3.5262	3.4366
870060208767	1165.21	550.41	1142.50	564.57	3.5218	3.4795
870060217100	1169.82	546.95	1138.78	555.93	3.5265	3.4535
870060225434	1169.86	546.85	1140.55	557.61	3.5373	3.4762
870060233767	1170.39	554.09	1136.67	554.63	3.5452	3.4638
870060242100	1173.33	549.60	1135.88	552.56	3.5463	3.4842
870060250438	1172.80	548.97	1135.80	556.83	3.5498	3.4840
870060258770	1167.82	554.16	1135.45	552.55	3.5512	3.4731
870060267104	1166.63	548.50	1134.10	556.11	3.5485	3.4830
870060275438	1170.05	554.50	1137.17	557.36	3.5592	3.4659
870060283770	1169.07	550.64	1139.61	558.43	3.5526	3.4868
870060292104	1169.11	551.66	1141.30	564.96	3.5528	3.4965
870060300437	1173.84	545.51	1135.59	555.76	3.5393	3.4896
870060308771	1173.05	548.73	1142.76	561.70	3.5475	3.5002
870060317104	1174.97	548.41	1141.81	555.12	3.5436	3.4740
870060325437	1171.42	553.83	1138.24	563.09	3.5530	3.5104
870060333771	1172.43	561.05	1141.69	560.22	3.5665	3.5149
870060342104	1172.81	559.30	1140.28	567.66	3.5816	3.5173
870060350436	1174.63	554.23	1140.41	565.20	3.5762	3.5211
870060358770	1175.21	546.88	1140.55	563.25	3.5623	3.5268
870060367103	1168.41	542.73	1141.14	560.29	3.5461	3.5187
870060375442	1170.02	543.92	1140.75	561.49	3.5719	3.5289
870060383773	1168.35	540.74	1139.84	559.54	3.5477	3.5215
870060392107	1170.92	544.00	1141.61	564.31	3.5681	3.5392
870060400441	1176.32	539.55	1139.41	565.41	3.5624	3.5441
870060408773	1173.20	555.91	1136.81	564.02	3.5871	3.5315
870060417107	1175.72	557.61	1142.02	563.23	3.5763	3.5269
870060425440	1171.73	556.70	1137.60	565.15	3.5815	3.5343
870060433773	1171.05	553.80	1145.14	558.91	3.5728	3.5364
870060442107	1173.30	557.02	1143.05	563.71	3.5900	3.5410
870060450440	1174.12	562.51	1138.37	559.86	3.5829	3.5335
870060458774	1165.93	556.89	1142.22	566.93	3.5747	3.5234
870060467107	1166.53	551.81	1142.93	564.27	3.5876	3.5318
870060475439	1168.57	549.74	1140.33	556.83	3.5760	3.5284
870060483773	1163.19	552.60	1139.05	562.74	3.5920	3.5317
870060492106	1165.01	557.42	1139.39	556.86	3.5838	3.5395
870060500440	1164.53	555.91	1139.24	560.76	3.5917	3.5434
870060508778	1168.08	544.70	1149.66	561.01	3.5535	3.5228
870060517112	1245.18	560.15	1216.76	571.17	3.5983	3.5342
870060525445	1274.86	565.99	1249.34	577.24	3.5500	3.5264
870060533778	1264.90	571.27	1247.40	579.24	3.5489	3.5022
870060542112	1263.13	569.20	1243.51	582.70	3.5736	3.5169
870060550445	1269.38	577.14	1237.34	578.38	3.5930	3.5079
870060558778	1266.70	575.74	1239.44	576.88	3.5846	3.5134
870060567111	1266.10	576.15	1244.60	582.27	3.5735	3.5112
870060575444	1263.78	574.80	1241.72	578.06	3.5631	3.5161
870060583778	1266.73	573.99	1247.61	576.74	3.5794	3.5172
870060592111	1267.30	569.47	1242.32	577.14	3.5591	3.4980
870060600444	1267.38	571.40	1233.77	574.07	3.5682	3.5041
870060608778	1268.95	570.91	1242.31	582.11	3.5732	3.4983
870060617111	1268.08	577.27	1244.59	577.00	3.5733	3.4905
870060625444	1269.48	574.42	1244.11	579.02	3.5732	3.4996
870060633776	1265.55	574.85	1246.40	579.16	3.5812	3.5043
870060642114	1266.78	572.21	1246.11	583.84	3.5768	3.4955
870060650447	1271.93	570.97	1246.98	580.78	3.5865	3.5152
870060658780	1261.40	572.65	1242.45	585.94	3.5648	3.5289
870060667114	1266.58	576.36	1243.76	582.89	3.5863	3.5278
870060675447	1264.71	571.20	1249.52	581.33	3.5690	3.5024
870060683780	1267.89	579.33	1247.76	581.14	3.5976	3.5112
870060692114	1267.22	576.39	1245.75	578.46	3.5829	3.5091
870060700447	1264.33	572.16	1246.96	580.04	3.5870	3.5053
870060708780	1266.30	569.66	1248.87	588.19	3.5752	3.5129
870060717113	1263.37	569.82	1243.78	587.73	3.5815	3.5259
870060725446	1259.41	563.21	1243.11	585.93	3.5709	3.5235
870060733780	1261.96	564.26	1241.24	587.20	3.5743	3.5061
870060742112	1255.55	559.67	1243.93	582.07	3.5780	3.5259
870060750445	1258.90	566.28	1243.93	582.78	3.5819	3.5047
870060758778	1258.34	564.05	1243.88	580.36	3.5724	3.5292
870060767112	1259.29	561.91	1244.69	579.80	3.5795	3.5078
870060775449	1264.32	566.81	1240.71	574.49	3.5910	3.4959
870060783782	1260.76	572.01	1248.39	581.27	3.5993	3.5040
870060792116	1263.62	575.67	1246.24	584.94	3.6048	3.5237
870060800449	1265.36	574.92	1245.32	583.97	3.6011	3.5437
870060808782	1280.79	576.49	1272.79	591.24	3.6035	3.5569
870060817116	1345.34	554.98	1324.37	572.75	3.6188	3.5475
870060825449	1330.30	543.88	1320.25	555.59	3.6250	3.5323
870060833783	1330.86	550.90	1317.36	549.32	3.6359	3.5290
870060842115	1336.51	551.87	1316.15	556.12	3.6328	3.5406
870060850448	1336.07	548.70	1317.79	553.85	3.6330	3.5465
870060858782	1330.24	549.85	1316.64	558.84	3.6319	3.5676
870060867114	1335.38	550.20	1321.52	558.76	3.6431	3.5558
870060875448	1332.15	547.41	1316.68	561.45	3.6389	3.5644
870060883781	1339.39	551.15	1322.53	554.23	3.6569	3.5557
870060892114	1337.55	546.32	1316.18	554.80	3.6532	3.5589
870060900454	1337.42	552.72	1323.55	555.19	3.6568	3.5520
870060908787	1332.30	546.97	1317.16	558.12	3.6376	3.5633
870060917121	1334.88	545.12	1312.06	555.08	3.6262	3.5551
870060925454	1330.77	541.79	1313.48	556.08	3.6346	3.5797
870060933787	1332.76	540.71	1315.82	549.54	3.6298	3.5534
870060942120	1331.83	545.56	1315.90	542.79	3.6477	3.5492
870060950453	1332.21	542.06	1316.39	551.03	3.6283	3.5579
870060958787	1329.96	542.14	1320.52	548.64	3.6558	3.5591
870060967119	1333.68	540.20	1320.96	548.52	3.6431	3.5704
870060975453	1332.45	544.82	1315.43	552.17	3.6406	3.5729
870060983787	1337.63	545.95	1313.50	555.28	3.6491	3.5808
870060992119	1340.24	552.04	1309.70	554.32	3.6655	3.5707
870061000453	1334.82	547.28	1311.23	552.77	3.6558	3.5692
870061008786	1341.37	543.55	1316.24	553.88	3.6635	3.5767
870061017118	1338.05	548.43	1317.40	552.11	3.6626	3.5824
870061025452	1340.23	544.69	1316.38	547.87	3.6682	3.5879
870061033790	1336.88	545.88	1318.33	550.24	3.6628	3.5780
870061042124	1338.24	547.16	1317.16	543.15	3.6591	3.5660
870061050457	1338.20	535.97	1313.28	544.71	3.6528	3.5829
870061058790	1338.71	544.78	1315.47	552.21	3.6611	3.5867
870061067123	1335.48	545.94	1309.76	549.64	3.6573	3.5874
870061075456	1332.93	548.58	1304.44	552.92	3.6818	3.6024
870061083790	1332.76	528.78	1308.93	529.51	3.6643	3.6140
870061092122	1328.88	493.97	1310.59	480.88	3.7014	3.6105
870061100456	1328.22	491.38	1307.34	470.72	3.7102	3.5957
870061108789	1322.48	494.32	1307.58	479.86	3.6898	3.6014
870061117122	1327.09	493.42	1303.95	479.59	3.7080	3.6008
870061125455	1322.66	497.25	1306.99	483.64	3.6882	3.6007
