t	gaze_point_LX	gaze_point_LY	gaze_point_RX	gaze_point_RY	pupil_diameter_L	pupil_diameter_R
870438693112	NaN	NaN	NaN	NaN	NaN	NaN
870438701445	NaN	NaN	NaN	NaN	NaN	NaN
870438709779	NaN	NaN	NaN	NaN	NaN	NaN
870438718112	NaN	NaN	NaN	NaN	NaN	NaN
870438726444	NaN	NaN	NaN	NaN	NaN	NaN
870438734778	NaN	NaN	NaN	NaN	NaN	NaN
870438743111	NaN	NaN	NaN	NaN	NaN	NaN
870438751445	NaN	NaN	NaN	NaN	NaN	NaN
870438759778	NaN	NaN	NaN	NaN	NaN	NaN
870438768111	NaN	NaN	NaN	NaN	NaN	NaN
870438776444	NaN	NaN	NaN	NaN	NaN	NaN
870438784778	NaN	NaN	NaN	NaN	NaN	NaN
870438793116	NaN	NaN	NaN	NaN	NaN	NaN
870438801449	NaN	NaN	NaN	NaN	NaN	NaN
870438809783	NaN	NaN	NaN	NaN	NaN	NaN
870438818115	NaN	NaN	NaN	NaN	NaN	NaN
870438826449	NaN	NaN	NaN	NaN	NaN	NaN
870438834782	NaN	NaN	NaN	NaN	NaN	NaN
870438843115	NaN	NaN	NaN	NaN	NaN	NaN
870438851449	NaN	NaN	NaN	NaN	NaN	NaN
870438859782	NaN	NaN	NaN	NaN	NaN	NaN
870438868115	NaN	NaN	NaN	NaN	NaN	NaN
870438876448	NaN	NaN	1512.11	1089.08	NaN	3.1858
870438884782	NaN	NaN	1506.00	864.99	NaN	3.2071
870438893115	NaN	NaN	1512.26	685.21	NaN	3.2254
870438901449	1397.57	899.92	1450.74	641.88	3.5262	3.3027
870438909781	1359.98	805.28	1412.78	684.50	3.5390	3.2544
870438918114	1362.57	738.36	1399.43	716.03	3.5598	3.2891
870438926455	1366.84	703.77	1384.89	708.08	3.5366	3.3094
870438934788	1369.75	742.19	1392.92	695.55	3.5244	3.3210
870438943121	1365.46	747.92	1399.24	694.65	3.5506	3.3399
870438951454	1364.72	759.66	1398.37	673.63	3.5812	3.3105
870438959787	1369.17	757.22	1396.35	665.16	3.5749	3.2803
870438968121	1364.35	742.23	1389.91	685.05	3.5482	3.3106
870438976455	1371.63	735.15	1384.10	689.25	3.5596	3.3321
870438984788	1367.10	735.58	1387.63	682.52	3.5895	3.3085
870438993121	1364.70	728.19	1381.14	670.73	3.5831	3.2787
870439001454	1370.31	726.74	1376.93	685.52	3.5698	3.3270
870439009787	1362.67	723.30	1374.96	685.96	3.5529	3.3360
870439018120	1358.77	706.10	1370.26	692.95	3.5067	3.3625
870439026453	1293.94	697.67	1292.93	705.64	3.5034	3.3646
870439034787	1263.50	745.38	1254.42	719.96	3.5948	3.3725
870439043120	1258.86	751.46	1249.16	738.47	3.5807	3.3968
870439051457	1257.88	748.40	1250.14	740.88	3.5632	3.3859
870439059791	1263.87	746.03	1253.41	731.24	3.5696	3.4056
870439068124	1259.14	751.09	1248.74	734.00	3.5853	3.4016
870439076457	1263.97	748.58	1245.33	735.16	3.5855	3.4048
870439084790	1253.59	732.95	1247.39	727.14	3.5551	3.3800
870439093123	1257.03	733.61	1252.81	728.97	3.5688	3.3843
870439101456	1255.16	749.26	1249.71	728.50	3.5845	3.3882
870439109789	1251.55	734.54	1245.51	746.05	3.5685	3.4424
870439118123	1254.51	746.13	1247.39	708.42	3.6158	3.3808
870439126457	1261.02	753.52	1242.74	735.64	3.6504	3.4368
870439134790	1261.45	749.97	1241.83	745.88	3.6296	3.4590
870439143123	1254.58	745.56	1242.09	713.39	3.6172	3.3753
870439151456	1256.44	744.49	1236.01	737.72	3.6140	3.4608
870439159789	1263.63	747.57	1242.70	727.14	3.6389	3.4507
870439168123	1256.32	732.43	1236.22	724.18	3.5955	3.4364
870439176456	1252.04	724.36	1241.41	731.89	3.5756	3.4604
870439184794	1258.53	747.67	1241.88	721.53	3.6375	3.4302
870439193126	1254.84	731.28	1237.29	730.73	3.6005	3.4479
870439201459	1257.55	721.53	1234.24	731.51	3.5995	3.4633
870439209792	1260.48	748.57	1237.26	741.39	3.6615	3.4883
870439218126	1256.49	743.28	1236.13	720.86	3.6539	3.4393
870439226459	1251.54	724.48	1238.41	723.80	3.6022	3.4431
870439234793	1256.56	730.22	1237.72	729.91	3.6150	3.4565
870439243126	1249.04	730.92	1241.87	735.65	3.6292	3.4776
870439251459	1252.60	746.48	1232.54	745.91	3.6611	3.5107
870439259793	1255.34	739.06	1239.14	727.73	3.6682	3.4481
870439268126	1258.24	745.64	1247.98	722.62	3.6719	3.4495
870439276459	1291.44	741.84	1279.45	735.78	3.6348	3.4609
870439284791	1277.03	740.00	1261.87	737.76	3.6243	3.4769
870439293125	1285.08	744.74	1259.89	752.66	3.6568	3.4860
870439301458	1281.63	756.58	1266.18	743.53	3.6882	3.4698
870439309791	1286.08	773.74	1262.84	749.55	3.7302	3.4964
870439318130	1282.94	746.83	1264.11	743.62	3.6523	3.4840
870439326463	1292.31	764.53	1265.00	745.81	3.7146	3.4931
870439334796	1292.39	751.65	1261.93	737.25	3.6766	3.4785
870439343130	1287.56	758.16	1270.61	737.33	3.7189	3.4734
870439351463	1291.04	751.12	1264.41	746.86	3.6946	3.5129
870439359796	1289.26	777.89	1265.61	746.62	3.7840	3.5083
870439368130	1292.82	757.70	1259.20	765.13	3.7314	3.5438
870439376462	1286.60	743.44	1270.35	749.66	3.7029	3.5200
870439384796	1289.66	740.48	1269.14	734.55	3.6857	3.5106
870439393129	1285.90	737.36	1265.46	741.80	3.6880	3.4909
870439401462	1288.39	739.38	1266.27	738.72	3.6980	3.5204
870439409796	1288.99	744.69	1262.53	742.29	3.7373	3.5222
870439418129	1285.31	738.65	1261.76	750.03	3.7248	3.5427
870439426461	1286.65	738.21	1267.74	746.23	3.7103	3.5157
870439434794	1293.37	737.48	1267.33	752.22	3.7195	3.5354
870439443128	1285.66	742.01	1265.40	739.84	3.7376	3.5296
870439451466	1296.61	746.29	1265.24	752.42	3.7542	3.5491
870439459800	1291.16	728.62	1266.36	748.35	3.7262	3.5614
870439468132	1294.31	738.43	1263.58	748.14	3.7547	3.5454
870439476466	1293.62	747.31	1262.83	761.59	3.7676	3.5958
870439484799	1289.99	739.30	1261.37	755.06	3.7523	3.5660
870439493133	1287.28	728.42	1261.56	753.09	3.7316	3.5594
870439501466	1284.32	743.91	1261.49	744.32	3.7547	3.5644
870439509799	1292.66	757.18	1258.52	759.07	3.7823	3.6107
870439518131	1288.49	735.81	1261.60	754.95	3.7445	3.5926
870439526465	1291.74	758.16	1264.57	743.85	3.7815	3.5600
870439534799	1287.34	743.70	1266.51	747.43	3.7620	3.5653
870439543132	1282.59	756.98	1258.11	753.92	3.7747	3.5860
870439551465	1286.58	744.69	1260.40	748.35	3.7547	3.5841
870439559798	1290.16	758.79	1259.06	748.95	3.7734	3.5957
870439568132	1286.04	750.35	1259.09	762.63	3.7654	3.6264
870439576470	1287.28	748.46	1263.85	760.68	3.7694	3.6150
870439584804	1287.63	758.19	1268.01	755.10	3.8016	3.5997
870439593136	1290.29	752.80	1264.86	767.60	3.7757	3.6167
870439601470	1288.16	773.03	1272.99	751.50	3.8099	3.5902
870439609802	1287.29	751.30	1268.10	746.23	3.7869	3.5873
870439618135	1288.82	759.27	1266.44	753.82	3.7971	3.5977
870439626469	1289.90	764.73	1270.03	746.20	3.8318	3.5909
870439634802	1284.74	747.41	1266.56	756.83	3.7790	3.6134
870439643135	1287.05	752.36	1274.61	739.71	3.7850	3.5749
870439651469	1292.30	753.48	1262.48	758.92	3.8003	3.6238
870439659802	1289.00	751.77	1264.77	761.71	3.8110	3.6281
870439668136	1291.02	755.89	1271.10	748.56	3.8082	3.6190
870439676468	1292.87	749.50	1267.37	763.26	3.8004	3.6435
870439684802	1288.60	749.69	1270.00	763.63	3.8015	3.6376
870439693134	1288.94	746.15	1267.10	759.61	3.7901	3.6289
870439701469	1287.15	757.45	1261.78	764.07	3.8112	3.6417
870439709805	1286.45	755.81	1266.07	771.22	3.7983	3.6683
870439718138	1291.51	753.82	1263.40	774.90	3.7921	3.6448
870439726472	1295.98	764.28	1266.52	770.43	3.8515	3.6455
870439734805	1279.32	747.45	1267.93	770.92	3.7804	3.6543
870439743138	1288.00	744.46	1263.75	776.24	3.7656	3.6717
870439751472	1287.39	752.16	1263.86	777.04	3.8052	3.6668
870439759805	1284.59	744.56	1265.34	768.24	3.7829	3.6463
870439768139	1288.65	750.57	1268.51	778.74	3.7919	3.6792
870439776472	1286.97	753.15	1268.27	774.57	3.8059	3.6672
870439784805	1287.57	752.00	1267.48	768.94	3.7800	3.6553
870439793139	1280.87	751.85	1274.80	768.15	3.7861	3.6546
870439801471	1286.50	749.49	1266.25	774.04	3.7807	3.6696
870439809804	1286.25	747.07	1271.14	773.69	3.7908	3.6540
870439818137	1290.08	755.75	1268.35	769.06	3.8034	3.6648
870439826471	1293.61	740.22	1261.66	772.96	3.7792	3.6652
870439834804	1287.74	753.30	1268.92	752.78	3.7946	3.6228
870439843142	1294.76	745.56	1269.01	769.32	3.8013	3.6561
870439851476	1294.25	743.35	1268.40	754.09	3.7867	3.6239
870439859809	1291.56	742.34	1269.33	774.15	3.7823	3.6511
870439868142	1289.94	749.21	1265.74	765.69	3.7912	3.6423
870439876476	1294.57	749.83	1270.09	758.54	3.7960	3.6265
870439884809	1286.16	743.14	1268.53	766.73	3.7695	3.6336
870439893141	1299.10	751.20	1268.51	758.71	3.7897	3.6277
870439901475	1296.48	780.58	1265.85	764.77	3.8493	3.6599
870439909808	1294.28	740.69	1268.65	768.47	3.7584	3.6601
870439918142	1288.42	745.84	1270.22	764.90	3.7646	3.6491
870439926475	1291.02	757.68	1267.41	767.24	3.7948	3.6428
870439934808	1292.39	755.56	1269.74	761.01	3.7919	3.6199
870439943141	1294.31	751.07	1261.40	770.82	3.7733	3.6620
870439951475	1294.17	762.05	1269.86	777.74	3.8166	3.6960
870439959808	1291.47	735.99	1264.54	777.21	3.7543	3.6650
870439968141	1289.07	744.75	1275.13	757.77	3.7765	3.6353
870439976481	1300.01	748.78	1266.72	777.37	3.7723	3.6700
870439984813	1296.15	755.94	1265.76	778.65	3.8000	3.6805
870439993146	1295.25	740.85	1269.93	768.57	3.7854	3.6373
870440001480	1299.92	770.35	1269.20	765.73	3.8501	3.6429
870440009813	1297.78	760.87	1267.30	774.01	3.8186	3.6655
870440018147	1293.51	764.55	1271.32	765.14	3.8181	3.6505
870440026479	1293.94	763.29	1272.40	769.86	3.8265	3.6666
870440034813	1293.65	750.37	1272.58	770.52	3.8124	3.6657
870440043147	1295.30	739.10	1281.78	767.49	3.7830	3.6509
870440051479	1294.42	749.22	1274.17	772.83	3.7455	3.6637
870440059813	1305.41	795.59	1276.51	797.22	3.7977	3.6871
870440068146	1301.25	768.72	1281.83	798.01	3.7700	3.6294
870440076479	1282.27	934.89	1257.10	855.40	3.4997	3.6389
870440084812	NaN	NaN	1252.72	1224.58	NaN	3.7247
870440093145	NaN	NaN	NaN	NaN	NaN	NaN
870440101481	NaN	NaN	NaN	NaN	NaN	NaN
870440109815	NaN	NaN	NaN	NaN	NaN	NaN
870440118149	NaN	NaN	NaN	NaN	NaN	NaN
870440126482	NaN	NaN	NaN	NaN	NaN	NaN
870440134814	NaN	NaN	NaN	NaN	NaN	NaN
870440143149	NaN	NaN	NaN	NaN	NaN	NaN
870440151482	NaN	NaN	NaN	NaN	NaN	NaN
870440159815	NaN	NaN	1289.19	1286.22	NaN	3.2921
870440168147	NaN	NaN	1232.65	1104.54	NaN	3.3604
870440176480	NaN	NaN	1317.12	988.75	NaN	3.5632
870440184814	NaN	NaN	1299.16	911.87	NaN	3.6776
870440193148	NaN	NaN	1293.27	822.91	NaN	3.6620
870440201481	NaN	NaN	1282.55	771.19	NaN	3.7019
870440209814	1359.81	854.70	1287.31	732.69	3.5119	3.6565
870440218148	1301.75	821.30	1286.83	785.34	3.6455	3.6917
870440226481	1308.51	784.47	1291.63	800.59	3.7597	3.7128
870440234819	1302.32	751.41	1292.02	806.35	3.8046	3.7108
870440243152	1300.91	738.58	1295.06	788.66	3.8464	3.6877
870440251484	1308.28	747.07	1291.75	790.70	3.8351	3.7200
870440259818	1305.92	765.07	1287.65	789.17	3.8179	3.7376
870440268151	1299.79	775.97	1283.36	782.59	3.8231	3.7327
870440276485	1303.77	782.32	1282.96	773.05	3.8301	3.7427
870440284818	1302.39	772.68	1282.98	770.50	3.8416	3.7412
870440293151	1306.01	769.70	1283.85	771.57	3.8375	3.7618
870440301485	1304.46	771.80	1280.24	768.30	3.8683	3.7485
870440309818	1301.36	782.34	1277.74	770.47	3.8847	3.7608
870440318151	1302.59	766.42	1282.51	763.06	3.8758	3.7547
870440326484	1306.53	762.57	1277.91	757.65	3.8750	3.7543
870440334818	1250.22	749.79	1236.41	760.94	3.8752	3.7651
870440343151	1253.44	748.02	1237.37	760.82	3.8949	3.7737
870440351484	1263.65	747.20	1244.67	764.13	3.9001	3.7876
870440359817	1262.75	747.21	1247.59	761.85	3.9133	3.7770
870440368157	1266.51	743.95	1247.09	753.57	3.9261	3.7749
870440376491	1270.97	750.46	1243.19	759.94	3.9292	3.7814
870440384824	1268.70	739.68	1245.90	756.91	3.9189	3.7723
870440393157	1273.12	753.77	1243.08	758.17	3.9311	3.7877
870440401491	1265.40	746.95	1248.12	757.31	3.9354	3.7865
870440409824	1267.96	745.34	1247.07	754.73	3.9350	3.8082
870440418157	1272.16	741.05	1239.54	758.42	3.9448	3.8202
870440426491	1262.34	748.23	1239.43	759.09	3.9664	3.8081
870440434824	1266.29	743.59	1247.14	760.03	3.9687	3.8049
870440443156	1263.06	740.83	1239.71	757.52	3.9646	3.8303
870440451489	1269.17	742.69	1248.05	755.11	3.9742	3.8112
870440459823	1266.21	739.34	1241.88	765.71	3.9691	3.8165
870440468156	1263.02	743.74	1238.63	758.41	3.9649	3.8221
870440476490	1265.85	743.56	1237.21	770.10	3.9934	3.8405
870440484823	1264.24	744.88	1240.13	753.86	3.9759	3.8147
870440493156	1270.88	761.06	1232.71	742.50	4.0174	3.8130
870440501492	1272.47	752.32	1241.13	748.60	3.9778	3.8126
870440509825	1275.24	751.49	1236.70	766.75	3.9936	3.8550
870440518159	1274.72	747.95	1239.02	766.46	3.9853	3.8699
870440526492	1270.41	746.60	1236.20	751.53	3.9731	3.8261
870440534825	1279.80	758.57	1240.84	750.53	4.0045	3.8194
870440543158	1276.77	745.24	1237.56	762.05	3.9809	3.8419
870440551492	1281.58	754.36	1239.46	751.34	4.0032	3.8380
870440559825	1273.79	757.03	1238.17	759.32	4.0289	3.8335
870440568158	1272.84	760.24	1240.27	745.22	4.0295	3.8164
870440576492	1271.99	754.81	1238.99	750.39	3.9900	3.8185
870440584824	1262.80	749.85	1237.70	755.17	3.9799	3.8276
870440593158	1268.09	753.09	1234.35	755.73	4.0037	3.8617
870440601492	1272.10	751.43	1243.83	743.57	4.0250	3.8176
870440609825	1270.11	750.81	1240.85	745.57	4.0146	3.8189
870440618158	1268.40	745.77	1238.05	759.01	3.9931	3.8495
870440626495	1270.62	756.22	1246.03	742.07	4.0242	3.8135
870440634828	1270.98	750.05	1243.55	736.29	4.0044	3.7803
870440643161	1291.64	745.09	1269.18	752.78	4.0182	3.8196
870440651495	1291.35	747.15	1262.32	736.64	4.0136	3.7967
870440659827	1294.26	750.25	1263.59	758.46	4.0426	3.8539
870440668161	1286.82	744.01	1258.74	757.30	4.0094	3.8427
870440676495	1291.67	748.21	1253.53	759.08	4.0272	3.8554
870440684828	1289.67	747.04	1261.86	756.91	4.0403	3.8446
870440693161	1287.53	747.78	1256.55	755.88	4.0288	3.8682
870440701494	1291.74	751.12	1260.73	752.42	4.0507	3.8394
870440709827	1288.51	741.79	1264.59	741.63	4.0260	3.8108
870440718161	1287.37	740.89	1259.03	751.17	4.0273	3.8337
870440726494	1292.30	756.72	1255.22	764.71	4.0594	3.8445
870440734827	1285.00	740.33	1259.88	766.06	4.0113	3.8575
870440743160	1285.90	754.15	1264.73	745.93	4.0686	3.8221
870440751494	1285.60	743.57	1261.19	756.51	4.0286	3.8528
870440759834	1278.41	757.50	1269.93	747.37	4.0871	3.8062
870440768166	1284.28	746.91	1268.90	751.81	4.0439	3.8362
870440776500	1287.46	751.94	1266.85	757.33	4.0596	3.8345
870440784833	1289.29	745.31	1266.31	748.81	4.0477	3.8070
870440793167	1285.07	744.85	1268.51	756.93	4.0338	3.8214
870440801500	1289.20	741.62	1263.21	760.68	4.0345	3.8463
870440809834	1283.79	743.73	1266.86	753.86	4.0375	3.8298
870440818166	1291.24	743.34	1266.73	751.03	4.0493	3.8123
870440826499	1285.98	751.23	1266.16	767.94	4.0320	3.8509
870440834833	1286.03	739.62	1265.52	757.17	4.0193	3.8505
870440843166	1287.10	751.55	1264.36	762.36	4.0447	3.8352
870440851499	1292.16	753.74	1265.56	763.66	4.0503	3.8517
870440859833	1285.56	750.47	1269.10	760.86	4.0347	3.8133
870440868166	1289.78	748.78	1261.31	769.89	4.0276	3.8349
870440876499	1287.60	747.59	1259.53	760.26	4.0257	3.8363
870440884833	1284.20	747.86	1261.61	770.48	4.0153	3.8521
870440893169	1286.66	748.47	1260.54	771.88	4.0286	3.8458
870440901502	1286.06	755.14	1258.02	765.79	4.0322	3.8284
870440909834	1283.62	756.45	1255.63	773.19	4.0305	3.8414
870440918168	1243.66	757.72	1216.37	767.30	4.0261	3.8414
870440926501	1248.46	753.70	1220.92	736.63	4.0091	3.7603
870440934834	1242.17	756.47	1226.91	753.87	4.0106	3.7883
870440943168	1245.23	750.29	1230.15	770.13	3.9957	3.8348
870440951501	1242.19	742.13	1223.24	770.13	3.9850	3.8175
870440959835	1248.15	749.24	1226.00	759.04	3.9747	3.7864
870440968168	1248.91	758.37	1219.75	759.37	3.9953	3.7997
870440976500	1250.11	754.37	1226.50	752.91	3.9907	3.7808
870440984834	1248.67	746.24	1232.23	747.99	3.9638	3.7633
870440993168	1247.53	755.00	1227.38	754.46	3.9852	3.7668
870441001500	1251.40	751.58	1231.37	751.03	3.9864	3.7661
870441009833	1253.43	754.94	1228.95	752.79	3.9737	3.7624
870441018171	1252.42	752.31	1225.38	764.38	3.9708	3.7940
870441026504	1249.67	755.98	1229.44	753.55	3.9667	3.7615
870441034837	1252.51	756.99	1224.96	764.78	3.9595	3.8027
870441043170	1248.62	746.18	1224.60	765.13	3.9428	3.7913
870441051504	1251.30	765.45	1222.54	765.61	3.9740	3.7990
870441059836	1257.36	757.82	1225.05	772.25	3.9496	3.7716
870441068171	1249.23	758.64	1226.68	771.57	3.9607	3.8031
870441076504	1250.40	750.37	1225.53	768.29	3.9308	3.7735
870441084837	1254.93	751.61	1230.10	766.10	3.9479	3.7926
870441093169	1255.93	759.46	1227.65	754.64	3.9619	3.7511
870441101503	1249.07	747.84	1223.94	748.89	3.9309	3.7383
870441109837	1249.31	748.45	1225.34	759.66	3.9527	3.7721
870441118169	1243.59	750.78	1227.31	766.14	3.9589	3.7668
870441126503	1238.15	748.04	1230.72	759.85	3.9278	3.7562
870441134836	1254.36	743.83	1236.43	744.50	3.9326	3.7162
870441143168	1284.55	742.87	1262.76	765.76	3.9291	3.7610
870441151508	1269.52	751.96	1251.14	767.96	3.9179	3.7674
870441159841	1275.34	756.61	1256.94	766.79	3.9476	3.7545
870441168173	1268.96	751.42	1254.15	753.65	3.9177	3.7310
870441176508	1270.25	753.36	1256.34	765.89	3.9457	3.7552
870441184840	1272.61	757.70	1255.83	752.03	3.9193	3.7322
870441193173	1277.59	752.49	1258.01	770.68	3.9110	3.7621
870441201507	1272.35	753.77	1257.35	754.36	3.9149	3.7336
870441209840	1273.29	756.22	1259.78	764.04	3.9283	3.7390
870441218173	1274.60	748.47	1261.36	753.95	3.9229	3.7170
870441226507	1273.12	753.79	1258.32	757.11	3.9197	3.7097
870441234840	1272.10	750.51	1259.20	743.81	3.9126	3.6941
870441243173	1272.74	758.88	1253.99	764.63	3.9229	3.7404
870441251507	1273.05	753.39	1257.94	766.85	3.9352	3.7343
870441259840	1271.30	750.46	1257.98	752.05	3.8893	3.6931
870441268173	1271.47	761.01	1253.56	763.66	3.9346	3.7490
870441276506	1277.87	755.15	1256.80	761.61	3.9205	3.7253
870441284844	1275.74	745.27	1261.07	759.87	3.8972	3.7192
870441293177	1274.14	747.70	1261.13	752.91	3.8978	3.7021
870441301511	1275.36	755.57	1254.42	766.17	3.9212	3.7507
870441309844	1282.25	761.52	1254.31	750.60	3.9378	3.7025
870441318177	1281.87	752.54	1264.37	743.80	3.9127	3.6745
870441326511	1279.00	748.00	1257.03	760.22	3.9196	3.7358
870441334844	1275.54	746.66	1262.11	753.20	3.9082	3.6969
870441343177	1278.35	756.54	1252.37	762.49	3.9316	3.7444
870441351511	1278.42	756.01	1257.32	755.80	3.9308	3.7313
870441359844	1281.42	748.96	1253.67	759.36	3.9241	3.7272
870441368177	1277.39	751.55	1259.41	755.37	3.9342	3.7263
870441376510	1281.17	756.92	1259.49	753.01	3.9337	3.7064
870441384843	1280.21	744.63	1256.71	743.42	3.9071	3.6954
870441393176	1278.82	746.85	1261.73	747.88	3.9216	3.7035
870441401510	1283.20	749.30	1256.48	756.40	3.9290	3.7204
870441409843	1285.59	745.73	1264.24	745.77	3.9279	3.7005
870441418181	1284.51	745.79	1259.75	744.19	3.9223	3.7052
870441426515	1278.05	753.12	1256.27	748.08	3.9436	3.7122
870441434848	1279.71	744.86	1256.01	749.51	3.9263	3.7196
870441443181	1279.92	755.76	1259.81	749.83	3.9453	3.7119
870441451515	1279.82	750.03	1254.79	748.29	3.9271	3.6967
870441459848	1283.65	746.01	1253.74	758.28	3.9488	3.7321
870441468180	1272.97	756.26	1254.46	748.84	3.9630	3.7188
870441476514	1276.54	745.51	1256.05	761.74	3.9385	3.7487
870441484847	1278.24	749.68	1260.70	751.56	3.9500	3.7146
870441493180	1272.36	747.69	1257.10	745.68	3.9494	3.7165
870441501514	1263.89	743.86	1251.05	760.60	3.9299	3.7586
870441509847	1270.62	740.18	1256.82	749.93	3.9297	3.7269
870441518180	1270.99	760.02	1254.59	740.14	3.9635	3.7042
870441526514	1272.60	752.45	1253.45	736.67	3.9457	3.6875
870441534847	1275.09	752.68	1248.88	761.63	3.9610	3.7665
870441543184	1275.64	746.68	1251.48	744.33	3.9574	3.7288
870441551518	1279.63	748.71	1243.58	761.57	3.9510	3.7495
870441559850	1274.00	750.54	1245.74	758.50	3.9601	3.7670
870441568183	1274.94	752.62	1248.85	745.78	3.9572	3.7314
870441576516	1276.96	748.12	1245.80	756.89	3.9794	3.7579
870441584850	1280.77	750.42	1251.56	762.56	3.9661	3.7700
870441593183	1275.65	760.60	1253.05	751.36	3.9881	3.7617
870441601516	1281.87	750.20	1247.82	746.20	3.9849	3.7419
870441609850	1273.83	755.70	1249.27	762.48	3.9801	3.7678
870441618183	1279.57	749.97	1248.29	756.32	3.9911	3.7704
870441626516	1273.98	750.23	1242.77	761.33	3.9751	3.7799
870441634850	1281.38	763.39	1249.99	747.35	4.0115	3.7380
870441643183	1283.71	779.21	1246.35	767.97	3.9794	3.7145
870441651516	1277.11	820.76	1248.88	776.75	3.9982	3.6998
870441659849	1274.80	811.18	1241.26	794.09	3.9858	3.7273
870441668182	1266.34	796.66	1245.04	778.33	3.9443	3.6806
870441676523	1266.45	805.74	1245.93	778.09	3.9480	3.6919
870441684857	1271.36	815.17	1242.60	792.55	3.9895	3.7192
870441693191	1268.15	810.16	1248.11	785.82	3.9685	3.6944
870441701523	1273.92	801.94	1247.29	788.01	3.9344	3.6898
870441709857	1267.77	812.59	1246.98	792.87	3.9249	3.7005
870441718190	1270.53	807.45	1242.56	776.01	3.9119	3.6451
870441726523	1267.21	809.61	1246.74	785.13	3.9026	3.6335
870441734857	1267.36	806.31	1245.33	768.62	3.8845	3.5717
870441743189	1268.90	814.67	1248.52	780.99	3.8722	3.5991
870441751522	1270.66	817.49	1252.34	780.80	3.8550	3.5750
870441759856	1264.69	806.80	1247.67	795.41	3.8048	3.5896
870441768189	1263.40	812.56	1247.10	808.66	3.8114	3.5833
870441776523	1262.98	812.13	1248.51	807.95	3.7755	3.5767
870441784856	1264.84	812.45	1253.41	809.52	3.7698	3.5468
870441793189	1260.87	809.25	1254.04	788.78	3.7355	3.4620
870441801522	1256.33	811.13	1252.38	812.09	3.7190	3.5253
870441809858	1253.89	811.06	1252.57	800.43	3.6931	3.4764
870441818191	1258.28	808.62	1252.42	810.91	3.6742	3.4749
870441826524	1256.10	804.54	1256.81	813.14	3.6406	3.4666
870441834857	1259.02	812.71	1251.08	814.42	3.6520	3.4476
870441843190	1268.10	812.78	1255.66	812.19	3.6427	3.4309
870441851523	1259.38	807.84	1257.07	814.85	3.6080	3.4014
870441859857	1251.33	802.25	1257.07	796.64	3.5654	3.3345
870441868190	1207.12	825.18	1201.97	801.82	3.6158	3.3585
870441876523	1156.33	805.72	1153.88	803.94	3.5446	3.3446
870441884857	1166.34	811.86	1160.44	801.46	3.5261	3.3448
870441893190	1159.06	793.63	1162.53	783.97	3.5107	3.3012
870441901523	1167.23	797.44	1164.16	785.07	3.5109	3.2934
870441909857	1172.87	821.72	1164.98	791.32	3.5323	3.2893
870441918190	1170.36	802.66	1162.99	772.81	3.4983	3.2259
870441926522	1161.15	802.51	1164.99	777.63	3.4580	3.2380
870441934856	1162.44	794.64	1166.61	777.81	3.4220	3.2130
870441943195	1167.36	818.04	1160.69	785.77	3.4913	3.2218
870441951528	1158.46	787.08	1166.44	789.37	3.3962	3.2080
870441959862	1162.84	808.73	1171.26	767.07	3.4350	3.1623
870441968195	1162.94	802.47	1163.16	779.85	3.4224	3.1840
870441976528	1159.61	806.78	1161.75	763.53	3.4204	3.1347
870441984862	1157.35	802.72	1158.76	781.74	3.3997	3.1647
870441993195	1160.90	815.66	1159.73	758.39	3.4113	3.1050
870442001528	1159.20	811.40	1160.20	773.51	3.4205	3.1450
870442009862	1161.44	802.36	1163.55	791.40	3.3962	3.1748
870442018194	1164.40	810.14	1164.10	783.26	3.4169	3.1387
870442026527	1164.06	815.63	1162.76	773.14	3.3959	3.1274
870442034861	1162.42	806.27	1161.98	784.12	3.3740	3.1437
870442043194	1166.11	811.52	1166.88	732.34	3.3731	3.0010
870442051527	1172.21	806.08	1170.19	768.16	3.3717	3.0885
870442059861	1166.92	805.42	1166.43	764.10	3.3591	3.0864
870442068197	1165.17	807.35	1170.35	744.61	3.3652	3.0205
870442076530	1159.46	802.25	1166.17	765.98	3.3417	3.0695
870442084863	1132.74	795.70	1151.15	761.27	3.3763	3.0799
870442093197	1073.05	749.78	1079.91	717.60	3.2993	3.0375
870442101530	1046.11	747.77	1061.81	690.08	3.3426	3.0624
870442109862	1014.00	714.44	1021.70	685.74	3.3036	3.0807
870442118196	1021.65	706.31	1024.80	683.78	3.2797	3.0715
870442126529	1034.52	730.76	1032.93	678.96	3.3493	3.0639
870442134862	1019.08	702.08	1027.29	684.53	3.2850	3.0663
870442143196	1024.83	709.71	1026.86	685.56	3.2971	3.0679
870442151529	1023.18	713.79	1024.97	683.41	3.2817	3.0594
870442159862	1020.99	706.00	1025.62	683.55	3.2716	3.0602
870442168196	1020.94	704.95	1021.60	683.83	3.2723	3.0653
870442176529	1015.75	690.61	1026.55	678.12	3.2372	3.0288
870442184862	1013.66	689.03	1025.91	673.39	3.2253	3.0286
870442193196	1016.60	705.57	1026.51	677.14	3.2618	3.0228
870442201535	1022.60	720.19	1032.29	677.10	3.3023	3.0223
870442209868	1013.89	709.32	1026.85	680.70	3.2774	3.0289
870442218202	1016.25	694.22	1029.92	682.56	3.2494	3.0282
870442226535	1013.61	694.28	1022.95	685.51	3.2356	3.0576
870442234868	1017.23	706.86	1029.11	685.16	3.2646	3.0493
870442243202	1015.34	708.59	1028.84	686.34	3.2537	3.0388
870442251535	1011.55	695.33	1030.66	686.44	3.2432	3.0520
870442259868	1014.01	700.02	1027.14	689.19	3.2389	3.0664
870442268202	1017.91	697.49	1024.39	679.40	3.2483	3.0591
870442276535	1014.22	706.49	1027.57	684.03	3.2588	3.0485
870442284868	1009.54	691.52	1026.54	684.45	3.2118	3.0416
870442293202	1007.96	689.55	1029.36	683.78	3.2236	3.0324
870442301534	1011.72	705.73	1024.90	679.13	3.2736	3.0460
870442309868	1013.30	696.08	1030.27	679.67	3.2466	3.0478
870442318201	1018.81	716.65	1020.77	680.32	3.2845	3.0574
870442326534	1013.32	695.89	1026.39	676.02	3.2561	3.0411
870442334871	1013.43	701.02	1025.99	677.67	3.2522	3.0246
870442343205	1016.48	704.50	1025.87	677.18	3.2525	3.0381
870442351539	1018.40	717.21	1013.08	676.33	3.2732	3.0639
870442359871	944.86	682.47	960.39	664.93	3.2561	3.0698
870442368205	931.21	648.11	949.44	641.38	3.2590	3.0877
870442376538	929.81	623.87	938.02	621.69	3.2592	3.0986
870442384871	937.98	606.09	951.25	596.19	3.2794	3.1194
870442393204	938.23	606.29	949.43	602.11	3.2840	3.1168
870442401537	936.43	601.87	946.53	604.44	3.2738	3.1162
870442409870	940.72	608.56	943.76	599.20	3.2616	3.1047
870442418204	944.88	607.11	945.98	604.55	3.2719	3.1207
870442426537	941.74	602.74	946.63	600.48	3.2776	3.1185
870442434871	947.09	617.11	945.31	603.29	3.2988	3.1134
870442443204	947.67	607.91	948.49	601.51	3.2926	3.1204
870442451537	948.32	607.81	946.77	597.52	3.2928	3.1237
870442459875	945.84	600.69	944.44	600.92	3.2707	3.1258
870442468209	947.91	606.02	944.44	609.69	3.2867	3.1526
870442476542	947.26	607.02	949.54	602.84	3.3122	3.1293
870442484875	949.94	602.26	953.47	603.03	3.3031	3.1481
870442493208	1061.96	587.74	1067.85	589.09	3.3053	3.1519
870442501541	1173.10	566.20	1199.00	559.22	3.3164	3.1646
870442509874	1274.42	547.22	1305.10	552.92	3.3472	3.1680
870442518208	1388.34	548.47	1412.89	542.77	3.3605	3.1491
870442526541	1468.36	558.71	1496.03	544.63	3.3735	3.1598
870442534875	1494.34	539.96	1510.74	543.43	3.3612	3.1758
870442543208	1492.59	539.94	1515.03	540.47	3.3562	3.1717
870442551541	1491.08	534.24	1509.87	541.37	3.3693	3.1688
870442559875	1498.81	539.42	1509.87	539.78	3.3704	3.1832
870442568208	1497.34	542.59	1505.18	540.26	3.3811	3.1704
870442576540	1496.69	542.97	1500.92	549.02	3.3825	3.1630
870442584873	1493.42	539.93	1502.84	543.11	3.3815	3.1656
870442593212	1493.98	546.54	1504.20	549.97	3.3678	3.1818
870442601545	1492.01	543.36	1505.88	548.47	3.3821	3.1859
870442609879	1495.52	541.79	1506.81	551.23	3.3928	3.1920
870442618212	1495.54	539.49	1508.10	547.72	3.3836	3.1815
870442626545	1488.96	544.35	1510.76	543.21	3.3846	3.1835
870442634878	1500.02	548.36	1515.19	547.85	3.4050	3.1786
870442643212	1498.33	545.81	1512.73	546.11	3.3875	3.1899
870442651545	1497.05	550.98	1513.04	548.70	3.3993	3.1996
870442659879	1496.62	539.21	1509.20	544.97	3.3962	3.1904
870442668210	1499.78	549.03	1507.44	547.64	3.4007	3.1896
870442676544	1501.89	541.59	1506.78	544.45	3.3885	3.1914
870442684878	1503.38	544.67	1504.65	548.13	3.4164	3.2093
870442693211	1506.20	544.71	1502.46	543.74	3.4012	3.1963
870442701544	1499.62	539.64	1499.12	547.73	3.3840	3.2167
870442709877	1502.18	547.51	1497.75	545.60	3.4105	3.1988
870442718210	1501.32	543.83	1503.45	552.34	3.4093	3.2112
870442726548	1501.58	536.70	1502.45	556.02	3.3981	3.2120
870442734882	1504.43	551.03	1500.86	551.50	3.4217	3.2079
870442743215	1502.96	539.37	1501.42	547.71	3.3989	3.2216
870442751548	1500.97	543.11	1501.67	545.12	3.3960	3.2308
870442759880	1505.43	543.25	1500.67	548.23	3.4082	3.2141
870442768214	1505.82	542.07	1502.99	548.22	3.4011	3.2223
870442776547	1504.95	542.15	1500.71	548.53	3.4049	3.2048
870442784881	1505.58	541.88	1506.30	545.74	3.3982	3.2102
870442793213	1501.53	543.72	1506.13	548.42	3.4079	3.2271
870442801547	1504.54	544.29	1505.77	546.92	3.4236	3.2290
870442809881	1539.75	562.80	1534.40	576.48	3.3814	3.2131
870442818214	1527.33	607.73	1532.32	613.21	3.3615	3.2112
870442826547	1514.95	623.65	1527.55	626.49	3.3689	3.2082
870442834880	1519.90	615.44	1529.68	622.05	3.3497	3.2116
870442843213	1520.98	613.95	1532.18	619.20	3.3911	3.2046
870442851546	1513.11	611.98	1527.06	625.71	3.3509	3.1899
870442859884	1519.56	613.47	1526.90	627.44	3.3527	3.2243
870442868218	1525.74	604.19	1529.47	623.20	3.3411	3.2106
870442876551	1522.56	621.20	1531.73	626.54	3.3718	3.2070
870442884884	1520.14	601.44	1530.01	631.30	3.3384	3.2090
870442893218	1528.04	610.32	1529.54	625.77	3.3458	3.1993
870442901551	1522.29	609.46	1531.98	628.12	3.3286	3.2205
870442909884	1519.60	618.09	1529.74	632.57	3.3402	3.2206
870442918217	1525.77	605.27	1526.47	628.97	3.3171	3.2172
870442926551	1530.04	619.00	1532.95	622.96	3.3522	3.1971
870442934884	1526.07	619.66	1530.84	623.98	3.3339	3.2125
870442943217	1526.61	631.28	1528.80	624.91	3.3451	3.2005
870442951550	1529.04	615.35	1529.80	629.14	3.3342	3.2164
870442959883	1528.51	621.55	1528.15	630.81	3.3543	3.2041
870442968216	1528.24	625.32	1533.53	628.84	3.3583	3.2025
870442976550	1531.04	609.32	1531.26	627.98	3.3346	3.1989
870442984887	1529.34	616.77	1527.56	627.75	3.3179	3.2001
870442993221	1531.30	607.22	1530.35	621.75	3.3196	3.1940
870443001554	1533.88	610.88	1531.23	628.17	3.3143	3.2080
870443009887	1532.82	623.36	1526.79	626.04	3.3434	3.2061
870443018221	1535.49	613.24	1528.33	630.32	3.3214	3.2199
870443026554	1526.40	614.66	1522.51	629.39	3.3194	3.2182
870443034886	1531.58	615.05	1515.47	627.02	3.3347	3.2257
870443043219	1528.23	620.88	1526.26	625.62	3.3385	3.2118
870443051553	1541.31	636.41	1540.22	633.26	3.3470	3.2085
870443059886	1595.88	658.25	1588.17	663.74	3.3159	3.2145
870443068220	1589.41	694.08	1588.06	688.82	3.3341	3.2090
870443076553	1586.25	695.75	1586.27	703.04	3.3422	3.1786
870443084886	1592.94	681.83	1582.46	693.47	3.3310	3.2081
870443093219	1586.80	697.51	1584.49	698.77	3.3452	3.2048
870443101553	1589.51	698.53	1582.96	689.12	3.3204	3.1741
870443109886	1595.12	716.41	1581.38	700.72	3.3865	3.1957
870443118228	1589.72	734.39	1586.81	698.06	3.3965	3.1992
870443126561	1600.06	713.59	1586.62	708.58	3.3500	3.2077
870443134893	1596.49	719.71	1591.94	697.96	3.3619	3.1889
870443143227	1601.78	704.67	1591.13	710.25	3.3464	3.2242
870443151560	1600.56	721.64	1600.87	696.20	3.3613	3.1779
870443159893	1598.62	709.91	1598.20	700.86	3.3246	3.1830
870443168226	1600.03	711.05	1596.36	705.40	3.3257	3.1862
870443176559	1602.28	710.07	1593.64	698.88	3.3423	3.1991
870443184893	1600.26	716.52	1598.76	701.77	3.3416	3.1848
870443193227	1599.56	722.05	1599.08	695.05	3.3449	3.1937
870443201560	1602.60	717.39	1598.47	692.80	3.3257	3.1645
870443209893	1593.42	716.46	1600.09	697.24	3.3279	3.1716
870443218226	1592.80	715.54	1602.06	687.90	3.3160	3.1566
870443226559	1595.87	706.48	1595.22	702.33	3.3190	3.1919
870443234892	1594.80	726.77	1601.78	697.07	3.3354	3.1614
870443243226	1599.33	717.53	1598.87	695.42	3.3311	3.1721
870443251561	1597.64	712.83	1601.94	690.92	3.3286	3.1633
870443259895	1595.40	708.40	1602.73	697.80	3.3150	3.1818
870443268229	1593.27	718.66	1594.47	709.11	3.3297	3.1881
870443276562	1593.31	711.26	1597.26	708.32	3.3200	3.1889
870443284895	1594.67	723.81	1597.62	698.52	3.3312	3.1608
870443293228	1591.70	719.65	1601.04	701.46	3.3318	3.1695
870443301561	1597.23	707.58	1600.30	693.28	3.3018	3.1673
870443309895	1585.93	739.86	1592.14	701.50	3.3780	3.1832
870443318228	1588.19	708.91	1590.26	698.44	3.3273	3.1674
870443326561	1587.75	713.27	1591.64	690.96	3.3477	3.1454
870443334894	1586.80	714.19	1584.69	697.56	3.3433	3.1764
870443343227	1590.58	716.34	1588.67	705.10	3.3435	3.1628
870443351561	1590.65	710.18	1585.21	696.87	3.3438	3.1646
870443359894	1588.64	726.88	1580.13	701.93	3.3546	3.1667
870443368228	1597.30	702.14	1583.40	696.80	3.3143	3.1536
870443376560	1593.77	695.70	1581.84	700.57	3.3201	3.1768
870443384898	1589.44	716.89	1579.60	698.16	3.3635	3.1749
870443393231	1590.66	704.48	1580.87	699.53	3.3336	3.1771
870443401565	1591.39	720.62	1580.95	700.82	3.3626	3.1826
870443409897	1592.97	710.20	1584.89	692.54	3.3377	3.1624
870443418230	1586.02	718.31	1579.28	696.58	3.3771	3.1811
870443426563	1588.19	731.93	1579.92	702.97	3.4007	3.1792
870443434897	1586.35	715.50	1581.87	709.55	3.3608	3.2021
870443443230	1610.50	735.97	1610.24	701.41	3.4052	3.1862
870443451564	1655.07	756.94	1657.45	738.43	3.3822	3.2030
870443459897	1644.97	764.21	1648.98	746.03	3.3836	3.2227
870443468230	1647.98	772.86	1652.22	748.28	3.3841	3.2157
870443476564	1646.17	764.45	1645.12	733.42	3.3827	3.1944
870443484897	1646.78	762.21	1652.00	746.03	3.3920	3.2114
870443493230	1646.74	772.77	1646.69	735.75	3.3952	3.1889
870443501562	1655.87	770.03	1650.52	741.19	3.4019	3.2100
870443509901	1655.40	772.37	1651.18	737.31	3.4250	3.2056
870443518234	1651.71	769.09	1641.61	741.99	3.4089	3.2335
870443526568	1648.92	767.83	1646.56	735.49	3.4095	3.2200
870443534901	1648.14	767.39	1646.41	738.72	3.4056	3.2047
870443543234	1658.29	756.65	1640.41	732.13	3.3937	3.2101
870443551567	1646.99	769.42	1639.01	736.86	3.4260	3.2143
870443559901	1656.63	767.26	1645.15	733.05	3.4334	3.2148
870443568234	1652.95	748.59	1648.64	736.54	3.3931	3.2142
870443576568	1648.65	767.07	1642.59	733.40	3.4514	3.2165
870443584901	1658.33	778.80	1649.99	731.38	3.4638	3.2166
870443593233	1651.39	760.00	1644.21	739.68	3.4226	3.2318
870443601567	1650.29	762.95	1638.32	741.71	3.4141	3.2384
870443609900	1648.59	767.60	1640.92	749.99	3.4377	3.2555
870443618233	1645.53	750.89	1638.91	737.15	3.4036	3.2475
870443626566	1651.81	755.88	1649.51	737.36	3.4221	3.2385
870443634900	1654.13	759.69	1649.61	737.80	3.4441	3.2359
870443643239	1653.87	764.33	1647.70	744.28	3.4272	3.2568
870443651573	1655.75	754.89	1651.97	736.34	3.4216	3.2400
870443659906	1655.42	777.06	1659.65	730.71	3.4614	3.2382
870443668239	1661.18	781.76	1647.42	742.24	3.4640	3.2635
870443676572	1663.38	757.07	1651.14	745.76	3.4070	3.2798
870443684905	1662.03	773.95	1651.71	737.77	3.4727	3.2413
870443693238	1661.79	769.43	1649.18	739.00	3.4526	3.2570
870443701572	1661.82	774.06	1649.47	748.12	3.4624	3.2717
870443709904	1660.39	766.95	1653.10	734.85	3.4441	3.2353
870443718238	1655.19	771.90	1652.11	732.91	3.4501	3.2381
870443726572	1654.27	772.88	1643.99	743.32	3.4544	3.2565
870443734905	1660.36	753.36	1645.37	737.32	3.3885	3.2427
870443743238	1658.27	772.78	1649.88	734.00	3.4719	3.2398
870443751571	1658.06	765.89	1646.18	734.77	3.4322	3.2145
870443759904	1648.06	768.58	1642.43	728.73	3.4350	3.2136
870443768238	1653.16	772.06	1650.49	734.42	3.4453	3.2328
870443776574	1659.99	765.65	1641.68	734.69	3.4056	3.2343
870443784907	1650.19	768.74	1643.58	732.16	3.4335	3.2211
870443793240	1662.03	759.22	1636.84	732.69	3.4040	3.2207
870443801573	1657.85	775.30	1635.06	744.96	3.4507	3.2447
870443809907	1660.42	766.16	1639.32	735.61	3.4227	3.2353
870443818240	1655.78	758.96	1640.03	736.38	3.4147	3.2205
870443826574	1653.70	763.81	1643.09	733.14	3.4233	3.1973
870443834906	1656.16	759.91	1641.17	736.67	3.4189	3.2129
870443843240	1663.99	752.05	1643.32	736.31	3.3882	3.2212
870443851574	1659.36	764.24	1645.40	737.75	3.4209	3.2017
870443859907	1666.40	758.72	1644.07	732.83	3.3982	3.2034
870443868239	1664.63	757.48	1645.26	735.08	3.3897	3.2010
870443876572	1663.96	763.43	1643.75	727.46	3.4031	3.1837
870443884905	1658.97	766.50	1640.04	736.40	3.4047	3.2099
870443893239	1655.32	772.34	1643.86	740.55	3.4117	3.2122
870443901578	1657.11	769.89	1649.56	740.68	3.4135	3.2003
870443909911	1655.25	773.82	1646.39	733.99	3.4101	3.1822
870443918244	1656.40	783.77	1644.20	745.71	3.4451	3.2125
870443926577	1654.13	764.21	1651.47	736.25	3.3954	3.2054
870443934911	1659.77	760.24	1647.80	737.07	3.4042	3.1967
870443943244	1656.11	772.64	1646.11	739.24	3.4114	3.2235
870443951577	1661.09	755.84	1647.04	737.22	3.3699	3.1917
870443959910	1661.04	759.19	1649.54	741.22	3.3941	3.2094
870443968243	1656.27	762.92	1642.74	742.64	3.3982	3.2101
870443976576	1653.59	766.73	1642.49	739.34	3.3941	3.1986
870443984910	1654.36	772.07	1643.11	740.09	3.4152	3.2095
870443993243	1655.70	775.89	1643.82	750.82	3.4267	3.2143
870444001576	1657.45	775.37	1644.81	744.84	3.4179	3.1872
870444009909	1664.49	758.86	1644.57	741.49	3.3778	3.2089
870444018243	1657.37	764.44	1649.95	740.23	3.3743	3.1959
870444026576	1664.04	760.36	1647.23	755.11	3.3762	3.2172
870444034913	1659.67	766.23	1654.99	737.88	3.4092	3.1860
870444043246	1661.64	774.39	1643.98	747.49	3.4147	3.2059
870444051579	1659.84	760.87	1650.46	741.14	3.3796	3.1977
870444059912	1658.53	755.60	1653.22	738.37	3.3733	3.1798
870444068245	1658.78	768.71	1658.70	734.56	3.4119	3.1883
870444076578	1660.12	764.69	1659.68	733.01	3.4042	3.1757
870444084911	1658.05	758.54	1661.05	733.89	3.3804	3.1762
870444093245	1661.75	786.96	1660.22	737.10	3.4523	3.1904
870444101578	1663.61	776.11	1656.30	733.66	3.4177	3.1727
870444109912	1667.95	753.31	1658.33	750.27	3.3636	3.2140
870444118245	1665.35	769.66	1656.30	746.99	3.4069	3.1996
870444126578	1665.42	770.09	1661.60	741.39	3.3825	3.1808
870444134911	1672.82	752.10	1650.47	750.55	3.3522	3.2117
870444143245	1667.77	775.70	1660.43	742.98	3.4161	3.1731
870444151577	1668.48	769.25	1648.26	748.40	3.3956	3.2118
870444159911	1668.94	768.83	1658.97	750.97	3.3990	3.2054
870444168250	1664.44	765.98	1657.29	742.87	3.3683	3.1727
870444176583	1669.07	764.90	1658.29	744.19	3.3601	3.1893
870444184917	1668.07	747.39	1654.48	756.30	3.3254	3.2101
870444193250	1664.74	761.97	1659.65	744.30	3.3787	3.2053
870444201583	1665.69	774.41	1656.69	740.90	3.3976	3.1705
870444209916	1663.33	770.16	1649.23	747.03	3.3765	3.1923
870444218249	1660.80	761.51	1647.14	748.66	3.3628	3.1973
870444226583	1658.30	770.53	1647.47	746.62	3.3958	3.1857
870444234917	1660.33	767.87	1647.27	744.45	3.3829	3.1786
870444243249	1657.79	767.21	1645.79	749.70	3.3718	3.1752
870444251582	1664.53	783.96	1644.04	748.33	3.4221	3.1940
870444259915	1664.72	767.49	1645.46	750.10	3.3801	3.1929
870444268249	1657.78	788.00	1647.13	740.79	3.4163	3.1944
870444276582	1658.06	777.90	1648.01	749.83	3.3766	3.1703
870444284916	1662.27	774.44	1649.88	743.47	3.3833	3.1743
870444293248	1668.79	759.29	1647.37	744.73	3.3585	3.1779
870444301587	1660.80	774.42	1653.12	747.80	3.3882	3.1958
870444309921	1671.14	764.55	1654.18	738.22	3.3705	3.1657
870444318254	1663.68	757.24	1651.36	742.19	3.3566	3.1772
870444326587	1636.21	755.46	1624.99	747.24	3.3313	3.1688
870444334919	1526.70	792.26	1540.01	755.19	3.4304	3.1553
870444343252	1477.62	803.26	1480.57	768.77	3.3865	3.1535
870444351586	1415.26	811.65	1407.01	789.75	3.3735	3.1660
870444359920	1381.77	832.83	1391.80	805.92	3.3769	3.1707
870444368253	1396.66	815.32	1407.35	807.24	3.3224	3.1705
870444376586	1392.46	805.93	1404.22	797.73	3.3084	3.1423
870444384919	1395.71	814.91	1402.80	810.24	3.3110	3.1621
870444393253	1393.76	830.06	1392.11	814.21	3.3562	3.1783
870444401586	1398.87	831.66	1395.76	818.60	3.3426	3.1881
870444409920	1389.38	832.69	1392.75	806.65	3.3655	3.1455
870444418252	1389.17	833.53	1396.05	818.19	3.3426	3.1844
870444426591	1396.65	833.00	1392.92	815.51	3.3626	3.1758
870444434925	1395.81	830.90	1398.25	816.75	3.3712	3.1377
