t	gaze_point_LX	gaze_point_LY	gaze_point_RX	gaze_point_RY	pupil_diameter_L	pupil_diameter_R
869597072331	1333.82	716.29	1305.22	698.40	3.8326	3.5947
869597080665	1338.34	715.41	1307.93	678.45	3.8174	3.5559
869597088998	1337.79	717.79	1313.86	672.08	3.8414	3.5453
869597097331	1360.69	721.30	1339.53	689.19	3.8214	3.5546
869597105664	1416.64	681.28	1390.58	625.17	3.8440	3.5691
869597113997	1431.07	838.76	1412.64	821.24	3.7785	3.5355
869597122330	NaN	NaN	1433.48	1156.02	NaN	3.4269
869597130663	NaN	NaN	NaN	NaN	NaN	NaN
869597138997	NaN	NaN	NaN	NaN	NaN	NaN
869597147330	NaN	NaN	NaN	NaN	NaN	NaN
869597155667	NaN	NaN	NaN	NaN	NaN	NaN
869597164001	NaN	NaN	NaN	NaN	NaN	NaN
869597172334	NaN	NaN	NaN	NaN	NaN	NaN
869597180667	NaN	NaN	NaN	NaN	NaN	NaN
869597189001	NaN	NaN	NaN	NaN	NaN	NaN
869597197333	NaN	NaN	NaN	NaN	NaN	NaN
869597205666	NaN	NaN	NaN	NaN	NaN	NaN
869597214000	NaN	NaN	NaN	NaN	NaN	NaN
869597222333	NaN	NaN	NaN	NaN	NaN	NaN
869597230666	NaN	NaN	NaN	NaN	NaN	NaN
869597239000	NaN	NaN	NaN	NaN	NaN	NaN
869597247333	NaN	NaN	NaN	NaN	NaN	NaN
869597255666	NaN	NaN	NaN	NaN	NaN	NaN
869597264000	NaN	NaN	NaN	NaN	NaN	NaN
869597272333	NaN	NaN	NaN	NaN	NaN	NaN
869597280667	NaN	NaN	NaN	NaN	NaN	NaN
869597289003	NaN	NaN	1340.08	1133.24	NaN	2.1829
869597297336	NaN	NaN	NaN	NaN	NaN	NaN
869597305669	NaN	NaN	1449.65	884.86	NaN	3.3163
869597314003	NaN	NaN	1419.46	894.64	NaN	3.5208
869597322336	NaN	NaN	1389.55	783.03	NaN	3.5363
869597330670	1413.14	843.08	1373.53	727.05	3.5314	3.5529
869597339002	1373.68	859.05	1366.71	723.85	3.5730	3.5388
869597347336	1363.82	834.40	1359.72	801.50	3.6666	3.5895
869597355668	1354.23	797.34	1359.07	792.24	3.7012	3.5558
869597364003	1358.16	772.68	1357.15	789.38	3.7574	3.5679
869597372335	1355.35	759.75	1354.02	796.10	3.7675	3.6094
869597380668	1361.39	784.00	1348.81	789.27	3.7638	3.6172
869597389000	1364.26	792.32	1342.42	779.72	3.7463	3.6104
869597397334	1365.85	802.15	1349.22	765.02	3.7493	3.6030
869597405667	1368.41	792.03	1347.61	759.79	3.7209	3.5992
869597414001	1363.44	798.41	1346.56	774.43	3.7399	3.6235
869597422340	1358.39	799.56	1339.95	772.37	3.7574	3.6175
869597430674	1357.22	794.34	1339.46	773.63	3.7456	3.6294
869597439007	1360.82	792.91	1344.37	782.44	3.7300	3.6392
869597447340	1359.64	799.36	1336.68	781.27	3.7490	3.6239
869597455673	1358.62	798.94	1341.82	765.62	3.7657	3.6017
869597464007	1364.10	799.25	1336.02	786.57	3.7617	3.6370
869597472340	1363.48	800.12	1338.92	777.50	3.7695	3.6418
869597480672	1367.33	803.96	1335.14	781.54	3.7712	3.6513
869597489005	1372.60	802.12	1343.67	778.66	3.7699	3.6411
869597497339	1371.62	800.01	1336.79	777.04	3.7846	3.6474
869597505672	1367.95	792.54	1339.24	785.65	3.7867	3.6461
869597514006	1370.08	793.11	1336.75	776.57	3.7952	3.6401
869597522339	1370.91	787.97	1328.07	784.62	3.7980	3.6676
869597530673	1372.86	794.02	1336.76	787.10	3.8242	3.6785
869597539005	1382.01	792.34	1338.60	788.57	3.8414	3.6702
869597547339	1373.50	781.15	1339.44	791.51	3.8493	3.6786
869597555677	1372.65	775.95	1334.24	789.38	3.8377	3.6847
869597564010	1376.02	782.26	1329.02	788.78	3.8731	3.6948
869597572343	1371.66	778.80	1326.71	787.06	3.8472	3.6770
869597580677	1378.42	785.87	1331.09	786.84	3.8785	3.6925
869597589009	1370.99	784.60	1324.95	797.74	3.8880	3.7272
869597597343	1370.92	781.61	1331.01	796.70	3.9057	3.7256
869597605677	1364.09	774.29	1332.93	792.95	3.8826	3.7045
869597614010	1360.19	772.93	1330.88	790.71	3.8889	3.7207
869597622343	1363.90	770.22	1336.94	778.95	3.8876	3.7044
869597630676	1358.40	773.55	1333.27	786.41	3.9080	3.7199
869597639009	1365.71	764.40	1329.09	797.38	3.9076	3.7413
869597647343	1367.13	767.55	1331.85	788.45	3.9161	3.7284
869597655676	1370.57	774.65	1325.58	804.37	3.9202	3.7685
869597664009	1380.93	780.32	1322.47	806.90	3.9309	3.7718
869597672342	1371.67	767.27	1327.17	786.83	3.9179	3.7213
869597680681	1373.85	778.69	1318.51	804.63	3.9427	3.7707
869597689015	1373.08	785.16	1316.29	776.19	3.9327	3.7280
869597697348	1367.66	794.25	1313.65	794.88	3.8825	3.7483
869597705681	1395.55	781.12	1355.57	815.44	3.9022	3.7360
869597714014	1514.98	866.65	1495.48	792.09	3.8954	3.7466
869597722348	1702.88	1029.86	1570.10	964.19	3.3284	3.5146
869597730681	1807.91	1209.45	NaN	NaN	2.7995	NaN
869597739014	NaN	NaN	NaN	NaN	NaN	NaN
869597747347	NaN	NaN	1585.52	1380.63	NaN	1.5356
869597755680	NaN	NaN	NaN	NaN	NaN	NaN
869597764013	NaN	NaN	NaN	NaN	NaN	NaN
869597772347	NaN	NaN	NaN	NaN	NaN	NaN
869597780680	NaN	NaN	NaN	NaN	NaN	NaN
869597789014	NaN	NaN	NaN	NaN	NaN	NaN
869597797347	NaN	NaN	NaN	NaN	NaN	NaN
869597805680	NaN	NaN	NaN	NaN	NaN	NaN
869597814016	NaN	NaN	2375.50	1445.58	NaN	1.9375
869597822349	NaN	NaN	2203.90	1299.91	NaN	2.2285
869597830674	NaN	NaN	1689.66	1215.22	NaN	2.7856
869597839007	1934.41	970.77	1873.15	1097.73	3.8260	3.4393
869597847340	1924.90	964.41	1897.80	988.62	3.8925	3.6460
869597855674	1944.23	964.18	1896.03	936.17	3.8785	3.7516
869597864016	1935.19	955.64	1894.23	914.42	3.9344	3.7948
869597872349	1928.58	924.63	1901.74	942.57	4.0101	3.7357
869597880682	1938.12	921.60	1901.99	952.90	4.0078	3.7041
869597889016	1922.82	945.77	1899.69	954.95	3.9863	3.7357
869597897349	1917.61	941.21	1894.42	955.53	3.9680	3.7345
869597905682	1916.49	942.72	1891.26	961.84	3.9878	3.7714
869597914016	1915.67	943.22	1896.37	953.89	3.9893	3.7719
869597922348	1916.43	935.96	1890.08	943.46	3.9945	3.7797
869597930680	1920.36	930.37	1899.07	939.22	4.0025	3.7837
869597939013	1916.78	933.62	1899.99	936.19	4.0165	3.7772
869597947352	1917.19	935.16	1896.12	936.46	4.0068	3.7703
869597955685	1907.27	940.97	1858.46	946.59	3.9894	3.7861
869597964019	1743.08	895.44	1727.43	924.92	4.0525	3.7680
869597972352	1613.03	938.80	1601.45	831.02	3.8081	3.8275
869597980685	1712.53	1169.30	1519.42	1062.06	2.7177	3.5914
869597989019	NaN	NaN	NaN	NaN	NaN	NaN
869597997352	NaN	NaN	NaN	NaN	NaN	NaN
869598005685	NaN	NaN	NaN	NaN	NaN	NaN
869598014017	NaN	NaN	NaN	NaN	NaN	NaN
869598022350	NaN	NaN	NaN	NaN	NaN	NaN
869598030684	NaN	NaN	NaN	NaN	NaN	NaN
869598039017	NaN	NaN	NaN	NaN	NaN	NaN
869598047350	NaN	NaN	NaN	NaN	NaN	NaN
869598055684	NaN	NaN	NaN	NaN	NaN	NaN
869598064018	NaN	NaN	NaN	NaN	NaN	NaN
869598072351	NaN	NaN	NaN	NaN	NaN	NaN
869598080689	NaN	NaN	NaN	NaN	NaN	NaN
869598089022	NaN	NaN	NaN	NaN	NaN	NaN
869598097355	NaN	NaN	1221.18	1181.78	NaN	3.8005
869598105688	NaN	NaN	1259.89	1006.55	NaN	3.7772
869598114021	NaN	NaN	1287.92	826.12	NaN	3.6432
869598122355	NaN	NaN	1311.38	763.74	NaN	3.7490
869598130688	1413.82	885.32	1352.38	703.45	3.2602	3.6686
869598139021	1388.25	836.65	1357.08	799.96	3.6692	3.6849
869598147355	1379.49	782.43	1352.98	782.08	3.7466	3.6541
869598155686	1388.94	749.18	1349.66	781.18	3.8194	3.6614
869598164021	1387.87	737.64	1345.82	770.58	3.8160	3.6634
869598172354	1398.47	768.39	1353.63	759.19	3.7962	3.6439
869598180688	1394.79	759.60	1346.81	767.76	3.7388	3.6636
869598189021	1387.49	766.69	1351.38	761.99	3.7505	3.6337
869598197353	1393.08	775.81	1358.11	747.46	3.7459	3.5863
869598205693	1388.89	777.79	1353.12	753.09	3.7723	3.5975
869598214026	1388.49	763.38	1362.00	742.38	3.7446	3.5519
869598222359	1386.49	758.97	1354.79	755.64	3.7409	3.5638
869598230693	1393.71	747.82	1352.81	768.76	3.7231	3.5852
869598239026	1394.22	742.79	1359.98	753.07	3.7191	3.5302
869598247360	1397.21	753.03	1352.76	752.99	3.7330	3.5273
869598255693	1392.26	746.83	1358.01	747.91	3.7084	3.5074
869598264027	1390.36	744.75	1361.32	753.46	3.7082	3.5068
869598272359	1394.12	745.20	1362.26	749.31	3.7117	3.4839
869598280693	1395.47	743.14	1365.04	734.29	3.6811	3.4348
869598289025	1392.62	739.48	1367.16	737.91	3.6495	3.4287
869598297359	1400.16	767.66	1362.83	732.63	3.7249	3.4114
869598305691	1397.07	757.75	1364.20	744.92	3.6959	3.4222
869598314025	1396.19	744.64	1366.40	728.41	3.6524	3.3983
869598322358	1387.85	745.78	1360.88	729.74	3.6399	3.4017
869598330692	1390.94	752.43	1372.57	739.02	3.6630	3.4052
869598339028	1341.92	757.57	1303.74	740.13	3.6917	3.4115
869598347362	1270.22	746.76	1248.80	758.96	3.6579	3.4309
869598355694	1268.40	756.96	1234.49	757.66	3.6548	3.4394
869598364028	1285.67	748.64	1249.84	766.49	3.6217	3.4374
869598372360	1283.52	754.69	1254.93	736.68	3.6427	3.3661
869598380694	1280.06	767.09	1252.51	739.46	3.6753	3.3875
869598389027	1274.34	753.01	1245.38	750.14	3.6382	3.4016
869598397361	1272.38	767.15	1247.02	748.29	3.6858	3.4029
869598405693	1278.47	750.95	1249.18	752.15	3.6383	3.3996
869598414027	1277.22	754.63	1250.50	747.02	3.6350	3.3800
869598422360	1278.92	752.74	1243.68	768.95	3.6423	3.4402
869598430694	1277.76	766.23	1246.21	770.03	3.6635	3.4462
869598439027	1284.98	798.59	1241.55	757.65	3.7637	3.4232
869598447361	1281.21	741.58	1242.74	764.34	3.6210	3.4224
869598455693	1281.26	778.41	1240.96	757.34	3.6850	3.4143
869598464026	1279.63	772.17	1249.24	769.41	3.6749	3.4492
869598472364	1281.96	763.37	1249.48	769.78	3.6716	3.4533
869598480697	1279.72	765.89	1252.35	764.25	3.6998	3.4487
869598489030	1283.55	765.43	1246.51	767.39	3.6960	3.4534
869598497364	1277.93	744.68	1250.47	772.39	3.6696	3.4606
869598505696	1281.27	754.05	1247.69	777.22	3.6897	3.4858
869598514030	1280.88	749.49	1244.68	777.87	3.6774	3.4900
869598522363	1279.42	752.90	1246.73	766.96	3.6927	3.4526
869598530696	1277.99	751.83	1246.87	758.18	3.7069	3.4717
869598539030	1282.84	758.05	1247.33	761.68	3.6991	3.4672
869598547364	1284.73	762.70	1244.28	751.97	3.7234	3.4580
869598555696	1284.84	754.95	1249.15	752.93	3.7085	3.4480
869598564029	1283.72	754.98	1243.80	773.97	3.7168	3.5190
869598572362	1284.18	748.34	1240.48	765.40	3.6999	3.4845
869598580696	1289.39	763.95	1243.41	775.90	3.7425	3.5152
869598589029	1283.33	750.80	1249.91	754.53	3.7242	3.4643
869598597367	1286.02	767.75	1246.98	764.86	3.7706	3.5074
869598605699	1281.88	758.62	1248.72	754.90	3.7602	3.4820
869598614033	1285.49	773.89	1246.18	777.75	3.7667	3.5483
869598622366	1279.89	763.71	1250.08	764.45	3.7516	3.5049
869598630700	1279.86	758.00	1246.64	777.13	3.7661	3.5579
869598639033	1279.62	756.19	1246.50	774.44	3.7620	3.5521
869598647365	1279.89	775.53	1239.03	779.61	3.8064	3.5840
869598655698	1305.97	768.05	1263.18	785.11	3.7745	3.5477
869598664032	1327.96	785.69	1283.84	811.76	3.7713	3.5837
869598672365	1313.91	773.75	1265.82	797.82	3.7699	3.5332
869598680699	1318.49	784.41	1267.46	802.05	3.8094	3.5267
869598689032	1313.10	777.44	1265.88	804.49	3.7950	3.5732
869598697365	1319.27	785.75	1267.81	801.50	3.7946	3.5591
869598705699	1315.23	785.48	1267.55	790.24	3.8059	3.5436
869598714032	1317.18	776.74	1273.12	800.18	3.7815	3.5784
869598722365	1315.77	780.48	1268.90	783.51	3.7933	3.5416
869598730705	1318.02	784.45	1262.71	809.29	3.8095	3.5947
869598739038	1315.77	774.87	1267.40	782.30	3.7739	3.5355
869598747371	1318.74	786.99	1270.61	793.33	3.8205	3.5836
869598755705	1314.58	788.79	1267.59	798.32	3.8187	3.5837
869598764038	1315.41	795.20	1265.90	791.34	3.8481	3.5890
869598772371	1312.45	789.09	1273.95	778.17	3.8249	3.5494
869598780704	1318.27	782.87	1272.55	791.11	3.8044	3.5786
869598789038	1319.79	784.80	1274.47	790.42	3.8159	3.5987
869598797371	1317.10	797.73	1272.66	786.45	3.8379	3.5794
869598805704	1320.14	801.68	1277.37	787.45	3.8390	3.5670
869598814038	1319.52	792.66	1274.88	792.78	3.8227	3.5964
869598822370	1323.00	795.16	1275.25	776.20	3.8231	3.5656
869598830704	1318.74	788.46	1277.32	791.55	3.8118	3.5931
869598839037	1323.79	789.42	1276.14	786.12	3.8157	3.5943
869598847370	1321.63	794.63	1278.30	783.30	3.8270	3.5929
869598855703	1313.80	790.21	1274.96	777.53	3.8135	3.5900
869598864040	1321.01	802.20	1269.81	794.80	3.8518	3.6246
869598872373	1324.63	796.15	1274.90	779.58	3.8494	3.5834
869598880707	1318.84	788.19	1278.73	782.83	3.8199	3.5811
869598889040	1320.64	786.65	1277.47	784.34	3.8254	3.5971
869598897373	1316.87	783.73	1273.96	784.98	3.8248	3.5851
869598905706	1283.63	774.70	1245.23	776.08	3.8348	3.5858
869598914038	1293.45	759.59	1254.63	777.78	3.8041	3.5978
869598922372	1300.37	779.74	1252.76	780.07	3.8363	3.6123
869598930706	1298.73	772.59	1256.80	778.14	3.8203	3.5975
869598939038	1303.25	774.43	1256.07	779.54	3.8396	3.5953
869598947372	1302.32	771.73	1258.83	776.60	3.8232	3.5928
869598955705	1299.26	768.18	1255.67	777.34	3.8032	3.5983
869598964039	1295.61	773.37	1251.88	790.90	3.8129	3.6358
869598972372	1297.15	781.66	1260.57	776.53	3.8403	3.6046
869598980706	1295.94	771.68	1251.16	781.64	3.8131	3.6200
869598989038	1296.87	778.23	1250.66	781.00	3.8133	3.6128
869598997377	1298.15	781.76	1261.61	781.54	3.8296	3.6106
869599005710	1298.58	779.35	1256.06	782.79	3.8335	3.6147
869599014042	1294.95	783.09	1251.49	778.15	3.8322	3.6154
869599022376	1298.10	786.05	1243.60	788.96	3.8438	3.6311
869599030709	1300.69	781.96	1255.26	785.48	3.8278	3.6185
869599039041	1297.93	772.12	1253.04	780.79	3.8045	3.6197
869599047375	1302.13	778.32	1253.66	792.51	3.8203	3.6491
869599055708	1298.54	779.78	1253.90	786.80	3.8182	3.6292
869599064042	1304.51	775.84	1248.56	787.89	3.8198	3.6328
869599072375	1305.27	781.53	1255.00	785.49	3.8135	3.6294
869599080708	1300.57	786.25	1250.52	803.56	3.8301	3.6668
869599089041	1303.32	783.42	1245.59	804.74	3.8261	3.6888
869599097375	1304.29	777.99	1254.80	778.56	3.7951	3.6124
869599105707	1302.39	781.52	1252.13	786.95	3.8124	3.6269
869599114041	1301.27	783.73	1253.23	781.99	3.7934	3.6248
869599122378	1309.78	785.04	1251.62	783.94	3.8260	3.6300
869599130712	1301.57	773.40	1249.97	792.76	3.7915	3.6322
869599139044	1304.13	788.83	1248.49	798.38	3.8267	3.6629
869599147378	1299.11	777.57	1251.35	785.94	3.8051	3.6202
869599155712	1295.15	777.37	1243.32	805.47	3.7890	3.6672
869599164044	1301.41	778.19	1248.81	794.03	3.7903	3.6522
869599172378	1295.34	777.31	1250.79	786.64	3.7918	3.6215
869599180710	1299.87	777.31	1244.73	809.02	3.8050	3.6996
869599189043	1292.83	774.69	1249.51	789.12	3.7827	3.6352
869599197377	1297.29	784.94	1251.08	788.54	3.8155	3.6330
869599205710	1297.55	785.34	1246.97	801.34	3.8144	3.6712
869599214043	1299.99	790.01	1252.02	788.20	3.8349	3.6350
869599222377	1294.57	799.64	1250.78	787.66	3.8528	3.6415
869599230710	1293.54	775.81	1247.78	804.47	3.7830	3.6574
869599239044	1292.65	782.97	1248.12	786.26	3.8056	3.6457
869599247377	1292.75	779.16	1252.44	792.33	3.8075	3.6459
869599255716	1290.43	778.93	1251.89	782.68	3.8089	3.6186
869599264049	1294.68	786.15	1245.99	784.02	3.8325	3.6274
869599272382	1295.84	784.49	1246.35	802.20	3.8324	3.6794
869599280715	1294.56	783.91	1251.28	781.59	3.8510	3.6227
869599289049	1299.23	781.05	1253.66	784.53	3.8396	3.6239
869599297382	1280.57	788.15	1235.18	800.62	3.8302	3.6966
869599305715	1287.84	771.02	1240.53	777.44	3.8081	3.6642
869599314049	1295.92	778.07	1244.70	790.00	3.8308	3.6794
869599322382	1297.50	776.12	1247.47	797.86	3.8249	3.7073
869599330715	1290.44	777.37	1245.05	794.84	3.8216	3.6824
869599339049	1285.82	766.10	1242.51	794.27	3.8078	3.6910
869599347382	1286.41	775.37	1246.47	791.62	3.8250	3.6907
869599355715	1293.31	770.78	1245.45	789.11	3.8355	3.6903
869599364048	1290.60	774.65	1248.11	793.54	3.8430	3.6985
869599372381	1286.93	775.23	1244.62	790.54	3.8663	3.7048
869599380714	1290.45	778.24	1247.42	790.66	3.8404	3.6940
869599389051	1293.44	774.90	1246.18	779.67	3.8488	3.6688
869599397385	1291.91	778.88	1243.76	786.89	3.8524	3.7032
869599405718	1290.98	769.51	1240.81	791.55	3.8394	3.7156
869599414052	1286.58	771.07	1248.40	794.56	3.8305	3.7233
869599422385	1285.89	774.55	1246.97	776.55	3.8399	3.6732
869599430718	1278.53	774.19	1245.86	786.33	3.8347	3.7061
869599439051	1285.11	783.43	1243.86	794.63	3.8622	3.7207
869599447384	1285.86	785.96	1249.77	788.58	3.8682	3.7125
869599455717	1285.39	779.92	1246.08	774.94	3.8684	3.6785
869599464051	1277.17	776.07	1242.96	784.52	3.8649	3.7073
869599472383	1285.94	783.45	1244.93	776.77	3.8763	3.6865
869599480717	1287.11	787.18	1242.47	777.09	3.8941	3.6845
869599489051	1284.63	779.07	1245.17	791.44	3.8840	3.7165
869599497384	1284.51	779.82	1241.00	777.47	3.8845	3.7001
869599505717	1285.33	782.44	1245.76	778.20	3.8925	3.6934
869599514050	1286.05	780.08	1242.48	779.76	3.8934	3.6758
869599522388	1286.39	777.24	1247.10	777.18	3.8997	3.7135
869599530722	1280.73	781.36	1247.94	772.92	3.8803	3.6937
869599539055	1283.69	786.15	1249.81	768.41	3.9035	3.6693
869599547388	1281.94	789.22	1242.67	777.27	3.9032	3.6940
869599555721	1278.91	786.34	1248.05	776.23	3.9246	3.7172
869599564055	1282.06	774.51	1246.07	778.14	3.8906	3.7188
869599572388	1282.61	787.52	1244.96	789.78	3.9187	3.7411
869599580721	1284.22	787.41	1242.40	788.53	3.9262	3.7370
869599589055	1279.16	784.70	1248.65	769.80	3.9158	3.6903
869599597386	1276.42	784.82	1245.64	766.40	3.9156	3.6868
869599605720	1277.54	790.97	1245.44	765.59	3.9433	3.6863
869599614054	1278.59	782.21	1248.26	773.55	3.9232	3.7009
869599622387	1273.35	786.81	1241.35	778.26	3.9200	3.7255
869599630720	1276.35	790.16	1246.84	779.30	3.9124	3.7196
869599639053	1276.04	780.14	1247.00	778.96	3.9070	3.7261
869599647391	1271.77	782.20	1244.86	780.09	3.9072	3.7487
869599655724	1277.33	789.66	1244.89	782.95	3.9354	3.7526
869599664057	1280.75	791.80	1242.17	779.33	3.9281	3.7396
869599672391	1275.68	795.71	1245.73	778.73	3.9500	3.7441
869599680724	1280.06	786.36	1241.92	779.73	3.9255	3.7577
869599689057	1278.23	791.84	1242.15	787.48	3.9252	3.7664
869599697391	1275.62	787.08	1244.83	785.84	3.9118	3.7696
869599705724	1277.53	796.41	1248.47	783.71	3.9330	3.7442
869599714057	1276.01	792.83	1245.15	784.75	3.9167	3.7566
869599722389	1286.22	790.85	1246.73	787.27	3.9392	3.7698
869599730723	1283.31	796.63	1245.28	781.52	3.9475	3.7507
869599739056	1275.01	794.97	1248.46	780.52	3.9400	3.7577
869599747390	1277.20	800.22	1253.40	768.18	3.9638	3.7188
869599755723	1281.63	793.28	1244.32	791.58	3.9323	3.7848
869599764056	1274.64	793.00	1246.65	779.92	3.9654	3.7402
869599772390	1276.10	791.60	1243.81	780.20	3.9331	3.7426
869599780727	1277.22	798.92	1251.25	783.66	3.9527	3.7646
869599789060	1283.99	798.94	1250.24	784.01	3.9652	3.7594
869599797394	1277.64	797.16	1247.96	780.90	3.9504	3.7509
869599805726	1276.57	797.75	1243.27	781.72	3.9623	3.7570
869599814059	1281.61	798.54	1247.01	780.06	3.9685	3.7787
869599822393	1272.99	786.88	1246.16	785.92	3.9402	3.7739
869599830726	1279.65	808.46	1250.66	784.23	3.9613	3.7741
869599839059	1278.17	799.23	1244.87	782.73	3.9561	3.7794
869599847392	1276.77	799.97	1248.84	785.76	3.9740	3.7631
869599855726	1281.03	803.28	1247.29	781.41	3.9744	3.7472
869599864059	1281.42	796.92	1249.81	783.36	3.9635	3.7771
869599872392	1279.07	789.95	1249.88	783.70	3.9732	3.7559
869599880726	1277.79	798.92	1251.60	780.24	3.9782	3.7637
869599889059	1280.30	799.21	1243.93	773.38	3.9713	3.7567
869599897391	1279.66	791.67	1246.43	780.17	3.9824	3.7634
869599905725	1281.88	793.29	1246.78	779.66	3.9642	3.7765
869599914063	1286.46	792.29	1244.41	778.01	3.9676	3.7596
869599922396	1287.65	803.75	1250.29	777.63	4.0087	3.7513
869599930730	1291.33	802.52	1242.67	780.42	3.9872	3.7613
869599939063	1287.18	794.77	1241.99	781.92	3.9798	3.7738
869599947397	1286.16	800.55	1248.04	781.81	3.9746	3.7678
869599955729	1285.51	802.78	1249.92	783.06	3.9807	3.7675
869599964063	1284.89	807.57	1247.15	785.20	3.9932	3.7472
869599972396	1282.03	798.40	1252.21	787.79	3.9722	3.7726
869599980729	1285.90	797.97	1245.09	789.52	3.9740	3.7834
869599989062	1292.18	801.77	1252.61	780.41	3.9983	3.7621
869599997395	1283.07	799.08	1247.60	788.53	3.9804	3.7746
869600005728	1283.66	810.23	1248.29	779.34	4.0255	3.7660
869600014062	1288.05	803.45	1252.48	780.40	3.9763	3.7624
869600022395	1288.12	801.10	1252.01	778.82	3.9969	3.7676
869600030729	1280.01	804.30	1253.24	790.49	3.9976	3.7730
869600039067	1289.75	800.05	1252.40	790.58	3.9963	3.7876
869600047400	1285.50	800.86	1249.71	789.88	3.9783	3.7770
869600055733	1288.38	801.35	1247.36	785.28	3.9881	3.7619
869600064067	1285.48	802.73	1252.02	779.79	3.9874	3.7563
869600072401	1291.93	810.73	1254.18	784.78	4.0348	3.7452
869600080732	1286.27	803.57	1246.80	780.38	4.0033	3.7589
869600089066	1280.01	802.78	1249.63	784.36	4.0109	3.7634
869600097399	1284.10	805.37	1253.36	785.41	4.0075	3.7650
869600105732	1281.24	815.23	1246.03	784.25	4.0265	3.7750
869600114066	1284.36	811.01	1248.31	789.84	4.0206	3.7759
869600122399	1279.64	808.78	1254.77	784.90	4.0112	3.7609
869600130732	1289.13	814.72	1251.34	784.36	4.0439	3.7621
869600139066	1282.56	808.70	1250.99	786.88	4.0213	3.7608
869600147400	1284.73	813.13	1254.01	777.36	4.0327	3.7440
869600155733	1281.81	807.79	1251.38	787.52	4.0216	3.7751
869600164065	1288.64	816.06	1253.64	786.76	4.0529	3.7820
869600172403	1283.08	813.06	1251.15	778.70	4.0459	3.7624
869600180736	1288.72	800.76	1252.93	784.34	4.0246	3.7766
869600189070	1285.89	803.63	1251.58	785.53	4.0500	3.7792
869600197403	1288.28	803.01	1254.49	779.42	4.0238	3.7716
869600205736	1280.48	810.09	1254.67	784.68	4.0444	3.7926
869600214070	1285.43	809.30	1256.11	778.51	4.0324	3.7705
869600222403	1293.85	802.43	1253.97	779.52	4.0457	3.7703
869600230737	1284.45	812.16	1256.53	781.18	4.0723	3.7744
869600239070	1290.77	812.55	1254.73	782.27	4.0701	3.7807
869600247403	1285.20	807.57	1256.72	776.12	4.0585	3.7667
869600255735	1283.92	812.29	1257.82	784.64	4.0707	3.7913
869600264069	1288.14	818.01	1255.86	783.95	4.0841	3.8003
869600272402	1286.74	806.18	1253.63	774.99	4.0511	3.7828
869600280736	1281.45	815.65	1257.18	775.76	4.0676	3.7920
869600289069	1283.00	809.78	1250.95	779.02	4.0695	3.7878
869600297402	1284.40	815.63	1252.83	787.83	4.0934	3.8017
869600305737	1283.11	811.26	1256.83	790.06	4.0798	3.8094
869600314071	1286.75	810.52	1252.24	788.19	4.0784	3.7833
869600322404	1284.52	814.35	1255.03	783.50	4.0974	3.8019
869600330737	1283.04	813.03	1259.11	781.82	4.0965	3.8138
869600339071	1278.31	812.25	1245.45	767.80	4.1068	3.7904
869600347403	1274.10	776.69	1238.83	781.63	4.0962	3.8828
869600355737	1284.66	770.26	1255.34	738.46	4.0806	3.7925
869600364070	1294.13	776.15	1260.21	758.92	4.0947	3.8294
869600372403	1284.42	778.43	1251.33	760.61	4.0894	3.8435
869600380736	1286.90	787.73	1253.80	743.40	4.1344	3.7924
869600389070	1284.80	785.18	1249.38	763.18	4.1093	3.8402
869600397403	1287.75	782.74	1249.96	750.09	4.1049	3.8339
869600405737	1290.12	779.66	1254.95	744.65	4.1099	3.8056
869600414070	1285.47	779.46	1252.60	736.13	4.1082	3.7640
869600422403	1284.28	780.30	1251.71	750.76	4.1274	3.8235
869600430737	1288.54	780.24	1248.98	749.20	4.1257	3.8176
869600439076	1282.52	781.43	1255.62	750.05	4.1406	3.8329
869600447409	1287.66	788.57	1246.88	736.75	4.1389	3.7999
869600455742	1289.84	785.49	1253.85	750.03	4.1494	3.8245
869600464075	1282.86	782.09	1250.58	753.44	4.1438	3.8408
869600472409	1289.99	784.80	1257.46	748.29	4.1450	3.8119
869600480742	1279.60	785.80	1251.29	747.19	4.1649	3.8201
869600489076	1285.82	771.09	1255.44	748.50	4.1199	3.8123
869600497409	1280.27	780.37	1252.89	752.81	4.1482	3.8254
869600505742	1280.73	780.84	1248.17	760.45	4.1486	3.8490
869600514076	1279.09	776.60	1250.75	761.82	4.1324	3.8536
869600522408	1284.91	770.69	1250.40	753.97	4.1450	3.8203
869600530742	1277.02	770.93	1251.58	745.07	4.1202	3.8152
869600539074	1281.96	785.89	1255.55	735.78	4.1600	3.7881
869600547408	1288.35	789.00	1251.97	742.54	4.1741	3.8181
869600555742	1283.85	768.81	1255.30	729.30	4.1453	3.7864
869600564079	1283.35	770.92	1253.57	751.60	4.1363	3.8282
869600572413	1281.57	780.54	1255.36	739.76	4.1454	3.8124
869600580746	1284.66	767.06	1248.37	747.02	4.1306	3.8228
869600589079	1283.33	773.53	1254.56	747.80	4.1300	3.8030
869600597413	1278.66	769.31	1251.02	750.93	4.1192	3.8350
869600605746	1281.30	780.19	1255.26	752.25	4.1425	3.8251
869600614079	1286.42	780.60	1256.47	740.91	4.1521	3.8170
869600622412	1279.34	785.01	1254.34	749.25	4.1625	3.8322
869600630745	1283.58	776.35	1255.48	736.25	4.1275	3.7999
869600639079	1278.28	781.87	1252.06	739.40	4.1339	3.8134
869600647412	1283.48	779.32	1256.79	740.31	4.1362	3.8034
869600655746	1273.75	773.27	1253.27	750.15	4.1096	3.8190
869600664079	1285.07	781.02	1255.47	746.28	4.1313	3.8068
869600672412	1286.18	769.27	1256.26	741.05	4.1050	3.8028
869600680746	1281.34	770.90	1260.39	747.42	4.1125	3.8107
869600689078	1279.85	775.68	1258.13	747.56	4.1122	3.8058
869600697416	1282.11	789.91	1257.08	743.65	4.1419	3.8016
869600705749	1282.82	775.73	1255.47	753.90	4.1050	3.8175
869600714081	1278.24	777.78	1258.04	746.33	4.1132	3.8044
869600722415	1279.37	774.80	1260.86	762.18	4.1049	3.8323
869600730748	1281.83	776.81	1257.56	753.65	4.1054	3.8246
869600739082	1278.24	784.71	1254.64	750.66	4.1098	3.8230
869600747415	1284.39	775.74	1258.47	739.36	4.1120	3.7989
869600755748	1279.98	781.48	1262.59	732.76	4.1135	3.7682
869600764082	1276.87	775.97	1260.95	745.19	4.0826	3.7877
869600772415	1281.00	778.25	1257.59	733.48	4.1023	3.7641
869600780748	1276.56	780.66	1262.59	739.54	4.0912	3.7780
869600789082	1279.20	785.31	1263.64	758.96	4.1029	3.8181
869600797414	1283.00	780.77	1255.80	764.18	4.0864	3.8431
869600805747	1281.86	778.14	1262.26	745.79	4.0922	3.7939
869600814081	1279.21	776.16	1256.64	740.35	4.0759	3.7742
869600822414	1281.79	773.56	1263.77	760.14	4.0740	3.8266
869600830753	1285.60	782.98	1262.94	743.71	4.0992	3.7882
869600839086	1284.02	771.62	1267.45	740.68	4.0551	3.7674
869600847420	1283.81	774.28	1260.14	751.46	4.0705	3.7942
869600855753	1281.68	779.26	1263.60	749.19	4.0677	3.7975
869600864087	1288.25	784.36	1259.40	756.36	4.1005	3.8086
869600872420	1288.35	780.72	1265.90	737.82	4.0878	3.7668
869600880752	1286.11	771.79	1263.27	753.42	4.0818	3.8105
869600889086	1285.19	769.35	1262.57	744.75	4.0612	3.7863
869600897419	1286.84	777.15	1260.08	737.26	4.0868	3.7721
869600905753	1282.74	772.03	1263.90	745.65	4.0795	3.7875
869600914086	1280.61	776.89	1265.91	744.69	4.0717	3.7779
869600922419	1283.29	777.24	1265.81	724.63	4.0755	3.7310
869600930752	1282.16	779.14	1260.69	748.63	4.0902	3.7790
869600939086	1277.70	769.02	1261.68	746.09	4.0633	3.7684
869600947419	1281.86	774.12	1260.95	753.55	4.0688	3.8080
869600955753	1283.41	792.78	1260.07	775.06	4.0850	3.8354
869600964089	1282.74	773.51	1263.30	736.06	4.0455	3.7502
869600972422	1288.66	774.60	1264.42	760.34	4.0518	3.7969
869600980755	1286.00	794.26	1256.08	764.54	4.0883	3.8117
869600989089	1281.02	777.50	1258.99	759.04	4.0533	3.7855
869600997422	1277.34	776.24	1257.38	763.24	4.0640	3.8040
869601005755	1277.20	784.65	1254.20	749.31	4.0569	3.7787
869601014089	1277.17	777.70	1259.80	751.20	4.0569	3.7878
869601022422	1274.17	785.50	1257.93	765.92	4.0749	3.8301
869601030755	1271.08	779.26	1263.77	749.96	4.0684	3.7903
869601039088	1271.92	774.41	1259.01	742.27	4.0605	3.7827
869601047421	1275.46	775.14	1263.34	754.95	4.0590	3.7972
869601055755	1279.14	780.75	1259.61	749.47	4.0711	3.7834
869601064088	1279.70	772.14	1251.77	770.67	4.0383	3.8456
869601072421	1280.78	782.57	1263.28	728.88	4.0673	3.7435
869601080754	1276.48	786.40	1256.16	748.09	4.0686	3.7925
869601089093	1281.09	788.01	1259.88	754.71	4.0863	3.7952
869601097427	1279.39	783.28	1252.76	768.47	4.0624	3.8344
869601105760	1283.20	793.71	1255.81	760.00	4.0818	3.8040
869601114094	1280.78	779.89	1259.87	761.74	4.0529	3.8155
869601122426	1273.33	785.14	1256.00	764.62	4.0484	3.8338
869601130760	1276.48	792.57	1255.67	746.68	4.0998	3.7883
869601139094	1273.74	786.36	1256.31	766.14	4.0824	3.8330
869601147426	1276.15	776.84	1256.34	751.26	4.0464	3.7695
869601155759	1279.84	780.56	1255.36	759.78	4.0574	3.8162
869601164092	1270.30	779.59	1255.76	764.77	4.0727	3.8280
869601172425	1281.80	783.41	1248.28	773.44	4.0644	3.8522
869601180759	1274.87	786.23	1259.40	743.87	4.0581	3.7885
869601189092	1279.55	780.73	1254.55	759.94	4.0709	3.8290
869601197426	1280.72	785.54	1252.39	756.20	4.0741	3.8211
869601205759	1274.58	778.49	1256.73	736.15	4.0551	3.7711
869601214092	1280.20	784.82	1255.35	751.83	4.0635	3.8006
869601222430	1272.91	785.07	1254.38	757.77	4.0659	3.8219
869601230763	1274.82	783.07	1252.73	744.91	4.0684	3.7919
869601239096	1282.04	776.05	1254.03	759.56	4.0496	3.8278
869601247428	1287.68	788.31	1253.06	758.71	4.0659	3.8201
869601255762	1286.19	791.15	1262.99	731.22	4.0685	3.7698
869601264096	1291.70	798.16	1264.32	739.35	4.0618	3.7810
869601272429	1292.56	816.35	1262.06	764.75	4.0258	3.8220
869601280762	1278.37	905.64	1268.82	752.27	3.8531	3.8311
869601289095	1413.34	1015.53	1270.91	868.20	3.2658	3.7748
869601297429	1510.69	1094.31	1304.10	933.05	2.8413	3.6174
869601305760	1511.34	1099.64	1286.42	906.25	2.8418	3.5420
869601314095	NaN	NaN	1269.84	899.68	NaN	3.6742
869601322428	1160.09	1010.61	1265.10	831.48	3.0545	3.7829
869601330761	NaN	NaN	1272.13	771.51	NaN	3.8245
869601339092	1262.37	907.29	1253.00	763.93	3.7879	3.8616
869601347427	1267.63	872.27	1253.53	726.34	3.8794	3.7825
869601355765	1271.13	814.72	1258.37	770.03	3.9825	3.8116
869601364098	1278.16	778.48	1256.05	790.28	4.0597	3.8633
869601372432	1277.33	755.48	1251.11	787.35	4.0970	3.8811
869601380765	1278.30	770.01	1251.11	775.44	4.0707	3.8541
869601389098	1280.71	788.95	1251.19	760.56	4.0445	3.8689
869601397431	1281.52	792.02	1253.84	773.90	4.0536	3.9022
869601405765	1278.88	791.12	1257.16	746.71	4.0647	3.8369
869601414098	1282.93	787.10	1254.48	741.68	4.0697	3.8320
869601422430	1274.60	785.68	1247.90	740.38	4.0895	3.8453
869601430764	1275.36	774.86	1254.22	744.56	4.0643	3.8629
869601439097	1272.11	772.66	1247.17	754.88	4.0520	3.8839
869601447430	1278.02	768.17	1247.86	733.77	4.0721	3.8393
869601455764	1276.48	777.24	1250.02	741.08	4.0694	3.8671
869601464097	1274.46	768.68	1244.73	741.31	4.0611	3.8565
869601472430	1272.55	775.26	1247.64	739.78	4.0870	3.8601
869601480769	1274.24	762.54	1249.37	737.02	4.0707	3.8463
869601489102	1269.00	761.79	1249.61	744.97	4.0674	3.8439
869601497435	1276.85	761.05	1247.24	744.24	4.0579	3.8550
869601505769	1279.67	769.54	1253.65	729.62	4.0836	3.8269
869601514101	1281.39	775.22	1246.93	742.34	4.1095	3.8497
869601522434	1281.24	769.17	1246.97	762.60	4.0747	3.9092
869601530768	1278.01	770.43	1247.88	746.52	4.0587	3.8618
869601539101	1279.81	774.86	1248.26	746.33	4.0366	3.8683
869601547435	1288.94	787.26	1246.20	757.14	4.0453	3.8811
869601555768	1293.65	768.37	1246.60	770.60	4.0755	3.8524
869601564101	1280.19	849.93	1244.30	712.11	3.9621	3.8424
869601572435	1493.42	1052.94	1244.08	979.12	2.9791	3.7868
869601580767	NaN	NaN	NaN	NaN	NaN	NaN
869601589101	NaN	NaN	NaN	NaN	NaN	NaN
869601597434	NaN	NaN	NaN	NaN	NaN	NaN
869601605766	NaN	NaN	NaN	NaN	NaN	NaN
869601614105	NaN	NaN	NaN	NaN	NaN	NaN
869601622439	NaN	NaN	NaN	NaN	NaN	NaN
869601630772	NaN	NaN	NaN	NaN	NaN	NaN
869601639105	NaN	NaN	NaN	NaN	NaN	NaN
869601647439	NaN	NaN	NaN	NaN	NaN	NaN
869601655771	NaN	NaN	NaN	NaN	NaN	NaN
869601664105	NaN	NaN	NaN	NaN	NaN	NaN
869601672438	NaN	NaN	1235.56	1297.47	NaN	4.0002
869601680772	NaN	NaN	1296.06	1037.98	NaN	3.6683
869601689104	NaN	NaN	1299.84	930.03	NaN	3.7137
869601697438	NaN	NaN	1309.01	818.24	NaN	3.7805
869601705771	1486.11	970.01	1310.29	714.89	3.0679	3.7275
869601714104	1316.88	923.67	1305.80	676.33	3.7148	3.7071
869601722437	1303.33	831.71	1299.09	772.74	3.8685	3.7741
869601730771	1310.11	787.65	1306.04	765.86	3.9534	3.7698
869601739104	1313.08	754.26	1305.95	770.93	4.0207	3.7872
869601747442	1325.23	740.46	1306.45	769.10	4.0425	3.8151
869601755775	1331.86	733.20	1313.77	746.20	4.0220	3.7876
869601764109	1332.96	780.42	1304.26	755.01	4.0249	3.8151
869601772443	1329.69	789.68	1311.23	745.76	4.0539	3.7953
869601780775	1329.28	783.14	1311.32	731.41	4.0278	3.7897
869601789108	1328.60	780.48	1313.11	729.29	4.0245	3.7738
869601797442	1330.69	769.64	1310.00	750.07	4.0183	3.8266
869601805775	1333.92	769.60	1303.91	754.89	4.0256	3.8486
869601814108	1333.99	769.34	1306.13	745.23	4.0527	3.8233
869601822442	1329.32	759.86	1317.45	718.95	4.0548	3.7399
869601830775	1319.27	761.32	1310.84	724.46	4.0449	3.7731
869601839108	1322.84	764.52	1308.42	735.26	4.0546	3.7866
869601847442	1324.96	763.85	1307.58	734.04	4.1031	3.7644
869601855775	1327.42	764.98	1308.37	726.79	4.0819	3.7810
869601864108	1333.22	753.55	1302.49	739.42	4.0773	3.8122
869601872440	1326.99	751.76	1307.17	738.61	4.0665	3.7971
869601880778	1334.70	751.65	1305.83	735.69	4.0795	3.8079
869601889112	1332.97	748.41	1307.00	743.96	4.0854	3.8318
869601897445	1331.02	746.15	1302.21	747.10	4.0730	3.8235
869601905779	1331.52	766.68	1305.81	737.42	4.1168	3.8127
869601914112	1335.91	757.72	1310.28	727.30	4.0980	3.8012
869601922445	1307.83	763.20	1281.76	741.98	4.0966	3.8272
869601930779	1265.34	759.20	1235.06	755.30	4.1101	3.8461
869601939112	1284.17	762.79	1251.64	755.06	4.0781	3.8458
869601947445	1280.31	771.84	1257.31	721.54	4.1292	3.7879
869601955777	1281.01	776.04	1258.12	739.44	4.1304	3.8240
869601964111	1276.90	768.08	1255.22	727.99	4.1051	3.7918
869601972444	1273.62	761.94	1248.56	752.10	4.0959	3.8508
869601980778	1272.81	766.88	1255.33	730.94	4.1161	3.7989
869601989111	1267.67	766.45	1260.44	738.50	4.0985	3.8131
869601997444	1274.52	780.67	1251.32	754.11	4.1211	3.8340
869602005779	1274.65	766.17	1249.85	745.42	4.1068	3.8011
869602014112	1268.74	772.02	1255.29	752.41	4.1418	3.8215
869602022445	1274.40	757.81	1246.22	757.82	4.1051	3.8345
869602030779	1276.81	759.08	1251.41	745.79	4.0917	3.7943
869602039112	1268.30	769.06	1255.18	738.27	4.1188	3.7878
869602047444	1267.08	763.77	1251.42	746.01	4.1077	3.8162
869602055777	1270.85	766.50	1249.10	757.02	4.0992	3.8367
869602064111	1274.54	761.35	1255.51	742.59	4.0927	3.7840
869602072444	1272.58	767.70	1253.99	727.37	4.0869	3.7350
869602080777	1277.32	766.13	1255.12	738.96	4.0982	3.7723
869602089111	1281.18	770.64	1250.46	742.74	4.1005	3.7813
869602097444	1278.28	766.45	1255.27	742.64	4.0744	3.7906
869602105778	1280.63	780.86	1251.28	738.34	4.1045	3.7792
869602114111	1273.49	767.66	1249.58	734.94	4.0731	3.7684
869602122444	1284.82	773.91	1248.45	751.81	4.0978	3.7897
869602130778	1281.40	776.39	1247.26	734.93	4.0733	3.7438
869602139119	1280.01	772.43	1239.47	756.77	4.0892	3.8103
869602147453	1276.26	770.20	1250.76	754.44	4.0706	3.7783
869602155787	1272.78	773.81	1243.50	757.78	4.0775	3.7813
869602164119	1275.89	768.38	1245.49	756.50	4.0694	3.7957
869602172453	1269.20	774.25	1246.76	733.36	4.0789	3.7231
869602180786	1271.12	778.86	1244.96	749.42	4.0745	3.7635
869602189120	1272.09	761.68	1250.87	751.07	4.0480	3.7766
869602197453	1279.98	770.34	1254.11	748.16	4.0714	3.7502
869602205786	1279.97	775.91	1252.13	744.64	4.0778	3.7585
869602214120	1276.97	774.86	1254.22	733.27	4.0713	3.7277
869602222453	1276.01	779.56	1250.86	742.45	4.0868	3.7468
869602230786	1279.29	771.67	1249.73	752.84	4.0754	3.7706
869602239119	1276.36	766.52	1257.56	715.64	4.0640	3.6844
869602247452	1275.29	771.57	1249.26	750.93	4.0555	3.7641
869602255786	1283.51	766.14	1250.97	746.36	4.0604	3.7500
869602264119	1277.66	773.62	1249.66	749.26	4.0642	3.7543
869602272455	1279.04	777.46	1246.53	740.03	4.0729	3.7432
869602280789	1278.22	769.44	1248.72	741.34	4.0580	3.7444
869602289121	1276.22	763.74	1244.95	759.83	4.0399	3.7741
869602297455	1275.30	777.89	1249.21	751.54	4.0578	3.7434
869602305789	1264.69	775.90	1248.11	753.19	4.0443	3.7619
869602314120	1273.14	764.28	1244.40	756.68	4.0497	3.7790
869602322454	1271.68	760.58	1250.36	743.82	4.0393	3.7465
869602330787	1281.93	776.23	1253.28	747.28	4.0543	3.7289
869602339121	1279.55	767.19	1246.38	739.57	4.0193	3.7130
869602347454	1280.74	770.86	1247.42	755.26	4.0391	3.7642
869602355787	1277.10	762.81	1250.36	758.67	4.0128	3.7640
869602364121	1283.10	766.52	1252.99	745.06	4.0241	3.7411
869602372454	1275.53	766.31	1253.08	755.57	4.0120	3.7475
869602380787	1272.96	779.01	1246.36	744.92	4.0367	3.7476
869602389120	1275.17	774.53	1247.25	754.83	4.0163	3.7673
869602397454	1271.77	767.69	1252.81	740.07	3.9932	3.7217
869602405789	1279.18	767.40	1248.75	765.23	3.9912	3.7709
869602414122	1276.29	771.75	1250.96	745.50	3.9917	3.7298
869602422456	1270.79	761.11	1249.50	746.04	3.9743	3.7306
869602430789	1275.55	767.46	1250.69	742.30	3.9993	3.7171
869602439123	1281.48	775.15	1252.98	755.16	3.9986	3.7464
869602447456	1281.81	778.22	1250.98	748.90	3.9824	3.7504
869602455789	1275.40	766.45	1250.49	759.00	3.9615	3.7614
869602464122	1275.28	772.27	1249.90	757.93	3.9809	3.7481
869602472456	1277.90	768.62	1250.67	744.20	3.9806	3.7095
869602480789	1273.58	768.85	1249.47	761.17	3.9603	3.7659
869602489122	1273.80	767.88	1256.41	737.11	3.9670	3.6887
869602497455	1268.63	774.83	1246.38	765.53	3.9591	3.7482
869602505788	1263.99	798.97	1243.69	755.00	3.9360	3.6503
869602514122	1268.82	819.85	1254.11	763.97	3.9689	3.6285
869602522455	1264.05	817.62	1259.04	748.00	3.9445	3.5502
869602530793	1266.72	809.78	1253.68	767.32	3.9279	3.6153
869602539126	1264.64	810.49	1256.18	769.87	3.9106	3.6102
869602547460	1264.30	809.71	1251.38	778.38	3.8900	3.6191
869602555793	1267.68	814.45	1247.25	788.76	3.8799	3.6368
869602564127	1271.95	812.39	1253.42	792.18	3.8503	3.6099
869602572460	1265.37	809.86	1255.92	776.62	3.8196	3.5595
869602580793	1264.37	803.17	1252.04	771.74	3.7754	3.5352
869602589125	1265.44	803.10	1258.48	748.85	3.7532	3.4373
869602597459	1266.02	799.52	1257.06	769.78	3.7107	3.4669
869602605792	1268.63	807.95	1256.51	778.92	3.6877	3.4591
869602614125	1267.90	802.26	1251.98	785.82	3.6668	3.4652
869602622458	1262.73	806.87	1262.14	765.53	3.6553	3.3866
869602630792	1261.69	797.55	1255.34	775.03	3.6126	3.3781
869602639126	1258.76	800.12	1263.50	757.69	3.5926	3.3134
869602647459	1261.26	810.75	1262.81	753.06	3.5728	3.2738
869602655792	1260.85	802.13	1261.89	792.04	3.5305	3.3668
869602664131	1262.32	799.47	1264.40	749.39	3.5084	3.2454
869602672463	1254.19	800.00	1259.27	751.74	3.4823	3.2344
869602680797	1264.64	808.00	1266.95	763.85	3.4809	3.2136
869602689131	1264.13	793.85	1266.39	774.47	3.4235	3.2351
869602697463	1218.46	789.44	1218.38	765.04	3.4050	3.1984
869602705797	1150.23	797.04	1160.49	721.79	3.4323	3.1008
869602714130	1143.82	787.14	1142.47	717.14	3.3903	3.0923
869602722464	1139.05	801.09	1138.61	720.90	3.4191	3.1042
869602730797	1144.84	780.29	1147.86	719.77	3.3591	3.0884
869602739130	1139.35	787.26	1143.18	723.36	3.3385	3.0591
869602747463	1142.36	785.78	1147.45	716.35	3.3271	3.0373
869602755797	1136.15	780.05	1144.48	718.93	3.2897	3.0178
869602764130	1135.56	783.90	1146.62	719.77	3.2701	3.0036
869602772463	1135.24	776.52	1146.01	722.28	3.2576	3.0120
869602780796	1133.83	778.34	1145.56	715.02	3.2386	3.0021
869602789129	1136.57	775.19	1147.70	718.68	3.2351	2.9803
869602797467	1134.63	768.93	1148.83	719.82	3.2219	2.9586
869602805801	1138.01	774.31	1148.59	717.13	3.2238	2.9580
869602814135	1129.66	765.09	1149.12	722.63	3.1833	2.9521
869602822467	1129.45	767.92	1144.44	725.07	3.1855	2.9447
869602830801	1129.19	770.24	1140.50	730.09	3.1822	2.9502
869602839134	1137.16	769.14	1148.45	729.13	3.1876	2.9412
869602847468	1135.31	789.40	1144.55	729.57	3.2138	2.9469
869602855800	1129.99	768.37	1149.03	720.79	3.1657	2.9319
869602864133	1137.90	779.55	1150.13	714.02	3.1700	2.9027
869602872466	1137.25	777.59	1146.66	715.25	3.1618	2.9013
869602880798	1133.62	773.16	1155.52	725.73	3.1534	2.9195
869602889132	1137.81	779.63	1151.38	729.04	3.1613	2.9276
869602897465	1135.76	763.43	1146.67	722.51	3.1196	2.9151
869602905798	1133.73	763.93	1148.65	732.83	3.1122	2.9240
869602914133	1134.49	765.82	1154.11	731.08	3.1207	2.9043
869602922471	1136.64	762.48	1148.11	723.65	3.1263	2.8858
869602930805	1135.05	752.16	1147.37	726.35	3.0900	2.8904
869602939138	1130.61	765.66	1149.39	729.37	3.1153	2.8933
869602947470	1127.94	751.31	1145.68	724.81	3.0763	2.8898
869602955804	1127.81	764.31	1143.29	730.57	3.0920	2.9052
869602964137	1078.38	746.91	1092.24	729.28	3.0851	2.9136
869602972471	1016.69	725.34	1025.11	704.45	3.0953	2.9333
869602980804	1016.00	719.13	1018.92	683.28	3.0885	2.9184
869602989137	1019.77	705.91	1025.11	685.50	3.0972	2.9481
869602997468	1022.28	699.12	1021.09	681.41	3.0821	2.9340
869603005804	1009.62	704.33	1028.76	678.66	3.0867	2.9191
869603014137	1019.36	713.02	1022.60	683.71	3.1116	2.9354
869603022471	1019.12	698.66	1026.93	684.07	3.0776	2.9216
869603030803	1022.90	710.92	1026.89	681.02	3.1189	2.9402
869603039136	1020.77	711.04	1020.36	683.56	3.1125	2.9259
869603047469	1014.83	707.27	1020.26	679.40	3.0967	2.9238
869603055806	1014.54	705.03	1021.27	679.70	3.0974	2.9410
869603064139	1012.81	704.07	1023.46	682.45	3.0977	2.9298
869603072472	1011.91	690.45	1025.86	687.16	3.0686	2.9653
869603080806	1013.94	698.25	1026.11	682.45	3.0889	2.9449
869603089139	1014.67	708.60	1024.34	680.32	3.1015	2.9272
869603097473	1008.19	703.74	1024.67	680.66	3.1056	2.9432
869603105806	1011.16	701.75	1021.14	679.90	3.0831	2.9420
869603114139	1002.78	702.15	1021.83	671.20	3.0851	2.9216
869603122469	1011.11	716.66	1019.72	680.69	3.1088	2.9318
869603130804	1014.65	702.90	1021.45	685.15	3.0824	2.9529
869603139138	1013.58	698.03	1022.97	684.32	3.0888	2.9496
869603147472	1017.39	706.04	1022.64	685.79	3.0990	2.9551
869603155804	1016.15	700.71	1020.80	689.08	3.1018	2.9690
869603164138	1012.84	697.05	1022.00	682.76	3.0769	2.9601
869603172471	1011.80	700.68	1019.96	681.45	3.0873	2.9471
869603180805	1012.86	716.33	1024.11	684.64	3.1286	2.9608
869603189144	1009.01	714.95	1022.37	686.19	3.1074	2.9532
869603197478	1015.54	710.64	1021.34	681.33	3.1108	2.9341
869603205810	1016.89	714.00	1023.62	683.59	3.1193	2.9681
869603214143	1008.75	707.62	1020.51	686.29	3.0983	2.9719
869603222477	1016.15	708.52	1016.00	688.80	3.1129	2.9762
869603230810	1011.43	710.56	1023.87	686.00	3.1013	2.9789
869603239143	1023.14	712.50	1022.93	687.27	3.1136	2.9758
869603247476	1016.35	712.23	1018.70	683.20	3.1268	2.9678
869603255809	971.45	686.52	974.70	673.27	3.1113	2.9702
869603264143	937.28	649.60	950.89	637.58	3.1418	3.0208
869603272477	942.70	618.15	951.02	611.00	3.1198	3.0132
869603280810	954.22	603.63	952.23	589.54	3.1153	3.0121
869603289143	954.40	605.36	947.95	598.22	3.1343	3.0080
869603297476	949.52	605.01	950.97	593.40	3.1353	3.0066
869603305809	949.21	607.76	948.29	592.38	3.1277	3.0125
869603314142	944.14	608.15	948.69	588.67	3.1138	3.0055
869603322481	953.33	607.33	948.36	595.68	3.1261	3.0071
869603330813	949.40	604.10	946.78	596.02	3.1258	3.0099
869603339147	944.76	613.62	945.50	597.37	3.1388	2.9982
869603347481	943.99	601.45	952.93	597.24	3.1094	3.0069
869603355813	953.34	606.33	950.12	595.76	3.1391	3.0142
869603364147	944.29	606.65	949.97	604.30	3.1375	3.0333
869603372480	938.97	593.39	954.44	601.46	3.1217	3.0067
869603380813	946.16	604.03	956.59	593.38	3.1358	3.0128
869603389146	951.23	606.63	952.16	599.57	3.1463	3.0298
869603397479	942.26	602.52	956.87	596.58	3.1311	3.0193
869603405813	952.33	611.85	956.13	587.38	3.1489	3.0157
869603414146	943.41	600.67	954.06	591.13	3.1305	3.0269
869603422479	943.73	600.48	953.72	597.35	3.1323	3.0224
869603430813	946.11	603.66	950.48	599.05	3.1313	3.0123
869603439146	949.69	610.01	947.43	602.13	3.1350	3.0343
869603447484	948.11	604.50	951.58	597.28	3.1115	3.0096
869603455817	947.89	600.56	950.47	595.90	3.1203	3.0147
869603464151	939.68	590.26	950.29	593.73	3.1175	3.0072
869603472484	947.96	603.27	947.65	593.67	3.1297	3.0350
869603480816	943.12	603.08	952.66	592.99	3.1145	3.0101
869603489150	940.47	603.96	946.31	596.16	3.1089	3.0193
869603497483	946.80	610.03	947.92	594.87	3.1167	3.0355
869603505816	946.98	610.86	951.14	597.09	3.1293	3.0067
869603514150	946.55	601.47	952.03	599.84	3.1177	3.0358
869603522483	955.16	601.99	949.28	603.00	3.1277	3.0207
869603530817	952.61	611.19	949.16	601.59	3.1261	3.0199
869603539150	950.40	614.06	948.02	598.42	3.1297	3.0141
869603547483	945.77	606.95	950.72	593.85	3.1077	3.0068
869603555817	946.31	603.30	947.54	592.42	3.1005	3.0011
869603564150	953.75	595.71	960.69	589.06	3.1119	3.0166
869603572482	978.25	567.88	991.72	543.62	3.1236	3.0185
869603580819	1005.03	531.56	1013.91	532.84	3.1284	3.0217
869603589153	1025.94	526.88	1039.84	520.89	3.1488	3.0111
869603597486	1025.05	520.19	1040.69	512.25	3.1306	3.0208
869603605819	1027.04	523.26	1033.30	515.66	3.1386	3.0175
869603614153	1024.31	514.92	1037.97	516.59	3.1294	3.0214
869603622486	1022.32	524.08	1037.94	526.65	3.1466	3.0151
869603630819	1029.63	519.47	1032.27	520.10	3.1354	3.0227
869603639153	1029.78	523.95	1034.55	521.79	3.1226	3.0213
869603647486	1027.22	526.78	1034.73	528.80	3.1352	3.0104
869603655820	1028.75	524.72	1033.61	525.40	3.1367	3.0339
869603664152	1030.79	531.02	1030.46	522.04	3.1396	3.0152
869603672485	1028.76	528.41	1034.31	525.84	3.1298	3.0231
869603680819	1029.23	525.58	1031.35	522.99	3.1269	3.0229
869603689151	1031.18	528.84	1033.79	518.24	3.1186	3.0094
869603697485	1032.34	526.01	1036.88	516.76	3.1067	3.0028
869603705818	1027.22	530.67	1031.75	517.21	3.1202	3.0257
869603714156	1030.58	523.66	1031.28	521.11	3.1293	3.0204
869603722490	1029.56	523.46	1033.47	524.39	3.1033	2.9999
869603730823	1022.73	519.44	1032.76	517.79	3.0971	3.0161
869603739157	1027.23	524.04	1036.74	521.72	3.1135	3.0115
869603747490	1030.44	528.54	1038.70	519.91	3.1269	3.0216
869603755822	1030.45	523.06	1036.46	522.15	3.1071	3.0194
869603764156	1030.23	527.34	1037.12	519.98	3.1249	3.0141
869603772489	1029.03	533.94	1032.33	516.87	3.1205	2.9971
869603780823	1034.26	527.40	1033.95	522.07	3.1132	3.0077
869603789156	1027.97	524.16	1031.02	517.44	3.1124	3.0045
869603797489	1041.07	527.53	1045.56	521.35	3.0794	3.0139
869603805823	1131.35	525.25	1141.22	523.28	3.1256	3.0093
869603814155	1193.77	521.97	1219.36	523.54	3.1180	3.0269
869603822489	1255.18	524.58	1266.44	526.42	3.1239	3.0148
869603830822	1283.87	520.00	1298.33	519.87	3.1087	2.9974
869603839154	1276.64	525.71	1285.73	517.38	3.1144	2.9990
869603847493	1279.77	524.98	1294.32	518.17	3.1008	3.0022
869603855826	1278.77	520.81	1292.94	516.77	3.1147	2.9983
869603864160	1278.96	522.36	1295.38	519.47	3.1051	2.9846
869603872493	1280.97	521.30	1294.01	523.47	3.0896	2.9973
869603880826	1289.53	524.89	1290.16	525.81	3.1046	2.9955
869603889160	1282.28	514.66	1290.54	526.44	3.1104	2.9974
869603897493	1281.56	525.39	1288.79	518.02	3.1145	2.9875
869603905827	1285.00	526.00	1291.15	525.74	3.1134	3.0067
869603914159	1282.28	526.58	1294.01	527.55	3.1114	3.0098
869603922493	1288.06	521.85	1292.03	530.02	3.1253	3.0068
869603930826	1285.52	521.72	1293.60	532.30	3.1176	3.0127
869603939158	1283.33	524.22	1295.68	534.06	3.1179	3.0199
869603947492	1279.87	522.93	1294.52	530.92	3.1134	3.0181
869603955825	1284.97	525.74	1296.65	524.92	3.1260	3.0053
869603964158	1281.31	523.21	1301.05	528.63	3.1103	3.0204
869603972497	1282.59	525.82	1295.24	525.20	3.1141	3.0011
869603980830	1274.84	522.18	1296.98	527.26	3.1134	2.9967
869603989164	1278.12	528.06	1296.51	524.69	3.1220	3.0072
869603997497	1281.48	521.43	1294.89	527.67	3.1298	3.0163
869604005830	1283.20	528.53	1295.26	528.34	3.1278	3.0113
869604014164	1281.81	521.70	1287.03	526.16	3.1069	3.0068
869604022496	1278.76	523.87	1289.57	524.90	3.1175	3.0215
869604030829	1281.80	527.73	1289.51	529.34	3.1373	3.0271
869604039162	1285.61	522.23	1290.91	525.77	3.1316	3.0241
869604047496	1282.18	521.04	1289.37	526.90	3.1246	3.0187
869604055829	1286.59	522.78	1292.78	527.51	3.1233	3.0340
869604064162	1284.18	523.69	1287.84	528.16	3.1404	3.0411
869604072496	1286.40	521.21	1296.78	529.78	3.1347	3.0116
869604080829	1373.70	534.59	1379.22	530.37	3.1651	3.0322
869604089162	1436.07	536.63	1451.15	540.77	3.1546	3.0416
869604097496	1490.34	536.99	1498.77	539.41	3.1818	3.0237
869604105833	1521.70	547.80	1522.21	542.09	3.1766	3.0459
869604114166	1505.33	541.37	1516.76	542.23	3.1819	3.0516
869604122499	1509.30	544.05	1521.56	551.89	3.1799	3.0756
869604130832	1515.96	543.24	1514.05	548.55	3.1792	3.0531
869604139166	1511.59	541.05	1518.66	544.66	3.1677	3.0632
869604147499	1516.58	543.53	1520.51	546.57	3.1913	3.0514
869604155832	1517.14	545.82	1519.67	549.53	3.1894	3.0555
869604164165	1510.00	542.22	1517.89	548.03	3.1919	3.0701
869604172499	1506.56	542.95	1522.34	549.09	3.1799	3.0564
869604180832	1514.69	545.15	1522.04	546.14	3.1932	3.0550
869604189165	1517.72	547.56	1517.99	552.62	3.2145	3.0648
869604197498	1519.73	542.02	1523.15	548.32	3.2072	3.0706
869604205831	1518.02	544.89	1519.19	554.77	3.1985	3.0696
869604214164	1513.89	541.31	1519.45	549.59	3.2023	3.0631
869604222498	1515.79	544.04	1521.62	549.98	3.2030	3.0764
869604230831	1511.42	541.18	1513.79	556.94	3.1843	3.0905
869604239170	1510.79	541.84	1513.91	554.68	3.2188	3.0764
869604247502	1509.92	542.56	1513.91	554.48	3.2022	3.0704
869604255836	1508.23	550.13	1510.95	554.55	3.2171	3.0742
869604264170	1513.09	547.61	1509.04	555.59	3.2166	3.0845
869604272502	1513.21	546.42	1511.84	555.31	3.2236	3.0781
869604280836	1515.99	549.56	1510.25	555.79	3.2105	3.0967
869604289168	1514.34	545.94	1512.49	554.80	3.2270	3.0803
869604297501	1512.89	543.50	1515.53	551.26	3.2278	3.0718
869604305835	1510.36	542.77	1517.58	551.66	3.2342	3.0774
869604314168	1510.86	546.69	1512.67	550.98	3.2290	3.0791
869604322502	1516.71	545.32	1511.11	551.20	3.2254	3.0789
869604330835	1552.57	554.04	1552.28	563.20	3.2401	3.0854
869604339168	1622.88	563.43	1613.00	575.69	3.2225	3.0810
869604347502	1604.93	567.68	1596.33	582.38	3.2283	3.0782
869604355835	1593.89	565.65	1594.58	582.54	3.2260	3.0876
869604364173	1600.17	567.76	1593.87	586.33	3.2363	3.0792
869604372505	1599.21	569.08	1592.82	577.47	3.2184	3.0724
869604380838	1603.23	571.41	1598.07	582.81	3.2392	3.0819
869604389172	1599.55	563.95	1596.07	584.63	3.2312	3.0803
869604397504	1606.25	564.79	1594.77	580.05	3.2369	3.0863
869604405838	1603.75	570.55	1593.55	581.78	3.2411	3.0888
869604414171	1596.06	570.66	1591.33	580.64	3.2276	3.0840
869604422504	1601.75	571.58	1596.64	580.59	3.2292	3.0836
869604430838	1602.13	568.74	1593.71	582.08	3.2219	3.0777
869604439171	1605.50	567.83	1594.40	579.81	3.2332	3.0958
869604447505	1600.23	568.12	1598.22	583.28	3.2282	3.0884
869604455838	1601.79	569.62	1594.13	582.20	3.2226	3.0867
869604464171	1606.10	564.16	1594.51	582.45	3.2246	3.0743
869604472504	1600.69	567.00	1596.23	585.08	3.2215	3.0706
869604480837	1601.78	569.93	1594.54	586.04	3.2313	3.0922
869604489170	1602.11	574.07	1590.83	579.73	3.2402	3.0876
869604497510	1601.35	574.32	1594.23	581.99	3.2266	3.0907
869604505844	1598.11	569.20	1597.43	585.04	3.2344	3.1033
869604514177	1603.86	576.02	1593.57	585.36	3.2327	3.1015
869604522510	1604.88	573.48	1591.81	586.84	3.2237	3.1079
869604530844	1598.66	572.45	1594.23	584.81	3.2510	3.0987
869604539177	1595.74	576.19	1593.26	580.52	3.2526	3.1003
869604547510	1600.50	571.93	1593.62	582.90	3.2265	3.0951
869604555843	1596.65	574.08	1593.88	585.83	3.2362	3.1030
869604564176	1596.47	570.92	1592.47	586.64	3.2525	3.1176
869604572510	1599.03	569.28	1593.32	581.94	3.2532	3.1049
869604580843	1596.18	573.72	1595.85	586.16	3.2440	3.1112
869604589176	1599.95	574.24	1592.84	580.51	3.2546	3.1020
869604597510	1599.20	575.46	1593.86	583.02	3.2465	3.1008
869604605843	1593.04	575.46	1591.62	584.67	3.2426	3.1102
869604614176	1604.80	571.95	1593.21	582.59	3.2513	3.1150
869604622509	1601.68	579.46	1593.53	580.44	3.2632	3.1034
869604630848	1605.11	574.06	1591.33	580.94	3.2668	3.1125
869604639181	1599.90	573.27	1589.05	585.87	3.2600	3.1233
869604647513	1607.66	567.46	1591.46	582.33	3.2550	3.1235
869604655847	1599.10	571.84	1592.76	584.61	3.2600	3.1159
869604664180	1605.61	570.22	1595.87	586.16	3.2603	3.1212
869604672513	1607.18	570.06	1593.01	583.52	3.2478	3.1182
869604680847	1609.14	576.77	1589.54	584.39	3.2612	3.1281
869604689180	1610.99	581.06	1585.72	598.31	3.2487	3.1338
869604697514	1602.90	624.67	1593.96	639.24	3.2265	3.1361
869604705846	1597.10	668.45	1583.29	671.49	3.2479	3.1042
869604714180	1584.35	726.82	1581.40	702.29	3.2729	3.0819
869604722514	1556.28	770.12	1546.93	754.09	3.2752	3.1220
869604730847	1562.72	773.98	1554.67	734.22	3.3094	3.0672
869604739179	1557.79	763.78	1556.02	729.81	3.2668	3.0673
869604747512	1558.54	785.19	1555.32	745.59	3.3230	3.1257
869604755845	1559.65	779.56	1555.30	746.13	3.3115	3.0894
869604764182	1559.63	794.12	1555.34	745.00	3.3433	3.0968
869604772515	1561.22	773.00	1551.06	745.50	3.2801	3.0927
869604780849	1561.08	769.44	1547.95	752.03	3.2827	3.1045
869604789182	1548.37	777.29	1553.81	740.40	3.3062	3.0887
869604797515	1559.35	773.97	1554.09	746.27	3.2948	3.1043
869604805849	1557.23	773.19	1547.05	757.78	3.3084	3.1360
869604814182	1555.62	811.25	1554.27	743.21	3.3969	3.0985
869604822516	1552.93	787.98	1556.36	737.81	3.3497	3.1049
869604830847	1552.20	764.77	1549.92	746.10	3.3024	3.1273
869604839181	1554.10	788.22	1552.92	743.74	3.3626	3.1188
869604847515	1551.74	778.17	1556.27	737.94	3.3495	3.1119
869604855847	1555.01	787.83	1554.89	755.76	3.3735	3.1466
869604864181	1553.90	779.43	1553.19	734.91	3.3696	3.1046
869604872514	1556.11	766.46	1551.57	737.39	3.3357	3.1019
869604880847	1554.83	769.04	1548.49	740.03	3.3602	3.1207
869604889185	1556.19	769.36	1544.55	744.27	3.3437	3.1475
869604897518	1556.92	771.08	1549.49	740.07	3.3572	3.1389
869604905852	1559.75	782.99	1548.19	745.68	3.4067	3.1459
869604914184	1553.14	780.18	1545.71	752.38	3.4053	3.1468
869604922517	1563.13	779.30	1550.30	734.59	3.4002	3.1450
869604930851	1562.29	762.31	1551.72	735.66	3.3433	3.1354
869604939184	1560.06	787.11	1549.11	738.60	3.4022	3.1366
869604947518	1563.11	789.66	1548.50	740.69	3.4259	3.1593
869604955850	1557.28	791.67	1553.35	735.26	3.4161	3.1263
869604964184	1561.63	778.79	1543.82	735.60	3.4016	3.1452
869604972518	1559.35	798.88	1551.37	747.59	3.4517	3.1683
869604980850	1564.59	778.07	1548.38	742.91	3.4203	3.1507
869604989184	1534.83	791.60	1527.58	773.23	3.3709	3.1491
869604997517	1496.85	831.58	1490.97	819.41	3.4012	3.1847
869605005849	1499.80	843.01	1492.63	817.44	3.3890	3.1542
869605014183	1491.61	845.39	1492.18	825.44	3.3929	3.1496
869605022522	1495.97	827.67	1495.49	801.68	3.3771	3.1318
869605030856	1490.26	834.14	1479.55	851.96	3.3874	3.2282
869605039189	1494.55	843.24	1489.02	836.36	3.3864	3.1795
869605047522	1501.77	837.43	1483.00	822.03	3.3933	3.1625
869605055856	1495.84	836.26	1491.85	818.73	3.3810	3.1539
869605064189	1495.94	840.53	1488.92	819.66	3.3993	3.1497
869605072523	1495.44	845.85	1493.37	812.45	3.3952	3.1413
869605080855	1493.48	836.12	1497.03	813.75	3.3849	3.1449
869605089189	1498.67	854.58	1493.69	809.94	3.4167	3.1216
869605097522	1494.84	846.42	1489.63	813.32	3.4088	3.1430
869605105854	1494.81	844.60	1490.48	811.52	3.4013	3.1443
869605114188	1495.19	847.65	1496.20	808.02	3.4131	3.1252
869605122521	1499.77	850.76	1493.84	820.40	3.4319	3.1543
869605130854	1495.28	847.22	1485.58	832.56	3.4129	3.1729
869605139188	1498.90	844.28	1483.44	848.40	3.4000	3.2248
869605147521	1493.82	849.68	1492.24	824.36	3.4194	3.1576
869605155859	1498.31	844.66	1491.95	823.97	3.4089	3.1537
869605164192	1499.50	843.49	1488.82	830.23	3.4119	3.1832
869605172525	1497.75	845.61	1482.36	840.95	3.4125	3.2074
869605180859	1499.14	851.32	1486.97	836.27	3.4215	3.1916
869605189191	1499.11	855.92	1486.38	841.54	3.4349	3.2029
869605197524	1499.02	845.87	1487.72	827.86	3.4162	3.1775
869605205857	1494.92	826.34	1486.17	832.51	3.3569	3.1872
869605214191	1494.09	840.73	1483.72	831.06	3.3903	3.1752
869605222524	1492.83	846.02	1481.77	835.53	3.4058	3.1822
869605230857	1499.07	853.46	1485.37	829.18	3.4173	3.1547
869605239191	1497.34	849.92	1487.23	838.73	3.4196	3.1777
869605247524	1502.05	843.09	1488.32	820.52	3.4232	3.1524
869605255857	1496.79	847.79	1487.34	827.73	3.4161	3.1748
869605264191	1501.84	850.46	1481.78	836.25	3.4293	3.1965
869605272523	1504.00	837.21	1491.18	817.92	3.3871	3.1397
