t	gaze_point_LX	gaze_point_LY	gaze_point_RX	gaze_point_RY	pupil_diameter_L	pupil_diameter_R
870477052395	NaN	NaN	NaN	NaN	NaN	NaN
870477060729	NaN	NaN	NaN	NaN	NaN	NaN
870477069064	NaN	NaN	NaN	NaN	NaN	NaN
870477077398	NaN	NaN	NaN	NaN	NaN	NaN
870477085731	NaN	NaN	NaN	NaN	NaN	NaN
870477094064	NaN	NaN	NaN	NaN	NaN	NaN
870477102398	NaN	NaN	NaN	NaN	NaN	NaN
870477110731	NaN	NaN	NaN	NaN	NaN	NaN
870477119064	NaN	NaN	NaN	NaN	NaN	NaN
870477127396	NaN	NaN	NaN	NaN	NaN	NaN
870477135730	NaN	NaN	NaN	NaN	NaN	NaN
870477144063	NaN	NaN	NaN	NaN	NaN	NaN
870477152396	NaN	NaN	NaN	NaN	NaN	NaN
870477160730	NaN	NaN	NaN	NaN	NaN	NaN
870477169064	NaN	NaN	NaN	NaN	NaN	NaN
870477177396	NaN	NaN	NaN	NaN	NaN	NaN
870477185730	NaN	NaN	NaN	NaN	NaN	NaN
870477194063	1725.38	1505.31	NaN	NaN	1.9703	NaN
870477202400	NaN	NaN	1434.65	1177.24	NaN	3.0398
870477210734	NaN	NaN	1329.31	985.68	NaN	3.1407
870477219066	NaN	NaN	1332.29	764.16	NaN	3.0397
870477227399	NaN	NaN	1297.90	659.12	NaN	3.1365
870477235733	NaN	NaN	1272.18	614.41	NaN	3.2043
870477244066	NaN	NaN	1258.02	633.37	NaN	3.1621
870477252402	NaN	NaN	1248.22	658.44	NaN	3.1433
870477260732	1243.91	708.99	1247.58	663.45	3.1189	3.1483
870477269066	1242.50	785.97	1241.18	654.04	3.2820	3.1530
870477277399	1234.95	680.58	1230.35	648.14	3.1967	3.1612
870477285732	1229.76	629.32	1224.94	644.99	3.2202	3.1797
870477294066	1229.87	623.76	1218.70	638.50	3.2283	3.1846
870477302400	1219.40	638.76	1219.20	647.83	3.2063	3.2004
870477310732	1230.12	668.81	1213.95	639.29	3.2262	3.1774
870477319065	1223.21	696.83	1205.21	638.68	3.2767	3.1820
870477327403	1221.36	700.88	1204.61	642.37	3.2766	3.1746
870477335736	1226.96	714.83	1198.25	639.87	3.2871	3.1782
870477344069	1213.18	704.58	1189.05	652.88	3.2629	3.1846
870477352403	1206.72	706.56	1187.17	655.64	3.2707	3.1842
870477360735	1208.88	715.08	1189.45	668.91	3.2890	3.2081
870477369069	1208.42	706.88	1191.20	658.08	3.2898	3.1854
870477377402	1205.26	708.91	1191.66	660.47	3.2834	3.1938
870477385736	1211.02	707.02	1188.31	658.54	3.2826	3.1851
870477394069	1208.79	716.03	1186.37	665.99	3.3155	3.2046
870477402402	1206.93	690.60	1184.53	655.36	3.2760	3.1738
870477410735	1206.36	688.20	1186.49	652.16	3.2868	3.1905
870477419068	1201.08	678.68	1186.57	656.57	3.2593	3.1912
870477427402	1201.91	682.72	1190.29	655.41	3.3008	3.1908
870477435734	1202.76	683.43	1192.14	655.26	3.2864	3.1795
870477444068	1205.25	662.91	1188.18	650.74	3.2648	3.1936
870477452401	1206.73	671.06	1186.16	648.85	3.2859	3.1922
870477460739	1196.64	673.17	1184.23	657.48	3.2901	3.2061
870477469075	1201.91	654.97	1191.08	657.73	3.2464	3.2018
870477477406	1206.86	682.06	1186.38	648.31	3.3311	3.1816
870477485742	1205.37	674.99	1194.62	655.23	3.3094	3.2032
870477494072	1263.56	705.70	1235.10	666.36	3.3582	3.1800
870477502405	1291.40	716.94	1277.17	681.18	3.3951	3.2168
870477510738	1303.16	725.14	1282.09	670.72	3.4002	3.1828
870477519072	1304.22	724.72	1287.37	676.48	3.3938	3.1831
870477527405	1290.71	698.16	1274.65	667.42	3.3313	3.1603
870477535738	1294.12	690.65	1282.43	685.16	3.3033	3.2364
870477544072	1296.87	689.25	1279.60	681.39	3.3206	3.2072
870477552405	1297.30	707.70	1280.30	673.30	3.3667	3.1835
870477560738	1303.92	717.08	1277.62	688.32	3.3882	3.2166
870477569072	1298.78	693.36	1279.60	671.27	3.3413	3.1711
870477577405	1297.41	708.70	1278.49	668.24	3.3761	3.1758
870477585737	1307.24	714.63	1281.71	679.71	3.3972	3.1935
870477594076	1302.75	727.92	1278.00	683.15	3.4254	3.2042
870477602409	1300.59	712.90	1275.75	685.86	3.3801	3.2100
870477610742	1305.64	727.14	1279.37	675.87	3.4048	3.2035
870477619076	1307.18	730.21	1276.43	682.85	3.4158	3.2259
870477627409	1303.79	724.63	1281.11	674.51	3.3946	3.1754
870477635742	1305.26	720.56	1283.39	673.21	3.3914	3.1637
870477644076	1311.70	751.10	1284.42	685.97	3.4235	3.2112
870477652409	1308.98	762.19	1281.32	696.90	3.4021	3.2085
870477660743	1310.14	730.88	1289.80	714.02	3.3878	3.1738
870477669076	1302.10	889.91	1290.11	709.43	3.3736	3.1900
870477677408	NaN	NaN	1272.48	772.29	NaN	3.2652
870477685741	NaN	NaN	1266.37	959.42	NaN	3.1585
870477694075	NaN	NaN	NaN	NaN	NaN	NaN
870477702408	NaN	NaN	1412.59	1324.67	NaN	2.8298
870477710741	NaN	NaN	NaN	NaN	NaN	NaN
870477719078	NaN	NaN	NaN	NaN	NaN	NaN
870477727413	NaN	NaN	NaN	NaN	NaN	NaN
870477735746	NaN	NaN	1280.95	1342.90	NaN	3.4404
870477744080	NaN	NaN	1255.62	1188.98	NaN	3.2081
870477752413	NaN	NaN	1248.10	1004.53	NaN	3.1725
870477760747	NaN	NaN	1244.25	880.92	NaN	3.0609
870477769079	NaN	NaN	1232.98	854.33	NaN	3.2543
870477777412	NaN	NaN	1233.01	797.25	NaN	3.3066
870477785745	NaN	NaN	1236.67	707.79	NaN	3.2406
870477794079	NaN	NaN	1235.53	683.31	NaN	3.2111
870477802412	1414.62	896.75	1232.71	724.02	2.7327	3.2518
870477810745	NaN	NaN	1229.42	788.09	NaN	3.3205
870477819078	NaN	NaN	1232.90	787.33	NaN	3.3194
870477827412	1258.70	877.86	1232.09	787.17	3.4440	3.3427
870477835746	1252.51	780.90	1233.48	785.48	3.3785	3.3509
870477844079	1261.90	777.72	1228.63	785.24	3.4717	3.3552
870477852415	1264.50	751.62	1229.24	790.41	3.4574	3.3804
870477860748	1270.37	753.48	1229.09	775.25	3.4933	3.3717
870477869080	1265.91	755.32	1227.25	756.53	3.4746	3.3410
870477877414	1261.46	766.95	1224.80	760.78	3.4751	3.3526
870477885747	1262.85	784.00	1230.26	742.81	3.4641	3.3391
870477894081	1265.90	796.04	1231.88	739.92	3.5061	3.3551
870477902414	1268.08	790.45	1229.79	733.23	3.4895	3.3270
870477910748	1267.63	799.09	1229.77	753.34	3.5141	3.3836
870477919081	1265.85	787.90	1224.41	757.43	3.5062	3.3970
870477927414	1263.31	778.39	1225.30	745.56	3.4897	3.3730
870477935747	1269.47	776.37	1225.12	761.45	3.5058	3.3912
870477944081	1292.56	766.05	1257.92	749.59	3.5123	3.3976
870477952413	1307.48	756.15	1275.73	736.06	3.5144	3.3621
870477960746	1307.57	750.89	1274.93	713.57	3.5563	3.3193
870477969079	1298.71	743.50	1270.12	734.80	3.5392	3.3672
870477977413	1301.84	736.60	1264.93	736.02	3.5415	3.3797
870477985752	1304.57	741.95	1274.57	726.75	3.5366	3.3565
870477994086	1296.68	740.61	1265.06	745.07	3.5433	3.3968
870478002419	1306.82	744.92	1270.74	726.32	3.5459	3.3524
870478010753	1305.27	746.85	1273.73	738.56	3.5478	3.3763
870478019085	1300.02	742.54	1273.96	725.49	3.5345	3.3603
870478027419	1298.94	735.85	1279.26	710.45	3.5174	3.3206
870478035752	1301.98	731.98	1277.91	727.87	3.5071	3.3537
870478044084	1298.06	743.99	1277.31	708.61	3.5309	3.3123
870478052418	1298.01	734.60	1271.27	737.37	3.5075	3.3790
870478060752	1300.36	721.64	1274.74	720.85	3.4795	3.3503
870478069084	1298.26	725.22	1278.43	724.51	3.4699	3.3531
870478077418	1295.27	725.18	1278.90	731.05	3.4913	3.3559
870478085751	1306.45	730.48	1283.43	720.35	3.4586	3.3427
870478094085	1299.92	718.55	1283.61	723.00	3.4663	3.3494
870478102418	1300.41	730.12	1291.72	714.06	3.4788	3.3073
870478110751	1302.96	732.64	1287.27	731.67	3.4892	3.3589
870478119089	1306.90	744.92	1290.57	711.39	3.5060	3.2968
870478127423	1303.43	737.96	1285.75	734.89	3.5072	3.3462
870478135755	1302.78	731.65	1292.29	735.39	3.4931	3.3477
870478144089	1300.40	723.38	1282.16	753.41	3.4912	3.3860
870478152422	1301.60	732.27	1277.65	733.97	3.5098	3.3364
870478160755	1303.99	741.49	1280.21	742.77	3.5064	3.3579
870478169089	1305.12	745.48	1280.03	739.15	3.5089	3.3459
870478177422	1309.28	742.57	1281.16	708.13	3.5018	3.2502
870478185755	1302.59	740.19	1273.05	742.51	3.4872	3.3472
870478194089	1302.61	739.39	1272.60	745.74	3.4884	3.3576
870478202422	1307.90	748.00	1280.45	740.27	3.5166	3.3265
870478210755	1302.40	742.18	1280.66	734.48	3.4837	3.3136
870478219088	1299.04	742.35	1282.29	726.89	3.4970	3.3101
870478227421	1297.39	747.57	1281.43	746.65	3.5055	3.3373
870478235754	1296.95	743.65	1277.29	730.55	3.4855	3.2924
870478244093	1292.99	747.73	1277.70	745.21	3.4794	3.3506
870478252426	1300.01	746.75	1275.36	742.48	3.5095	3.3232
870478260759	1300.37	742.29	1272.62	742.56	3.4878	3.3428
870478269092	1305.54	745.39	1273.45	723.57	3.4959	3.2840
870478277426	1298.25	750.41	1274.42	743.38	3.4885	3.3393
870478285759	1308.68	758.82	1282.03	730.68	3.5079	3.2923
870478294092	1303.73	754.92	1278.95	738.95	3.4842	3.3104
870478302428	1306.78	751.58	1275.83	745.04	3.4891	3.3182
870478310759	1308.72	759.22	1278.39	742.74	3.4972	3.3280
870478319091	1308.15	749.90	1277.56	740.11	3.4854	3.3266
870478327425	1308.07	755.31	1282.50	737.14	3.5028	3.3162
870478335758	1306.06	749.85	1281.79	721.72	3.5044	3.2945
870478344092	1300.55	748.14	1281.58	744.15	3.5114	3.3200
870478352425	1306.45	751.34	1278.92	738.15	3.4929	3.3168
870478360758	1301.23	749.96	1280.53	734.34	3.4923	3.3184
870478369092	1299.27	752.39	1277.71	743.55	3.5035	3.3376
870478377433	1303.20	746.54	1277.99	729.72	3.4896	3.3115
870478385766	1301.62	747.55	1280.48	722.69	3.4685	3.2975
870478394100	1303.76	749.17	1276.56	744.58	3.5114	3.3497
870478402432	1303.46	750.98	1273.27	730.72	3.5189	3.3119
870478410765	1305.18	751.19	1274.55	731.95	3.5040	3.3118
870478419098	1311.67	793.49	1272.09	749.87	3.6051	3.3417
870478427432	1304.11	748.93	1271.87	745.10	3.5112	3.3602
870478435765	1307.12	752.08	1272.82	719.52	3.5156	3.3027
870478444099	1304.99	748.63	1274.02	749.90	3.5018	3.3670
870478452431	1300.28	739.02	1267.44	742.94	3.4763	3.3788
870478460765	1302.09	754.84	1267.10	744.65	3.5065	3.3818
870478469098	1303.86	756.68	1275.30	737.87	3.5335	3.3637
870478477432	1300.19	752.06	1273.09	750.25	3.5269	3.3850
870478485765	1305.42	750.69	1266.58	749.04	3.5297	3.3929
870478494099	1302.70	750.99	1269.80	746.39	3.5162	3.3912
870478502431	1299.43	754.61	1275.21	749.94	3.5304	3.3784
870478510767	1306.39	756.45	1268.95	731.82	3.5283	3.3581
870478519100	1302.79	754.01	1266.80	756.45	3.5360	3.4321
870478527434	1307.71	761.93	1273.75	745.90	3.5505	3.4013
870478535767	1301.35	746.19	1273.15	755.89	3.5135	3.4483
870478544100	1300.92	756.47	1272.24	749.99	3.5329	3.4145
870478552433	1302.15	746.85	1266.42	762.01	3.5476	3.4624
870478560769	1303.07	752.76	1277.47	734.23	3.5531	3.3876
870478569100	1306.27	760.98	1270.38	753.47	3.5831	3.4544
870478577434	1307.06	749.78	1275.01	738.98	3.5466	3.4132
870478585767	1299.51	728.69	1269.98	734.82	3.5274	3.4007
870478594099	1304.15	732.93	1276.27	748.29	3.5259	3.4373
870478602433	1303.46	746.08	1270.66	746.83	3.5492	3.4473
870478610766	1279.86	783.68	1251.29	777.21	3.5812	3.4724
870478619100	1272.45	786.59	1238.75	810.82	3.5150	3.4657
870478627433	1283.24	800.53	1239.60	825.79	3.5181	3.4789
870478635766	1274.21	793.39	1240.14	815.65	3.5151	3.4767
870478644102	1275.46	783.88	1244.12	809.11	3.5061	3.4720
870478652435	1274.77	805.81	1247.00	808.32	3.5313	3.4677
870478660769	1268.42	784.12	1250.62	793.89	3.4809	3.4241
870478669103	1270.14	781.01	1251.51	810.66	3.4783	3.4650
870478677435	1270.81	789.35	1245.30	811.11	3.4809	3.4281
870478685768	1266.81	792.71	1252.56	795.71	3.4799	3.3714
870478694101	1269.20	784.95	1248.25	799.41	3.4264	3.3876
870478702435	1270.79	801.97	1246.24	821.84	3.4587	3.4001
870478710768	1269.93	797.06	1247.48	811.68	3.4353	3.3820
870478719101	1269.81	796.82	1246.59	819.56	3.4214	3.3732
870478727434	1267.82	773.42	1242.43	818.42	3.3355	3.3392
870478735768	1275.97	806.00	1246.77	818.76	3.3863	3.3326
870478744101	1267.88	798.80	1246.49	815.96	3.3492	3.3299
870478752435	1263.93	807.07	1248.96	804.78	3.3444	3.2754
870478760768	1268.97	805.23	1249.68	806.98	3.3172	3.2487
870478769107	1269.23	808.48	1250.42	810.98	3.3268	3.2429
870478777440	1267.97	808.17	1249.39	809.12	3.3106	3.2004
870478785773	1259.14	798.51	1242.50	815.25	3.2525	3.2195
870478794106	1266.76	803.25	1249.89	801.81	3.2444	3.1718
870478802440	1265.73	809.34	1252.45	809.28	3.2440	3.1579
870478810773	1266.60	804.91	1243.23	815.48	3.2313	3.1654
870478819106	1246.70	812.85	1230.30	831.65	3.1971	3.1462
870478827439	1194.49	838.20	1185.73	853.60	3.1635	3.1215
870478835773	1209.34	856.19	1198.53	858.25	3.1451	3.0866
870478844106	1206.64	845.72	1200.15	868.21	3.1257	3.1018
870478852440	1203.99	828.89	1198.75	863.08	3.0725	3.0911
870478860773	1201.76	843.55	1194.10	858.77	3.0910	3.0632
870478869105	1200.15	840.99	1202.67	854.24	3.0750	3.0325
870478877441	1200.05	852.76	1193.01	872.40	3.0742	3.0667
870478885772	1201.81	844.09	1202.08	824.84	3.0777	2.9593
870478894105	1203.17	856.20	1196.88	865.46	3.0782	3.0291
870478902443	1199.51	852.26	1196.05	860.80	3.0695	2.9909
870478910776	1193.54	844.94	1198.44	865.26	3.0385	3.0092
870478919109	1197.06	838.55	1200.34	831.15	3.0195	2.9296
870478927443	1197.17	841.37	1195.26	836.79	3.0307	2.9273
870478935776	1201.08	852.00	1202.72	833.51	3.0469	2.9290
870478944109	1197.04	839.95	1200.48	811.10	3.0232	2.8539
870478952443	1202.32	858.78	1194.45	830.88	3.0646	2.9006
870478960775	1194.87	836.23	1196.63	860.32	2.9789	2.9441
870478969108	1208.35	876.84	1200.68	828.72	3.1151	2.8703
870478977442	1203.25	854.15	1197.77	854.19	3.0460	2.9296
870478985774	1194.25	844.89	1196.60	862.00	3.0244	2.9467
870478994108	1197.65	825.93	1202.68	857.94	2.9641	2.9341
870479002442	1207.64	852.34	1205.35	811.75	3.0520	2.8182
870479010775	1198.58	842.29	1201.36	863.24	2.9938	2.9295
870479019108	1207.38	870.31	1196.70	826.31	3.0689	2.8692
870479027442	1205.80	864.52	1193.70	867.04	3.0427	2.9410
870479035779	1197.27	819.92	1196.70	867.50	2.9255	2.9447
870479044112	1197.18	847.33	1200.45	832.42	2.9846	2.8618
870479052445	1206.06	853.04	1199.04	836.28	3.0082	2.8547
870479060778	1201.66	866.54	1201.21	830.17	3.0632	2.8555
870479069111	1134.86	856.80	1129.44	840.96	3.0310	2.9021
870479077445	1091.69	831.68	1092.49	828.23	3.0529	2.9113
870479085778	1072.22	810.08	1073.02	784.55	3.0276	2.8425
870479094111	1061.08	788.05	1063.71	770.38	3.0009	2.8652
870479102445	1067.84	799.86	1067.51	753.70	3.0398	2.8383
870479110777	1067.07	804.07	1063.83	767.93	3.0352	2.8499
870479119111	1072.31	792.89	1067.65	757.60	3.0228	2.8201
870479127445	1066.29	804.90	1066.50	784.02	3.0327	2.8714
870479135778	1069.36	790.58	1062.72	784.99	3.0178	2.8824
870479144110	1066.42	779.96	1062.07	761.05	2.9907	2.8230
870479152443	1071.30	799.62	1066.89	762.75	3.0368	2.8289
870479160781	1068.24	798.27	1061.77	767.25	3.0411	2.8594
870479169114	1072.71	802.92	1062.83	770.95	3.0655	2.8553
870479177447	1069.72	799.33	1062.57	777.49	3.0197	2.8628
870479185781	1074.90	800.21	1061.42	774.34	3.0446	2.8525
870479194114	1076.90	804.21	1054.66	762.43	3.0658	2.8442
870479202448	1074.19	790.24	1055.57	756.79	3.0220	2.8338
870479210781	1069.09	781.37	1054.85	773.90	2.9767	2.8704
870479219114	1068.37	784.28	1057.36	760.20	2.9956	2.8359
870479227447	1063.37	783.81	1055.31	768.13	3.0030	2.8453
870479235780	1072.05	784.21	1055.62	758.13	3.0262	2.8249
870479244113	1070.10	798.22	1059.51	786.32	3.0515	2.8997
870479252446	1066.79	778.26	1057.90	769.26	3.0108	2.8510
870479260780	1077.67	804.93	1059.38	759.76	3.0691	2.8295
870479269113	1070.50	792.79	1054.78	764.39	3.0338	2.8568
870479277446	1073.04	788.29	1055.20	766.60	3.0211	2.8601
870479285780	1068.76	778.75	1050.72	763.86	3.0045	2.8503
870479294117	1079.27	789.06	1053.28	785.36	3.0354	2.8779
870479302450	1077.99	791.69	1058.60	781.90	3.0460	2.8641
870479310784	1075.34	788.34	1059.73	766.68	3.0437	2.8552
870479319117	1074.97	779.58	1059.47	777.52	3.0156	2.8639
870479327449	1070.94	787.23	1058.30	784.90	3.0164	2.8958
870479335783	1077.92	805.85	1055.16	760.42	3.0783	2.8540
870479344116	1072.36	801.25	1057.13	774.02	3.0699	2.8871
870479352449	1074.45	812.54	1062.62	791.95	3.1071	2.9148
870479360783	1069.66	798.26	1061.16	787.85	3.0757	2.9092
870479369116	1071.63	810.23	1057.68	792.80	3.0903	2.9294
870479377449	1069.69	804.35	1057.12	760.12	3.0982	2.8745
870479385783	1062.75	799.46	1060.65	784.68	3.0681	2.9159
870479394116	1069.05	799.69	1059.63	789.27	3.1062	2.9553
870479402449	1070.36	807.70	1058.51	775.61	3.1001	2.9003
870479410783	1074.19	804.20	1060.75	779.87	3.1149	2.9158
870479419115	1072.13	805.88	1051.00	764.29	3.1130	2.9019
870479427455	1010.38	800.57	1004.93	790.19	3.1211	2.9585
870479435789	1005.44	785.26	998.90	761.10	3.0787	2.8880
870479444122	1005.90	794.68	998.08	759.60	3.1231	2.9114
870479452455	1007.18	775.71	998.61	740.45	3.1076	2.9192
870479460789	1004.52	789.75	1002.62	758.29	3.1240	2.9288
870479469122	1012.28	796.48	993.95	751.32	3.1525	2.9337
870479477455	1005.63	784.64	1001.61	759.57	3.1143	2.9442
870479485789	1006.67	795.72	997.93	767.08	3.1635	2.9620
870479494122	1004.80	789.33	998.32	755.36	3.1405	2.9431
870479502455	1007.59	777.53	1001.05	774.23	3.1199	2.9844
870479510788	1010.81	792.87	998.10	760.81	3.1685	2.9740
870479519121	1012.61	794.26	995.11	760.63	3.1859	2.9701
870479527454	1005.71	787.33	995.71	770.09	3.1677	2.9956
870479535788	1003.73	786.63	992.64	762.84	3.1495	2.9787
870479544121	999.66	777.89	994.83	750.59	3.1440	2.9603
870479552454	999.89	752.76	998.81	729.38	3.1731	3.0076
870479560794	1027.35	684.19	1038.63	680.60	3.1533	3.0276
870479569126	1060.75	666.99	1061.69	659.72	3.1680	3.0532
870479577460	1090.96	646.04	1108.16	654.20	3.1723	3.0479
870479585794	1087.01	621.61	1100.21	642.98	3.1507	3.0571
870479594127	1088.74	626.82	1097.03	647.46	3.1753	3.0470
870479602459	1081.93	622.35	1093.18	652.80	3.1577	3.0706
870479610793	1078.39	615.15	1090.60	648.94	3.1559	3.0706
870479619126	1079.51	616.29	1094.69	644.62	3.1614	3.0665
870479627458	1086.97	618.15	1097.67	645.36	3.1511	3.0656
870479635792	1079.36	620.00	1097.40	646.92	3.1640	3.0375
870479644124	1083.57	622.03	1098.53	646.73	3.1689	3.0509
870479652458	1086.82	626.97	1097.34	650.66	3.1739	3.0818
870479660791	1088.27	622.48	1095.33	636.03	3.1721	3.0452
870479669125	1082.89	621.84	1092.60	637.75	3.1542	3.0522
870479677458	1080.46	622.73	1090.09	639.87	3.1688	3.0783
870479685794	1075.91	626.65	1091.53	633.74	3.1632	3.0658
870479694126	1085.17	622.38	1095.32	635.81	3.1496	3.0443
870479702460	1085.85	627.54	1092.62	641.93	3.1574	3.0651
870479710793	1079.95	624.46	1097.45	632.37	3.1590	3.0434
870479719126	1087.57	617.27	1095.31	634.58	3.1422	3.0549
870479727460	1087.82	626.53	1092.53	639.60	3.1781	3.0586
870479735793	1084.46	627.42	1093.71	637.49	3.1792	3.0501
870479744127	1081.57	621.99	1096.28	636.82	3.1516	3.0353
870479752460	1085.14	621.89	1091.72	639.77	3.1701	3.0320
870479760793	1081.80	609.41	1095.05	650.35	3.1428	3.0558
870479769126	1088.55	619.84	1090.88	636.60	3.1727	3.0313
870479777460	1090.04	618.90	1096.93	637.61	3.1656	3.0275
870479785792	1086.19	621.99	1093.23	639.83	3.1644	3.0344
870479794125	1088.05	624.39	1097.71	636.90	3.1631	3.0449
870479802459	1089.26	622.44	1095.20	642.24	3.1612	3.0372
870479810792	1086.28	628.06	1095.76	634.94	3.1711	3.0249
870479819133	1076.60	616.89	1093.47	636.02	3.1447	3.0200
870479827466	1085.07	622.29	1091.10	635.86	3.1435	3.0372
870479835799	1081.10	616.63	1093.55	635.20	3.1331	3.0172
870479844132	1079.41	621.83	1088.70	635.53	3.1364	3.0242
870479852466	1112.99	622.29	1118.58	638.17	3.1335	3.0391
870479860799	1167.48	615.52	1167.47	622.09	3.1571	3.0363
870479869132	1167.72	601.53	1176.91	607.57	3.1664	3.0178
870479877465	1165.89	603.15	1173.55	610.73	3.1377	3.0091
870479885798	1164.55	606.25	1174.87	609.36	3.1486	3.0168
870479894132	1162.92	608.43	1171.16	614.22	3.1305	3.0253
870479902465	1169.15	603.22	1172.28	621.65	3.1261	3.0385
870479910798	1169.32	597.65	1176.74	620.37	3.1288	3.0251
870479919131	1163.27	600.75	1175.76	618.20	3.1196	3.0193
870479927465	1165.49	602.98	1175.36	618.34	3.1208	3.0107
870479935798	1168.23	597.65	1173.93	615.44	3.1249	3.0229
870479944132	1162.56	603.33	1174.43	609.24	3.1127	2.9954
870479952468	1170.09	604.88	1173.56	619.09	3.1277	3.0043
870479960801	1165.20	606.13	1176.81	617.99	3.1243	3.0013
870479969134	1165.72	606.18	1175.36	615.39	3.1156	2.9986
870479977467	1170.85	601.93	1176.71	614.45	3.1004	2.9875
870479985800	1169.15	614.18	1175.58	607.35	3.1098	2.9641
870479994133	1165.60	610.98	1174.27	616.28	3.1195	2.9812
870480002467	1168.75	609.32	1170.34	607.40	3.0886	2.9745
870480010800	1173.34	605.26	1174.69	608.27	3.0861	2.9723
870480019134	1172.10	608.61	1173.20	613.05	3.0853	2.9753
870480027467	1171.96	603.94	1166.91	611.77	3.0791	2.9666
870480035800	1172.87	609.80	1171.00	613.84	3.1022	2.9787
870480044134	1172.86	603.64	1165.65	606.12	3.0795	2.9718
870480052467	1171.68	608.09	1172.93	609.15	3.0747	2.9689
870480060799	1169.89	605.00	1167.15	614.98	3.0664	2.9601
870480069133	1167.57	600.70	1171.74	612.58	3.0561	2.9603
870480077465	1166.92	598.07	1175.98	611.26	3.0550	2.9359
870480085804	1175.00	604.30	1174.48	618.08	3.0542	2.9532
870480094138	1174.17	610.29	1176.67	615.76	3.0696	2.9502
870480102471	1164.34	609.48	1172.60	618.78	3.0640	2.9561
870480110804	1175.05	617.39	1185.49	632.26	3.0505	2.9369
870480119137	1238.98	669.08	1246.19	673.44	3.0197	2.9253
870480127471	1244.26	730.44	1248.16	703.22	3.0421	2.8378
870480135804	1236.01	746.32	1249.81	730.64	3.0114	2.8352
870480144138	1258.04	795.15	1258.48	751.45	3.1107	2.8412
870480152470	1251.05	800.44	1253.95	781.39	3.0725	2.8902
870480160803	1256.22	796.06	1254.24	757.13	3.0806	2.8362
870480169137	1254.38	801.93	1255.37	758.81	3.0743	2.8357
870480177470	1256.88	808.73	1254.44	781.84	3.0817	2.8602
870480185803	1251.97	796.99	1258.70	773.42	3.0555	2.8417
870480194137	1249.14	806.56	1246.72	800.57	3.0701	2.9111
870480202470	1256.28	811.56	1259.89	782.18	3.0812	2.8270
870480210807	1252.96	810.37	1255.21	782.28	3.0497	2.8682
870480219141	1249.35	789.48	1256.39	778.42	3.0000	2.8353
870480227474	1256.47	816.38	1253.29	784.15	3.0859	2.8421
870480235807	1255.05	810.56	1258.09	789.31	3.0348	2.8458
870480244139	1259.20	810.97	1263.69	762.45	3.0678	2.7643
870480252472	1257.30	808.24	1263.34	759.59	3.0571	2.7692
870480260805	1257.90	810.60	1263.09	777.23	3.0261	2.8024
870480269138	1256.31	812.02	1260.81	795.95	3.0365	2.8501
870480277472	1259.25	813.00	1260.06	797.42	3.0276	2.8784
870480285805	1258.77	807.15	1259.80	791.09	3.0313	2.8436
870480294138	1255.90	800.92	1265.30	768.59	3.0115	2.7693
870480302472	1258.49	811.88	1258.99	803.99	3.0392	2.8548
870480310805	1262.08	817.74	1261.60	778.07	3.0454	2.8067
870480319138	1256.25	810.76	1257.98	776.66	3.0488	2.8059
870480327472	1260.22	821.01	1267.78	795.08	3.0455	2.8512
870480335804	1256.98	810.90	1264.00	764.55	3.0296	2.7841
870480344141	1284.37	832.05	1280.08	786.87	3.0325	2.7771
870480352475	1272.27	860.46	1274.38	849.84	2.9994	2.8380
870480360808	1258.51	859.24	1267.60	869.41	2.9656	2.8374
870480369141	1258.34	862.15	1270.80	867.71	2.9803	2.8519
870480377475	1261.71	865.33	1275.82	857.84	3.0026	2.8416
870480385808	1264.87	869.30	1263.20	870.75	2.9843	2.8693
870480394141	1261.61	865.77	1274.26	855.91	3.0218	2.8249
870480402475	1265.42	862.47	1270.13	872.37	2.9920	2.8983
870480410808	1262.08	858.38	1269.35	869.10	2.9783	2.8549
870480419141	1261.37	857.24	1274.07	868.65	2.9617	2.8536
870480427474	1257.94	856.85	1278.76	868.32	2.9745	2.8490
870480435807	1264.68	858.26	1277.55	864.02	2.9790	2.8496
870480444140	1259.59	868.19	1276.91	870.66	2.9799	2.8527
870480452474	1264.16	860.23	1278.02	880.98	2.9816	2.8822
870480460807	1263.07	849.32	1281.57	868.83	2.9577	2.8648
870480469141	1265.76	860.03	1274.73	862.23	2.9748	2.8478
870480477480	1252.77	850.20	1272.14	856.92	2.9629	2.8605
870480485813	1260.37	867.41	1277.31	850.31	2.9835	2.8363
870480494146	1267.59	868.86	1278.95	851.87	2.9863	2.8112
870480502480	1255.13	870.06	1276.34	855.51	2.9982	2.8245
870480510813	1261.97	866.96	1274.17	864.72	2.9824	2.8435
870480519145	1264.81	858.26	1264.01	874.40	2.9784	2.9048
870480527479	1261.85	862.63	1271.41	859.56	2.9866	2.8585
870480535812	1263.03	868.98	1277.62	858.99	2.9961	2.8403
870480544145	1259.73	831.27	1270.31	861.96	2.9174	2.8495
870480552479	1258.79	824.61	1271.37	859.92	2.9324	2.8682
870480560812	1257.76	846.59	1270.67	859.36	2.9501	2.8479
870480569145	1254.14	822.68	1264.73	870.32	2.9085	2.8926
870480577479	1250.98	835.49	1271.25	858.36	2.9149	2.8511
870480585812	1261.99	848.10	1280.09	853.65	2.9704	2.8339
870480594145	1338.45	852.72	1352.64	829.09	3.0018	2.8039
870480602479	1397.32	835.52	1424.09	836.28	2.9951	2.8427
870480610814	1415.38	825.52	1438.00	807.22	3.0308	2.8126
870480619147	1446.87	792.48	1466.29	789.06	2.9862	2.8125
870480627481	1440.63	803.11	1452.11	809.34	3.0094	2.8405
870480635814	1423.65	787.27	1451.50	796.28	3.0018	2.8086
870480644147	1429.37	806.90	1453.33	796.78	3.0250	2.8262
870480652481	1431.28	800.80	1452.07	799.69	3.0068	2.8133
870480660814	1428.39	797.15	1454.06	804.62	3.0218	2.8265
870480669147	1424.05	793.77	1452.07	805.17	3.0220	2.8238
870480677481	1421.00	816.62	1456.00	801.72	3.0372	2.8314
870480685814	1421.97	813.61	1458.87	802.94	3.0508	2.8323
870480694147	1423.84	811.12	1454.58	793.68	3.0371	2.8169
870480702480	1418.79	809.88	1454.01	802.25	3.0217	2.8398
870480710813	1422.82	796.17	1458.18	809.70	3.0405	2.8597
870480719146	1422.64	809.70	1460.59	790.65	3.0606	2.8452
870480727480	1430.79	812.46	1461.08	796.83	3.1007	2.8399
870480735820	1432.91	797.92	1465.48	804.98	3.0724	2.8683
870480744153	1436.04	800.13	1456.19	808.60	3.0550	2.8727
870480752487	1440.14	801.52	1462.22	808.69	3.0591	2.8487
870480760820	1438.34	802.11	1460.99	808.80	3.0637	2.8800
870480769153	1439.17	815.06	1461.54	810.77	3.0785	2.8777
870480777486	1439.95	808.14	1454.65	812.58	3.0857	2.8744
870480785819	1442.24	802.11	1465.31	803.98	3.0571	2.8499
870480794152	1437.22	803.63	1453.75	815.59	3.0583	2.8980
870480802485	1443.41	812.16	1459.47	806.08	3.0915	2.8652
870480810819	1443.41	810.81	1459.01	805.46	3.0846	2.8914
870480819152	1442.99	810.81	1451.07	814.15	3.0893	2.8904
870480827485	1447.92	817.63	1452.48	817.28	3.1061	2.8925
870480835819	1440.20	809.09	1449.24	808.96	3.0840	2.8688
870480844152	1436.04	789.18	1446.67	827.08	3.0398	2.9337
870480852486	1436.18	815.48	1445.54	817.60	3.1035	2.8911
870480860819	1432.69	791.28	1451.59	816.11	3.0525	2.8963
870480869156	1443.21	796.30	1445.15	816.93	3.0727	2.9103
870480877488	1451.67	821.95	1450.72	821.58	3.1253	2.9092
870480885821	1441.22	813.99	1443.15	838.12	3.0964	2.9502
870480894154	1449.16	815.45	1451.90	797.20	3.1069	2.8685
870480902487	1441.42	811.46	1450.87	803.91	3.0780	2.8879
870480910821	1441.33	813.19	1449.60	811.92	3.0983	2.9014
870480919154	1470.79	779.11	1480.17	811.44	3.0498	2.9368
870480927487	1518.17	781.47	1521.24	769.51	3.0840	2.9405
870480935821	1500.80	777.14	1506.68	769.44	3.1254	2.9427
870480944154	1506.76	751.89	1523.74	754.97	3.1059	2.9442
870480952487	1506.93	738.58	1515.52	757.87	3.0784	2.9298
870480960821	1507.35	749.41	1512.84	752.29	3.1022	2.9346
870480969154	1512.47	749.20	1517.25	757.51	3.0999	2.9349
870480977488	1514.57	748.63	1512.87	758.66	3.1151	2.9474
870480985820	1506.44	745.17	1520.53	751.98	3.0952	2.9231
870480994153	1505.35	740.55	1512.14	758.17	3.0842	2.9276
870481002491	1512.07	749.12	1513.33	759.88	3.1264	2.9401
870481010825	1508.07	748.27	1506.13	757.56	3.1248	2.9330
870481019158	1507.72	753.61	1514.74	750.54	3.1193	2.9409
870481027491	1512.74	755.49	1518.03	756.83	3.1371	2.9522
870481035825	1507.64	759.15	1511.22	753.71	3.1292	2.9494
870481044158	1499.03	770.44	1513.49	761.93	3.1901	2.9367
870481052491	1505.42	756.34	1515.00	759.27	3.1250	2.9420
870481060825	1505.98	747.10	1511.21	755.51	3.1330	2.9510
870481069157	1508.98	742.22	1518.32	751.31	3.1043	2.9351
870481077490	1504.68	761.69	1519.97	753.88	3.1329	2.9424
870481085824	1503.50	752.45	1516.12	751.50	3.0996	2.9407
870481094157	1509.71	758.71	1522.81	754.85	3.0924	2.9288
870481102492	1503.09	763.16	1518.28	764.91	3.1562	2.9604
870481110826	1502.29	738.07	1519.83	755.27	3.0631	2.9459
870481119159	1505.32	754.25	1519.28	758.56	3.0963	2.9583
870481127494	1503.65	753.70	1513.16	761.07	3.1001	2.9799
870481135830	1503.89	760.84	1518.32	763.33	3.1068	2.9663
870481144161	1510.16	752.31	1519.87	755.45	3.0920	2.9502
870481152496	1504.38	760.27	1515.67	757.98	3.0982	2.9565
870481160827	1506.42	744.59	1510.13	761.45	3.0775	2.9739
870481169160	1497.32	764.60	1514.39	755.74	3.1346	2.9450
870481177493	1504.19	748.07	1515.81	755.20	3.0855	2.9419
870481185829	1509.83	754.98	1509.01	748.48	3.1125	2.9422
870481194160	1502.41	762.41	1513.63	757.25	3.1297	2.9497
870481202495	1502.46	747.86	1510.81	756.60	3.0893	2.9509
870481210829	1504.29	744.56	1506.64	756.97	3.1084	2.9548
870481219160	1495.66	746.08	1506.56	760.82	3.0799	2.9562
870481227495	1506.03	740.89	1506.29	771.67	3.0915	2.9887
870481235827	1499.04	733.33	1510.25	757.09	3.0608	2.9402
870481244160	1499.35	750.27	1505.74	760.43	3.0963	2.9488
870481252492	1502.17	750.33	1511.71	757.26	3.0941	2.9419
870481260832	1499.71	748.07	1507.07	760.04	3.0927	2.9382
870481269165	1500.06	736.08	1502.39	760.41	3.0578	2.9463
870481277498	1501.32	731.63	1499.91	772.21	3.0413	2.9858
870481285832	1501.40	733.07	1512.13	752.20	3.0267	2.9359
870481294165	1499.72	736.26	1504.24	746.82	3.0499	2.9243
870481302498	1496.02	735.08	1509.18	756.15	3.0331	2.9196
870481310831	1498.69	742.33	1507.88	758.88	3.0659	2.9374
870481319165	1527.03	763.94	1531.64	753.94	3.0876	2.9385
870481327497	1581.58	729.81	1582.51	739.20	3.0828	2.9529
870481335830	1587.37	698.60	1590.01	730.26	3.0449	2.9745
870481344164	1597.34	689.79	1598.04	717.10	3.0276	2.9355
870481352499	1591.42	691.06	1587.21	722.78	3.0349	2.9722
870481360830	1584.33	702.44	1594.25	726.50	3.0423	2.9604
870481369164	1591.51	694.81	1590.85	726.18	3.0263	2.9635
870481377497	1592.30	690.94	1587.26	728.18	3.0015	2.9611
870481385830	1590.08	697.42	1583.81	728.05	3.0261	2.9644
