t	gaze_point_LX	gaze_point_LY	gaze_point_RX	gaze_point_RY	pupil_diameter_L	pupil_diameter_R
430010928667	1245.90	625.40	1235.23	706.95	2.7080	2.6120
430010937000	1290.46	945.69	1200.38	702.15	2.5219	2.7106
430010945334	NaN	NaN	NaN	NaN	NaN	NaN
430010953667	NaN	NaN	NaN	NaN	NaN	NaN
430010962000	NaN	NaN	NaN	NaN	NaN	NaN
430010970335	NaN	NaN	NaN	NaN	NaN	NaN
430010978669	NaN	NaN	NaN	NaN	NaN	NaN
430010987002	NaN	NaN	NaN	NaN	NaN	NaN
430010995336	NaN	NaN	NaN	NaN	NaN	NaN
430011003669	NaN	NaN	NaN	NaN	NaN	NaN
430011012002	NaN	NaN	NaN	NaN	NaN	NaN
430011020335	NaN	NaN	NaN	NaN	NaN	NaN
430011028668	NaN	NaN	NaN	NaN	NaN	NaN
430011037001	NaN	NaN	NaN	NaN	NaN	NaN
430011045334	NaN	NaN	NaN	NaN	NaN	NaN
430011053668	NaN	NaN	NaN	NaN	NaN	NaN
430011062001	NaN	NaN	NaN	NaN	NaN	NaN
430011070335	NaN	NaN	NaN	NaN	NaN	NaN
430011078668	NaN	NaN	NaN	NaN	NaN	NaN
430011087001	NaN	NaN	NaN	NaN	NaN	NaN
430011095335	NaN	NaN	NaN	NaN	NaN	NaN
430011103675	NaN	NaN	NaN	NaN	NaN	NaN
430011112008	NaN	NaN	NaN	NaN	NaN	NaN
430011120340	NaN	NaN	NaN	NaN	NaN	NaN
430011128674	NaN	NaN	NaN	NaN	NaN	NaN
430011137007	NaN	NaN	NaN	NaN	NaN	NaN
430011145341	NaN	NaN	NaN	NaN	NaN	NaN
430011153674	1368.44	1130.11	NaN	NaN	2.2299	NaN
430011162007	1411.88	886.24	NaN	NaN	1.9983	NaN
430011170341	NaN	NaN	NaN	NaN	NaN	NaN
430011178674	NaN	NaN	NaN	NaN	NaN	NaN
430011187007	NaN	NaN	1322.92	713.02	NaN	2.5441
430011195340	1308.50	739.81	1340.63	708.10	2.5174	2.5724
430011203673	1310.42	685.86	1324.73	679.33	2.6533	2.6693
430011212006	1304.66	653.53	1326.18	649.93	2.7147	2.7507
430011220339	1293.70	601.82	1308.65	641.20	2.8272	2.7829
430011228673	1276.95	579.02	1317.77	650.28	2.8327	2.7745
430011237011	1284.37	597.42	1316.95	634.93	2.8370	2.7756
430011245345	1288.95	624.90	1319.33	647.05	2.7973	2.7898
430011253678	1294.99	646.80	1320.66	658.94	2.7597	2.7664
430011262011	1296.45	648.68	1310.74	665.33	2.7411	2.7523
430011270345	1296.63	659.42	1310.61	686.22	2.7277	2.7213
430011278678	1305.15	655.65	1307.63	692.22	2.7314	2.7441
430011287011	1306.18	658.85	1304.04	696.00	2.7507	2.7337
430011295344	1306.91	663.86	1316.69	695.77	2.7372	2.7270
430011303678	1301.96	667.14	1310.08	697.39	2.7278	2.7345
430011312010	1304.20	662.73	1309.22	699.45	2.7212	2.7524
430011320343	1306.98	670.68	1308.92	697.83	2.7389	2.7406
430011328676	1308.85	675.54	1308.57	703.00	2.7281	2.7440
430011337010	1291.78	674.19	1298.36	710.30	2.7184	2.7439
430011345343	1288.83	684.30	1292.63	708.16	2.7241	2.7346
430011353676	1297.02	681.37	1288.66	716.64	2.7104	2.7378
430011362010	1291.03	683.36	1293.99	719.67	2.7225	2.7335
430011370349	1293.13	683.32	1290.30	717.65	2.6993	2.7407
430011378681	1286.93	683.31	1291.55	719.70	2.7210	2.7265
430011387015	1289.32	682.85	1289.95	717.78	2.7151	2.7206
430011395348	1290.25	677.66	1294.02	718.03	2.7241	2.7291
430011403681	1283.40	682.10	1294.06	722.74	2.7007	2.7347
430011412014	1290.31	694.54	1288.60	724.14	2.7349	2.7447
430011420347	1289.10	685.10	1290.20	728.28	2.7082	2.7400
430011428680	1287.26	682.61	1290.49	719.99	2.7345	2.7507
430011437014	1285.59	682.41	1285.98	718.34	2.7198	2.7451
430011445347	1294.36	684.07	1293.47	717.39	2.7357	2.7204
430011453681	1291.97	682.98	1288.55	721.63	2.7241	2.7482
430011462014	1287.26	687.79	1294.43	722.05	2.7080	2.7605
430011470347	1294.32	697.31	1290.66	722.78	2.7648	2.7515
430011478681	1294.21	690.93	1290.22	724.78	2.7490	2.7587
430011487014	1291.55	693.08	1291.66	718.78	2.7439	2.7564
430011495351	1290.33	696.40	1291.63	725.60	2.7461	2.7584
430011503685	1292.77	697.17	1296.35	716.39	2.7427	2.7404
430011512017	1292.24	695.77	1291.66	722.68	2.7481	2.7538
430011520350	1285.52	695.82	1294.15	715.05	2.7396	2.7404
430011528684	1292.92	692.17	1293.40	723.89	2.7328	2.7441
430011537017	1286.85	701.00	1289.44	723.65	2.7419	2.7392
430011545350	1291.84	690.76	1291.89	718.87	2.7330	2.7380
430011553684	1284.96	697.22	1291.84	727.76	2.7424	2.7517
430011562017	1292.11	698.08	1289.24	721.91	2.7194	2.7380
430011570350	1287.27	704.80	1291.25	720.04	2.7319	2.7217
430011578683	1289.25	698.16	1288.92	722.28	2.7264	2.7247
430011587017	1290.65	694.83	1287.30	727.04	2.7130	2.7163
430011595350	1294.56	699.27	1295.88	722.50	2.7263	2.7250
430011603682	1290.95	697.56	1291.83	727.37	2.7102	2.7331
430011612016	1295.38	704.35	1293.60	727.07	2.7224	2.7258
430011620349	1292.17	709.04	1291.24	725.01	2.7155	2.7241
430011628689	1286.40	698.59	1292.74	727.70	2.7080	2.7103
430011637023	1294.17	708.65	1294.16	731.87	2.7169	2.7221
430011645356	1287.07	705.19	1294.77	724.22	2.7078	2.7147
430011653689	1294.41	704.98	1292.56	729.38	2.7163	2.7116
430011662023	1297.33	714.18	1289.38	728.09	2.6979	2.7423
430011670356	1289.25	709.27	1294.05	726.44	2.7138	2.7217
430011678689	1287.87	711.94	1289.45	730.68	2.7020	2.7365
430011687023	1289.00	705.02	1291.57	722.94	2.7001	2.7243
430011695356	1291.03	706.74	1292.98	732.00	2.7089	2.7279
430011703689	1295.60	707.70	1287.00	731.37	2.7058	2.7175
430011712022	1296.17	712.39	1292.87	729.21	2.6954	2.7137
430011720355	1294.18	720.52	1295.25	732.00	2.7053	2.7052
430011728689	1293.85	708.86	1290.87	727.50	2.7013	2.7236
430011737021	1296.09	704.96	1289.50	730.48	2.6752	2.6992
430011745355	1297.67	706.33	1289.02	729.01	2.6817	2.6997
430011753689	1293.06	705.95	1294.30	733.09	2.7058	2.7211
430011762024	1292.70	703.94	1290.70	737.96	2.6763	2.7186
430011770358	1295.40	712.68	1296.97	747.42	2.6703	2.6918
430011778692	1299.70	721.97	1305.12	758.46	2.6637	2.7038
430011787025	1296.94	725.20	1302.41	749.18	2.6482	2.6759
430011795358	1301.11	724.97	1306.19	742.48	2.6447	2.6773
430011803691	1293.87	732.25	1306.35	747.70	2.6568	2.6834
430011812024	1302.89	727.66	1304.70	746.09	2.6168	2.6671
430011820357	1295.29	729.95	1299.43	758.43	2.6225	2.6916
430011828690	1307.38	729.80	1303.74	747.74	2.6292	2.6645
430011837024	1299.77	729.49	1304.92	745.25	2.6217	2.6838
430011845357	1302.03	728.67	1310.74	757.41	2.6078	2.6615
430011853690	1295.93	724.89	1304.78	746.52	2.6009	2.6426
430011862024	1302.93	728.27	1308.08	748.06	2.5780	2.6610
430011870357	1296.77	737.19	1312.14	742.50	2.6179	2.6438
430011878690	1302.45	736.02	1310.35	744.54	2.5748	2.6251
430011887024	1293.81	728.78	1313.63	739.97	2.5878	2.6356
430011895360	1295.04	735.33	1312.56	740.94	2.5686	2.6158
430011903692	1297.73	721.34	1304.21	742.05	2.5501	2.6464
430011912025	1295.71	729.74	1310.62	740.85	2.5600	2.6121
430011920359	1297.58	726.12	1309.95	746.32	2.5492	2.6175
430011928692	1300.47	736.22	1305.51	747.30	2.5668	2.5990
430011937025	1297.15	726.93	1308.36	746.22	2.5355	2.6132
430011945359	1297.17	727.45	1305.91	751.98	2.5276	2.6190
430011953693	1296.92	728.49	1306.73	759.75	2.5395	2.6112
430011962025	1292.78	729.96	1305.08	758.35	2.5304	2.6018
430011970359	1297.29	724.49	1307.76	751.48	2.5298	2.5857
430011978692	1304.03	729.55	1312.37	753.38	2.5210	2.5856
430011987025	1297.77	727.01	1305.31	757.25	2.5018	2.5975
430011995358	1296.96	722.78	1304.16	750.47	2.5159	2.5901
430012003691	1294.27	724.92	1310.44	750.65	2.5151	2.5578
430012012024	1301.47	733.64	1307.76	758.13	2.5203	2.5808
430012020364	1296.97	728.32	1307.98	756.65	2.5182	2.5775
430012028697	1292.39	734.36	1308.48	754.09	2.5169	2.5733
430012037031	1294.64	731.63	1303.02	749.24	2.5172	2.5806
430012045364	1293.06	736.11	1308.06	755.64	2.5005	2.5695
430012053697	1294.46	734.88	1302.18	750.20	2.4982	2.5579
430012062031	1286.21	740.34	1302.33	751.73	2.4945	2.5582
430012070364	1261.10	718.86	1267.87	747.74	2.5078	2.5587
430012078697	1255.10	724.56	1270.91	744.36	2.5034	2.5473
430012087031	1253.20	722.64	1269.62	732.68	2.4864	2.5503
430012095363	1253.85	720.73	1262.85	739.67	2.4921	2.5521
430012103696	1251.03	713.60	1266.15	737.83	2.4843	2.5506
430012112030	1257.23	717.81	1259.34	740.49	2.5088	2.5531
430012120363	1249.77	720.40	1257.00	740.32	2.4977	2.5651
430012128696	1250.26	718.25	1258.77	741.29	2.4893	2.5601
430012137030	1248.38	712.44	1270.60	743.19	2.4798	2.5641
430012145363	1253.57	715.58	1256.34	743.15	2.4953	2.5557
430012153701	1248.76	714.85	1259.63	745.94	2.4749	2.5502
430012162034	1256.80	718.76	1256.27	748.40	2.4998	2.5512
430012170368	1251.39	719.90	1260.68	741.84	2.4920	2.5537
430012178701	1251.47	722.18	1263.91	742.76	2.4848	2.5461
430012187034	1249.42	722.70	1261.97	745.70	2.4919	2.5321
430012195367	1247.85	719.71	1260.60	742.89	2.4901	2.5393
430012203700	1253.69	727.78	1264.93	741.55	2.4865	2.5349
430012212033	1253.15	715.21	1256.33	745.79	2.4752	2.5257
430012220367	1249.48	723.62	1253.46	743.49	2.4806	2.5274
430012228700	1256.03	717.83	1264.29	742.12	2.4791	2.5452
430012237033	1255.84	717.79	1255.97	744.32	2.4886	2.5425
430012245366	1247.78	725.96	1254.46	744.37	2.4569	2.5252
430012253700	1253.90	719.35	1255.75	745.78	2.4648	2.5507
430012262033	1253.47	721.22	1260.37	742.60	2.4662	2.5386
430012270366	1255.70	715.45	1254.80	744.36	2.4456	2.5289
430012278700	1249.95	721.38	1259.50	746.20	2.4822	2.5431
430012287039	1254.29	729.28	1257.21	747.78	2.4808	2.5426
430012295371	1247.41	725.47	1249.60	750.68	2.4685	2.5349
430012303704	1251.05	726.93	1253.71	749.13	2.4559	2.5342
430012312038	1251.62	729.63	1255.12	748.74	2.4761	2.5186
430012320370	1254.25	720.60	1253.24	749.42	2.4497	2.5234
430012328704	1250.41	725.77	1260.75	747.03	2.4628	2.5243
430012337038	1252.74	718.90	1250.69	753.45	2.4575	2.5234
430012345370	1254.64	720.32	1251.06	743.51	2.4694	2.5318
430012353704	1254.15	714.49	1249.85	747.90	2.4575	2.5130
430012362038	1254.63	725.10	1254.06	747.32	2.4423	2.5135
430012370371	1249.85	726.99	1260.12	744.62	2.4597	2.5105
430012378704	1251.62	721.63	1253.73	753.19	2.4501	2.5171
430012387037	1264.25	723.19	1269.65	739.50	2.4675	2.4795
430012395369	1307.09	731.01	1305.96	742.18	2.4608	2.4914
430012403703	1319.09	717.80	1321.12	749.08	2.4731	2.4925
430012412041	1332.93	731.99	1341.47	747.35	2.4665	2.4918
430012420374	1330.92	729.69	1332.92	748.44	2.4792	2.4953
430012428708	1333.64	727.69	1338.33	751.90	2.4729	2.4832
430012437042	1330.46	725.22	1339.41	748.13	2.4627	2.4914
430012445375	1332.49	723.27	1336.25	749.47	2.4546	2.4837
430012453708	1329.74	728.26	1343.99	744.72	2.4734	2.4785
430012462041	1328.38	723.85	1338.04	744.45	2.4775	2.4967
430012470375	1330.27	719.93	1339.65	743.55	2.4728	2.4658
430012478708	1328.96	708.14	1338.18	743.91	2.4657	2.4750
430012487040	1336.44	733.45	1336.02	744.26	2.4614	2.4967
430012495373	1332.21	732.42	1336.05	740.81	2.4839	2.4854
430012503707	1337.50	720.78	1339.92	742.98	2.4435	2.4899
430012512040	1339.30	731.48	1336.31	743.45	2.4709	2.4687
430012520373	1329.54	719.39	1341.09	740.25	2.4453	2.4731
430012528707	1334.30	721.04	1340.32	747.26	2.4595	2.4826
430012537040	1329.95	723.82	1342.79	735.38	2.4545	2.4802
430012545381	1333.10	721.32	1340.86	744.65	2.4525	2.4890
430012553715	1336.76	715.93	1346.03	741.47	2.4446	2.4848
430012562048	1333.29	728.79	1339.10	740.39	2.4509	2.4915
430012570381	1334.91	721.20	1338.01	742.39	2.4503	2.4693
430012578715	1331.18	718.71	1339.40	740.84	2.4554	2.4760
430012587047	1332.92	715.07	1338.47	736.32	2.4344	2.4740
430012595380	1328.07	724.75	1339.47	746.04	2.4652	2.4957
430012603714	1331.67	721.88	1340.99	739.57	2.4465	2.4851
430012612047	1335.17	719.13	1336.35	743.33	2.4517	2.4799
430012620381	1336.66	722.24	1336.09	747.45	2.4604	2.4748
430012628714	1339.34	726.54	1341.01	747.53	2.4435	2.4849
430012637047	1338.87	728.92	1335.51	741.11	2.4594	2.4617
430012645380	1328.67	719.00	1333.51	742.06	2.4437	2.4688
430012653714	1335.60	729.32	1333.93	739.35	2.4534	2.4714
430012662047	1330.51	732.05	1337.34	747.59	2.4599	2.4881
430012670380	1336.39	721.01	1335.38	741.81	2.4422	2.4718
430012678716	1335.85	720.91	1334.10	743.50	2.4469	2.4825
430012687048	1333.37	723.25	1336.09	739.90	2.4838	2.4685
430012695381	1329.47	723.90	1336.26	744.94	2.4625	2.4704
430012703715	1331.25	730.47	1339.98	748.82	2.4392	2.4533
430012712048	1334.57	742.90	1333.18	783.11	2.4118	2.4646
430012720382	1330.52	758.44	1333.43	787.70	2.4216	2.4325
430012728715	1325.44	771.88	1337.60	791.72	2.4316	2.4340
430012737048	1330.87	786.51	1329.31	795.87	2.4374	2.4394
430012745381	1325.98	771.17	1324.30	797.60	2.4177	2.4574
430012753714	1325.88	764.18	1327.29	800.54	2.3855	2.4465
430012762048	1328.45	760.57	1331.09	795.33	2.4194	2.4289
430012770381	1330.11	765.23	1333.85	791.49	2.3949	2.4342
430012778713	1328.26	771.77	1331.78	802.94	2.3989	2.4355
430012787047	1325.18	764.48	1334.58	800.21	2.3935	2.4181
430012795380	1327.74	765.98	1330.39	796.67	2.4354	2.4263
430012803713	1330.70	772.29	1327.20	798.04	2.4074	2.4417
430012812051	1319.53	769.35	1335.11	802.00	2.4016	2.4295
430012820384	1318.88	772.37	1325.97	808.79	2.4006	2.4459
430012828717	1329.96	768.82	1323.67	800.02	2.4096	2.4281
430012837051	1328.50	770.36	1328.36	801.52	2.3911	2.4413
430012845385	1323.57	771.68	1329.53	802.15	2.4114	2.4348
430012853717	1328.93	769.36	1326.60	805.56	2.3992	2.4333
430012862051	1332.58	766.69	1327.94	804.79	2.4054	2.4261
430012870384	1321.67	766.46	1329.68	799.90	2.4209	2.4248
430012878716	1320.34	766.59	1333.17	809.68	2.4021	2.4258
430012887050	1329.19	771.88	1329.60	803.77	2.4198	2.4271
430012895383	1328.50	776.74	1330.31	806.71	2.4140	2.4247
430012903716	1349.28	817.35	1347.30	842.42	2.3995	2.4180
430012912050	1352.10	820.64	1344.98	837.06	2.4081	2.3836
430012920383	1347.88	810.65	1346.85	828.17	2.4168	2.3881
430012928717	1345.06	814.22	1347.85	835.97	2.4304	2.3857
430012937054	1350.98	813.89	1345.05	839.28	2.3953	2.3820
430012945387	1352.51	809.33	1344.77	832.10	2.4029	2.3826
430012953720	1349.09	814.62	1345.81	839.77	2.4228	2.3904
430012962054	1350.43	830.88	1351.91	832.27	2.4343	2.3712
430012970388	1349.27	822.04	1340.53	831.51	2.4267	2.3826
430012978719	1347.79	815.99	1347.10	833.62	2.4026	2.3773
430012987053	1346.30	803.22	1341.19	831.48	2.3765	2.3835
430012995386	1343.86	796.12	1341.14	834.07	2.3739	2.3882
430013003719	1348.42	802.34	1349.46	826.70	2.3709	2.3959
430013012053	1342.98	805.46	1348.31	840.82	2.3920	2.3863
430013020386	1344.85	811.01	1347.49	820.79	2.4108	2.3951
430013028719	1349.65	811.38	1348.33	828.00	2.4021	2.3932
430013037053	1340.87	833.19	1344.15	829.92	2.4494	2.4096
430013045386	1352.55	813.99	1345.96	830.42	2.4306	2.3996
430013053720	1345.21	813.40	1345.16	826.23	2.4196	2.3875
430013062053	1349.69	809.78	1350.46	830.36	2.3971	2.4045
430013070394	1347.13	818.01	1348.42	829.90	2.4088	2.3889
430013078726	1350.72	817.74	1342.32	824.13	2.4197	2.3903
430013087060	1349.97	816.00	1349.14	834.09	2.4128	2.3916
430013095393	1345.25	809.57	1343.13	829.96	2.4116	2.3870
430013103726	1348.20	805.16	1351.19	830.13	2.4090	2.3966
430013112060	1355.53	809.03	1353.25	830.24	2.4053	2.3850
430013120393	1348.05	819.72	1350.14	829.45	2.4096	2.3854
430013128726	1349.68	814.88	1354.34	840.41	2.4104	2.4095
430013137060	1354.31	817.30	1346.13	835.67	2.4310	2.4061
430013145393	1349.18	820.02	1347.30	840.67	2.4181	2.4070
430013153726	1351.30	811.90	1353.56	834.57	2.4132	2.3888
430013162060	1344.96	819.49	1349.27	838.55	2.4177	2.3933
430013170392	1346.36	828.18	1348.26	840.72	2.4535	2.4124
430013178726	1346.92	827.53	1346.64	838.70	2.4508	2.3972
430013187059	1347.29	822.24	1350.10	835.72	2.4392	2.3843
430013195392	1342.42	817.34	1350.89	833.26	2.4119	2.3950
430013203727	1349.74	825.64	1353.72	843.29	2.4470	2.4057
430013212061	1346.18	828.78	1348.97	833.15	2.4324	2.4054
430013220394	1341.06	829.67	1360.09	838.30	2.4585	2.3846
430013228727	1352.18	826.42	1347.19	852.60	2.4386	2.4432
430013237061	1350.27	819.72	1349.86	837.21	2.4133	2.4276
430013245394	1343.47	809.18	1345.60	837.02	2.4135	2.4268
430013253727	1342.88	835.24	1351.90	844.67	2.4503	2.4062
430013262061	1340.36	829.07	1352.96	846.61	2.4460	2.4098
430013270393	1347.56	829.28	1352.46	848.12	2.4587	2.4358
430013278726	1348.56	816.32	1346.93	846.50	2.4286	2.4195
430013287060	1342.53	824.49	1350.48	841.60	2.4678	2.4248
430013295393	1342.13	828.83	1347.72	854.12	2.4498	2.4474
430013303727	1345.73	821.95	1349.08	846.32	2.4363	2.4456
430013312059	1344.20	831.09	1346.59	839.47	2.4460	2.4163
430013320393	1349.74	848.75	1352.06	844.05	2.4820	2.4432
430013328726	1350.07	827.29	1353.05	839.60	2.4556	2.4341
430013337064	1345.31	847.43	1351.67	834.20	2.4980	2.4051
430013345398	1341.26	823.47	1352.72	840.23	2.4554	2.4044
430013353731	1338.75	818.57	1352.14	838.21	2.4464	2.4110
430013362064	1347.38	829.14	1350.18	833.16	2.4498	2.4072
430013370397	1344.39	819.17	1352.50	835.13	2.4356	2.4111
430013378730	1346.88	834.19	1353.29	836.27	2.4626	2.3985
430013387064	1342.02	819.42	1356.74	836.81	2.4481	2.4032
430013395397	1347.09	830.41	1341.95	834.79	2.4853	2.4141
430013403730	1342.97	830.84	1352.44	841.89	2.4679	2.4268
430013412063	1327.98	846.46	1338.86	839.62	2.5026	2.4219
430013420397	1314.54	844.74	1310.25	832.09	2.5444	2.4538
430013428731	1303.86	787.87	1303.78	825.67	2.4270	2.4660
430013437063	1301.68	791.82	1303.25	823.35	2.4455	2.4764
430013445397	1295.72	789.69	1297.84	820.87	2.4364	2.4682
430013453730	1301.65	792.08	1294.02	824.05	2.4415	2.4771
430013462066	1294.90	787.21	1292.13	818.19	2.4572	2.4717
430013470399	1295.51	793.45	1291.09	819.77	2.4436	2.4672
430013478732	1293.41	789.97	1291.91	819.26	2.4345	2.4674
430013487065	1293.45	794.21	1291.46	821.19	2.4444	2.4671
430013495399	1301.94	801.34	1286.01	825.48	2.4473	2.4579
430013503732	1299.63	789.61	1289.94	820.84	2.4564	2.4648
430013512066	1296.95	786.63	1286.80	816.83	2.4549	2.4717
430013520399	1286.45	788.31	1273.50	812.35	2.4733	2.4819
430013528732	1249.81	780.71	1238.22	804.55	2.4604	2.4789
430013537065	1219.72	766.83	1213.43	791.11	2.4505	2.4920
430013545399	1189.39	752.90	1177.10	782.82	2.4623	2.4844
430013553733	1180.63	753.39	1171.30	774.02	2.4403	2.5128
430013562064	1177.50	749.16	1171.46	781.90	2.4417	2.5093
430013570398	1171.38	763.27	1168.22	774.84	2.4722	2.5206
430013578731	1176.08	753.77	1171.91	782.50	2.4566	2.5331
430013587064	1178.83	748.84	1165.84	775.48	2.4638	2.5233
430013595404	1185.53	754.86	1163.92	764.72	2.4468	2.4958
430013603737	1178.52	746.97	1168.97	770.71	2.4527	2.5134
430013612071	1174.80	754.13	1162.91	774.17	2.4393	2.5120
430013620404	1175.98	740.64	1170.27	762.90	2.4392	2.4788
430013628737	1177.90	740.84	1166.44	766.70	2.4365	2.4895
430013637071	1180.70	739.92	1171.80	762.19	2.4493	2.4976
430013645404	1177.38	736.86	1169.09	766.44	2.4265	2.5322
430013653738	1168.59	741.34	1168.14	758.82	2.4482	2.5199
430013662069	1136.51	730.99	1135.12	758.80	2.4569	2.5184
430013670403	1126.69	738.69	1112.29	753.25	2.4612	2.5170
430013678736	1118.70	727.54	1117.05	751.94	2.4772	2.5359
430013687069	1115.20	722.72	1114.40	754.05	2.4564	2.5285
430013695403	1121.73	733.03	1110.86	754.87	2.4735	2.5466
430013703736	1118.46	721.83	1111.17	749.54	2.4560	2.5252
430013712069	1111.42	720.35	1110.28	749.40	2.4707	2.5393
430013720406	1118.69	726.34	1108.19	755.26	2.4708	2.5473
430013728739	1120.72	716.82	1110.82	751.09	2.4601	2.5458
430013737073	1119.28	725.27	1107.02	746.08	2.4755	2.5463
430013745406	1117.41	724.74	1101.51	743.89	2.4962	2.5343
430013753739	1124.43	720.47	1111.47	744.64	2.4949	2.5379
430013762072	1088.07	720.29	1088.71	740.45	2.4871	2.5542
430013770404	1051.19	720.11	1066.01	735.32	2.5101	2.5533
430013778738	1047.90	707.83	1058.48	716.67	2.4665	2.5440
430013787072	1036.20	718.85	1044.77	719.92	2.4837	2.5538
430013795405	1040.08	704.70	1039.64	719.98	2.4913	2.5446
430013803738	1042.51	699.52	1044.99	721.22	2.4890	2.5473
430013812072	1039.08	708.86	1041.92	728.36	2.4863	2.5724
430013820406	1042.54	700.45	1044.75	728.47	2.4910	2.5665
430013828739	1040.21	698.63	1041.42	727.22	2.4999	2.5596
430013837073	1043.88	701.08	1039.21	724.05	2.4772	2.5665
430013845406	1041.02	698.44	1038.59	728.94	2.5078	2.5636
430013853738	1038.57	698.78	1039.69	721.54	2.4992	2.5602
430013862078	1039.42	704.66	1040.70	727.50	2.4846	2.5807
430013870411	1044.06	712.52	1037.58	722.63	2.5034	2.5472
430013878745	1041.10	708.36	1043.57	723.08	2.5060	2.5580
430013887079	1038.91	708.76	1035.08	722.19	2.4779	2.5630
430013895412	1042.60	697.06	1045.95	732.54	2.4912	2.5674
430013903745	1043.82	697.93	1045.66	731.82	2.4881	2.5549
430013912079	1037.37	705.45	1036.49	719.24	2.4902	2.5524
430013920411	1036.83	703.56	1040.68	722.63	2.4880	2.5582
430013928745	1042.05	707.36	1042.03	723.03	2.4834	2.5478
430013937079	1045.52	707.39	1041.28	728.01	2.4962	2.5685
430013945410	1043.92	713.42	1049.12	718.58	2.4846	2.5439
430013953744	1040.80	709.89	1046.32	715.29	2.4927	2.5219
430013962077	1042.92	712.58	1050.43	707.22	2.4743	2.5200
430013970410	1038.67	702.27	1047.01	711.81	2.4731	2.5171
430013978744	1037.85	706.30	1051.45	715.27	2.4882	2.5443
430013987081	1037.30	712.20	1048.32	717.53	2.5070	2.5116
430013995414	1045.28	715.46	1050.55	721.34	2.4801	2.5183
430014003748	1037.65	710.74	1049.38	713.51	2.4704	2.5217
430014012081	1037.63	710.24	1040.86	716.27	2.4740	2.5397
430014020414	1037.52	693.23	1039.09	695.79	2.4805	2.5126
430014028748	1034.02	685.40	1029.84	702.94	2.4842	2.5496
430014037081	1029.75	677.56	1036.07	696.10	2.4966	2.5418
430014045413	1032.97	677.33	1030.80	693.20	2.4955	2.5570
430014053747	1035.90	675.37	1032.79	696.12	2.4740	2.5405
430014062080	1035.46	670.14	1032.21	699.94	2.4781	2.5522
430014070414	1028.42	666.41	1031.32	692.58	2.4673	2.5436
430014078747	1040.21	665.55	1035.26	695.88	2.4725	2.5523
430014087080	1038.00	676.48	1037.04	696.39	2.4894	2.5247
430014095413	1040.28	672.90	1033.18	698.50	2.4709	2.5360
430014103747	1039.66	677.18	1033.08	693.49	2.4953	2.5395
430014112080	1031.02	676.31	1031.38	689.90	2.4857	2.5446
430014120421	1037.77	671.68	1033.04	692.88	2.4834	2.5494
430014128754	1037.77	672.04	1029.67	693.79	2.4912	2.5702
430014137087	1035.99	667.44	1033.05	688.83	2.4763	2.5396
430014145419	1042.73	670.70	1042.15	691.02	2.4784	2.5406
430014153753	1074.44	666.24	1083.69	701.28	2.4781	2.5354
430014162086	1120.34	657.28	1130.93	684.49	2.4804	2.5123
430014170419	1160.37	658.31	1168.53	689.50	2.4729	2.5058
430014178753	1223.69	657.37	1237.59	679.96	2.5014	2.4752
430014187086	1312.38	653.16	1307.84	682.70	2.4979	2.5035
430014195420	1354.70	653.78	1356.72	678.23	2.4957	2.4859
430014203753	1425.24	656.15	1435.35	672.09	2.5140	2.4831
430014212086	1455.76	660.23	1461.14	682.80	2.5196	2.5014
430014220419	1500.91	655.74	1503.03	688.67	2.5282	2.5140
430014228753	1507.82	668.36	1513.71	685.27	2.5438	2.5105
430014237086	1510.54	662.33	1514.51	681.52	2.5500	2.5000
430014245418	1507.81	661.76	1513.47	676.26	2.5309	2.5128
430014253756	1510.45	659.65	1512.08	681.33	2.5377	2.5202
430014262089	1505.31	664.68	1513.84	676.55	2.5597	2.4930
430014270422	1506.06	664.93	1511.72	676.92	2.5486	2.4872
430014278756	1507.58	661.30	1506.12	681.11	2.5316	2.5063
430014287089	1507.03	655.02	1507.38	677.53	2.5322	2.5117
430014295422	1507.04	668.50	1510.06	674.88	2.5454	2.4990
430014303755	1502.60	658.27	1509.67	674.41	2.5178	2.5152
430014312089	1504.95	657.16	1507.65	667.13	2.5386	2.5012
430014320423	1509.61	656.37	1509.59	670.65	2.5295	2.5161
430014328755	1502.90	666.16	1507.51	666.81	2.5310	2.5101
430014337089	1502.25	662.75	1506.54	671.33	2.5311	2.5095
430014345421	1509.79	668.43	1503.83	678.63	2.5473	2.5194
430014353754	1500.73	661.83	1509.57	680.17	2.5295	2.5125
430014362088	1503.62	663.22	1507.82	678.28	2.5429	2.5083
430014370421	1503.65	664.45	1505.53	672.69	2.5254	2.5062
430014378758	1505.05	666.41	1505.24	685.44	2.5280	2.5243
430014387092	1505.11	658.45	1506.45	681.02	2.5275	2.4944
430014395425	1505.70	661.93	1493.47	679.03	2.5110	2.5118
430014403759	1499.61	663.47	1501.08	690.16	2.5255	2.5117
430014412092	1504.58	666.03	1501.62	683.87	2.5164	2.5131
430014420425	1498.66	668.28	1493.52	683.47	2.5221	2.5035
430014428758	1490.57	668.07	1484.15	690.49	2.5306	2.5098
430014437092	1483.84	667.88	1482.56	687.46	2.5423	2.5078
430014445425	1482.97	659.62	1475.36	681.66	2.5320	2.5053
430014453757	1486.94	669.23	1475.12	680.98	2.5349	2.5134
430014462091	1484.07	662.43	1469.56	679.93	2.5218	2.4933
430014470424	1480.60	668.38	1471.77	682.57	2.5375	2.5128
430014478757	1483.08	659.42	1470.19	683.70	2.5343	2.5032
