t	gaze_point_LX	gaze_point_LY	gaze_point_RX	gaze_point_RY	pupil_diameter_L	pupil_diameter_R
1394324777300	1305.74	646.72	1312.45	660.63	3.1390	3.5114
1394324785634	1301.92	661.46	1320.47	682.33	3.1727	3.5778
1394324793966	1300.37	649.25	1321.18	664.47	3.1646	3.5094
1394324802299	1287.83	645.26	1324.34	676.74	3.1545	3.5278
1394324810632	1293.71	673.43	1323.30	682.95	3.1802	3.5405
1394324818966	1296.30	661.54	1321.01	685.36	3.1711	3.5446
1394324827301	1295.62	688.30	1312.14	676.53	3.2276	3.5481
1394324835633	1272.28	652.17	1292.50	653.12	3.1539	3.5084
1394324843968	1280.68	664.21	1294.70	666.22	3.1402	3.5317
1394324852299	1287.26	647.48	1298.04	681.04	3.1262	3.5366
1394324860636	1281.62	670.71	1301.14	679.67	3.1728	3.5286
1394324868969	1286.28	647.59	1300.47	679.65	3.1225	3.5283
1394324877305	1282.56	640.94	1305.96	673.14	3.1209	3.5025
1394324885635	1276.27	669.36	1306.94	687.45	3.1862	3.5488
1394324893969	1269.24	652.32	1308.15	692.45	3.1677	3.5444
1394324902304	1270.55	630.61	1308.65	663.64	3.1122	3.4700
1394324910637	1280.42	659.51	1307.83	691.62	3.1755	3.5403
1394324918971	1278.12	657.36	1297.70	679.05	3.1396	3.5231
1394324927302	1267.43	639.81	1297.23	680.91	3.1171	3.5281
1394324935637	1284.51	629.11	1308.54	696.79	3.0993	3.5330
1394324943971	1273.55	646.09	1296.45	686.10	3.1432	3.5478
1394324952303	1271.28	642.30	1312.05	687.31	3.1118	3.5233
1394324960637	1274.21	655.43	1300.94	692.07	3.1360	3.5395
1394324968968	1278.02	648.24	1312.12	687.94	3.1103	3.4965
1394324977303	1266.67	648.32	1308.44	688.30	3.1116	3.5320
1394324985636	1274.12	644.30	1303.75	673.47	3.0996	3.4898
1394324993975	1252.45	660.15	1289.35	677.04	3.1084	3.4902
1394325002308	1247.30	655.24	1281.65	664.61	3.1087	3.4771
1394325010639	1264.60	653.01	1296.82	669.13	3.1187	3.4669
1394325018973	1257.83	638.35	1297.37	678.65	3.1006	3.5050
1394325027305	1256.47	638.65	1297.68	669.48	3.0832	3.4750
1394325035638	1247.07	640.06	1300.10	681.12	3.0822	3.5080
1394325043972	1251.02	649.51	1284.16	710.00	3.1095	3.5498
1394325052305	1258.73	645.78	1295.62	684.58	3.1038	3.5201
1394325060640	1252.44	645.09	1292.99	698.56	3.0972	3.5342
1394325068974	1250.91	637.28	1288.75	702.87	3.0892	3.5623
1394325077307	1260.97	646.21	1283.56	681.41	3.1155	3.5245
1394325085641	1250.52	634.32	1287.11	710.44	3.1145	3.5722
1394325093974	1248.30	640.27	1287.45	679.83	3.1058	3.5053
1394325102307	1253.26	638.45	1293.08	711.82	3.0942	3.5475
1394325110639	1256.31	634.49	1294.71	692.96	3.1027	3.5182
1394325118978	1245.83	645.97	1287.22	704.60	3.1098	3.5312
1394325127311	1248.14	634.21	1293.58	690.92	3.0882	3.5093
1394325135644	1254.73	639.74	1293.70	681.58	3.0803	3.4997
1394325143977	1252.00	637.68	1293.02	696.68	3.0921	3.5220
1394325152311	1255.19	635.15	1294.82	677.54	3.1003	3.4832
1394325160644	1251.99	635.50	1293.33	676.08	3.0834	3.4933
1394325168978	1245.59	640.02	1284.86	690.88	3.0754	3.5195
1394325177311	1258.54	635.69	1289.13	680.86	3.0750	3.4718
1394325185643	1259.33	640.35	1288.23	703.61	3.0755	3.5098
1394325193976	1251.39	646.09	1291.57	693.38	3.0870	3.4929
1394325202310	1253.34	644.12	1283.08	703.26	3.0711	3.5258
1394325210644	1259.45	648.33	1289.55	675.76	3.0905	3.4781
1394325218977	1250.37	638.64	1293.98	676.88	3.0812	3.4861
1394325227310	1245.63	645.94	1296.42	692.43	3.0785	3.5173
1394325235641	1249.40	639.07	1293.49	696.35	3.0924	3.5056
1394325243974	1245.22	639.72	1294.98	696.67	3.0669	3.5289
1394325252316	1250.55	658.77	1282.44	688.76	3.1049	3.5204
1394325260649	1254.69	656.21	1286.92	685.20	3.1015	3.4771
1394325268981	1258.10	641.01	1289.30	663.61	3.0670	3.4701
1394325277315	1255.00	675.40	1291.52	654.16	3.1428	3.4320
1394325285648	1255.61	645.48	1287.81	705.27	3.0757	3.5353
1394325293982	1251.40	647.32	1283.52	691.33	3.0823	3.5235
1394325302313	1255.47	660.54	1287.21	681.23	3.1062	3.4992
1394325310648	1251.45	674.15	1292.24	668.75	3.1217	3.4693
1394325318981	1254.85	641.82	1281.73	685.82	3.0675	3.5000
1394325327315	1265.70	653.27	1285.63	691.43	3.0954	3.4936
1394325335649	1250.24	655.34	1287.13	720.98	3.0933	3.5670
1394325343980	1251.39	643.24	1284.17	703.79	3.0711	3.5237
1394325352314	1255.22	647.88	1294.29	711.01	3.0804	3.5403
1394325360647	1248.74	658.63	1294.26	679.93	3.0966	3.4701
1394325368980	1251.63	650.53	1295.04	677.87	3.0810	3.4703
1394325377314	1249.06	652.30	1293.66	689.39	3.0910	3.4913
1394325385647	1251.17	662.31	1293.54	688.72	3.1160	3.4744
1394325393980	1253.89	656.87	1295.84	700.47	3.0938	3.5003
1394325402316	1253.12	645.45	1288.92	703.86	3.0951	3.5303
1394325410649	1252.90	645.06	1291.11	696.83	3.1132	3.5069
1394325418983	1258.09	672.67	1291.47	701.50	3.1493	3.5353
1394325427315	1259.46	642.63	1291.23	671.93	3.0993	3.4772
1394325435648	1256.64	666.35	1286.69	702.03	3.1303	3.5370
1394325443981	1251.08	689.82	1291.45	693.85	3.1641	3.5455
1394325452315	1247.04	645.56	1292.03	680.19	3.0791	3.4980
1394325460649	1251.67	668.32	1280.78	717.54	3.1227	3.5893
1394325468981	1258.29	672.59	1293.90	663.41	3.1315	3.4715
1394325477315	1265.61	643.48	1299.19	687.31	3.1127	3.5401
1394325485648	1266.62	632.19	1289.49	698.30	3.0891	3.5572
1394325493981	1270.05	639.31	1288.01	691.94	3.0852	3.5217
1394325502315	1272.08	652.81	1286.93	673.65	3.0866	3.4701
1394325510647	1271.07	663.62	1291.32	667.67	3.1068	3.4883
1394325518986	1275.35	669.12	1293.17	668.55	3.1329	3.4881
1394325527318	1272.35	670.23	1292.36	685.71	3.1435	3.4981
1394325535651	1268.73	671.72	1295.83	688.45	3.1636	3.5350
1394325543985	1273.99	641.60	1290.15	695.14	3.1048	3.5156
1394325552320	1273.36	633.39	1291.83	690.18	3.1030	3.5584
1394325560653	1263.17	635.38	1289.49	681.14	3.1075	3.5344
1394325568986	1267.63	630.19	1298.80	678.49	3.1016	3.5085
1394325577320	1271.35	672.58	1298.56	673.10	3.1604	3.5310
1394325585652	1264.54	684.79	1304.38	684.43	3.1716	3.5445
1394325593985	1264.27	666.38	1304.18	670.35	3.1291	3.4946
1394325602319	1268.26	660.64	1294.53	668.26	3.1326	3.5273
1394325610652	1269.25	659.42	1302.18	664.90	3.1418	3.5197
1394325618985	1267.02	658.33	1300.40	672.91	3.1411	3.5128
1394325627319	1269.24	677.64	1292.79	672.90	3.1626	3.5377
1394325635652	1265.04	669.98	1296.08	671.79	3.1698	3.5173
1394325643990	1266.20	658.37	1298.80	674.06	3.1139	3.5205
1394325652323	1268.22	657.33	1298.10	673.66	3.1362	3.5150
1394325660657	1266.15	686.48	1298.00	672.71	3.1782	3.5347
1394325668990	1268.11	654.74	1290.84	702.69	3.1418	3.5973
1394325677323	1266.32	672.49	1290.85	690.67	3.1816	3.5663
1394325685656	1267.63	640.84	1288.83	705.55	3.1272	3.6105
1394325693989	1266.23	666.79	1299.27	691.16	3.1947	3.5439
1394325702322	1266.44	653.73	1293.24	684.33	3.1729	3.5292
1394325710656	1266.71	644.71	1291.37	673.37	3.1591	3.5127
1394325718989	1260.58	635.98	1289.31	706.08	3.1285	3.5900
1394325727323	1262.44	669.11	1297.40	692.98	3.1966	3.5803
1394325735654	1267.22	671.37	1288.98	681.07	3.1991	3.5403
1394325743988	1259.46	648.09	1292.50	684.55	3.1286	3.5539
1394325752322	1272.53	669.28	1293.88	688.70	3.2037	3.5529
1394325760655	1262.77	659.57	1296.03	660.49	3.1535	3.4955
1394325768988	1271.23	648.17	1297.32	710.86	3.1462	3.5903
1394325777326	1268.21	666.17	1299.56	689.80	3.1645	3.5615
1394325785659	1257.45	660.32	1300.70	666.45	3.1572	3.5434
1394325793993	1263.17	660.64	1292.18	675.81	3.1724	3.5147
1394325802325	1269.58	651.62	1299.64	685.36	3.1244	3.5546
1394325810659	1262.90	658.12	1302.46	690.17	3.1375	3.5470
1394325818992	1268.94	672.23	1296.42	707.19	3.1751	3.6142
1394325827324	1264.30	656.71	1297.66	680.00	3.1496	3.5644
1394325835658	1263.23	650.07	1287.07	712.16	3.1272	3.5990
1394325843991	1266.03	663.95	1303.16	676.22	3.1571	3.5352
1394325852324	1257.56	644.37	1289.99	705.00	3.1472	3.5892
1394325860658	1259.42	633.83	1292.43	696.25	3.1119	3.5717
1394325868991	1263.86	634.59	1294.67	679.50	3.1302	3.5141
1394325877325	1264.26	646.10	1292.01	682.05	3.1134	3.5220
1394325885658	1264.39	647.60	1301.10	682.35	3.1018	3.5323
1394325893989	1264.75	647.91	1294.06	685.30	3.1037	3.5450
1394325902321	1267.04	650.44	1291.86	670.56	3.1169	3.5274
1394325910660	1271.62	674.14	1295.07	681.56	3.2178	3.5110
1394325918994	1260.51	651.17	1288.11	690.30	3.1600	3.5559
1394325927326	1259.71	638.28	1300.56	674.56	3.1308	3.5234
1394325935662	1267.56	666.38	1299.35	666.64	3.1788	3.5141
1394325943995	1266.82	663.94	1291.46	696.29	3.1678	3.5961
1394325952328	1265.05	684.35	1295.43	664.24	3.2125	3.5049
1394325960662	1267.52	650.48	1289.58	686.17	3.1264	3.5543
1394325968995	1269.58	645.62	1294.17	691.09	3.1225	3.5693
1394325977328	1266.18	669.46	1299.70	670.79	3.1649	3.5166
1394325985661	1269.76	645.00	1295.70	702.44	3.1264	3.5606
1394325993994	1264.42	637.89	1293.48	698.58	3.1077	3.5806
1394326002328	1262.47	645.99	1296.73	678.27	3.1395	3.5257
1394326010661	1267.89	661.27	1297.94	668.14	3.1447	3.5361
1394326018994	1267.98	658.86	1294.49	678.58	3.1815	3.5573
1394326027327	1263.69	638.01	1295.20	679.43	3.1393	3.5394
1394326035661	1261.40	625.65	1293.33	690.47	3.1268	3.5546
1394326044000	1268.25	630.55	1293.33	680.62	3.1273	3.5275
1394326052332	1270.64	640.45	1288.20	687.05	3.1468	3.5503
1394326060666	1276.87	633.45	1289.17	698.53	3.1344	3.5855
1394326068998	1276.45	638.12	1283.94	706.93	3.1555	3.6237
1394326077331	1270.44	656.37	1287.95	693.94	3.2059	3.6030
1394326085665	1268.34	638.39	1290.01	675.24	3.1395	3.5470
1394326093998	1273.62	645.15	1296.78	668.11	3.1691	3.5379
1394326102331	1273.26	667.55	1294.22	675.04	3.1967	3.5461
1394326110665	1279.58	667.03	1297.10	666.16	3.2031	3.5549
1394326118998	1273.57	680.49	1293.01	685.24	3.2234	3.5907
1394326127332	1273.66	676.06	1291.68	690.56	3.2099	3.6168
1394326135665	1274.00	657.57	1295.85	670.21	3.1882	3.5768
1394326143997	1272.92	672.73	1289.22	709.24	3.2089	3.6726
1394326152330	1279.29	699.72	1292.29	704.26	3.2543	3.6699
1394326160663	1276.04	669.74	1294.56	692.44	3.2123	3.6275
1394326169001	1279.07	668.47	1291.94	693.35	3.1886	3.6420
1394326177334	1270.31	678.06	1284.11	692.86	3.2297	3.6308
1394326185667	1276.79	649.34	1296.70	681.88	3.1703	3.6078
1394326194001	1276.56	648.97	1288.75	715.66	3.1566	3.6777
1394326202334	1270.58	632.14	1288.75	690.77	3.1407	3.6102
1394326210668	1263.66	667.55	1288.99	722.67	3.2523	3.7092
1394326219001	1265.17	624.82	1289.34	697.96	3.1683	3.6430
1394326227333	1270.59	631.16	1283.43	717.71	3.1593	3.6840
1394326235667	1273.01	650.17	1286.26	707.32	3.2276	3.6657
1394326244000	1278.99	672.13	1287.54	716.35	3.2314	3.6787
1394326252334	1276.97	655.03	1289.31	720.97	3.2202	3.6799
1394326260667	1269.45	651.81	1294.31	696.96	3.2131	3.6377
1394326269000	1274.53	655.92	1284.32	706.81	3.2243	3.6845
1394326277333	1270.38	662.44	1285.84	713.89	3.2338	3.7000
1394326285667	1267.59	673.45	1290.23	691.25	3.2578	3.6301
1394326294000	1275.75	674.76	1283.54	686.11	3.2756	3.6385
1394326302337	1271.01	676.21	1293.44	689.24	3.2346	3.6317
1394326310671	1275.10	662.59	1290.45	703.60	3.1854	3.6730
1394326319004	1273.77	667.04	1283.78	723.69	3.2259	3.6978
1394326327337	1279.58	664.33	1289.91	711.14	3.2401	3.6586
1394326335671	1277.15	671.61	1281.11	732.98	3.2500	3.7049
1394326344004	1271.21	667.99	1290.40	730.93	3.2269	3.6956
1394326352337	1271.53	657.23	1284.19	731.24	3.2091	3.6928
1394326360670	1279.03	671.11	1286.35	707.67	3.2273	3.6819
1394326369004	1268.66	681.29	1288.27	702.85	3.2450	3.6916
1394326377338	1275.22	694.28	1291.05	682.82	3.2705	3.6384
1394326385669	1275.30	685.18	1288.87	718.93	3.2957	3.7160
1394326394003	1265.11	672.43	1295.00	698.75	3.2540	3.6732
1394326402336	1271.36	661.31	1296.16	707.46	3.2578	3.6726
1394326410669	1271.61	650.05	1286.54	698.36	3.2322	3.6561
1394326419003	1257.08	636.28	1282.88	719.16	3.1991	3.7101
1394326427336	1242.80	652.03	1271.58	715.47	3.2563	3.7290
1394326435674	1262.72	655.81	1283.41	717.41	3.2466	3.7228
1394326444008	1258.31	676.26	1280.43	703.22	3.2862	3.7144
1394326452341	1266.84	644.64	1278.93	705.29	3.2174	3.7243
1394326460675	1256.89	636.71	1282.43	712.58	3.1918	3.7500
1394326469007	1264.80	675.54	1273.92	695.49	3.2652	3.7158
1394326477340	1270.22	663.35	1282.41	703.07	3.2381	3.7293
1394326485673	1274.25	702.87	1275.59	708.71	3.3392	3.7455
1394326494007	1271.14	706.76	1285.50	718.80	3.3242	3.7350
1394326502340	1268.71	675.43	1273.24	713.56	3.2741	3.7553
1394326510673	1270.36	680.50	1282.86	712.83	3.2920	3.7593
1394326519007	1266.92	675.93	1277.70	706.19	3.2655	3.7398
1394326527340	1270.29	687.77	1274.73	715.64	3.2966	3.7785
1394326535673	1266.69	697.91	1282.92	702.91	3.3332	3.7819
1394326544006	1269.43	687.90	1282.44	709.93	3.3241	3.7932
1394326552339	1263.97	684.23	1280.25	716.44	3.3419	3.8150
1394326560677	1261.26	647.82	1276.88	687.56	3.2480	3.7375
1394326569011	1262.45	655.36	1274.13	715.31	3.2918	3.7976
1394326577344	1265.82	665.27	1277.39	716.10	3.2982	3.7855
1394326585678	1266.54	679.32	1273.44	710.53	3.3340	3.7932
1394326594011	1264.69	647.50	1275.36	727.90	3.2851	3.8251
1394326602344	1264.82	652.49	1268.53	721.69	3.2871	3.8270
1394326610677	1265.64	662.94	1275.90	710.28	3.3278	3.7972
1394326619011	1269.72	691.04	1279.02	712.83	3.3690	3.8136
1394326627343	1269.41	662.19	1273.12	724.77	3.2952	3.8207
1394326635676	1270.16	666.32	1276.51	719.27	3.3060	3.8307
1394326644010	1268.64	709.64	1281.22	708.58	3.4057	3.8268
1394326652343	1266.68	697.70	1279.61	705.58	3.3620	3.8197
1394326660676	1271.37	699.79	1283.86	709.76	3.3741	3.8130
1394326669010	1269.90	690.28	1274.58	726.55	3.3674	3.8656
1394326677343	1267.90	677.83	1265.90	730.89	3.3206	3.8811
1394326685676	1274.31	692.63	1269.94	724.02	3.3757	3.8411
1394326694014	1269.48	688.87	1274.03	736.07	3.3666	3.8719
1394326702346	1269.25	677.51	1275.32	720.40	3.3542	3.8601
1394326710680	1269.99	674.01	1268.63	717.91	3.3522	3.8509
1394326719012	1273.17	694.33	1271.37	728.76	3.4143	3.8938
1394326727348	1272.45	701.06	1273.14	719.64	3.4221	3.8884
1394326735679	1281.33	698.96	1274.77	707.88	3.4032	3.8718
1394326744013	1271.37	678.38	1280.16	709.87	3.3865	3.8930
1394326752346	1271.80	674.62	1268.54	716.18	3.3674	3.9227
1394326760681	1272.46	674.22	1268.74	720.66	3.3912	3.9166
1394326769015	1263.16	682.03	1273.37	729.89	3.4092	3.9428
1394326777348	1270.53	683.24	1272.87	720.56	3.4397	3.9005
1394326785680	1275.11	706.76	1270.45	705.63	3.4588	3.9004
1394326794014	1270.66	679.75	1276.93	712.11	3.4012	3.8892
1394326802347	1275.94	703.87	1267.17	717.24	3.4595	3.9321
1394326810680	1279.45	702.95	1273.25	717.43	3.4438	3.9354
1394326819013	1279.70	695.84	1269.27	716.85	3.4356	3.9583
1394326827350	1279.27	706.29	1273.77	721.70	3.4370	3.9525
1394326835684	1276.46	690.32	1275.01	713.96	3.4174	3.9232
1394326844016	1280.61	696.93	1274.86	712.01	3.4223	3.9490
1394326852350	1280.90	692.35	1278.49	721.29	3.4333	3.9458
1394326860680	1281.25	703.52	1273.99	720.94	3.4644	3.9552
1394326869013	1284.16	706.81	1278.41	715.59	3.4572	3.9519
1394326877347	1279.15	698.24	1270.53	719.79	3.4509	3.9589
1394326885680	1276.66	696.31	1272.13	712.35	3.4333	3.9475
1394326894014	1280.87	705.42	1272.84	721.85	3.4695	3.9704
1394326902347	1281.84	705.34	1265.34	715.97	3.4481	3.9468
1394326910680	1288.57	724.18	1266.30	722.32	3.4913	3.9642
1394326919014	1281.95	688.94	1265.26	733.95	3.4476	3.9914
1394326927347	1286.38	688.10	1265.36	730.42	3.4701	3.9811
1394326935680	1283.46	701.45	1267.34	712.00	3.4949	3.9557
1394326944014	1282.10	713.55	1266.91	712.24	3.4826	3.9613
1394326952348	1281.42	719.35	1256.28	717.90	3.5084	3.9937
1394326960687	1283.78	692.48	1258.26	727.44	3.4332	4.0004
1394326969019	1284.79	683.81	1270.40	720.92	3.4432	3.9979
1394326977353	1281.25	687.65	1262.46	717.93	3.4685	3.9959
1394326985686	1277.73	675.20	1267.64	719.82	3.4401	4.0006
1394326994019	1279.79	697.14	1269.05	719.78	3.4958	4.0219
1394327002353	1279.33	700.72	1276.45	718.90	3.4971	4.0181
1394327010686	1284.74	718.46	1276.84	710.14	3.5156	4.0177
1394327019019	1273.88	692.54	1268.84	724.09	3.4411	4.0409
1394327027352	1298.95	671.84	1287.93	708.13	3.4370	4.0352
1394327035683	1360.68	620.22	1341.89	665.26	3.4197	3.9889
1394327044017	1374.75	583.62	1376.99	651.51	3.3723	3.9746
1394327052352	1385.57	609.49	1389.53	645.65	3.4256	3.9422
1394327060685	1375.26	578.05	1372.74	657.08	3.3618	3.9531
1394327069018	1373.11	582.14	1376.53	642.55	3.3531	3.8948
1394327077350	1383.64	580.65	1382.53	634.83	3.3255	3.8483
1394327085689	1385.74	593.88	1384.67	629.86	3.3163	3.8259
1394327094020	1374.65	598.86	1380.84	635.48	3.3053	3.8163
1394327102353	1381.22	604.07	1381.19	616.65	3.2899	3.7694
1394327110686	1377.84	583.47	1383.49	615.14	3.2755	3.7550
1394327119019	1390.44	588.46	1383.19	614.36	3.2873	3.7131
1394327127353	1384.20	586.68	1389.31	607.92	3.2754	3.6667
1394327135688	1384.52	589.67	1379.29	618.33	3.2387	3.6747
1394327144021	1384.98	593.65	1390.96	617.00	3.2358	3.6461
1394327152355	1385.41	588.49	1387.29	612.62	3.1639	3.6183
1394327160688	1376.19	596.94	1381.03	628.04	3.1812	3.6208
1394327169020	1380.33	596.27	1385.23	630.06	3.1564	3.5852
1394327177353	1383.03	591.95	1387.97	626.25	3.1572	3.5670
1394327185685	1370.87	586.29	1382.93	632.50	3.1360	3.5490
1394327194018	1434.27	580.18	1447.14	617.39	3.1411	3.5578
1394327202352	1473.71	567.20	1492.02	596.94	3.1278	3.5392
1394327210685	1499.55	558.36	1518.70	579.32	3.1342	3.5039
1394327219023	1526.60	562.20	1536.60	581.84	3.1099	3.4982
1394327227358	1521.58	561.27	1525.02	586.40	3.1106	3.4777
1394327235692	1523.01	555.16	1533.42	582.21	3.0979	3.4626
1394327244025	1528.21	556.92	1538.48	587.56	3.1056	3.4425
1394327252359	1525.34	549.96	1534.31	585.76	3.0937	3.4336
1394327260691	1512.75	549.07	1536.35	583.53	3.0927	3.4231
1394327269024	1516.51	551.47	1537.16	591.48	3.0704	3.4222
1394327277358	1523.58	553.87	1544.37	605.08	3.0541	3.4178
1394327285691	1524.84	558.32	1536.60	595.20	3.0475	3.3913
1394327294025	1526.78	565.44	1538.03	595.23	3.0588	3.3876
1394327302358	1532.97	564.83	1543.89	601.21	3.0298	3.3656
1394327310691	1525.16	566.26	1548.24	600.17	3.0422	3.3629
1394327319024	1518.34	564.10	1547.43	604.33	3.0230	3.3861
1394327327358	1520.74	562.20	1547.70	592.84	3.0033	3.3590
1394327335691	1525.73	558.59	1549.43	605.16	3.0020	3.3598
1394327344023	1523.03	565.32	1546.91	593.34	3.0022	3.3597
1394327352362	1521.56	555.13	1540.37	603.54	3.0069	3.3360
1394327360695	1519.75	550.60	1534.66	591.43	2.9854	3.3156
1394327369028	1520.13	556.06	1535.83	590.23	2.9943	3.3198
1394327377362	1528.54	560.44	1541.25	581.93	2.9894	3.3180
1394327385695	1522.58	570.63	1543.16	589.24	3.0061	3.2995
1394327394028	1513.83	577.31	1543.49	590.62	2.9927	3.2873
1394327402361	1522.38	567.05	1541.81	591.85	2.9788	3.3066
1394327410695	1526.25	569.12	1545.52	601.43	2.9660	3.2921
1394327419028	1518.35	566.28	1545.85	603.52	2.9464	3.2923
1394327427361	1520.59	569.31	1539.61	591.58	2.9399	3.2690
1394327435694	1516.29	573.49	1538.25	589.89	2.9462	3.2812
1394327444027	1515.19	565.96	1533.10	597.03	2.9622	3.2883
1394327452360	1521.09	555.79	1537.43	594.88	2.9647	3.2726
1394327460694	1521.70	556.74	1544.27	602.52	2.9642	3.2766
1394327469027	1520.82	557.52	1539.74	598.56	2.9559	3.2475
1394327477360	1524.60	565.39	1543.25	607.63	2.9455	3.2575
1394327485696	1513.45	566.85	1543.08	597.64	2.9200	3.2806
1394327494029	1515.91	563.96	1545.58	606.47	2.9376	3.2494
1394327502362	1518.50	569.16	1538.80	606.23	2.9233	3.2480
1394327510695	1513.57	553.48	1541.99	601.29	2.9279	3.2460
1394327519028	1511.41	547.13	1538.92	604.28	2.9461	3.2395
1394327527361	1512.33	547.65	1537.89	593.02	2.9318	3.2353
1394327535695	1502.28	559.23	1539.81	588.22	2.9444	3.2415
1394327544028	1508.78	566.55	1529.04	589.62	2.9472	3.2261
1394327552361	1510.90	574.93	1529.99	587.87	2.9301	3.2325
1394327560695	1505.60	571.96	1537.97	586.19	2.9223	3.2316
1394327569028	1517.37	568.30	1530.54	590.88	2.9179	3.2170
1394327577359	1513.81	562.43	1537.54	596.45	2.9123	3.2235
1394327585692	1458.59	578.33	1488.63	610.57	2.9294	3.2168
1394327594027	1409.43	596.17	1426.11	629.53	2.9115	3.2462
1394327602360	1374.37	600.95	1401.10	648.91	2.8924	3.2294
1394327610697	1373.75	613.09	1397.28	658.54	2.8653	3.2001
1394327619030	1371.73	613.51	1402.55	647.76	2.8841	3.1970
1394327627364	1371.87	617.73	1399.08	635.44	2.9128	3.2049
1394327635697	1371.53	622.89	1393.38	642.73	2.8959	3.1991
1394327644030	1360.96	619.30	1391.09	641.34	2.8701	3.1951
1394327652363	1365.45	615.60	1400.33	648.05	2.8743	3.1852
1394327660696	1363.27	617.47	1395.83	641.87	2.8866	3.2003
1394327669029	1373.93	610.60	1397.06	644.46	2.8862	3.1989
1394327677362	1374.74	625.40	1391.60	645.08	2.8788	3.1958
1394327685696	1369.83	626.77	1393.44	643.05	2.9028	3.1922
1394327694029	1382.77	624.13	1392.77	647.91	2.8928	3.2078
1394327702362	1374.35	622.89	1397.77	655.93	2.8958	3.2347
1394327710696	1381.47	617.51	1396.57	649.89	2.8986	3.2135
1394327719029	1373.87	616.06	1402.56	642.40	2.9075	3.2118
1394327727362	1376.31	615.17	1400.75	642.11	2.9093	3.2216
1394327735696	1381.66	618.37	1404.36	644.18	2.9086	3.2213
1394327744036	1377.52	629.24	1404.72	642.60	2.9293	3.2169
1394327752372	1378.20	617.43	1403.10	650.08	2.9111	3.2310
1394327760704	1379.44	612.31	1404.45	641.47	2.9082	3.2332
1394327769038	1374.17	614.75	1398.41	642.25	2.9334	3.2237
1394327777371	1375.57	607.78	1395.95	648.82	2.9319	3.2351
1394327785703	1372.09	613.01	1391.76	642.66	2.9296	3.2370
1394327794036	1374.12	617.75	1396.02	655.53	2.9402	3.2687
1394327802369	1372.60	622.94	1393.12	654.43	2.9596	3.2775
1394327810702	1376.95	621.15	1399.07	647.35	2.9740	3.2598
1394327819035	1362.91	627.22	1395.69	650.86	2.9320	3.2417
1394327827368	1294.07	623.05	1335.66	661.55	2.9156	3.2459
1394327835702	1267.09	645.39	1289.81	673.52	2.9657	3.2788
1394327844035	1257.58	644.12	1281.39	664.21	2.9351	3.2498
1394327852368	1256.13	639.86	1279.21	668.92	2.9316	3.2613
1394327860702	1266.35	642.67	1287.78	668.77	2.9278	3.2923
1394327869035	1258.34	647.68	1278.00	676.11	2.9568	3.2889
1394327877375	1251.42	660.65	1290.21	677.45	2.9614	3.3036
1394327885707	1258.74	659.14	1281.55	677.92	2.9575	3.2916
1394327894041	1256.91	653.33	1284.45	680.83	2.9436	3.3071
1394327902373	1256.17	663.11	1276.86	676.42	2.9412	3.3092
1394327910706	1259.10	656.10	1286.11	671.02	2.9461	3.2890
1394327919040	1254.83	668.53	1285.85	679.31	2.9751	3.2942
1394327927373	1257.20	659.56	1285.51	684.89	2.9626	3.2995
1394327935706	1258.89	669.51	1281.15	686.64	2.9666	3.3121
1394327944040	1251.03	662.72	1288.04	680.31	2.9735	3.2928
1394327952373	1258.68	664.99	1293.23	685.22	2.9756	3.3086
1394327960705	1245.41	663.26	1293.31	665.02	2.9645	3.3098
1394327969040	1252.57	658.70	1289.22	677.69	2.9703	3.3262
1394327977372	1251.40	651.34	1288.32	676.84	2.9729	3.3310
1394327985705	1257.01	638.18	1285.32	680.67	2.9666	3.3158
1394327994039	1260.27	643.54	1281.76	669.86	2.9766	3.3009
1394328002377	1248.92	639.59	1289.31	676.07	2.9876	3.3199
1394328010709	1259.21	640.24	1284.83	679.72	2.9649	3.3416
1394328019043	1263.01	647.03	1277.85	684.76	2.9854	3.3555
1394328027376	1258.34	643.50	1286.58	680.41	2.9845	3.3246
1394328035707	1252.54	648.11	1290.84	672.83	3.0116	3.3155
1394328044041	1252.87	640.38	1290.76	671.20	2.9854	3.3274
1394328052374	1263.03	644.59	1289.08	673.08	3.0042	3.3230
1394328060708	1260.41	652.04	1287.57	667.69	3.0080	3.3402
1394328069042	1262.38	660.23	1294.43	675.33	2.9993	3.3307
1394328077375	1254.19	658.34	1287.88	661.49	3.0023	3.2990
1394328085709	1258.50	663.70	1289.47	667.86	3.0114	3.3386
1394328094042	1262.14	659.20	1287.38	681.25	3.0001	3.3514
1394328102375	1256.16	661.25	1281.66	675.24	3.0097	3.3242
1394328110708	1257.21	657.25	1287.43	672.00	2.9836	3.3254
1394328119042	1257.37	656.97	1293.95	677.43	3.0045	3.3273
1394328127376	1259.92	661.17	1294.93	680.40	2.9957	3.3408
1394328135715	1256.11	662.50	1290.99	674.89	3.0076	3.3472
1394328144048	1253.30	649.19	1288.72	673.49	3.0185	3.3465
1394328152381	1254.51	648.87	1289.04	680.96	3.0034	3.3587
1394328160714	1256.77	634.89	1289.98	677.18	2.9751	3.3402
1394328169048	1261.06	633.27	1288.13	678.11	2.9762	3.3384
1394328177381	1254.42	634.96	1288.01	671.16	2.9690	3.3144
1394328185714	1261.54	632.56	1283.70	683.18	2.9751	3.3417
1394328194048	1255.20	636.54	1283.16	701.57	2.9934	3.3844
1394328202379	1259.76	634.93	1285.77	672.01	2.9812	3.3402
1394328210715	1257.02	640.62	1282.60	671.68	2.9852	3.3365
1394328219047	1253.35	649.96	1287.34	669.13	2.9963	3.3217
1394328227378	1254.56	659.52	1290.66	677.54	2.9915	3.3495
1394328235713	1256.12	658.66	1292.92	684.54	3.0052	3.3741
1394328244047	1252.01	650.87	1287.93	669.63	2.9777	3.3359
1394328252380	1251.93	652.84	1291.62	667.86	3.0001	3.3111
1394328260713	1247.92	646.95	1274.46	663.66	2.9586	3.3253
1394328269050	1173.53	667.11	1185.32	699.38	3.0080	3.3799
1394328277383	1098.32	676.05	1136.71	700.16	2.9996	3.3252
1394328285716	1104.13	680.22	1132.31	703.21	2.9698	3.3270
1394328294048	1112.01	684.06	1163.60	767.88	2.9677	3.4792
1394328302380	1128.02	682.28	1163.67	730.18	2.9694	3.3950
1394328310713	1114.57	685.07	1144.82	700.96	2.9601	3.3285
1394328319046	1111.98	697.13	1141.82	726.98	2.9767	3.3841
1394328327379	1117.50	697.03	1148.13	735.64	2.9847	3.4300
1394328335713	1122.23	698.92	1151.76	689.58	2.9963	3.3163
1394328344046	1116.98	695.48	1146.00	711.76	2.9872	3.3512
1394328352379	1115.22	685.98	1154.76	692.81	2.9685	3.3320
1394328360714	1113.00	698.47	1157.73	705.72	2.9924	3.3680
1394328369048	1103.40	682.06	1146.20	710.75	2.9690	3.4027
1394328377380	1117.61	695.36	1155.96	688.25	2.9825	3.3162
1394328385713	1107.71	687.82	1153.06	720.24	2.9611	3.4025
1394328394052	1125.18	684.42	1151.77	689.84	2.9678	3.3052
1394328402383	1122.63	690.37	1150.00	712.31	2.9929	3.3613
1394328410716	1127.50	678.02	1145.55	741.74	2.9854	3.4086
1394328419050	1130.10	689.48	1154.44	731.57	3.0072	3.3972
1394328427383	1129.05	683.95	1153.13	713.03	3.0034	3.3811
1394328435716	1123.11	684.69	1152.03	706.60	2.9880	3.3336
1394328444049	1128.22	684.54	1154.05	738.25	3.0029	3.4176
1394328452383	1127.48	683.87	1159.16	737.43	2.9819	3.4101
1394328460716	1125.77	684.64	1157.07	706.44	3.0177	3.3600
1394328469048	1125.64	683.46	1154.69	767.73	3.0031	3.4871
1394328477382	1129.21	691.73	1162.57	727.86	3.0068	3.4043
1394328485715	1125.82	678.77	1152.56	736.45	3.0050	3.4293
1394328494049	1114.09	690.98	1152.18	747.90	2.9986	3.4281
1394328502382	1123.11	688.61	1156.26	766.44	2.9943	3.4731
1394328510715	1111.60	696.07	1154.51	732.08	2.9888	3.3926
1394328519048	1118.02	704.25	1164.53	733.01	3.0193	3.4222
1394328527385	1123.50	715.22	1157.34	740.86	3.0446	3.4418
1394328535717	1119.53	699.27	1161.32	755.43	3.0172	3.4887
1394328544051	1122.39	711.85	1158.92	725.16	3.0468	3.4181
1394328552384	1117.24	694.95	1162.86	738.49	3.0123	3.4419
1394328560717	1117.45	690.75	1159.60	738.07	2.9994	3.4200
1394328569050	1121.08	702.65	1164.69	722.63	3.0230	3.4183
1394328577384	1185.90	688.02	1209.74	719.86	3.0236	3.4459
1394328585717	1222.30	669.94	1264.80	680.82	3.0119	3.3953
1394328594050	1234.56	651.86	1277.58	678.73	3.0169	3.3741
1394328602384	1247.36	655.72	1296.13	668.41	3.0278	3.3421
1394328610719	1270.59	647.01	1313.54	675.17	3.0296	3.3662
1394328619051	1285.31	655.12	1324.31	671.14	3.0264	3.3282
1394328627385	1282.78	621.72	1343.43	626.51	3.0251	3.3940
1394328635718	1268.36	630.83	1333.89	814.08	3.0620	3.2887
1394328644049	1310.94	879.53	1315.59	1032.92	2.9749	3.1633
1394328652383	1583.15	874.74	749.14	1267.35	1.6888	2.4456
1394328660726	1441.12	1300.10	NaN	NaN	2.0576	NaN
1394328669060	NaN	NaN	NaN	NaN	NaN	NaN
1394328677393	NaN	NaN	NaN	NaN	NaN	NaN
1394328685726	NaN	NaN	NaN	NaN	NaN	NaN
1394328694059	NaN	NaN	NaN	NaN	NaN	NaN
1394328702392	NaN	NaN	NaN	NaN	NaN	NaN
1394328710725	NaN	NaN	NaN	NaN	NaN	NaN
1394328719058	NaN	NaN	NaN	NaN	NaN	NaN
1394328727392	NaN	NaN	NaN	NaN	NaN	NaN
1394328735725	NaN	NaN	NaN	NaN	NaN	NaN
1394328744058	NaN	NaN	987.70	1108.35	NaN	1.6076
1394328752392	NaN	NaN	997.34	914.08	NaN	1.6176
1394328760725	1396.69	976.45	NaN	NaN	2.6220	NaN
1394328769058	NaN	NaN	1261.47	797.26	NaN	2.7617
1394328777391	1303.36	681.72	1335.34	818.54	2.9264	3.2532
1394328785722	1293.80	605.47	1356.49	664.99	3.0784	3.3087
1394328794060	1300.46	597.01	1357.40	611.63	3.0598	3.3802
1394328802394	1323.33	640.59	1355.62	658.75	3.0038	3.3472
1394328810727	1324.53	659.22	1334.30	668.10	2.9769	3.2991
1394328819058	1315.86	652.03	1329.95	665.84	2.9694	3.2672
1394328827392	1319.15	658.42	1338.01	682.64	3.0000	3.3241
1394328835725	1308.38	638.96	1340.38	666.48	2.9874	3.3282
1394328844058	1315.19	644.09	1335.26	670.02	3.0047	3.3276
1394328852392	1317.30	650.26	1341.00	677.65	3.0155	3.3493
1394328860724	1313.63	633.79	1348.67	680.18	2.9815	3.3752
1394328869057	1312.27	631.35	1346.63	663.21	2.9971	3.3220
1394328877390	1312.00	629.98	1344.71	660.85	2.9952	3.3304
1394328885724	1315.36	628.09	1355.08	673.31	3.0154	3.3266
1394328894058	1316.57	637.29	1353.09	654.97	3.0027	3.3352
1394328902390	1308.16	630.67	1353.98	657.56	3.0049	3.3386
1394328910724	1315.72	630.83	1350.50	653.45	3.0338	3.3223
1394328919058	1318.80	617.25	1356.94	662.02	3.0017	3.3472
1394328927396	1315.52	617.91	1353.56	657.03	3.0161	3.3268
1394328935728	1319.88	617.87	1352.98	656.60	2.9981	3.3218
1394328944061	1321.18	612.47	1352.55	657.87	2.9975	3.3204
1394328952397	1325.58	615.45	1344.55	657.20	2.9882	3.3466
1394328960730	1321.78	616.79	1351.22	657.71	3.0107	3.3251
1394328969063	1313.15	621.59	1347.22	652.53	2.9855	3.3456
1394328977397	1324.60	621.65	1355.89	656.33	2.9988	3.3190
1394328985730	1314.39	616.74	1355.08	654.28	2.9793	3.3206
1394328994061	1315.61	618.29	1348.18	650.35	3.0363	3.3057
1394329002397	1320.33	612.99	1358.17	656.62	2.9875	3.3245
1394329010728	1310.29	614.86	1346.07	652.07	2.9948	3.3079
1394329019061	1312.82	613.71	1348.99	654.07	2.9944	3.3076
1394329027395	1314.88	617.97	1349.58	654.32	3.0039	3.3121
1394329035727	1315.05	612.01	1351.32	659.25	3.0031	3.3223
1394329044060	1316.69	623.89	1353.20	655.33	3.0137	3.3039
1394329052396	1322.87	617.41	1353.02	658.58	2.9764	3.3194
1394329060730	1315.57	616.13	1358.92	658.18	2.9880	3.3010
1394329069063	1318.98	623.06	1354.04	658.46	3.0044	3.3044
1394329077396	1313.57	628.54	1351.97	668.65	3.0253	3.3143
1394329085730	1322.50	623.95	1354.67	671.55	3.0267	3.3141
1394329094063	1313.92	600.92	1339.76	629.05	3.0303	3.3356
1394329102396	1321.12	596.12	1336.77	618.09	3.0405	3.3450
1394329110729	1325.84	594.97	1343.81	613.72	3.0328	3.3149
1394329119062	1317.51	597.59	1341.40	619.34	3.0252	3.3159
1394329127395	1321.90	591.06	1342.61	615.07	3.0434	3.3177
1394329135729	1320.88	586.52	1340.33	623.71	3.0373	3.3180
1394329144062	1322.08	592.58	1341.19	618.54	3.0321	3.3137
1394329152395	1318.03	588.44	1339.95	623.08	3.0394	3.3125
1394329160729	1323.56	596.42	1343.86	628.15	3.0228	3.2933
1394329169062	1322.37	594.46	1346.25	615.25	3.0435	3.3120
1394329177394	1318.16	595.18	1351.89	621.41	2.9975	3.3242
1394329185735	1311.54	596.76	1354.91	625.16	3.0019	3.3061
1394329194068	1314.20	597.31	1352.04	623.96	3.0231	3.3312
1394329202401	1307.93	595.24	1351.26	624.34	3.0103	3.3076
1394329210735	1321.01	596.99	1351.04	618.22	3.0190	3.2960
1394329219068	1313.18	597.81	1354.04	611.15	3.0101	3.3076
1394329227402	1312.18	591.07	1351.33	620.19	3.0169	3.3003
1394329235735	1306.45	592.40	1349.16	615.72	3.0172	3.3025
1394329244068	1310.54	593.16	1350.14	617.71	2.9917	3.2987
1394329252401	1313.43	590.24	1347.47	610.07	3.0279	3.2906
1394329260734	1309.52	592.69	1351.81	612.49	2.9886	3.3100
1394329269067	1311.77	594.56	1350.03	616.47	3.0060	3.2974
1394329277400	1308.69	593.40	1349.99	617.35	2.9944	3.3085
1394329285734	1309.25	599.50	1355.03	616.61	2.9836	3.2838
1394329294067	1314.20	593.64	1348.96	628.40	2.9959	3.2915
1394329302400	1314.98	592.54	1348.68	624.29	2.9979	3.2890
1394329310734	1311.85	590.63	1350.41	623.13	2.9901	3.2852
1394329319072	1311.71	584.49	1350.23	630.04	2.9985	3.2916
1394329327405	1318.71	590.16	1349.35	622.06	2.9999	3.2709
1394329335738	1311.34	592.26	1342.55	629.97	3.0038	3.2822
1394329344071	1325.35	587.77	1356.26	626.19	2.9975	3.2824
1394329352405	1310.78	585.40	1352.24	623.91	3.0054	3.2736
1394329360738	1312.87	586.36	1343.59	619.67	3.0142	3.2766
1394329369071	1317.24	595.44	1343.26	618.08	2.9976	3.2811
1394329377404	1311.79	596.12	1351.71	624.44	2.9885	3.3023
1394329385738	1308.29	595.92	1341.94	611.57	3.0003	3.2725
1394329394071	1314.97	593.67	1336.74	616.66	2.9949	3.2821
1394329402404	1310.60	589.26	1349.94	617.34	2.9776	3.2780
1394329410737	1316.60	593.37	1345.15	614.16	3.0105	3.2749
1394329419070	1314.73	590.65	1344.55	615.26	2.9908	3.2854
1394329427403	1309.29	583.90	1347.00	619.71	3.0023	3.2941
1394329435737	1318.42	590.98	1344.47	615.96	3.0108	3.2925
1394329444074	1315.46	588.51	1346.76	621.19	2.9894	3.3024
1394329452407	1322.35	596.01	1341.25	628.70	3.0002	3.3195
1394329460741	1318.06	602.46	1352.44	624.46	3.0130	3.3165
1394329469074	1321.25	605.94	1345.32	652.29	3.0005	3.2920
1394329477408	1318.84	625.44	1350.65	659.95	2.9644	3.2938
1394329485740	1334.03	639.86	1364.31	663.32	2.9820	3.2941
1394329494073	1318.90	634.12	1352.40	647.47	2.9893	3.2915
1394329502409	1319.71	629.09	1351.26	657.29	2.9935	3.3014
1394329510742	1324.49	635.97	1349.54	654.79	2.9950	3.3032
1394329519075	1329.30	642.80	1347.07	653.33	2.9936	3.2877
1394329527408	1319.64	642.01	1354.96	656.31	2.9933	3.2999
1394329535741	1315.54	630.98	1351.47	661.37	2.9673	3.3009
1394329544075	1316.48	634.50	1345.29	655.86	2.9901	3.3193
1394329552408	1311.15	633.68	1352.03	659.41	3.0184	3.3170
1394329560742	1323.25	630.28	1357.27	655.67	3.0094	3.2974
1394329569075	1312.17	619.22	1355.52	663.13	3.0078	3.3089
1394329577412	1313.59	624.68	1360.44	667.54	2.9950	3.3171
1394329585744	1321.27	623.53	1358.53	671.67	3.0248	3.3300
1394329594077	1317.82	624.48	1359.79	670.17	2.9881	3.3267
1394329602411	1315.96	618.24	1356.43	667.51	3.0155	3.3307
1394329610745	1318.48	622.87	1344.95	670.56	3.0214	3.3583
1394329619077	1315.79	624.10	1352.76	663.45	3.0110	3.3686
1394329627410	1319.57	632.00	1350.88	667.78	3.0176	3.3602
1394329635745	1315.18	634.48	1350.08	658.64	3.0490	3.3643
1394329644079	1327.96	637.46	1348.66	660.45	3.0343	3.3557
1394329652412	1323.25	640.90	1348.97	654.18	3.0437	3.3600
1394329660744	1324.24	633.99	1351.80	665.18	3.0480	3.3799
1394329669078	1329.98	632.59	1345.38	671.32	3.0557	3.3997
1394329677412	1322.58	635.57	1357.00	664.30	3.0329	3.3882
1394329685745	1319.93	645.47	1354.23	670.09	3.0855	3.3763
1394329694078	1322.12	634.56	1355.94	668.90	3.0500	3.3919
1394329702411	1318.98	633.35	1349.85	664.06	3.0611	3.3926
1394329710749	1318.36	632.29	1356.56	661.51	3.0479	3.4107
1394329719083	1322.13	631.73	1357.51	656.09	3.0615	3.3905
1394329727417	1323.54	631.49	1359.08	659.72	3.0686	3.3972
1394329735748	1328.20	623.61	1360.25	656.34	3.0431	3.3949
1394329744082	1328.34	621.72	1358.01	668.89	3.0608	3.4200
1394329752415	1323.10	622.99	1353.92	657.66	3.0734	3.4093
1394329760747	1323.22	622.87	1356.73	662.68	3.0654	3.4084
1394329769082	1325.13	618.09	1361.34	664.42	3.0544	3.4121
1394329777413	1321.18	619.52	1358.48	665.80	3.0681	3.3991
