t	gaze_point_LX	gaze_point_LY	gaze_point_RX	gaze_point_RY	pupil_diameter_L	pupil_diameter_R
2015434765006	1293.95	704.10	1275.35	674.16	3.4371	3.0568
2015434773339	1305.32	708.12	1277.41	666.92	3.4445	3.0396
2015434781673	1300.99	712.29	1275.94	672.27	3.4403	3.0540
2015434790006	1300.71	727.91	1277.31	664.03	3.4508	3.0477
2015434798338	1305.15	736.38	1280.00	664.90	3.4615	3.0521
2015434806671	1309.70	739.49	1278.72	668.34	3.4796	3.0583
2015434815005	1304.10	743.78	1273.56	691.10	3.4709	3.0946
2015434823338	1304.77	741.37	1282.26	669.15	3.4674	3.0706
2015434831672	1293.72	748.42	1278.32	673.93	3.4764	3.0831
2015434840005	1295.78	750.19	1282.54	677.20	3.4824	3.0843
2015434848338	1296.67	742.35	1281.56	680.97	3.4902	3.0859
2015434856676	1303.64	742.44	1280.84	671.62	3.4840	3.0794
2015434865009	1305.71	743.25	1279.60	679.73	3.4974	3.1238
2015434873341	1308.12	739.13	1276.56	660.43	3.4885	3.0744
2015434881675	1307.74	727.43	1288.07	653.56	3.4898	3.0491
2015434890007	1304.47	740.93	1283.05	661.54	3.5274	3.0705
2015434898341	1307.15	726.03	1274.39	698.67	3.5069	3.1422
2015434906675	1301.86	729.66	1282.22	659.60	3.5090	3.0843
2015434915008	1304.90	718.50	1278.66	694.94	3.5099	3.1252
2015434923341	1296.01	730.24	1277.85	681.66	3.5070	3.1287
2015434931674	1290.73	739.87	1282.90	669.02	3.5443	3.1004
2015434940008	1288.97	731.30	1274.29	708.52	3.5448	3.1819
2015434948341	1288.45	746.11	1265.65	695.19	3.5332	3.1779
2015434956674	1282.11	743.04	1276.91	667.49	3.5667	3.1215
2015434965007	1285.15	743.36	1273.60	683.95	3.5511	3.1745
2015434973340	1285.84	744.90	1257.12	720.74	3.5506	3.2238
2015434981674	1280.88	748.27	1273.39	680.12	3.5403	3.1746
2015434990012	1285.99	743.29	1272.17	685.02	3.5239	3.1781
2015434998345	1291.44	740.06	1268.11	699.58	3.5397	3.2023
2015435006678	1290.62	738.66	1264.37	672.63	3.5442	3.1599
2015435015011	1293.22	745.52	1266.62	723.44	3.5639	3.2614
2015435023345	1302.48	734.40	1277.09	660.40	3.5597	3.1557
2015435031678	1299.74	722.14	1275.41	708.92	3.5351	3.2516
2015435040011	1302.56	733.35	1276.84	673.85	3.5641	3.1775
2015435048344	1303.79	743.87	1278.79	681.91	3.5836	3.1984
2015435056677	1303.21	731.74	1271.56	695.97	3.5743	3.2288
2015435065011	1305.06	730.71	1277.19	658.70	3.5578	3.1540
2015435073344	1303.23	733.44	1277.29	662.82	3.5848	3.1700
2015435081678	1306.15	723.60	1275.05	675.41	3.5638	3.1992
2015435090011	1308.21	742.52	1272.65	710.35	3.5911	3.2676
2015435098344	1306.57	726.41	1270.75	705.83	3.5707	3.2770
2015435106676	1308.06	739.68	1279.92	682.67	3.5993	3.2234
2015435115010	1307.17	735.53	1273.25	700.49	3.6114	3.2696
2015435123348	1304.53	729.46	1278.16	664.75	3.5890	3.1842
2015435131681	1310.49	726.41	1278.91	679.34	3.5909	3.2293
2015435140014	1308.87	734.51	1271.60	711.50	3.6311	3.2774
2015435148348	1312.60	726.41	1278.33	693.56	3.6078	3.2195
2015435156682	1309.73	729.80	1281.60	693.31	3.6110	3.2321
2015435165015	1304.14	727.49	1276.76	680.34	3.5897	3.2083
2015435173348	1312.18	739.13	1271.58	719.12	3.5976	3.2866
2015435181680	1301.65	720.62	1288.63	703.85	3.5611	3.2467
2015435190014	1299.09	742.81	1277.01	675.13	3.5891	3.1736
2015435198347	1293.12	726.95	1273.22	686.33	3.5636	3.1969
2015435206680	1296.20	737.62	1273.29	678.67	3.5643	3.1884
2015435215014	1296.59	744.11	1275.48	675.94	3.5689	3.1584
2015435223346	1287.16	737.88	1279.47	672.83	3.5288	3.1431
2015435231680	1287.15	746.60	1271.00	705.45	3.5549	3.2041
2015435240014	1282.30	738.33	1281.10	682.67	3.5339	3.1531
2015435248351	1294.38	734.58	1271.29	678.07	3.5087	3.1191
2015435256683	1287.24	717.62	1273.55	720.03	3.4586	3.1606
2015435265016	1295.34	717.60	1277.70	718.86	3.4492	3.1504
2015435273350	1291.22	724.71	1274.24	705.69	3.4470	3.1164
2015435281683	1290.64	714.25	1273.98	705.25	3.4476	3.0871
2015435290017	1299.20	729.35	1274.18	703.43	3.4485	3.0745
2015435298350	1309.78	728.70	1270.81	678.57	3.4381	3.0224
2015435306683	1302.21	727.62	1273.44	685.44	3.4391	3.0131
2015435315017	1297.31	732.19	1268.53	685.53	3.4342	3.0328
2015435323350	1301.28	710.78	1273.41	722.05	3.3896	3.0902
2015435331682	1304.82	724.39	1266.02	713.13	3.3865	3.0848
2015435340016	1304.23	717.40	1286.65	660.85	3.3646	2.9830
2015435348348	1297.35	724.36	1280.14	671.97	3.3577	2.9990
2015435356682	1297.40	722.92	1282.99	667.87	3.3397	3.0078
2015435365016	1297.32	732.65	1276.68	670.27	3.3452	3.0011
2015435373349	1289.73	734.63	1275.23	679.71	3.3531	3.0237
2015435381688	1290.38	742.26	1280.73	671.75	3.3719	2.9886
2015435390021	1298.54	740.25	1271.50	674.55	3.3761	3.0015
2015435398355	1290.72	721.53	1279.99	677.85	3.3299	3.0102
2015435406688	1289.39	714.54	1279.07	673.77	3.2992	2.9969
2015435415021	1289.52	731.86	1277.36	670.80	3.3669	2.9806
2015435423354	1288.79	713.32	1280.09	674.61	3.3266	2.9929
2015435431687	1286.99	726.57	1282.97	679.67	3.3511	2.9922
2015435440021	1294.63	713.96	1280.91	697.87	3.3401	3.0197
2015435448354	1290.89	707.42	1271.18	690.44	3.3457	2.9936
2015435456687	1295.79	691.80	1272.10	701.60	3.3077	3.0167
2015435465021	1296.20	696.61	1273.79	710.80	3.3181	3.0439
2015435473353	1303.82	731.66	1274.02	688.75	3.3974	2.9952
2015435481687	1301.42	707.92	1272.48	684.35	3.3396	2.9773
2015435490020	1301.37	718.78	1274.98	686.76	3.3648	2.9906
2015435498353	1301.90	714.03	1279.11	704.33	3.3458	3.0480
2015435506686	1300.16	717.19	1275.24	666.96	3.3330	2.9741
2015435515023	1295.76	728.28	1274.45	669.92	3.3578	3.0071
2015435523357	1300.02	713.43	1279.67	657.75	3.3219	2.9811
2015435531690	1297.28	720.11	1284.68	668.95	3.3322	3.0042
2015435540023	1298.39	722.88	1280.72	670.62	3.3379	2.9872
2015435548357	1300.22	727.97	1286.83	668.11	3.3441	3.0038
2015435556690	1304.27	742.23	1276.23	685.72	3.3734	3.0509
2015435565023	1302.37	726.67	1275.46	668.99	3.3643	2.9811
2015435573356	1295.68	711.82	1282.68	665.05	3.3333	3.0014
2015435581689	1304.03	729.14	1283.41	664.20	3.3909	2.9995
2015435590023	1303.12	734.44	1276.91	689.56	3.3898	3.0160
2015435598355	1301.86	715.17	1271.94	709.69	3.3571	3.0660
2015435606689	1305.19	721.04	1274.97	727.21	3.3728	3.0780
2015435615023	1300.38	707.60	1272.72	684.19	3.3605	2.9984
2015435623356	1300.86	708.50	1280.71	692.96	3.3620	3.0213
2015435631689	1296.48	713.97	1268.89	704.23	3.3747	3.0359
2015435640021	1297.26	722.08	1275.17	686.13	3.4064	3.0085
2015435648359	1292.95	711.80	1276.48	709.93	3.3714	3.0755
2015435656692	1297.09	708.01	1269.34	706.93	3.3883	3.0628
2015435665025	1297.71	719.26	1269.41	725.89	3.4245	3.1239
2015435673359	1294.54	706.09	1275.87	712.68	3.4025	3.0784
2015435681692	1290.00	713.55	1274.77	704.13	3.3769	3.0752
2015435690025	1296.54	727.07	1274.08	689.25	3.4169	3.0497
2015435698359	1286.13	723.76	1278.01	680.02	3.4064	3.0462
2015435706692	1293.69	732.33	1281.96	692.80	3.4210	3.0924
2015435715024	1292.19	735.99	1271.87	673.90	3.4261	3.0598
2015435723357	1289.69	740.86	1283.91	686.38	3.4400	3.0815
2015435731691	1289.58	741.71	1274.93	698.59	3.4348	3.1382
2015435740024	1287.72	743.79	1284.51	674.60	3.4489	3.0842
2015435748358	1287.28	734.43	1277.16	689.64	3.4258	3.1127
2015435756691	1287.75	743.89	1279.81	683.59	3.4640	3.0996
2015435765024	1289.82	742.62	1278.07	672.92	3.4576	3.0603
2015435773362	1290.68	731.41	1287.12	688.36	3.4673	3.1112
2015435781695	1287.74	731.10	1273.26	673.08	3.4901	3.0610
2015435790028	1297.13	714.80	1275.89	709.09	3.4479	3.1322
2015435798361	1292.14	725.67	1276.66	697.75	3.4953	3.1112
2015435806694	1296.95	728.64	1270.26	717.43	3.5006	3.1718
2015435815027	1299.15	716.69	1275.67	710.52	3.4808	3.1476
2015435823361	1295.49	717.30	1270.99	722.59	3.4927	3.1987
2015435831694	1296.76	729.22	1266.77	712.74	3.5339	3.1867
2015435840027	1290.46	720.37	1269.14	729.47	3.5283	3.2131
2015435848360	1297.34	729.62	1271.41	738.10	3.5489	3.2414
2015435856694	1296.62	728.50	1264.41	721.38	3.5186	3.2298
2015435865027	1295.43	733.55	1279.81	701.89	3.5311	3.1825
2015435873360	1298.23	739.03	1277.96	704.07	3.5629	3.2092
2015435881693	1291.26	742.07	1279.74	686.01	3.5499	3.1738
2015435890026	1295.12	740.94	1282.29	680.74	3.5561	3.1811
2015435898360	1292.42	733.34	1274.85	705.00	3.5495	3.2518
2015435906700	1291.88	730.65	1268.08	685.72	3.5502	3.2238
2015435915033	1293.33	734.14	1277.47	689.75	3.5628	3.2164
2015435923367	1298.19	735.44	1269.92	723.60	3.5782	3.2878
2015435931700	1300.03	736.30	1266.57	725.96	3.5786	3.2926
2015435940033	1300.98	720.92	1269.76	720.44	3.5677	3.2610
2015435948366	1299.61	727.17	1272.74	721.85	3.5746	3.2710
2015435956699	1297.32	723.65	1262.85	735.84	3.5863	3.3138
2015435965032	1305.83	732.19	1273.99	734.35	3.6087	3.3038
2015435973365	1308.97	727.27	1267.12	747.63	3.6010	3.3383
2015435981699	1301.82	722.06	1271.02	721.36	3.6071	3.2696
2015435990032	1301.19	727.42	1266.57	743.69	3.6071	3.3326
2015435998366	1301.31	720.50	1258.83	737.38	3.6105	3.3334
2015436006699	1301.39	717.52	1266.05	740.60	3.5818	3.3538
2015436015032	1302.92	736.13	1268.85	723.13	3.6145	3.2992
2015436023365	1304.94	728.40	1267.95	731.83	3.5987	3.3349
2015436031698	1300.95	720.67	1265.48	718.95	3.5947	3.3219
2015436040034	1298.79	733.39	1268.95	722.68	3.6157	3.3039
2015436048368	1305.63	728.63	1265.80	721.82	3.6059	3.3066
2015436056700	1300.16	734.11	1271.64	693.27	3.6145	3.2730
2015436065034	1296.25	734.91	1267.26	737.70	3.6055	3.3701
2015436073368	1293.60	738.88	1274.38	708.04	3.6163	3.3183
2015436081701	1294.41	728.43	1270.72	721.17	3.5919	3.3342
2015436090034	1296.76	734.49	1272.13	722.11	3.6245	3.3092
2015436098366	1295.30	733.44	1267.15	727.72	3.6298	3.3530
2015436106700	1285.41	722.79	1267.59	724.18	3.6135	3.3293
2015436115033	1296.49	724.94	1275.20	728.20	3.6090	3.3322
2015436123367	1287.48	723.30	1268.56	741.74	3.6039	3.3624
2015436131700	1293.42	714.95	1263.01	741.07	3.6228	3.3599
2015436140033	1296.43	729.10	1260.71	756.07	3.6190	3.3964
2015436148367	1295.68	729.91	1265.44	730.45	3.6573	3.3314
2015436156700	1291.56	726.83	1264.10	729.42	3.6343	3.3483
2015436165033	1289.57	727.15	1267.12	704.11	3.6329	3.2849
2015436173370	1287.88	711.95	1263.10	737.25	3.6264	3.3500
2015436181703	1290.93	730.69	1259.07	739.40	3.6296	3.3383
2015436190037	1287.26	713.43	1264.96	741.43	3.6230	3.3509
2015436198371	1296.67	715.51	1257.10	749.65	3.6189	3.3622
2015436206704	1295.70	727.51	1262.01	742.45	3.6134	3.3568
2015436215037	1291.73	734.24	1269.43	724.65	3.6316	3.3188
2015436223370	1294.39	733.20	1272.56	722.75	3.6201	3.3152
2015436231704	1290.38	737.05	1277.31	728.03	3.6339	3.3203
2015436240037	1292.04	728.81	1272.18	738.18	3.5873	3.3399
2015436248370	1291.88	733.86	1275.98	736.04	3.6123	3.3415
2015436256703	1293.25	723.69	1269.07	742.25	3.5650	3.3610
2015436265036	1297.69	734.42	1273.72	708.82	3.6147	3.2964
2015436273369	1298.56	732.45	1274.60	711.67	3.5965	3.3072
2015436281703	1289.87	727.99	1274.96	727.04	3.6053	3.3449
2015436290036	1296.56	733.21	1271.91	733.57	3.6085	3.3508
2015436298373	1290.14	739.53	1272.43	718.82	3.6338	3.2846
2015436306706	1294.71	723.85	1273.59	707.90	3.6057	3.2666
2015436315040	1295.62	728.98	1277.50	729.00	3.6011	3.3021
2015436323373	1293.97	710.09	1277.08	728.38	3.5947	3.3155
2015436331706	1294.62	726.65	1269.60	719.21	3.6255	3.2919
2015436340039	1301.33	717.70	1261.55	694.71	3.6197	3.2568
2015436348372	1303.66	722.74	1271.19	730.89	3.6301	3.3248
2015436356706	1301.93	727.44	1258.76	735.47	3.6294	3.3371
2015436365038	1302.56	727.31	1268.69	728.37	3.6247	3.3374
2015436373372	1307.75	738.93	1262.73	736.87	3.6623	3.3560
2015436381706	1305.94	729.72	1267.06	712.25	3.6259	3.3192
2015436390039	1297.79	736.98	1272.05	706.80	3.6214	3.3327
2015436398372	1295.58	743.71	1270.49	707.47	3.6283	3.3392
2015436406704	1293.77	745.11	1274.62	715.25	3.6446	3.3567
2015436415038	1292.50	736.06	1276.50	717.69	3.6239	3.3399
2015436423371	1297.38	735.51	1281.87	703.05	3.6497	3.3253
2015436431710	1298.16	732.52	1272.80	701.48	3.6367	3.3342
2015436440044	1295.72	746.15	1272.14	708.11	3.6481	3.3512
2015436448377	1297.54	748.69	1270.45	704.44	3.6452	3.3425
2015436456711	1286.55	720.36	1276.98	694.99	3.6219	3.3089
2015436465044	1292.34	725.72	1272.38	728.91	3.6436	3.3698
2015436473377	1292.20	716.51	1267.32	731.82	3.6358	3.3369
2015436481710	1290.72	723.08	1270.10	711.34	3.6647	3.3207
2015436490042	1295.29	729.36	1266.66	721.20	3.6917	3.3439
2015436498376	1298.59	735.92	1265.94	719.51	3.6847	3.3635
2015436506710	1292.92	737.41	1261.67	731.00	3.6771	3.3829
2015436515042	1301.54	735.98	1267.41	725.77	3.6777	3.3613
2015436523376	1295.10	726.38	1259.41	732.94	3.6654	3.3791
2015436531710	1293.30	725.24	1264.00	720.50	3.6577	3.3397
2015436540043	1295.07	726.56	1259.75	731.13	3.6755	3.3651
2015436548376	1292.02	724.34	1262.96	721.11	3.6727	3.3446
2015436556708	1292.63	715.38	1269.68	735.81	3.6637	3.3706
2015436565047	1287.15	728.58	1267.17	744.81	3.6567	3.3909
2015436573380	1286.35	745.91	1272.70	702.03	3.6918	3.3532
2015436581714	1284.54	731.48	1270.82	719.23	3.6720	3.3948
2015436590047	1290.17	744.78	1267.63	717.46	3.6781	3.3921
2015436598380	1291.26	729.24	1260.46	709.72	3.6548	3.3577
2015436606713	1286.63	758.34	1269.65	719.72	3.7074	3.4029
2015436615047	1287.90	741.74	1278.93	691.06	3.6749	3.3391
2015436623380	1289.34	741.79	1268.77	687.12	3.7145	3.3320
2015436631714	1288.06	730.11	1274.84	724.85	3.6642	3.4025
2015436640045	1287.84	721.35	1273.17	709.35	3.6738	3.3335
2015436648379	1295.93	719.03	1269.61	727.55	3.6903	3.3598
2015436656713	1297.69	712.75	1268.08	740.23	3.6814	3.3985
2015436665046	1305.64	717.90	1270.50	726.90	3.6882	3.3860
2015436673379	1294.80	713.66	1268.84	744.09	3.6866	3.3994
2015436681712	1298.34	724.78	1269.03	725.84	3.7079	3.3865
2015436690050	1294.43	720.64	1277.72	743.57	3.6940	3.4179
2015436698383	1299.26	712.81	1263.03	741.76	3.6989	3.4304
2015436706716	1302.87	718.36	1267.47	743.30	3.6950	3.4053
2015436715049	1301.22	721.86	1273.90	731.83	3.7107	3.3946
2015436723382	1303.25	722.88	1266.63	720.07	3.6909	3.3863
2015436731715	1299.86	711.33	1272.59	729.27	3.6754	3.4115
2015436740049	1301.28	732.34	1274.67	714.85	3.7151	3.3925
2015436748382	1295.19	732.62	1272.74	703.28	3.6991	3.3701
2015436756715	1296.94	739.07	1273.27	703.86	3.6987	3.3850
2015436765048	1301.14	749.81	1275.28	697.26	3.7306	3.3604
2015436773382	1296.97	743.45	1269.52	702.46	3.7095	3.3668
2015436781715	1297.38	740.69	1269.28	718.98	3.7051	3.4073
2015436790048	1295.10	740.45	1266.91	721.27	3.7214	3.4233
2015436798381	1292.50	741.25	1274.64	702.62	3.7267	3.3811
2015436806714	1300.45	733.37	1280.52	720.29	3.7326	3.4360
2015436815048	1299.67	730.04	1271.63	731.32	3.7217	3.4381
2015436823387	1297.38	721.42	1272.47	717.90	3.7109	3.4044
2015436831720	1296.18	723.32	1263.89	738.94	3.7160	3.4409
2015436840054	1298.10	721.55	1261.48	743.91	3.7200	3.4527
2015436848387	1297.57	743.27	1260.79	742.90	3.7481	3.4453
2015436856720	1291.73	743.94	1264.36	735.13	3.7383	3.4395
2015436865053	1299.84	735.03	1263.45	746.67	3.7303	3.4746
2015436873386	1296.08	737.36	1270.93	739.86	3.7382	3.4598
2015436881719	1292.18	737.23	1262.61	735.62	3.7264	3.4281
2015436890052	1296.42	733.00	1263.37	742.68	3.7504	3.4523
2015436898386	1290.68	722.05	1269.25	745.61	3.7370	3.4428
2015436906719	1284.66	717.32	1271.70	738.13	3.7194	3.4538
2015436915053	1289.88	718.87	1269.44	721.61	3.7133	3.4277
2015436923386	1282.58	736.30	1266.81	722.57	3.7229	3.4247
2015436931719	1289.02	736.07	1262.07	731.58	3.7354	3.4625
2015436940052	1288.47	738.88	1270.75	718.58	3.7354	3.4318
2015436948385	1288.26	746.57	1263.44	723.88	3.7355	3.4374
2015436956721	1282.73	745.08	1250.67	727.17	3.7217	3.4461
2015436965055	1286.46	747.00	1267.07	720.10	3.7329	3.4247
2015436973388	1284.40	742.26	1273.10	715.63	3.7404	3.4211
2015436981721	1284.49	726.18	1266.26	724.45	3.7040	3.4260
2015436990055	1282.30	717.86	1271.35	727.52	3.7094	3.4305
2015436998388	1289.33	721.76	1272.08	735.13	3.7344	3.4228
2015437006721	1280.70	716.31	1268.42	743.41	3.7032	3.4237
2015437015054	1283.20	721.75	1272.65	742.56	3.6999	3.4225
2015437023387	1286.23	731.19	1267.04	739.68	3.7182	3.4030
2015437031720	1288.90	727.16	1268.96	739.40	3.7090	3.4132
2015437040054	1287.64	727.78	1271.93	723.04	3.7086	3.3931
2015437048387	1286.52	721.46	1266.17	746.56	3.7022	3.4272
2015437056720	1285.54	709.93	1273.31	744.34	3.6912	3.4184
2015437065054	1287.57	715.57	1273.33	741.44	3.7194	3.4147
2015437073387	1288.04	724.66	1270.98	730.42	3.7173	3.4104
2015437081720	1277.31	713.26	1281.65	709.91	3.6915	3.4021
2015437090061	1277.86	717.56	1268.32	717.84	3.7012	3.4339
2015437098392	1278.54	731.22	1263.66	713.96	3.6993	3.4224
2015437106726	1286.60	729.32	1268.28	709.36	3.7043	3.4176
2015437115060	1282.35	725.71	1265.21	721.98	3.6974	3.4209
2015437123393	1283.85	741.52	1267.21	707.91	3.7256	3.4069
2015437131726	1284.76	732.92	1268.73	719.16	3.7180	3.4285
2015437140059	1283.98	726.94	1269.84	727.66	3.7067	3.4614
2015437148393	1292.55	717.44	1266.89	722.56	3.7079	3.4208
2015437156726	1289.31	730.22	1275.91	725.27	3.7328	3.4014
2015437165060	1286.46	713.52	1267.29	731.42	3.7147	3.4117
2015437173392	1286.73	712.03	1277.89	749.91	3.7130	3.4444
2015437181725	1288.70	728.88	1270.65	726.00	3.7356	3.4025
2015437190059	1292.07	735.27	1267.74	735.81	3.7291	3.4178
2015437198392	1295.29	731.09	1271.44	736.92	3.7357	3.4298
2015437206725	1289.29	727.04	1269.01	737.95	3.7256	3.4298
2015437215061	1288.47	728.37	1265.42	725.84	3.7178	3.4019
2015437223393	1292.21	731.27	1266.49	726.55	3.7177	3.4187
2015437231727	1290.75	723.55	1270.76	720.17	3.7310	3.3864
2015437240060	1292.58	727.09	1273.34	736.97	3.7418	3.4355
2015437248393	1291.64	712.66	1274.02	715.66	3.7345	3.3944
2015437256726	1290.75	718.09	1273.87	730.57	3.7252	3.4572
2015437265059	1291.49	713.97	1272.37	716.93	3.7206	3.4175
2015437273393	1286.78	722.95	1270.07	721.49	3.7360	3.4568
2015437281726	1286.57	719.89	1268.24	722.28	3.7186	3.4426
2015437290059	1284.89	721.72	1271.67	713.86	3.7394	3.4627
2015437298393	1279.39	728.17	1264.91	731.12	3.7414	3.4666
2015437306726	1280.78	721.37	1263.98	720.75	3.7182	3.4581
2015437315059	1279.70	722.26	1262.31	708.76	3.7351	3.4302
2015437323392	1285.84	713.36	1256.56	701.37	3.7257	3.4344
2015437331725	1275.95	717.16	1268.53	725.60	3.7353	3.4852
2015437340058	1280.42	722.76	1272.08	723.47	3.7359	3.4643
2015437348397	1280.36	716.50	1270.05	723.43	3.7407	3.4510
2015437356731	1277.73	714.90	1272.98	733.47	3.7419	3.4515
2015437365064	1282.29	724.82	1263.10	738.55	3.7469	3.4553
2015437373398	1281.46	728.88	1269.39	737.30	3.7528	3.4608
2015437381731	1285.00	725.60	1274.51	740.25	3.7542	3.4557
2015437390064	1281.46	714.99	1273.53	738.57	3.7393	3.4530
2015437398397	1282.14	720.99	1278.39	694.16	3.7517	3.3697
2015437406730	1282.88	716.05	1267.91	735.87	3.7470	3.4611
2015437415063	1286.24	719.20	1267.90	713.94	3.7487	3.4353
2015437423397	1283.47	716.32	1265.37	714.59	3.7419	3.4299
2015437431730	1282.13	725.83	1270.30	726.44	3.7429	3.4891
2015437440063	1284.18	728.41	1263.11	716.38	3.7403	3.4412
2015437448397	1278.97	730.69	1266.28	716.56	3.7413	3.4411
2015437456730	1282.05	725.83	1260.59	712.66	3.7304	3.4477
2015437465063	1280.95	733.99	1265.68	707.04	3.7125	3.4178
2015437473396	1284.47	741.30	1262.81	723.77	3.7426	3.4530
2015437481733	1290.31	734.50	1264.67	729.76	3.7446	3.4688
2015437490066	1282.05	730.53	1264.18	716.05	3.7189	3.4642
2015437498400	1285.65	726.82	1268.16	717.32	3.7148	3.4395
2015437506733	1292.34	725.77	1270.33	710.22	3.7416	3.4371
2015437515066	1291.08	718.83	1258.16	718.98	3.7042	3.4151
2015437523400	1289.14	720.80	1270.63	733.28	3.7243	3.4372
2015437531733	1293.48	715.82	1271.69	735.56	3.7157	3.4521
2015437540066	1291.75	711.83	1266.74	735.90	3.7155	3.4265
2015437548400	1295.10	715.36	1268.21	738.52	3.7049	3.4542
2015437556731	1294.07	713.27	1264.93	739.40	3.7015	3.4454
2015437565065	1287.60	710.74	1270.53	723.66	3.6962	3.4072
2015437573399	1294.10	714.46	1268.51	729.97	3.6899	3.4184
2015437581732	1291.03	729.16	1268.03	722.51	3.7090	3.4166
2015437590065	1289.59	727.18	1273.31	731.38	3.7128	3.4421
2015437598398	1287.72	715.33	1265.29	710.75	3.6648	3.3985
2015437606732	1287.51	737.23	1263.18	723.19	3.7089	3.4363
2015437615070	1291.27	739.04	1257.63	715.99	3.7257	3.4113
2015437623404	1284.55	728.08	1259.55	721.76	3.6903	3.4256
2015437631736	1284.30	745.85	1257.22	721.87	3.7043	3.4092
2015437640069	1280.71	729.44	1257.75	711.08	3.6926	3.3994
2015437648403	1287.32	735.83	1251.40	701.47	3.7065	3.3702
2015437656736	1286.67	732.96	1261.20	699.55	3.6841	3.3752
2015437665069	1290.08	732.79	1266.53	715.56	3.7058	3.4093
2015437673403	1288.12	721.77	1265.66	724.17	3.6849	3.4119
2015437681735	1290.74	719.62	1269.92	712.01	3.6801	3.3656
2015437690069	1293.66	717.80	1262.66	727.77	3.6913	3.3715
2015437698403	1292.87	719.99	1265.24	726.89	3.6742	3.3775
2015437706735	1294.13	715.10	1272.95	729.14	3.6821	3.3662
2015437715068	1295.73	720.57	1267.63	724.50	3.6700	3.3693
2015437723401	1292.64	712.76	1270.70	728.37	3.6720	3.3692
2015437731735	1293.14	717.98	1271.59	728.03	3.6626	3.3764
2015437740073	1287.64	709.20	1274.08	725.46	3.6638	3.3541
2015437748407	1293.86	722.01	1269.34	718.60	3.6731	3.3402
2015437756740	1295.04	724.78	1275.71	720.68	3.6680	3.3527
2015437765073	1292.27	724.32	1271.98	709.68	3.6553	3.3529
2015437773406	1289.08	723.31	1268.39	711.05	3.6393	3.3452
2015437781739	1287.98	718.52	1260.79	713.88	3.6508	3.3762
2015437790072	1281.84	735.76	1267.60	711.65	3.6674	3.3551
2015437798405	1287.36	729.78	1259.01	706.53	3.6596	3.3618
2015437806738	1287.78	727.82	1267.64	664.89	3.6405	3.2459
2015437815072	1290.39	731.29	1266.39	677.36	3.6557	3.2717
2015437823405	1289.53	717.42	1264.77	705.39	3.6432	3.3398
2015437831739	1293.72	728.41	1265.93	711.24	3.6644	3.3560
2015437840072	1290.98	712.99	1272.66	677.64	3.6359	3.2762
2015437848405	1300.00	723.55	1277.06	683.47	3.6626	3.2639
2015437856739	1302.53	720.87	1272.12	720.51	3.6697	3.3512
2015437865071	1299.87	715.09	1272.48	715.32	3.6533	3.3215
2015437873408	1297.45	720.68	1261.12	719.24	3.6886	3.3308
2015437881742	1294.13	714.51	1257.90	733.35	3.6828	3.3723
2015437890074	1298.18	724.78	1264.70	719.56	3.7090	3.3399
2015437898408	1290.57	714.73	1265.17	697.06	3.6676	3.2991
