t	gaze_point_LX	gaze_point_LY	gaze_point_RX	gaze_point_RY	pupil_diameter_L	pupil_diameter_R
2015126999871	1279.53	696.12	1260.23	679.79	3.3693	3.0304
2015127008205	1283.63	682.50	1266.45	685.00	3.3449	3.0297
2015127016538	1291.50	721.51	1257.87	699.13	3.4464	3.0589
2015127024871	1286.22	707.64	1261.11	688.02	3.4009	3.0217
2015127033204	1280.92	695.34	1267.72	688.05	3.3712	3.0354
2015127041536	1286.72	705.84	1261.57	686.77	3.3925	3.0203
2015127049870	1284.97	712.36	1266.51	696.15	3.3876	3.0217
2015127058204	1280.29	710.44	1269.98	705.48	3.3738	3.0306
2015127066537	1279.41	702.34	1254.70	746.31	3.3504	3.1317
2015127074870	1283.57	697.37	1260.82	714.07	3.3348	3.0407
2015127083204	1286.80	725.08	1262.57	725.47	3.3983	3.0743
2015127091542	1277.05	691.11	1266.83	702.93	3.3172	2.9978
2015127099875	1297.80	720.20	1287.12	732.70	3.3809	3.0802
2015127108208	1298.34	729.86	1273.86	714.24	3.3973	3.0236
2015127116542	1296.65	721.57	1277.18	718.59	3.3984	3.0365
2015127124874	1297.01	717.74	1277.48	704.33	3.3883	3.0289
2015127133208	1290.87	711.09	1278.44	695.57	3.3603	3.0245
2015127141541	1294.68	707.05	1275.34	689.44	3.3803	3.0249
2015127149874	1299.74	706.18	1273.79	689.19	3.3770	3.0332
2015127158207	1298.38	714.79	1280.64	692.42	3.3864	3.0316
2015127166541	1297.12	720.39	1278.68	683.31	3.4058	3.0315
2015127174874	1291.56	706.32	1268.48	677.37	3.3751	3.0368
2015127183208	1293.61	696.32	1275.06	680.28	3.3518	3.0387
2015127191540	1295.45	700.92	1274.39	683.01	3.3682	3.0577
2015127199873	1294.74	715.45	1281.87	683.38	3.4055	3.0280
2015127208207	1288.26	680.59	1282.40	685.87	3.3212	3.0153
2015127216540	1286.19	677.68	1273.76	690.17	3.3288	3.0418
2015127224878	1286.86	693.49	1277.12	690.39	3.3522	3.0410
2015127233211	1292.10	711.11	1272.20	700.59	3.3878	3.0453
2015127241545	1287.93	713.40	1279.59	702.79	3.3728	3.0281
2015127249878	1294.32	725.14	1277.47	707.42	3.4001	3.0441
2015127258212	1292.87	734.93	1277.77	703.85	3.4214	3.0391
2015127266545	1289.16	714.38	1276.49	702.00	3.3745	3.0390
2015127274877	1290.16	736.30	1281.11	717.42	3.4344	3.0774
2015127283210	1290.20	727.07	1275.82	714.95	3.4175	3.0639
2015127291544	1297.04	724.92	1280.08	711.35	3.4259	3.0780
2015127299877	1296.87	736.99	1285.26	699.36	3.4406	3.0435
2015127308211	1297.23	731.44	1286.56	713.79	3.4586	3.0978
2015127316543	1296.99	726.46	1280.80	691.38	3.4387	3.0485
2015127324876	1290.81	712.86	1283.43	688.31	3.4132	3.0465
2015127333210	1293.31	707.08	1284.45	681.29	3.4238	3.0469
2015127341543	1296.27	707.56	1273.66	686.66	3.4350	3.0779
2015127349875	1295.50	709.74	1281.83	681.26	3.4533	3.0673
2015127358212	1303.14	716.15	1279.72	679.42	3.4538	3.0816
2015127366545	1296.05	708.52	1278.68	689.08	3.4327	3.0995
2015127374879	1301.37	710.21	1277.11	688.11	3.4563	3.0726
2015127383213	1293.14	707.87	1275.24	681.17	3.4440	3.0789
2015127391546	1294.85	703.29	1281.29	688.28	3.4401	3.0756
2015127399879	1298.49	714.75	1273.25	687.84	3.4691	3.0694
2015127408212	1301.43	716.46	1282.36	727.66	3.4375	3.1239
2015127416546	1298.44	721.51	1271.72	699.15	3.4304	3.0877
2015127424878	1299.32	726.84	1280.41	717.02	3.4435	3.0966
2015127433212	1296.11	728.99	1285.58	728.65	3.4489	3.1171
2015127441544	1296.48	724.28	1282.63	730.90	3.4396	3.1171
2015127449878	1292.82	733.04	1285.62	711.45	3.4450	3.0790
2015127458212	1298.40	717.09	1287.98	712.13	3.4243	3.0796
2015127466545	1291.13	723.09	1278.54	710.94	3.4242	3.0973
2015127474878	1301.41	739.38	1289.34	688.67	3.4337	3.0374
2015127483211	1295.99	729.78	1285.81	686.53	3.4322	3.0426
2015127491549	1291.85	726.55	1285.13	684.58	3.4178	3.0579
2015127499882	1288.88	717.10	1281.66	684.20	3.4229	3.0603
2015127508215	1287.55	712.95	1282.72	686.20	3.3972	3.0559
2015127516549	1293.80	708.50	1278.48	678.78	3.4145	3.0427
2015127524882	1292.08	709.32	1286.88	693.50	3.4056	3.1062
2015127533215	1290.85	698.96	1280.34	684.03	3.3936	3.0663
2015127541549	1288.96	711.91	1280.12	681.74	3.3966	3.0656
2015127549882	1289.61	685.07	1277.15	680.82	3.3457	3.0733
2015127558216	1289.24	693.04	1282.30	681.35	3.3804	3.0849
2015127566548	1294.72	719.70	1279.97	677.09	3.4266	3.0637
2015127574882	1289.20	701.98	1286.37	679.68	3.4085	3.0786
2015127583214	1288.37	712.83	1279.14	679.39	3.3969	3.0563
2015127591548	1290.33	710.17	1282.15	694.60	3.3896	3.1028
2015127599881	1297.04	720.09	1282.65	680.51	3.4196	3.0797
2015127608214	1300.48	731.51	1288.72	703.38	3.4307	3.1062
2015127616551	1294.97	731.26	1278.50	699.24	3.4374	3.0828
2015127624885	1297.30	713.92	1280.27	712.77	3.4104	3.1393
2015127633218	1299.37	724.26	1275.70	695.71	3.4302	3.1013
2015127641551	1301.41	733.58	1286.44	696.39	3.4767	3.1038
2015127649885	1301.62	720.15	1279.34	707.44	3.4394	3.1217
2015127658217	1297.33	727.58	1289.17	692.53	3.4629	3.1131
2015127666551	1292.63	696.59	1279.75	700.81	3.3999	3.1436
2015127674884	1299.76	725.49	1285.99	693.14	3.4583	3.1105
2015127683217	1294.71	710.89	1272.73	719.74	3.4498	3.1923
2015127691550	1294.07	716.84	1278.32	738.97	3.4443	3.1889
2015127699884	1301.41	712.26	1277.67	710.71	3.4563	3.1612
2015127708218	1295.49	727.49	1278.55	704.31	3.4985	3.1169
2015127716551	1301.00	709.14	1276.44	718.43	3.4499	3.1771
2015127724883	1299.84	717.40	1269.29	729.73	3.4949	3.2175
2015127733216	1300.01	702.86	1281.88	678.59	3.4889	3.1225
2015127741549	1294.58	702.46	1271.76	726.81	3.4743	3.2328
2015127749888	1297.87	693.48	1265.31	737.19	3.4581	3.2459
2015127758221	1298.28	692.82	1272.10	718.08	3.4729	3.2134
2015127766554	1299.53	699.31	1273.98	706.40	3.4713	3.1998
2015127774887	1299.54	701.79	1275.21	718.49	3.4793	3.2131
2015127783221	1291.58	722.15	1276.15	718.78	3.4741	3.1830
2015127791555	1300.96	729.90	1278.39	696.19	3.4628	3.1152
2015127799888	1302.36	729.90	1281.37	737.32	3.4443	3.1660
2015127808220	1307.01	735.84	1276.40	753.69	3.4406	3.1549
2015127816553	1305.73	730.12	1278.50	738.97	3.4159	3.1081
2015127824886	1303.95	725.32	1280.47	747.01	3.4051	3.1127
2015127833220	1299.34	724.12	1281.24	707.58	3.3821	3.0363
2015127841554	1297.47	714.31	1280.01	738.87	3.3508	3.0598
2015127849886	1293.05	704.19	1285.08	724.97	3.3051	3.0450
2015127858220	1301.02	733.19	1276.28	708.21	3.3534	2.9892
2015127866553	1297.89	729.47	1275.83	723.07	3.3325	2.9972
2015127874887	1295.73	708.81	1284.78	697.75	3.2773	2.9435
2015127883224	1289.13	698.11	1284.85	700.58	3.2590	2.9752
2015127891557	1293.93	687.75	1281.35	693.38	3.2138	2.9516
2015127899891	1287.66	679.39	1279.16	708.40	3.2055	2.9727
2015127908224	1288.11	658.39	1283.31	711.66	3.1476	2.9659
2015127916558	1294.34	669.10	1283.75	704.56	3.1393	2.9185
2015127924891	1292.29	660.21	1286.77	708.20	3.1173	2.9191
2015127933224	1290.91	653.73	1275.22	702.37	3.1006	2.9221
2015127941557	1291.34	670.84	1281.23	701.31	3.1025	2.9110
2015127949890	1287.93	665.25	1276.28	697.44	3.0872	2.8759
2015127958223	1285.69	678.04	1275.98	711.20	3.0982	2.8855
2015127966557	1291.42	671.70	1273.60	720.38	3.0647	2.8770
2015127974889	1287.97	684.82	1279.09	716.89	3.0761	2.8522
2015127983223	1293.45	695.82	1285.54	703.96	3.0942	2.8266
2015127991556	1295.12	692.64	1274.53	719.28	3.0655	2.8360
2015127999890	1296.16	677.25	1282.10	721.84	3.0292	2.8430
2015128008228	1286.56	673.59	1274.80	729.82	3.0383	2.8487
2015128016561	1288.84	703.03	1280.42	722.71	3.0918	2.8607
2015128024894	1290.57	673.10	1281.24	714.80	3.0376	2.8273
2015128033227	1288.82	681.92	1280.10	711.56	3.0392	2.8275
2015128041560	1287.09	671.71	1280.47	702.11	3.0269	2.8328
2015128049894	1288.22	668.76	1275.47	703.99	3.0035	2.8543
2015128058227	1289.67	662.83	1282.97	694.28	3.0295	2.8195
2015128066560	1291.04	667.61	1284.45	711.53	3.0100	2.8593
2015128074893	1288.55	667.47	1279.74	697.80	3.0297	2.8360
2015128083227	1293.31	673.04	1281.40	699.50	3.0171	2.8508
2015128091560	1291.32	665.41	1280.36	696.74	3.0140	2.8389
2015128099893	1293.16	671.29	1283.29	698.48	3.0052	2.8265
2015128108227	1284.18	667.33	1285.91	701.87	2.9971	2.8236
2015128116559	1291.14	672.11	1274.32	701.80	3.0005	2.8251
2015128124893	1287.98	674.99	1279.48	705.57	2.9906	2.8245
2015128133226	1291.85	679.35	1284.93	707.36	2.9990	2.8367
2015128141564	1288.24	680.36	1282.11	720.02	3.0122	2.8346
2015128149897	1290.03	675.60	1285.35	724.32	3.0105	2.8486
2015128158230	1291.76	700.66	1281.71	710.15	3.0493	2.7975
2015128166563	1292.44	677.87	1285.00	717.12	2.9992	2.8405
2015128174897	1291.07	685.85	1282.21	723.32	3.0121	2.8424
2015128183230	1293.17	684.20	1284.52	719.11	3.0040	2.8352
2015128191563	1287.89	684.45	1279.92	728.41	3.0133	2.8193
2015128199896	1293.72	681.89	1273.40	708.76	3.0130	2.7894
2015128208229	1286.97	678.30	1271.26	727.64	2.9730	2.8310
2015128216563	1292.14	685.84	1279.53	721.60	3.0169	2.8302
2015128224895	1284.94	676.21	1277.75	719.58	2.9734	2.8526
2015128233229	1287.53	680.79	1280.51	712.56	3.0098	2.8334
2015128241562	1290.02	677.84	1281.59	704.21	2.9906	2.8222
2015128249896	1289.73	667.95	1276.30	702.45	3.0098	2.8344
2015128258229	1296.79	669.34	1278.73	691.09	3.0030	2.8062
2015128266562	1286.49	662.87	1278.52	701.48	3.0158	2.8180
2015128274899	1288.92	659.26	1281.94	695.40	3.0088	2.8299
2015128283231	1291.17	670.01	1281.45	711.10	3.0310	2.8510
2015128291565	1288.37	671.38	1280.74	693.37	3.0284	2.8204
2015128299899	1288.87	673.58	1274.44	702.97	3.0349	2.8402
2015128308232	1286.78	675.09	1281.07	699.06	3.0112	2.8334
2015128316565	1290.86	680.37	1274.61	714.42	3.0258	2.8436
2015128324898	1289.32	686.14	1270.73	714.92	3.0201	2.8249
2015128333232	1294.40	686.19	1283.00	718.86	3.0103	2.8187
2015128341564	1287.65	682.89	1277.47	721.75	3.0214	2.8191
2015128349897	1296.74	705.88	1284.02	715.50	3.0740	2.7980
2015128358230	1287.30	689.71	1281.49	713.57	3.0560	2.7999
2015128366564	1297.70	683.57	1276.04	711.26	3.0477	2.8004
2015128374898	1295.71	687.83	1281.28	731.13	3.0556	2.8668
2015128383231	1301.09	687.54	1277.80	727.70	3.0539	2.8368
2015128391564	1286.30	686.26	1277.53	715.41	3.0500	2.8438
2015128399897	1290.75	690.70	1276.23	709.83	3.0596	2.8428
2015128408235	1289.17	674.42	1275.93	696.18	3.0666	2.8359
2015128416567	1293.41	677.07	1284.08	694.86	3.0796	2.8481
2015128424901	1293.87	668.09	1279.58	700.72	3.0916	2.8522
2015128433234	1297.25	659.39	1274.88	696.42	3.0667	2.8460
2015128441567	1292.14	660.45	1278.11	700.72	3.0717	2.8661
2015128449900	1291.19	670.63	1274.51	699.27	3.0878	2.8713
2015128458234	1288.20	659.55	1279.74	696.39	3.0648	2.8568
2015128466567	1283.23	674.15	1285.16	699.75	3.0737	2.8570
2015128474900	1289.99	672.53	1282.18	702.07	3.0690	2.8563
2015128483233	1296.47	733.52	1274.88	714.19	3.1812	2.8633
2015128491566	1287.70	706.13	1283.87	711.23	3.1326	2.8492
2015128499900	1290.34	686.98	1283.01	714.31	3.0873	2.8558
2015128508233	1292.22	692.46	1277.21	714.88	3.1181	2.8754
2015128516566	1286.21	683.24	1282.35	717.95	3.0743	2.8667
2015128524899	1293.23	693.29	1280.85	715.68	3.1102	2.8649
2015128533235	1295.91	719.73	1281.61	719.55	3.1516	2.8772
2015128541569	1289.26	700.52	1276.00	722.54	3.1176	2.8559
2015128549903	1295.09	708.65	1272.29	716.44	3.1391	2.8631
2015128558235	1291.78	718.28	1282.19	718.18	3.1564	2.8926
2015128566569	1292.33	699.87	1274.93	709.63	3.1345	2.8606
2015128574901	1298.53	700.90	1276.55	701.54	3.1144	2.8767
2015128583235	1292.74	681.66	1274.15	701.59	3.0880	2.8769
2015128591568	1290.33	670.49	1277.65	696.83	3.0767	2.8881
2015128599901	1290.42	666.94	1274.19	699.35	3.0730	2.8809
2015128608234	1290.73	669.90	1271.10	693.27	3.0751	2.8670
2015128616568	1283.97	671.00	1281.18	697.84	3.0931	2.8658
2015128624902	1285.68	669.33	1272.82	703.07	3.0469	2.8928
2015128633235	1287.53	672.92	1277.96	696.59	3.0630	2.8830
2015128641568	1291.87	673.55	1275.34	702.45	3.0777	2.8868
2015128649900	1286.12	683.26	1282.24	700.06	3.1007	2.8872
2015128658233	1289.48	682.41	1277.52	711.32	3.0873	2.8955
2015128666572	1290.36	678.10	1274.45	702.24	3.0748	2.8910
2015128674905	1293.22	681.90	1280.13	698.30	3.0828	2.8737
2015128683238	1289.17	677.44	1274.68	716.63	3.0443	2.8713
2015128691572	1295.64	683.86	1273.40	721.18	3.0646	2.8669
2015128699905	1291.60	711.53	1277.49	721.00	3.1149	2.8678
2015128708239	1291.57	705.18	1279.55	717.16	3.0904	2.8436
2015128716572	1286.46	707.37	1276.24	734.43	3.0863	2.9090
2015128724904	1281.75	683.73	1279.75	720.45	3.0468	2.8599
2015128733237	1293.57	722.80	1276.38	712.97	3.1324	2.8560
2015128741571	1291.32	704.25	1269.33	711.50	3.1123	2.8543
2015128749904	1285.67	690.94	1278.48	722.35	3.0689	2.8765
2015128758238	1285.45	702.82	1274.37	712.27	3.1008	2.8423
2015128766571	1285.93	683.11	1274.27	712.37	3.0524	2.8488
2015128774904	1288.47	692.49	1277.25	706.08	3.0802	2.8560
2015128783237	1286.05	684.01	1274.13	706.86	3.0574	2.8572
2015128791571	1289.08	683.08	1282.29	707.78	3.0642	2.8607
2015128799909	1291.03	670.42	1271.68	697.79	3.0299	2.8531
2015128808242	1291.10	671.84	1286.86	699.45	3.0434	2.8651
2015128816576	1285.06	675.53	1280.32	704.98	3.0487	2.8667
2015128824909	1288.90	674.11	1273.68	706.91	3.0609	2.8761
2015128833243	1289.51	674.17	1282.97	704.46	3.0430	2.8769
2015128841576	1287.92	678.35	1283.37	698.92	3.0475	2.8517
2015128849909	1289.60	690.02	1278.69	707.94	3.0716	2.8376
2015128858242	1292.81	694.33	1275.51	717.46	3.0725	2.8488
2015128866575	1287.29	683.85	1273.26	707.76	3.0272	2.8443
2015128874908	1288.46	699.42	1276.81	719.32	3.0547	2.8401
2015128883242	1296.17	705.51	1278.89	724.46	3.0767	2.8542
2015128891574	1289.67	686.63	1285.21	718.36	3.0563	2.8360
2015128899908	1294.89	694.18	1287.23	727.84	3.0528	2.8603
2015128908241	1296.47	685.47	1280.28	721.00	3.0318	2.8377
2015128916575	1291.10	710.10	1277.59	716.25	3.0854	2.8459
2015128924908	1290.84	684.47	1283.21	717.66	3.0190	2.8648
2015128933246	1285.15	683.78	1280.90	710.32	3.0434	2.8422
2015128941579	1288.16	683.13	1288.74	709.06	3.0528	2.8519
2015128949912	1293.71	669.59	1285.40	693.74	3.0247	2.8337
2015128958246	1291.80	670.89	1282.62	689.55	3.0427	2.8341
2015128966579	1287.04	672.37	1274.87	695.50	3.0262	2.8278
2015128974912	1294.80	665.71	1281.58	702.34	3.0288	2.8538
2015128983245	1283.04	677.19	1286.60	700.12	3.0334	2.8357
2015128991577	1285.05	684.81	1285.37	699.67	3.0372	2.8201
2015128999911	1290.21	674.31	1279.76	705.34	2.9963	2.8394
2015129008245	1290.95	672.81	1282.11	695.48	3.0065	2.8115
2015129016577	1287.71	703.06	1275.81	704.97	3.0368	2.8090
2015129024911	1295.66	677.74	1273.63	709.11	3.0046	2.8139
2015129033244	1289.68	686.58	1279.58	712.75	2.9959	2.8217
2015129041577	1295.73	684.89	1278.44	713.87	3.0107	2.8024
2015129049910	1294.23	725.88	1272.73	708.47	3.0793	2.8112
2015129058247	1290.49	690.47	1278.41	708.04	3.0023	2.7910
2015129066580	1293.00	703.72	1277.94	718.15	3.0513	2.8214
2015129074914	1291.42	679.55	1283.57	706.53	3.0129	2.8173
2015129083247	1289.70	694.57	1286.16	707.52	3.0280	2.8116
2015129091581	1284.61	686.30	1280.19	712.29	2.9884	2.8137
2015129099914	1288.10	680.53	1277.99	713.00	2.9881	2.8070
2015129108247	1291.61	686.35	1283.15	702.64	2.9976	2.7996
2015129116579	1291.78	692.66	1280.71	718.13	2.9991	2.8084
2015129124913	1284.45	678.82	1280.41	715.43	2.9679	2.7963
2015129133246	1291.52	701.14	1280.61	715.73	3.0272	2.7935
2015129141579	1293.45	683.24	1279.50	719.83	2.9838	2.7993
2015129149913	1287.22	686.31	1279.94	718.85	2.9856	2.7932
2015129158246	1291.73	680.15	1275.52	713.03	2.9867	2.7991
2015129166580	1285.02	690.44	1284.88	704.73	3.0111	2.7965
2015129174913	1291.08	670.80	1280.08	708.16	2.9704	2.7887
2015129183246	1284.42	678.43	1277.32	702.04	2.9826	2.7603
2015129191582	1289.74	680.74	1279.99	696.04	2.9897	2.7891
2015129199916	1285.52	668.25	1275.56	706.17	2.9701	2.7884
2015129208249	1287.01	669.59	1279.13	699.60	2.9748	2.7785
2015129216583	1290.25	698.16	1285.06	708.41	3.0431	2.8061
2015129224916	1293.21	676.60	1280.54	692.34	2.9601	2.7699
2015129233249	1289.50	678.44	1277.26	706.35	2.9798	2.7685
2015129241582	1290.07	671.43	1277.18	716.98	2.9692	2.7943
2015129249916	1286.80	686.95	1276.87	716.52	2.9675	2.7839
2015129258249	1291.75	680.19	1278.61	721.91	2.9694	2.7954
2015129266581	1286.33	685.82	1281.77	717.65	2.9759	2.7684
2015129274915	1287.88	687.88	1279.10	719.80	2.9597	2.7660
2015129283248	1282.60	683.95	1280.29	717.46	2.9400	2.7758
2015129291582	1289.63	683.84	1284.43	708.15	2.9535	2.7627
2015129299915	1284.99	672.81	1283.18	713.08	2.9442	2.7535
2015129308248	1289.38	675.05	1276.18	702.91	2.9516	2.7735
2015129316581	1290.22	666.84	1275.37	709.14	2.9660	2.7740
2015129324920	1290.63	672.00	1277.58	702.12	2.9529	2.7702
2015129333253	1279.61	662.29	1267.39	697.30	2.9715	2.7865
2015129341587	1288.12	662.72	1277.97	695.27	2.9526	2.7784
2015129349919	1288.74	658.09	1273.85	700.36	2.9478	2.7717
2015129358253	1284.92	662.66	1276.87	694.99	2.9673	2.7578
2015129366586	1279.69	656.57	1277.92	700.37	2.9517	2.7773
2015129374920	1289.94	660.63	1273.36	698.40	2.9377	2.7699
2015129383253	1289.17	654.65	1273.42	698.99	2.9283	2.7665
2015129391586	1278.27	658.68	1269.19	697.75	2.9102	2.7728
2015129399919	1290.00	664.43	1278.01	697.92	2.9416	2.7663
2015129408252	1293.91	667.61	1281.58	702.28	2.9396	2.7602
2015129416586	1281.92	666.17	1280.18	704.62	2.9126	2.7559
2015129424919	1288.88	669.98	1275.52	705.49	2.9317	2.7610
2015129433252	1283.81	669.88	1281.19	702.84	2.9193	2.7605
2015129441585	1290.10	669.54	1271.79	708.60	2.9206	2.7652
2015129449923	1291.43	669.43	1277.48	707.36	2.9287	2.7427
2015129458257	1284.57	669.31	1278.41	702.28	2.9147	2.7324
2015129466591	1291.41	668.52	1274.71	702.65	2.9001	2.7399
2015129474923	1290.18	670.94	1278.00	699.71	2.8999	2.7156
2015129483256	1283.64	664.15	1277.85	707.26	2.8948	2.7384
2015129491589	1286.84	662.83	1277.92	698.89	2.8958	2.7214
2015129499923	1285.12	656.68	1272.95	699.24	2.8707	2.7343
2015129508256	1288.29	667.02	1278.52	701.61	2.8751	2.7318
2015129516589	1283.98	657.42	1274.02	702.84	2.8781	2.7371
2015129524922	1286.71	656.14	1266.92	691.41	2.8693	2.7120
2015129533256	1286.69	659.31	1279.26	693.85	2.8618	2.6856
2015129541590	1283.81	666.66	1277.93	704.54	2.8776	2.7146
2015129549923	1281.32	661.59	1275.57	700.66	2.8574	2.7112
2015129558255	1286.89	658.47	1268.86	697.85	2.8480	2.7114
2015129566588	1283.63	658.54	1274.64	702.22	2.8654	2.6882
2015129574921	1282.88	663.17	1278.92	708.69	2.8663	2.7118
2015129583258	1282.51	659.41	1268.16	706.68	2.8459	2.6943
2015129591592	1278.59	661.51	1268.82	700.16	2.8478	2.6980
2015129599924	1284.45	659.42	1279.17	703.53	2.8307	2.6737
2015129608258	1291.10	659.85	1271.86	712.04	2.8472	2.6934
2015129616591	1284.06	667.37	1275.31	704.46	2.8346	2.6697
2015129624925	1285.50	666.49	1272.79	705.74	2.8417	2.6656
2015129633258	1283.85	658.08	1275.34	715.96	2.8379	2.6966
2015129641590	1286.19	659.78	1284.65	698.15	2.8438	2.6796
2015129649923	1288.25	663.93	1272.66	709.02	2.8422	2.6977
2015129658257	1290.61	665.97	1270.80	706.43	2.8324	2.6803
2015129666590	1285.71	661.00	1272.98	698.03	2.8233	2.6610
2015129674924	1281.53	666.10	1279.71	707.17	2.8420	2.6900
2015129683257	1285.99	658.11	1263.41	711.42	2.8263	2.6942
2015129691590	1286.71	664.15	1266.49	718.33	2.8085	2.7095
2015129699923	1286.90	667.17	1269.74	711.33	2.8393	2.6891
2015129708257	1285.93	674.44	1269.44	700.33	2.8273	2.6670
2015129716596	1282.24	669.38	1266.99	708.63	2.8303	2.6729
2015129724928	1283.94	673.79	1266.32	717.70	2.8221	2.6765
2015129733262	1282.82	668.90	1266.04	706.70	2.8226	2.6758
2015129741595	1273.08	669.75	1260.53	708.40	2.8456	2.6868
2015129749929	1284.05	663.13	1273.82	722.18	2.8263	2.7061
2015129758262	1286.31	662.44	1270.16	711.53	2.8061	2.6713
2015129766595	1277.22	665.20	1270.98	706.74	2.8133	2.6711
2015129774928	1281.83	665.75	1276.78	710.51	2.8292	2.6863
2015129783262	1277.89	664.94	1278.36	707.72	2.8300	2.6790
2015129791594	1281.85	664.86	1271.49	704.90	2.8216	2.6680
2015129799928	1282.96	661.00	1272.16	708.60	2.8227	2.6843
2015129808261	1285.00	665.27	1270.05	706.35	2.8236	2.6781
2015129816594	1281.38	664.95	1272.93	708.15	2.8344	2.6582
2015129824926	1280.82	670.79	1273.51	712.78	2.8268	2.6960
2015129833260	1278.04	662.09	1266.31	719.78	2.8266	2.6818
2015129841593	1278.87	670.19	1271.60	705.81	2.8256	2.6659
2015129849931	1283.05	676.15	1270.40	717.67	2.8132	2.6934
2015129858265	1277.76	681.18	1269.61	717.20	2.8296	2.6995
2015129866598	1283.52	675.72	1262.29	716.23	2.8150	2.6771
2015129874931	1278.82	672.59	1269.89	717.46	2.8158	2.6770
2015129883264	1281.55	680.80	1267.28	714.33	2.8400	2.6830
2015129891597	1282.30	675.46	1273.95	713.39	2.8212	2.6722
2015129899930	1282.34	681.02	1265.87	716.06	2.8281	2.6865
2015129908263	1286.45	688.84	1268.97	721.69	2.8461	2.6997
2015129916597	1278.73	678.93	1269.07	717.80	2.8414	2.6852
2015129924931	1279.09	688.46	1266.86	719.42	2.8529	2.6788
2015129933263	1276.41	678.11	1272.72	711.05	2.8399	2.6815
2015129941597	1286.08	677.87	1272.71	711.71	2.8286	2.6896
2015129949929	1277.60	679.44	1272.76	706.79	2.8391	2.6712
2015129958263	1283.29	675.83	1278.26	709.28	2.8544	2.6771
2015129966596	1284.27	681.13	1270.86	706.38	2.8523	2.6700
2015129974933	1289.64	686.17	1264.50	705.97	2.8782	2.6646
2015129983266	1282.41	685.67	1277.25	711.48	2.8631	2.6541
2015129991600	1284.35	676.36	1282.29	704.03	2.8489	2.6674
2015129999934	1287.14	677.88	1281.72	705.11	2.8362	2.6806
2015130008267	1291.23	684.78	1280.11	712.48	2.8523	2.6800
2015130016600	1293.44	681.88	1274.35	714.41	2.8386	2.7015
2015130024932	1287.97	687.16	1276.22	713.96	2.8637	2.6924
2015130033265	1289.84	685.58	1274.87	707.84	2.8554	2.6809
2015130041599	1291.66	693.86	1278.79	702.84	2.8535	2.6763
2015130049933	1291.91	678.56	1285.53	698.79	2.8378	2.6919
2015130058265	1290.16	678.09	1280.38	694.34	2.8203	2.6736
2015130066599	1292.68	690.80	1285.72	695.65	2.8526	2.6552
2015130074932	1295.49	686.55	1282.08	701.58	2.8513	2.6816
2015130083266	1290.23	683.55	1283.70	714.78	2.8497	2.7138
2015130091599	1290.39	682.51	1283.16	703.65	2.8362	2.7006
2015130099931	1290.93	685.46	1279.21	700.80	2.8508	2.6786
2015130108269	1291.57	686.07	1276.33	700.99	2.8433	2.6841
2015130116603	1296.91	682.08	1277.33	699.31	2.8461	2.6963
2015130124937	1293.26	690.60	1281.56	707.30	2.8589	2.7151
2015130133270	1292.96	675.45	1277.75	698.37	2.8622	2.6952
2015130141603	1289.88	683.29	1280.46	698.47	2.8507	2.7103
2015130149936	1292.55	679.78	1279.99	701.44	2.8658	2.6984
2015130158269	1292.24	690.85	1283.15	716.38	2.8703	2.7056
2015130166603	1299.79	685.87	1280.79	715.66	2.8800	2.7157
2015130174935	1292.55	684.87	1283.24	704.89	2.8633	2.7004
2015130183268	1301.27	688.45	1277.97	698.25	2.8891	2.6830
2015130191602	1298.39	683.92	1281.72	697.36	2.8817	2.6825
2015130199935	1297.88	690.35	1280.42	703.25	2.8966	2.6986
2015130208269	1292.76	687.48	1272.25	707.36	2.8558	2.7092
2015130216602	1294.24	673.96	1289.89	704.02	2.8521	2.7129
2015130224935	1296.31	679.83	1282.30	696.00	2.8497	2.6905
2015130233268	1293.06	688.29	1284.20	708.47	2.8719	2.7292
2015130241607	1294.94	689.39	1290.11	701.36	2.8760	2.6838
2015130249939	1290.22	684.38	1282.10	709.43	2.8613	2.7175
2015130258273	1289.95	690.68	1287.47	704.99	2.8662	2.6886
2015130266606	1293.31	677.93	1285.81	699.78	2.8554	2.6965
2015130274939	1297.00	686.30	1291.60	705.20	2.8953	2.7186
2015130283272	1293.13	680.33	1285.26	698.55	2.8771	2.7064
2015130291606	1288.72	683.44	1285.08	708.35	2.9037	2.7163
2015130299940	1290.22	678.38	1276.16	701.54	2.9073	2.7073
2015130308272	1287.86	673.80	1270.09	702.42	2.8910	2.6884
2015130316606	1285.98	669.41	1274.06	701.53	2.8838	2.6984
2015130324938	1285.49	674.61	1275.64	711.16	2.9036	2.6999
2015130333272	1285.10	662.74	1284.69	709.29	2.8952	2.7002
2015130341605	1283.93	673.06	1278.65	712.49	2.9057	2.6906
2015130349938	1287.60	664.62	1278.68	713.29	2.8827	2.7023
2015130358271	1278.40	669.59	1274.63	719.47	2.8924	2.7244
2015130366605	1282.56	661.22	1275.64	705.18	2.8706	2.7040
2015130374943	1285.98	661.94	1274.16	707.29	2.9011	2.7072
2015130383277	1288.27	661.13	1274.57	700.35	2.8791	2.7285
2015130391609	1293.01	667.89	1274.94	703.93	2.8882	2.7275
2015130399942	1283.93	660.04	1276.18	699.49	2.9045	2.7231
2015130408275	1286.17	665.62	1270.41	696.49	2.9080	2.7196
2015130416609	1286.32	666.20	1267.47	694.68	2.9109	2.7459
2015130424942	1284.70	662.92	1273.05	702.98	2.9119	2.7429
2015130433275	1283.85	663.47	1270.11	702.60	2.9061	2.7337
2015130441608	1299.88	671.76	1276.31	705.32	2.9343	2.7418
2015130449942	1291.32	668.32	1281.05	712.42	2.9243	2.7478
2015130458276	1293.13	668.89	1277.73	712.86	2.9234	2.7422
2015130466609	1280.91	681.34	1270.87	712.10	2.9406	2.7356
2015130474941	1288.96	678.76	1277.37	727.92	2.9178	2.7402
2015130483274	1291.14	680.38	1276.57	732.33	2.9282	2.7500
2015130491607	1287.34	686.23	1274.56	716.41	2.9419	2.7202
2015130499945	1293.90	689.68	1267.90	731.10	2.9496	2.7419
2015130508279	1288.83	684.51	1278.78	723.75	2.9394	2.7438
2015130516612	1280.67	679.29	1271.64	723.67	2.9196	2.7445
2015130524945	1295.37	682.80	1269.62	717.85	2.9458	2.7386
