t	gaze_point_LX	gaze_point_LY	gaze_point_RX	gaze_point_RY	pupil_diameter_L	pupil_diameter_R
257266481308	1403.97	618.51	1419.20	602.89	4.1151	4.2070
257266489645	1407.31	621.85	1418.09	603.38	4.1097	4.2215
257266497978	1408.28	623.21	1413.63	606.95	4.1202	4.2290
257266506312	1405.47	614.52	1418.51	604.62	4.1046	4.2109
257266514645	1408.67	620.40	1416.45	605.28	4.1152	4.2188
257266522979	1409.57	617.27	1417.05	607.09	4.1197	4.2278
257266531311	1404.19	617.61	1416.23	607.31	4.1150	4.2432
257266539645	1411.57	618.01	1415.79	611.46	4.1148	4.2446
257266547978	1410.72	615.48	1414.25	610.15	4.1072	4.2374
257266556312	1407.00	620.71	1415.49	607.03	4.1185	4.2306
257266564645	1410.19	619.44	1418.04	605.41	4.1229	4.2285
257266572978	1410.15	626.43	1418.63	606.22	4.1332	4.2378
257266581311	1409.48	625.64	1415.27	604.97	4.1395	4.2251
257266589644	1410.43	623.99	1414.24	608.12	4.1368	4.2372
257266597977	1412.43	625.46	1415.15	605.02	4.1475	4.2282
257266606311	1415.47	617.73	1416.44	607.02	4.1340	4.2292
257266614644	1410.98	625.00	1417.49	605.36	4.1454	4.2352
257266622982	1411.02	621.19	1416.63	605.38	4.1382	4.2253
257266631316	1412.10	621.36	1413.95	606.92	4.1473	4.2388
257266639649	1412.21	620.37	1417.09	606.34	4.1418	4.2339
257266647982	1409.85	621.59	1416.33	605.45	4.1377	4.2304
257266656315	1366.18	633.61	1377.56	603.87	4.1439	4.2404
257266664648	1304.58	637.41	1310.05	606.43	4.1415	4.2461
257266672981	1286.12	637.21	1277.52	617.91	4.1307	4.2714
257266681315	1293.15	633.37	1299.97	615.63	4.1210	4.2792
257266689648	1298.57	636.21	1310.08	618.53	4.1290	4.2677
257266697981	1300.76	635.70	1310.11	612.90	4.0972	4.2444
257266706315	1292.69	643.14	1304.43	619.71	4.1178	4.2437
257266714648	1279.54	642.77	1302.38	621.19	4.0926	4.1986
257266722981	1286.19	648.21	1309.77	631.08	4.0769	4.2096
257266731315	1283.77	656.30	1311.08	635.49	4.0660	4.2005
257266739647	1279.89	658.69	1310.53	636.36	4.0570	4.1708
257266747985	1262.24	677.08	1303.02	641.84	4.0342	4.1448
257266756318	1276.51	669.41	1306.57	657.59	4.0273	4.1496
257266764651	1287.12	684.38	1314.33	703.15	4.0141	4.1954
257266772984	1275.52	684.33	1296.10	716.52	4.0124	4.2046
257266781317	1274.99	672.21	1301.13	664.79	4.0296	4.1536
257266789651	1277.36	663.50	1309.22	701.11	4.0120	4.2119
257266797984	1278.71	667.93	1305.38	679.76	4.0259	4.1891
257266806318	1285.54	660.77	1312.65	687.95	4.0415	4.2593
257266814651	1294.62	657.57	1315.13	683.62	4.0594	4.2687
257266822984	1287.26	668.09	1311.60	677.10	4.0599	4.2726
257266831318	1289.00	670.02	1306.04	688.39	4.0956	4.3005
257266839650	1286.95	671.36	1310.11	673.78	4.0990	4.2654
257266847983	1294.28	667.27	1309.98	675.18	4.0937	4.2671
257266856317	1294.32	675.69	1311.41	662.86	4.1110	4.2466
257266864649	1292.44	669.90	1308.37	660.33	4.1035	4.2465
257266872983	1290.34	666.22	1308.40	674.78	4.0938	4.2767
257266881321	1298.49	670.50	1313.09	666.41	4.1153	4.2787
257266889654	1298.38	662.03	1307.66	680.05	4.1110	4.2924
257266897987	1294.47	664.97	1305.92	689.09	4.1001	4.3168
257266906320	1296.40	652.56	1302.66	681.93	4.0953	4.3143
257266914654	1295.71	650.50	1304.26	673.76	4.0863	4.2833
257266922987	1297.46	656.23	1304.20	685.96	4.0997	4.3149
257266931320	1292.50	650.29	1307.03	683.05	4.1336	4.3191
257266939653	1294.17	648.98	1300.75	684.77	4.1263	4.3330
257266947986	1293.60	654.38	1304.03	683.48	4.1189	4.3174
257266956319	1295.91	654.41	1309.07	666.07	4.1291	4.2720
257266964653	1297.32	661.23	1310.84	642.90	4.1466	4.2120
257266972986	1294.43	654.75	1302.89	674.17	4.1381	4.2962
257266981319	1295.69	651.26	1311.85	653.63	4.1122	4.2367
257266989652	1292.14	652.78	1309.71	664.70	4.1116	4.2631
257266997986	1294.77	651.40	1304.30	667.13	4.1090	4.2695
257267006320	1293.85	659.32	1306.45	675.62	4.1253	4.2834
257267014659	1290.50	645.87	1307.71	662.43	4.0899	4.2332
257267022991	1294.61	647.44	1308.13	670.66	4.0971	4.2464
257267031324	1294.06	649.43	1305.59	667.82	4.0900	4.2400
257267039658	1293.40	653.41	1306.10	640.56	4.1008	4.1901
257267047991	1293.44	649.87	1302.07	664.65	4.0766	4.2458
257267056324	1295.56	663.34	1303.21	656.09	4.0858	4.2082
257267064658	1300.23	660.39	1302.24	657.37	4.0758	4.2227
257267072991	1297.97	657.97	1305.94	661.02	4.0855	4.2180
257267081324	1301.77	656.70	1301.43	669.51	4.0522	4.2389
257267089658	1300.86	658.35	1308.84	663.88	4.0644	4.2125
257267097991	1295.93	661.14	1305.45	658.58	4.0612	4.2061
257267106323	1295.12	661.97	1303.73	662.03	4.0464	4.2180
257267114656	1297.07	657.94	1304.49	668.80	4.0436	4.2054
257267122990	1296.90	663.85	1312.16	657.52	4.0607	4.1995
257267131323	1290.39	656.34	1308.15	663.81	4.0434	4.1953
257267139660	1290.80	657.63	1309.47	654.31	4.0510	4.1606
257267147993	1291.58	652.05	1309.95	671.64	4.0347	4.1994
257267156326	1295.28	653.59	1311.00	654.56	4.0386	4.1620
257267164660	1291.00	660.81	1308.16	658.82	4.0146	4.1557
257267172993	1292.99	665.44	1306.57	660.73	4.0348	4.1586
257267181326	1294.61	671.54	1305.01	658.40	4.0398	4.1453
257267189660	1292.05	664.38	1309.94	664.14	4.0272	4.1384
257267197991	1291.36	658.84	1303.47	657.52	4.0111	4.1263
257267206325	1285.84	654.78	1305.05	654.51	3.9939	4.1069
257267214659	1288.96	658.31	1305.42	649.53	4.0247	4.0812
257267222992	1290.20	658.11	1303.99	658.26	3.9835	4.1017
257267231325	1292.39	659.91	1302.60	653.30	3.9889	4.0810
257267239658	1287.37	665.11	1304.23	648.18	3.9649	4.0836
257267247992	1288.87	664.80	1308.33	650.83	3.9875	4.0526
257267256325	1289.98	658.33	1304.58	662.02	3.9461	4.0811
257267264659	1290.90	659.14	1312.86	652.79	3.9712	4.0370
257267272997	1290.35	663.86	1309.63	657.08	3.9574	4.0499
257267281329	1295.29	664.13	1307.99	665.28	3.9681	4.0725
257267289663	1290.47	660.73	1311.81	657.85	3.9419	4.0619
257267297996	1296.07	664.74	1314.21	665.41	3.9375	4.0528
257267306329	1350.37	673.24	1369.03	667.39	3.9426	4.0493
257267314663	1384.25	675.27	1405.48	663.13	3.9422	4.0237
257267322996	1364.84	684.19	1394.09	669.81	3.9175	4.0214
257267331329	1356.13	694.50	1387.34	685.68	3.9080	4.0075
257267339663	1354.39	693.50	1387.04	690.75	3.8612	3.9557
257267347996	1354.07	703.74	1382.73	723.91	3.8181	3.9094
257267356329	1356.86	745.52	1399.61	813.06	3.8331	3.7692
257267364662	1376.83	821.52	NaN	NaN	3.6181	NaN
257267372995	1372.29	1002.35	NaN	NaN	3.7614	NaN
257267381328	1430.99	996.56	NaN	NaN	3.2867	NaN
257267389662	1491.64	954.18	NaN	NaN	2.9562	NaN
257267397995	NaN	NaN	NaN	NaN	NaN	NaN
257267406334	1457.82	1136.26	NaN	NaN	3.3701	NaN
257267414668	NaN	NaN	NaN	NaN	NaN	NaN
257267423000	NaN	NaN	NaN	NaN	NaN	NaN
257267431334	1380.62	912.44	NaN	NaN	3.7802	NaN
257267439667	1375.01	839.76	1359.25	1009.77	3.8326	3.8816
257267448001	1372.29	737.67	1379.65	888.72	3.7533	3.9192
257267456333	1369.45	715.69	1379.47	806.55	3.8028	3.9472
257267464667	1368.98	711.84	1384.67	758.53	3.8360	3.9668
257267473000	1371.34	719.31	1392.60	715.82	3.8573	3.9543
257267481333	1376.38	716.49	1390.31	701.54	3.8624	3.9720
257267489666	1369.70	709.18	1393.90	689.66	3.8513	3.9523
257267498000	1377.00	701.39	1388.20	706.15	3.8800	3.9943
257267506333	1376.82	690.63	1393.47	695.12	3.8787	3.9752
257267514666	1379.05	681.70	1388.39	702.64	3.8883	3.9995
257267523000	1377.06	675.59	1391.35	687.15	3.8747	3.9734
257267531333	1374.65	672.74	1390.74	682.04	3.8858	3.9660
257267539671	1380.82	670.62	1394.04	678.29	3.8899	3.9646
257267548004	1376.30	674.01	1389.01	689.77	3.8924	3.9950
257267556337	1371.71	671.75	1388.50	692.94	3.8800	4.0257
257267564670	1376.60	678.56	1387.03	675.92	3.8988	3.9733
257267573004	1378.06	673.30	1390.44	693.38	3.8751	4.0314
257267581337	1382.94	672.07	1393.74	676.80	3.8752	3.9755
257267589671	1382.39	668.21	1389.72	682.04	3.8768	3.9998
257267598004	1386.62	671.30	1393.53	674.95	3.8884	3.9710
257267606337	1384.22	665.98	1394.90	681.46	3.8685	4.0013
257267614670	1383.02	670.25	1389.00	679.42	3.8770	3.9609
257267623003	1384.76	671.61	1393.20	676.19	3.8778	3.9497
257267631336	1382.54	675.07	1396.05	681.78	3.8789	3.9776
257267639669	1382.70	674.01	1390.85	685.72	3.8595	3.9721
257267648003	1387.78	680.26	1390.66	671.37	3.8794	3.9560
257267656336	1378.89	684.19	1393.05	675.49	3.8722	3.9759
257267664673	1388.84	691.71	1395.40	673.59	3.8790	3.9710
257267673007	1394.85	652.72	1399.33	650.92	3.8987	3.9810
257267681340	1391.83	633.31	1403.63	632.02	3.8953	4.0096
257267689673	1398.05	645.18	1405.91	640.84	3.8919	3.9934
257267698006	1393.71	656.09	1407.70	643.03	3.8947	3.9767
257267706340	1393.57	659.08	1405.93	645.92	3.8933	3.9861
257267714673	1393.24	654.53	1406.68	646.87	3.8748	3.9769
257267723006	1391.75	657.76	1408.47	643.49	3.8801	3.9649
257267731339	1395.13	653.01	1408.01	638.67	3.8921	3.9885
257267739672	1395.20	648.87	1409.59	640.59	3.8745	3.9877
257267748006	1396.40	654.19	1411.65	644.29	3.8857	4.0032
257267756339	1397.99	643.88	1409.36	642.19	3.8850	3.9928
257267764672	1396.97	641.11	1406.39	642.68	3.8761	3.9774
257267773006	1394.74	647.51	1405.72	641.02	3.8835	4.0052
257267781339	1399.64	648.23	1405.98	640.30	3.8783	3.9843
257267789672	1399.55	642.53	1406.54	641.69	3.8708	3.9829
257267798011	1399.20	645.69	1405.56	642.84	3.8801	3.9943
257267806344	1399.39	648.67	1409.54	643.03	3.8842	3.9938
257267814677	1403.04	655.52	1410.14	646.27	3.8890	4.0032
257267823011	1398.94	652.75	1404.42	644.23	3.8865	4.0030
257267831344	1402.49	655.91	1405.11	647.04	3.9075	4.0170
257267839677	1394.80	656.34	1403.89	649.15	3.9020	4.0137
257267848011	1367.31	652.69	1383.31	641.64	3.9193	4.0119
257267856344	1259.02	668.16	1261.31	647.53	3.9243	4.0310
257267864677	1167.87	652.52	1153.09	641.31	3.9329	4.0795
257267873010	1095.29	658.34	1084.48	633.05	3.9155	4.0623
257267881344	1087.46	660.63	1087.52	654.08	3.8917	4.0484
257267889677	1120.79	652.45	1137.72	652.23	3.8926	4.0695
257267898010	1115.51	652.66	1137.87	649.18	3.9047	4.0964
257267906342	1106.16	656.18	1115.70	638.45	3.9026	4.0481
257267914676	1102.09	652.87	1123.79	636.83	3.9120	4.0434
257267923010	1105.62	657.18	1122.11	630.10	3.9276	4.0404
257267931346	1106.24	655.05	1119.51	639.39	3.9154	4.0441
257267939680	1109.93	652.24	1125.63	638.87	3.9136	4.0580
257267948014	1109.82	659.47	1122.16	642.04	3.9402	4.0706
257267956346	1105.66	653.77	1118.57	646.54	3.9371	4.0775
257267964680	1102.91	647.86	1115.22	643.60	3.9304	4.0730
257267973013	1109.45	649.52	1105.28	641.29	3.9327	4.0870
257267981345	1107.84	649.55	1107.26	645.69	3.9375	4.0706
257267989679	1107.36	650.10	1110.61	642.47	3.9415	4.0770
257267998013	1112.44	659.00	1109.89	640.24	3.9541	4.0720
257268006346	1114.82	655.55	1115.90	641.80	3.9536	4.0764
257268014679	1111.64	653.68	1117.67	634.26	3.9786	4.0705
257268023012	1111.51	653.01	1118.25	636.66	3.9601	4.0845
257268031346	1109.26	653.07	1117.44	645.95	3.9716	4.1001
257268039679	1111.93	651.23	1119.60	638.14	3.9679	4.0808
257268048012	1114.53	651.53	1117.01	642.09	3.9816	4.0965
257268056345	1113.43	650.93	1120.18	646.11	3.9935	4.0890
257268064683	1108.45	651.88	1119.72	646.20	3.9857	4.1031
257268073015	1113.07	652.73	1121.02	639.78	3.9828	4.0951
257268081349	1112.82	653.56	1123.35	643.89	3.9899	4.0959
257268089682	1107.06	653.41	1122.50	637.51	3.9921	4.0822
257268098015	1102.97	654.09	1119.69	643.49	3.9879	4.0758
257268106349	1107.59	650.81	1120.55	648.35	3.9923	4.0980
257268114682	1104.85	652.85	1121.51	657.91	3.9898	4.1231
257268123015	1106.98	653.43	1117.18	647.26	4.0013	4.0972
257268131348	1104.59	657.79	1122.57	652.81	4.0052	4.1099
257268139682	1108.21	655.06	1118.24	655.44	4.0193	4.1088
257268148015	1102.89	655.27	1114.44	649.67	4.0056	4.0964
257268156347	1103.80	653.05	1114.88	646.87	3.9916	4.0956
257268164681	1098.32	651.27	1112.63	652.58	3.9954	4.0888
257268173014	1096.49	653.57	1110.81	642.63	3.9875	4.0745
257268181347	1093.07	654.35	1109.93	651.04	3.9951	4.0881
257268189686	1097.89	653.49	1106.71	646.06	3.9911	4.0719
257268198020	1092.63	655.49	1115.79	647.55	3.9923	4.0730
257268206352	1094.52	650.64	1121.40	653.61	3.9798	4.0645
257268214686	1090.90	662.19	1124.27	681.56	3.9721	4.1018
257268223019	1093.08	685.67	1131.68	719.22	3.9707	4.1088
257268231352	1092.06	692.83	1135.12	733.77	3.9280	4.0693
257268239686	1108.31	721.50	1172.76	864.00	3.9053	3.9897
257268248018	1216.89	794.93	NaN	NaN	3.7467	NaN
257268256351	1390.89	783.29	1439.13	1034.21	3.0072	2.7951
257268264682	NaN	NaN	NaN	NaN	NaN	NaN
257268273016	1275.92	1132.35	NaN	NaN	3.6670	NaN
257268281350	NaN	NaN	NaN	NaN	NaN	NaN
257268289685	NaN	NaN	NaN	NaN	NaN	NaN
257268298018	NaN	NaN	NaN	NaN	NaN	NaN
257268306352	1197.14	1012.85	NaN	NaN	3.8725	NaN
257268314685	1170.75	860.11	NaN	NaN	3.9565	NaN
257268323023	1162.27	719.46	1182.36	1059.65	3.9101	3.9906
257268331353	1165.91	680.26	1175.84	805.14	3.9760	4.0323
257268339688	1161.76	676.86	1178.18	730.19	4.0112	4.1269
257268348020	1163.02	667.99	1170.27	684.15	4.0139	4.0941
257268356355	1153.27	663.21	1169.82	685.91	4.0456	4.1206
257268364689	1152.47	650.69	1162.95	658.45	4.0596	4.1045
257268373022	1135.89	643.08	1152.82	650.83	4.0689	4.1358
257268381356	1080.79	635.06	1066.56	637.83	4.0938	4.1312
257268389689	1017.02	639.47	1017.40	631.27	4.0891	4.1440
257268398022	1009.93	630.69	1017.42	625.63	4.0826	4.1497
257268406356	1034.26	628.54	1049.44	641.49	4.0766	4.1972
257268414689	1029.65	629.66	1037.66	627.54	4.0782	4.1655
257268423021	1027.15	630.71	1027.40	649.41	4.1018	4.2092
257268431355	1026.05	629.74	1024.14	637.80	4.0883	4.1832
257268439688	1026.36	631.98	1024.59	646.82	4.1057	4.2133
257268448021	1024.28	632.50	1022.52	643.87	4.1245	4.2238
257268456360	1030.53	635.05	1025.36	640.08	4.1091	4.2126
257268464693	1017.81	628.33	1030.46	630.20	4.1023	4.1873
257268473026	1016.50	624.11	1030.17	646.06	4.1151	4.2517
257268481360	1015.83	619.58	1026.62	648.12	4.1148	4.2499
257268489693	1014.00	623.77	1033.33	655.48	4.1241	4.2527
257268498026	1016.30	624.69	1036.12	638.66	4.1283	4.2387
257268506359	1015.57	626.82	1041.53	654.50	4.1285	4.2600
257268514692	1019.46	626.79	1035.70	628.19	4.1455	4.2167
257268523025	1021.47	627.06	1036.17	639.00	4.1504	4.2359
257268531358	1017.84	627.26	1039.34	646.02	4.1603	4.2463
257268539691	1013.01	631.48	1037.06	633.71	4.1391	4.2445
257268548025	1015.39	623.42	1034.85	641.97	4.1406	4.2455
257268556358	1017.76	629.76	1039.48	635.21	4.1601	4.2471
257268564691	1016.16	626.77	1034.39	631.04	4.1679	4.2498
257268573025	1016.16	625.04	1038.79	665.71	4.1620	4.3317
257268581360	1015.02	625.27	1036.29	656.56	4.1539	4.3184
257268589694	1012.00	628.13	1035.16	647.99	4.1663	4.3060
257268598026	1015.91	625.75	1031.28	647.27	4.1637	4.2990
257268606359	1015.53	620.07	1031.40	646.41	4.1708	4.3106
257268614692	1011.71	628.76	1028.64	644.20	4.1704	4.3194
257268623026	1007.74	628.53	1028.21	657.88	4.1766	4.3522
257268631359	994.70	633.38	1006.96	637.37	4.1948	4.3076
257268639692	947.17	612.13	944.41	608.86	4.2444	4.3352
257268648026	957.00	587.37	961.74	591.49	4.2237	4.3273
257268656359	974.56	594.22	984.41	595.90	4.2351	4.3509
257268664693	969.92	596.36	976.38	595.95	4.2295	4.3282
257268673026	975.58	602.34	976.50	600.70	4.2393	4.3464
257268681359	970.42	599.39	975.95	600.35	4.2424	4.3680
257268689691	970.25	598.22	978.00	596.17	4.2436	4.3531
257268698025	966.41	593.70	978.53	595.20	4.2469	4.3439
257268706358	964.42	598.42	974.96	596.32	4.2580	4.3634
257268714698	966.24	588.59	974.36	584.66	4.2312	4.3523
257268723032	961.72	587.08	974.65	593.82	4.2439	4.3634
257268731365	967.76	589.68	984.85	592.81	4.2411	4.3678
257268739698	967.32	590.43	978.75	588.18	4.2491	4.3734
257268748032	964.41	596.83	980.66	593.25	4.2661	4.3753
257268756365	961.84	592.38	985.28	591.46	4.2786	4.3852
257268764699	963.75	593.03	978.39	594.59	4.2617	4.4026
257268773031	963.78	600.51	981.44	596.32	4.2905	4.4061
257268781364	961.24	595.25	978.62	609.27	4.2982	4.4354
257268789697	964.69	593.69	984.46	597.92	4.3023	4.4079
257268798031	971.80	598.28	999.42	590.55	4.3137	4.3995
257268806364	1081.74	597.83	1099.22	602.80	4.3254	4.4350
257268814698	1237.26	611.70	1252.93	654.80	4.4012	4.5739
257268823031	1356.96	616.45	1363.51	649.64	4.3712	4.5062
257268831364	1476.28	634.47	1472.19	663.50	4.3888	4.4550
257268839697	1552.30	639.76	1555.52	663.14	4.4038	4.4196
257268848036	1629.12	628.61	1638.89	663.80	4.3682	4.3809
257268856369	1675.51	640.93	1673.61	676.54	4.3672	4.3985
257268864701	1636.78	654.94	1656.07	678.75	4.4027	4.4007
257268873034	1633.52	650.05	1656.56	675.79	4.4205	4.4112
257268881368	1637.35	633.06	1658.49	670.98	4.3503	4.3969
257268889702	1637.23	632.29	1660.44	671.67	4.3382	4.3941
257268898035	1636.88	652.97	1651.93	693.80	4.4056	4.4202
257268906368	1638.69	638.71	1656.97	687.63	4.3820	4.4119
257268914701	1640.42	641.53	1656.36	690.76	4.4004	4.4359
257268923034	1639.54	634.75	1650.91	701.82	4.3733	4.4495
257268931368	1635.77	671.14	1655.60	694.74	4.4511	4.4392
257268939702	1635.85	651.12	1643.56	710.07	4.4043	4.4584
257268948034	1634.17	663.74	1661.71	707.31	4.4137	4.4504
257268956367	1631.51	650.59	1652.63	718.90	4.3990	4.4774
257268964700	1634.16	648.44	1651.45	711.08	4.3814	4.4541
257268973034	1625.96	677.66	1645.86	716.03	4.4452	4.4623
257268981372	1629.14	661.37	1650.30	711.77	4.4082	4.4531
257268989705	1633.88	644.34	1653.76	708.35	4.3784	4.4572
257268998038	1629.14	661.59	1658.76	709.67	4.3916	4.4411
257269006372	1626.63	671.48	1656.76	710.59	4.4067	4.4513
257269014706	1632.88	661.61	1655.34	712.17	4.3938	4.4486
257269023039	1628.72	675.60	1654.08	711.06	4.3924	4.4509
257269031372	1626.16	678.90	1650.17	725.31	4.4344	4.4818
257269039704	1628.55	657.77	1655.94	707.36	4.3912	4.4361
257269048037	1628.83	668.70	1647.07	722.35	4.4040	4.4677
257269056371	1625.47	663.54	1646.95	721.08	4.3708	4.4763
257269064705	1623.13	683.49	1650.47	715.29	4.4040	4.4694
257269073037	1625.67	690.84	1648.26	722.54	4.4224	4.4711
257269081371	1622.01	679.20	1645.90	734.30	4.3901	4.4790
257269089704	1621.45	673.84	1648.46	724.83	4.3684	4.4731
257269098038	1627.94	676.10	1645.75	726.94	4.3769	4.4928
257269106373	1619.19	682.80	1643.61	729.53	4.3909	4.4888
257269114706	1624.47	674.93	1644.25	720.46	4.3738	4.4783
257269123039	1622.01	679.66	1643.82	718.95	4.3660	4.4655
257269131372	1625.41	684.73	1653.43	722.57	4.3846	4.4551
257269139706	1625.27	683.81	1645.28	735.48	4.3698	4.4824
257269148039	1619.06	677.10	1652.02	732.17	4.3488	4.4679
257269156372	1617.15	680.52	1646.84	738.51	4.3495	4.4823
257269164705	1616.33	681.37	1657.21	731.34	4.3218	4.4233
257269173038	1614.16	712.78	1647.37	749.99	4.3427	4.4344
257269181372	1614.00	704.34	1649.18	742.52	4.3143	4.4285
257269189705	1615.10	691.44	1658.71	747.71	4.2966	4.4054
257269198038	1613.24	703.07	1644.98	756.43	4.3024	4.4408
257269206372	1611.81	707.00	1653.49	748.30	4.2930	4.3972
257269214704	1607.41	711.66	1659.42	753.25	4.2772	4.4135
257269223038	1611.77	713.00	1649.72	752.11	4.2904	4.4404
257269231371	1606.47	713.44	1652.54	734.93	4.2958	4.4023
257269239710	1617.56	688.17	1657.52	736.14	4.2609	4.3933
257269248044	1614.28	700.11	1651.90	746.78	4.2965	4.4042
257269256377	1616.57	707.96	1647.23	757.15	4.3089	4.4426
257269264710	1615.58	703.72	1645.08	748.34	4.3152	4.4377
257269273044	1615.91	690.64	1643.37	763.31	4.2899	4.4652
257269281377	1616.85	687.08	1649.09	737.07	4.2979	4.4189
257269289710	1621.58	684.01	1649.25	742.09	4.3125	4.4358
257269298042	1612.02	698.86	1646.22	741.06	4.3251	4.4462
257269306376	1624.34	686.39	1642.21	750.83	4.3119	4.4608
257269314709	1618.43	683.45	1643.80	749.22	4.3057	4.4696
257269323042	1619.82	692.74	1641.60	739.75	4.3314	4.4362
257269331376	1620.64	682.67	1642.03	736.91	4.3223	4.4524
257269339709	1617.73	693.37	1639.08	750.25	4.3488	4.4803
257269348043	1618.92	664.75	1644.07	747.34	4.2714	4.4913
257269356376	1620.27	682.45	1638.61	749.08	4.3081	4.4974
257269364709	1615.32	705.92	1641.73	746.95	4.3464	4.4701
257269373048	1578.75	786.42	1594.97	791.67	4.3940	4.5167
257269381381	1553.06	818.91	1573.96	832.08	4.4123	4.5135
257269389714	1570.42	794.60	1597.60	824.35	4.3936	4.5206
257269398048	1573.68	776.83	1599.65	813.44	4.3670	4.5204
257269406380	1569.66	777.27	1597.24	813.94	4.3852	4.5154
257269414714	1579.20	783.33	1596.27	815.47	4.3873	4.5199
257269423047	1575.73	791.48	1598.23	816.34	4.3874	4.5333
257269431381	1571.60	793.15	1595.71	816.72	4.3961	4.5315
257269439714	1571.78	797.52	1592.57	812.34	4.3982	4.5397
257269448047	1568.78	782.21	1593.94	817.67	4.3799	4.5384
257269456381	1568.59	792.54	1592.97	813.86	4.3970	4.5448
257269464714	1563.53	797.30	1593.30	808.69	4.4242	4.5398
257269473047	1570.76	771.89	1589.21	810.37	4.3720	4.5429
257269481380	1573.17	771.43	1592.26	807.73	4.3600	4.5593
257269489713	1572.03	790.83	1592.89	804.42	4.4064	4.5481
257269498046	1568.28	787.41	1589.00	812.81	4.4090	4.5712
257269506384	1571.17	784.89	1591.47	817.96	4.4004	4.5673
257269514718	1573.76	779.63	1591.43	819.03	4.3898	4.5555
257269523052	1569.67	793.74	1589.33	820.25	4.4146	4.5689
257269531384	1570.57	787.25	1588.39	821.19	4.4025	4.5742
257269539718	1576.33	800.41	1588.66	814.96	4.4619	4.5872
257269548051	1575.53	786.57	1591.67	813.46	4.4278	4.5778
257269556385	1571.50	787.18	1586.41	809.48	4.4184	4.5799
257269564717	1572.81	787.55	1587.82	812.99	4.4049	4.5857
257269573050	1570.50	794.45	1591.06	817.64	4.4360	4.5853
257269581383	1547.58	741.67	1565.67	773.34	4.4059	4.5661
257269589717	1568.72	711.07	1582.57	757.99	4.3866	4.5802
257269598051	1568.67	730.37	1584.73	765.30	4.4090	4.5795
257269606384	1572.99	745.10	1578.52	769.82	4.4302	4.5693
257269614717	1564.62	751.24	1585.20	763.55	4.4291	4.5767
257269623050	1560.07	743.69	1583.37	774.17	4.4199	4.5737
257269631388	1562.65	751.23	1580.79	768.41	4.4287	4.5766
257269639722	1560.37	751.06	1583.09	773.59	4.4338	4.5975
257269648054	1565.34	753.68	1581.58	772.37	4.4443	4.5931
257269656387	1561.79	764.55	1577.93	780.49	4.4602	4.6149
257269664721	1560.29	757.17	1578.25	776.42	4.4567	4.6150
257269673054	1565.02	759.69	1580.97	771.87	4.4423	4.5938
257269681388	1567.86	756.04	1583.29	776.20	4.4630	4.6290
257269689721	1566.41	752.73	1588.57	769.67	4.4606	4.5977
257269698054	1558.69	749.60	1582.84	772.93	4.4235	4.6167
257269706387	1562.01	753.63	1585.44	774.18	4.4537	4.6163
257269714721	1564.69	743.93	1585.02	774.98	4.4383	4.6206
257269723054	1558.62	756.47	1586.47	775.34	4.4525	4.6229
257269731388	1558.28	754.93	1581.27	771.85	4.4555	4.6287
257269739720	1565.51	746.92	1579.72	768.12	4.4691	4.6152
257269748053	1565.70	753.51	1580.21	770.83	4.4782	4.6232
257269756386	1565.58	734.91	1577.01	774.68	4.4612	4.6362
257269764725	1568.05	747.43	1584.33	767.74	4.4701	4.6384
257269773058	1572.02	740.17	1579.54	774.05	4.4696	4.6521
257269781391	1573.07	737.52	1582.19	767.05	4.4631	4.6393
257269789725	1576.37	737.49	1577.40	778.53	4.4633	4.6592
257269798058	1569.38	731.88	1579.84	772.80	4.4569	4.6511
257269806392	1570.75	745.68	1584.53	774.10	4.5083	4.6555
257269814725	1574.46	747.81	1584.35	764.69	4.4787	4.6466
257269823057	1571.24	751.80	1581.37	774.04	4.4743	4.6532
257269831390	1567.83	757.89	1582.61	762.79	4.4797	4.6314
257269839724	1571.67	754.68	1581.16	765.66	4.4586	4.6414
257269848057	1567.74	764.77	1581.04	773.74	4.4713	4.6564
257269856391	1572.60	764.45	1583.32	772.14	4.4691	4.6327
257269864723	1575.32	760.59	1587.17	772.20	4.4770	4.6344
257269873057	1566.04	750.82	1581.60	768.88	4.4564	4.6518
