t	gaze_point_LX	gaze_point_LY	gaze_point_RX	gaze_point_RY	pupil_diameter_L	pupil_diameter_R
2019408657229	NaN	NaN	NaN	NaN	NaN	NaN
2019408665561	NaN	NaN	NaN	NaN	NaN	NaN
2019408673895	NaN	NaN	NaN	NaN	NaN	NaN
2019408682228	NaN	NaN	NaN	NaN	NaN	NaN
2019408690562	NaN	NaN	NaN	NaN	NaN	NaN
2019408698895	NaN	NaN	NaN	NaN	NaN	NaN
2019408707228	NaN	NaN	NaN	NaN	NaN	NaN
2019408715561	NaN	NaN	NaN	NaN	NaN	NaN
2019408723895	NaN	NaN	NaN	NaN	NaN	NaN
2019408732228	NaN	NaN	NaN	NaN	NaN	NaN
2019408740561	NaN	NaN	NaN	NaN	NaN	NaN
2019408748894	NaN	NaN	NaN	NaN	NaN	NaN
2019408757227	NaN	NaN	NaN	NaN	NaN	NaN
2019408765560	NaN	NaN	1295.28	826.80	NaN	3.0823
2019408773894	NaN	NaN	1288.29	790.03	NaN	3.1640
2019408782228	1239.00	968.17	1276.93	727.26	3.0564	3.2593
2019408790561	1243.09	836.76	1265.51	693.96	3.1112	3.3293
2019408798895	1246.80	778.31	1274.63	682.07	3.2053	3.3417
2019408807228	1261.87	727.54	1272.95	684.02	3.2754	3.3604
2019408815560	1263.22	703.98	1275.79	685.89	3.3277	3.3575
2019408823894	1265.56	696.91	1270.68	700.27	3.3361	3.3616
2019408832227	1268.31	691.00	1270.34	700.00	3.3418	3.3629
2019408840560	1266.59	686.24	1267.92	712.10	3.3273	3.3640
2019408848894	1267.29	685.06	1266.94	715.32	3.3250	3.3588
2019408857227	1261.27	689.62	1267.28	713.61	3.3248	3.3614
2019408865560	1260.51	690.59	1264.73	714.86	3.3169	3.3731
2019408873894	1264.21	691.88	1264.87	714.82	3.3347	3.3653
2019408882226	1256.76	688.00	1259.40	716.78	3.3273	3.3706
2019408890559	1253.97	683.33	1266.83	713.82	3.3226	3.3896
2019408898893	1261.79	693.19	1262.49	703.31	3.3286	3.3896
2019408907226	1260.62	695.25	1260.71	696.30	3.3322	3.3970
2019408915565	1260.20	693.24	1264.13	692.27	3.3320	3.4024
2019408923899	1266.34	688.62	1258.12	683.73	3.3297	3.3952
2019408932232	1259.27	699.79	1264.26	679.76	3.3467	3.4149
2019408940565	1266.36	695.20	1261.62	689.24	3.3429	3.4084
2019408948899	1262.50	696.08	1261.54	695.20	3.3499	3.4191
2019408957231	1266.36	694.68	1260.04	694.33	3.3423	3.4271
2019408965564	1265.85	693.19	1263.00	701.70	3.3534	3.4364
2019408973898	1278.34	694.17	1265.56	709.53	3.3515	3.4299
2019408982231	1277.34	694.23	1266.35	707.73	3.3642	3.4490
2019408990564	1283.93	695.31	1264.04	705.86	3.3645	3.4480
2019408998898	1282.14	694.84	1267.53	709.53	3.3747	3.4527
2019409007231	1274.57	690.15	1266.92	710.98	3.3817	3.4626
2019409015564	1277.73	694.37	1264.65	704.77	3.3876	3.4556
2019409023898	1273.37	694.28	1263.57	706.46	3.3829	3.4811
2019409032230	1279.18	693.80	1263.63	702.45	3.3938	3.4875
2019409040563	1275.34	694.59	1265.35	708.17	3.3999	3.4917
2019409048906	1277.37	696.60	1270.10	701.51	3.3999	3.4972
2019409057239	1273.75	698.25	1268.53	696.90	3.4150	3.5034
2019409065572	1268.02	698.69	1266.99	699.11	3.4142	3.5168
2019409073906	1273.99	702.12	1267.77	701.29	3.4112	3.5222
2019409082239	1271.26	708.89	1264.34	698.62	3.4326	3.5364
2019409090572	1273.43	706.29	1267.25	701.55	3.4279	3.5349
2019409098906	1273.91	703.36	1268.11	692.67	3.4244	3.5423
2019409107238	1274.23	703.93	1265.97	687.64	3.4348	3.5383
2019409115571	1270.39	702.51	1262.96	696.64	3.4458	3.5625
2019409123904	1269.14	700.40	1260.86	705.13	3.4473	3.5539
2019409132237	1266.66	700.07	1262.63	705.24	3.4553	3.5641
2019409140570	1268.55	691.98	1260.87	706.13	3.4574	3.5669
2019409148903	1269.12	695.78	1264.03	708.50	3.4650	3.5774
2019409157237	1273.01	696.93	1261.42	714.86	3.4630	3.5851
2019409165570	1267.94	694.92	1263.75	711.97	3.4738	3.5923
2019409173903	1274.94	691.17	1259.08	702.45	3.4796	3.5894
2019409182240	1269.83	699.56	1260.28	709.75	3.4839	3.6014
2019409190573	1274.33	693.37	1258.24	707.77	3.4809	3.6072
2019409198905	1270.01	698.26	1262.99	704.67	3.4904	3.6130
2019409207239	1266.81	700.43	1261.64	700.95	3.4943	3.6225
2019409215572	1270.04	704.23	1260.61	706.42	3.5054	3.6344
2019409223905	1276.93	710.39	1261.44	702.10	3.5108	3.6371
2019409232239	1279.35	695.52	1257.23	710.28	3.4973	3.6340
2019409240572	1275.11	706.74	1251.72	712.12	3.5102	3.6399
2019409248905	1272.69	706.79	1252.23	714.08	3.5180	3.6486
2019409257239	1271.70	701.85	1256.99	707.37	3.5245	3.6529
2019409265572	1274.79	712.09	1251.85	716.81	3.5400	3.6658
2019409273905	1274.35	708.19	1249.14	717.64	3.5360	3.6711
2019409282238	1274.88	722.42	1255.37	699.04	3.5391	3.6697
2019409290571	1276.57	723.94	1257.67	688.74	3.5537	3.6746
2019409298904	1278.91	725.79	1257.78	696.86	3.5587	3.6961
2019409307242	1278.92	711.56	1262.24	696.67	3.5495	3.6884
2019409315575	1280.76	706.63	1264.63	691.55	3.5582	3.6946
2019409323908	1279.40	704.80	1264.01	693.00	3.5617	3.6921
2019409332242	1279.53	703.00	1265.12	695.79	3.5666	3.6964
2019409340575	1279.44	698.09	1265.46	694.23	3.5672	3.7033
2019409348907	1280.90	698.52	1268.92	690.39	3.5729	3.7052
2019409357241	1281.71	703.73	1268.05	697.97	3.5792	3.7254
2019409365574	1283.19	714.97	1268.49	693.97	3.5761	3.7290
2019409373907	1275.63	715.95	1268.71	683.65	3.5774	3.7101
2019409382241	1282.69	718.03	1269.26	691.22	3.5829	3.7259
2019409390574	1279.06	720.92	1263.39	686.72	3.5956	3.7180
2019409398908	1281.11	715.95	1260.63	683.70	3.5899	3.7258
2019409407240	1281.85	715.97	1267.18	683.96	3.5902	3.7347
2019409415573	1284.02	717.88	1260.32	693.70	3.5986	3.7239
2019409423906	1276.27	714.73	1252.12	694.43	3.5978	3.7373
2019409432240	1280.61	709.54	1259.61	692.05	3.5879	3.7312
2019409440578	1248.12	712.37	1245.72	702.16	3.5958	3.7357
2019409448911	1153.84	707.54	1154.81	736.23	3.6163	3.7499
2019409457245	1101.24	754.36	1083.05	765.89	3.6043	3.7440
2019409465578	1112.63	775.64	1089.30	762.89	3.5974	3.7544
2019409473911	1139.04	756.38	1115.96	754.87	3.5895	3.7700
2019409482244	1134.58	759.91	1107.43	751.84	3.5979	3.7463
2019409490577	1116.27	759.71	1092.15	761.43	3.5972	3.7378
2019409498910	1133.28	759.44	1097.70	762.50	3.5939	3.7230
2019409507244	1120.90	751.05	1091.75	763.81	3.5689	3.7126
2019409515577	1121.85	754.22	1093.76	766.40	3.5690	3.7076
2019409523910	1123.42	737.07	1095.08	762.50	3.5450	3.6830
2019409532244	1116.62	745.58	1094.20	763.07	3.5212	3.6734
2019409540577	1117.76	747.26	1095.19	763.80	3.5248	3.6580
2019409548910	1113.47	756.30	1088.58	757.15	3.5088	3.6222
2019409557243	1113.58	755.16	1096.34	761.70	3.5015	3.6120
2019409565576	1112.15	752.47	1101.43	758.20	3.4772	3.5846
2019409573915	1112.32	747.11	1102.03	762.69	3.4727	3.5777
2019409582249	1114.80	751.31	1103.85	760.52	3.4403	3.5558
2019409590582	1114.65	747.42	1106.55	765.26	3.4320	3.5439
2019409598915	1112.59	753.79	1105.64	758.74	3.4239	3.5180
2019409607249	1116.31	749.96	1105.56	761.39	3.3959	3.4961
2019409615582	1106.16	748.55	1103.69	758.62	3.3749	3.4754
2019409623915	1111.81	760.54	1104.56	758.14	3.3685	3.4629
2019409632248	1112.57	755.59	1107.46	757.51	3.3434	3.4378
2019409640581	1106.35	753.41	1107.45	755.06	3.3247	3.4220
2019409648914	1111.96	760.02	1106.84	757.67	3.3204	3.4114
2019409657248	1113.39	751.73	1109.02	758.29	3.3195	3.4033
2019409665581	1109.92	752.77	1106.94	756.09	3.3048	3.3757
2019409673914	1107.25	742.71	1100.67	763.07	3.2765	3.3733
2019409682247	1106.41	759.33	1102.98	767.39	3.2847	3.3494
2019409690581	1101.43	757.46	1099.11	766.44	3.2600	3.3412
2019409698914	1106.33	762.97	1103.74	767.19	3.2749	3.3299
2019409707251	1104.92	762.58	1100.28	768.13	3.2468	3.3144
2019409715584	1102.06	765.97	1097.82	761.75	3.2512	3.3134
2019409723917	1104.34	758.44	1102.20	762.91	3.2425	3.3088
2019409732249	1111.21	760.20	1101.45	768.23	3.2405	3.3177
2019409740583	1110.87	763.36	1097.83	762.40	3.2394	3.2942
2019409748916	1112.39	756.94	1099.16	756.89	3.2172	3.2847
2019409757249	1107.17	752.99	1100.81	759.34	3.2244	3.2828
2019409765583	1108.65	760.81	1097.52	757.84	3.2231	3.2829
2019409773916	1102.83	769.98	1099.50	750.43	3.2167	3.2796
2019409782249	1105.14	765.21	1098.69	751.12	3.2010	3.2698
2019409790583	1108.11	772.65	1094.44	751.06	3.2189	3.2841
2019409798916	1104.91	768.66	1102.37	752.24	3.2042	3.2652
2019409807248	1105.41	770.62	1097.55	752.95	3.2162	3.2722
2019409815582	1118.42	751.03	1124.80	757.13	3.1967	3.2719
2019409823915	1232.35	767.60	1238.74	788.65	3.2029	3.2557
2019409832252	1370.96	825.25	1370.83	827.01	3.2090	3.2650
2019409840586	1466.25	822.47	1490.43	837.35	3.1994	3.2343
2019409848919	1555.64	872.19	1557.93	895.72	3.1726	3.1936
2019409857252	1530.82	882.60	1532.13	893.21	3.1969	3.1946
2019409865586	1508.72	881.26	1537.67	874.95	3.2065	3.2176
2019409873919	1548.31	886.40	1557.36	887.93	3.2049	3.2151
2019409882251	1542.95	879.98	1563.77	888.27	3.1876	3.2038
2019409890585	1538.41	874.58	1555.31	890.51	3.1988	3.2222
2019409898918	1544.25	873.31	1559.70	889.03	3.1915	3.2189
2019409907251	1546.28	865.28	1556.47	884.47	3.2003	3.2141
2019409915585	1542.70	866.13	1549.12	883.52	3.2142	3.2288
2019409923918	1546.96	871.37	1551.69	880.02	3.2172	3.2292
2019409932251	1544.65	866.26	1544.42	877.66	3.2109	3.2277
2019409940584	1548.82	867.17	1545.55	881.40	3.2133	3.2174
2019409948917	1550.86	867.43	1539.50	880.66	3.2138	3.2291
2019409957250	1541.92	872.28	1542.82	888.07	3.2318	3.2427
2019409965589	1541.51	874.38	1543.02	887.99	3.2318	3.2328
2019409973922	1536.28	879.16	1539.95	892.29	3.2176	3.2354
2019409982255	1534.12	871.94	1540.58	893.49	3.2353	3.2381
2019409990589	1600.01	918.42	1566.45	906.35	3.2445	3.2377
2019409998922	1668.34	935.55	1642.25	948.12	3.2381	3.2397
2019410007254	1658.08	929.04	1667.51	955.16	3.2504	3.2295
2019410015588	1628.18	921.72	1646.86	931.89	3.2550	3.2415
2019410023921	1640.52	918.02	1650.93	936.83	3.2570	3.2258
2019410032254	1656.31	922.53	1653.20	938.96	3.2469	3.2448
2019410040588	1661.16	922.60	1652.83	944.57	3.2475	3.2550
2019410048921	1653.47	934.96	1646.30	934.78	3.2662	3.2467
2019410057254	1659.25	928.89	1651.49	939.93	3.2817	3.2397
2019410065588	1656.17	935.59	1648.06	941.42	3.2749	3.2596
2019410073921	1652.58	942.03	1644.30	942.79	3.2901	3.2650
2019410082253	1654.75	943.33	1648.88	935.70	3.2936	3.2764
2019410090587	1650.07	945.43	1653.97	942.13	3.2996	3.2794
2019410098925	1646.87	938.82	1657.88	946.55	3.3027	3.2774
2019410107258	1643.58	943.38	1651.76	945.78	3.3048	3.3013
2019410115592	1648.48	947.31	1646.39	938.31	3.3187	3.2968
2019410123925	1653.87	941.61	1656.79	935.05	3.3060	3.2819
2019410132258	1654.26	941.28	1654.05	930.33	3.3186	3.2997
2019410140592	1656.09	935.80	1647.97	939.34	3.3254	3.3132
2019410148925	1651.41	936.54	1655.43	930.17	3.3406	3.3042
2019410157257	1657.82	935.97	1650.43	935.73	3.3293	3.3099
2019410165591	1652.85	938.29	1647.92	935.40	3.3406	3.3108
2019410173924	1653.98	946.54	1647.27	933.22	3.3471	3.3217
2019410182257	1660.96	946.08	1644.80	937.69	3.3573	3.3226
2019410190591	1652.45	944.21	1645.55	925.04	3.3597	3.3397
2019410198924	1656.37	942.12	1640.58	933.59	3.3648	3.3515
2019410207257	1655.74	943.24	1642.76	925.66	3.3657	3.3403
2019410215591	1655.85	940.90	1633.11	936.21	3.3716	3.3623
2019410223926	1660.88	942.72	1641.31	929.31	3.3664	3.3554
2019410232259	1656.94	941.02	1635.12	927.57	3.3831	3.3743
2019410240592	1659.40	937.64	1638.44	928.46	3.3797	3.3731
2019410248925	1654.21	942.15	1632.13	937.06	3.3858	3.3980
2019410257258	1658.43	942.67	1634.57	934.42	3.3769	3.3972
2019410265592	1660.14	947.04	1643.06	930.74	3.3801	3.3892
2019410273925	1660.29	962.69	1640.66	930.07	3.4061	3.4017
2019410282258	1655.10	959.40	1639.06	931.02	3.3987	3.3938
2019410290592	1652.18	962.11	1641.19	934.32	3.4041	3.4060
2019410298925	1644.05	966.40	1633.25	931.41	3.4114	3.4296
2019410307258	1654.77	957.91	1632.55	936.75	3.4016	3.4291
2019410315591	1653.96	952.46	1637.14	934.41	3.3972	3.4424
2019410323924	1646.12	968.89	1635.20	937.92	3.4262	3.4458
2019410332257	1652.17	958.38	1646.10	936.22	3.4195	3.4472
2019410340591	1648.60	952.08	1643.45	932.44	3.4153	3.4403
2019410348924	1649.72	954.32	1641.90	932.89	3.4141	3.4703
2019410357264	1652.58	949.23	1638.45	935.53	3.4235	3.4632
2019410365598	1649.98	949.71	1641.19	932.96	3.4264	3.4840
2019410373931	1645.87	953.93	1641.94	925.75	3.4321	3.4688
2019410382264	1651.64	953.59	1635.61	929.53	3.4302	3.4913
2019410390597	1653.66	948.24	1638.99	929.96	3.4335	3.4775
2019410398931	1651.20	953.50	1635.41	928.31	3.4255	3.4918
2019410407263	1647.24	956.26	1634.04	930.54	3.4314	3.4953
2019410415596	1645.66	960.69	1629.22	927.45	3.4324	3.5023
2019410423930	1641.00	969.57	1634.21	925.80	3.4388	3.5078
2019410432263	1647.18	961.31	1630.14	931.76	3.4362	3.5238
2019410440596	1644.26	962.05	1635.28	933.94	3.4311	3.5079
2019410448930	1645.85	964.94	1635.28	935.25	3.4404	3.5174
2019410457263	1639.75	966.46	1629.39	937.64	3.4551	3.5350
2019410465596	1643.39	962.19	1636.61	933.16	3.4426	3.5303
2019410473930	1634.55	965.19	1633.54	934.55	3.4428	3.5394
2019410482262	1619.61	935.55	1619.35	930.11	3.4807	3.5365
2019410490599	1539.06	866.46	1540.37	827.50	3.4943	3.5790
2019410498933	1504.67	799.06	1528.11	809.69	3.4883	3.6019
2019410507266	1507.43	778.91	1501.35	753.88	3.4772	3.5879
2019410515599	1503.46	779.35	1495.58	749.33	3.4813	3.6036
2019410523933	1508.87	784.29	1502.45	758.97	3.4842	3.6164
2019410532266	1507.03	775.66	1498.75	754.46	3.4846	3.6138
2019410540598	1504.66	770.88	1498.17	753.78	3.4855	3.6194
2019410548932	1504.06	771.72	1504.31	755.93	3.4894	3.6259
2019410557265	1506.15	770.40	1507.66	755.81	3.4919	3.6265
2019410565598	1508.99	770.93	1505.89	760.84	3.4950	3.6258
2019410573932	1505.55	778.93	1510.89	759.14	3.4993	3.6307
2019410582265	1507.43	779.68	1508.98	758.67	3.4957	3.6200
2019410590598	1504.88	785.05	1512.18	755.97	3.4984	3.6380
2019410598932	1510.12	781.98	1511.38	755.69	3.4909	3.6313
2019410607265	1507.78	784.36	1511.48	754.93	3.4926	3.6383
2019410615597	1509.72	785.92	1512.57	755.37	3.4903	3.6327
2019410623936	1505.74	785.30	1508.02	756.32	3.4933	3.6272
2019410632269	1504.97	783.45	1512.12	753.73	3.4921	3.6216
2019410640602	1506.73	782.35	1513.26	757.60	3.4945	3.6301
2019410648936	1510.76	773.02	1510.48	755.11	3.5005	3.6265
2019410657269	1505.21	777.27	1513.21	760.45	3.4927	3.6323
2019410665602	1506.60	776.02	1515.97	760.71	3.5040	3.6214
2019410673936	1505.89	776.93	1517.20	762.87	3.5018	3.6220
2019410682269	1510.20	775.24	1515.86	757.68	3.5022	3.6154
2019410690601	1503.46	769.86	1519.40	762.01	3.4921	3.6114
2019410698935	1508.96	773.23	1514.62	764.13	3.4927	3.6214
2019410707268	1506.49	774.99	1517.47	761.34	3.4984	3.6032
2019410715601	1506.23	779.19	1513.36	762.03	3.4919	3.6063
2019410723935	1506.71	772.72	1513.44	763.95	3.4850	3.5982
2019410732268	1505.32	772.13	1515.30	766.67	3.4816	3.5948
2019410740601	1504.52	771.88	1519.46	764.80	3.4776	3.5858
2019410748938	1499.61	772.58	1517.76	765.57	3.4829	3.5830
2019410757271	1503.58	769.98	1512.59	771.14	3.4695	3.5934
2019410765603	1504.54	773.40	1509.03	767.51	3.4779	3.5855
2019410773937	1500.35	774.04	1513.65	767.95	3.4737	3.5892
2019410782270	1504.17	769.53	1518.60	764.47	3.4632	3.5734
2019410790603	1504.65	772.51	1515.47	764.31	3.4693	3.5818
2019410798936	1500.77	774.09	1515.04	761.68	3.4627	3.5656
2019410807270	1510.65	773.64	1523.50	773.37	3.4608	3.5459
2019410815603	1589.73	864.90	1580.48	834.09	3.4529	3.5491
2019410823936	1636.59	959.36	1633.67	953.33	3.4508	3.5325
2019410832270	1651.11	980.23	1659.45	940.87	3.4153	3.4967
2019410840602	1636.87	955.90	1632.44	930.14	3.4227	3.5167
2019410848935	1640.66	930.44	1638.73	924.41	3.4057	3.5192
2019410857269	1658.31	955.34	1655.73	932.80	3.4017	3.4868
2019410865602	1647.11	959.93	1654.92	950.54	3.4234	3.5063
2019410873935	1653.55	952.02	1655.57	950.10	3.4062	3.4985
2019410882275	1647.98	957.07	1646.68	950.50	3.4078	3.4996
2019410890608	1652.59	947.81	1651.86	952.21	3.3915	3.4859
2019410898941	1651.43	949.22	1651.76	948.47	3.3837	3.4944
2019410907275	1654.10	949.91	1653.55	956.47	3.3854	3.5049
2019410915607	1652.37	952.88	1658.34	959.06	3.3919	3.4889
2019410923941	1649.30	953.31	1655.92	955.59	3.4016	3.4886
2019410932274	1651.59	960.81	1652.49	949.18	3.3897	3.4836
2019410940607	1650.24	954.38	1652.24	948.50	3.3767	3.4781
2019410948940	1653.10	954.77	1640.77	953.00	3.3801	3.4853
2019410957274	1644.67	959.77	1643.79	950.28	3.3933	3.4733
2019410965607	1656.42	948.14	1646.21	947.87	3.3697	3.4665
2019410973940	1650.46	956.03	1638.40	954.31	3.3822	3.4734
2019410982273	1654.28	948.23	1638.11	953.36	3.3781	3.4658
2019410990606	1648.36	956.40	1636.78	954.14	3.3885	3.4729
2019410998939	1653.64	948.78	1635.80	961.67	3.3861	3.4582
2019411007273	1647.88	952.37	1642.47	959.25	3.3849	3.4508
2019411015611	1638.49	953.72	1651.00	954.01	3.4120	3.4459
2019411023944	1618.66	949.21	1643.24	947.67	3.3925	3.4463
2019411032278	1621.09	954.11	1639.98	951.04	3.4034	3.4510
2019411040611	1626.22	956.53	1639.62	945.92	3.3920	3.4503
2019411048944	1629.17	954.97	1645.82	945.85	3.3994	3.4367
2019411057278	1627.73	953.85	1644.69	945.83	3.3935	3.4339
2019411065610	1623.12	954.30	1636.83	949.49	3.3920	3.4490
2019411073943	1627.41	955.14	1637.19	946.06	3.4089	3.4339
2019411082277	1627.29	950.28	1639.99	951.89	3.3878	3.4398
2019411090610	1625.86	954.50	1635.57	949.11	3.3938	3.4391
2019411098943	1626.59	949.86	1639.47	943.11	3.3867	3.4389
2019411107277	1633.32	948.66	1640.64	942.86	3.3866	3.4493
2019411115610	1636.24	948.64	1647.99	939.95	3.3868	3.4317
2019411123943	1635.22	945.74	1650.40	941.23	3.3780	3.4427
2019411132277	1634.53	943.53	1646.92	946.74	3.3783	3.4559
2019411140609	1629.30	945.63	1649.05	943.09	3.3857	3.4487
2019411148946	1630.20	948.30	1650.01	948.51	3.3913	3.4420
2019411157280	1625.84	954.27	1642.64	952.15	3.3915	3.4344
2019411165613	1618.62	948.34	1644.32	954.31	3.3835	3.4256
2019411173946	1624.86	955.04	1645.95	960.49	3.3788	3.4433
2019411182280	1618.95	958.10	1643.43	957.36	3.3968	3.4275
2019411190613	1624.31	958.94	1642.39	957.58	3.3923	3.4336
2019411198946	1622.48	951.12	1645.24	954.69	3.3840	3.4264
2019411207280	1621.61	957.78	1644.12	956.89	3.3928	3.4244
2019411215612	1631.86	952.81	1649.59	956.74	3.3903	3.4274
2019411223945	1621.24	950.90	1643.27	958.54	3.3857	3.4330
2019411232279	1629.83	951.57	1640.12	959.17	3.3858	3.4316
2019411240612	1632.86	951.71	1646.17	958.12	3.3924	3.4237
2019411248945	1623.36	957.59	1644.09	961.44	3.4040	3.4242
2019411257279	1632.61	953.63	1639.91	960.28	3.3991	3.4337
2019411265612	1633.50	954.98	1635.08	963.38	3.3904	3.4292
2019411273950	1634.26	959.22	1635.75	958.06	3.4014	3.4353
2019411282283	1629.24	958.28	1635.74	960.21	3.4065	3.4274
2019411290616	1634.19	948.47	1644.58	953.46	3.3870	3.4210
2019411298949	1629.71	962.24	1637.21	960.28	3.4073	3.4271
2019411307283	1625.45	960.15	1641.14	962.96	3.4055	3.4181
2019411315616	1625.90	967.10	1645.57	960.22	3.4144	3.4229
2019411323949	1628.73	958.64	1635.34	965.77	3.3908	3.4371
2019411332282	1625.65	961.57	1641.00	967.30	3.4118	3.4334
2019411340616	1625.82	958.65	1641.80	965.76	3.4048	3.4345
2019411348949	1623.12	957.05	1636.69	966.57	3.3966	3.4437
2019411357282	1621.79	967.80	1639.67	961.41	3.4169	3.4251
2019411365615	1620.92	964.96	1638.02	963.73	3.4082	3.4331
2019411373948	1621.88	959.98	1634.36	964.00	3.4076	3.4388
2019411382281	1626.05	966.83	1637.55	961.63	3.4133	3.4453
2019411390615	1627.41	959.02	1638.37	959.40	3.4016	3.4299
2019411398948	1632.68	957.72	1634.66	969.31	3.4066	3.4357
2019411407287	1623.64	960.25	1634.69	968.71	3.4118	3.4454
2019411415621	1631.09	960.45	1640.00	963.57	3.4089	3.4430
2019411423954	1625.50	964.54	1640.20	962.98	3.4246	3.4375
2019411432287	1623.83	965.29	1632.16	964.46	3.4256	3.4526
2019411440620	1629.78	959.23	1637.17	968.71	3.4120	3.4663
2019411448953	1629.48	962.67	1639.26	965.33	3.4355	3.4567
2019411457286	1629.56	963.23	1637.28	962.12	3.4237	3.4582
2019411465620	1631.14	955.96	1628.68	962.00	3.4163	3.4672
2019411473953	1628.63	963.29	1630.46	963.51	3.4380	3.4687
2019411482286	1626.01	965.85	1637.14	962.50	3.4434	3.4581
2019411490620	1625.98	964.88	1633.85	964.00	3.4408	3.4649
2019411498953	1629.78	965.65	1632.79	967.02	3.4420	3.4580
2019411507286	1625.03	971.25	1639.29	954.42	3.4441	3.4467
2019411515619	1627.05	970.04	1625.50	958.71	3.4465	3.4699
2019411523952	1628.39	964.10	1631.33	956.77	3.4424	3.4646
2019411532285	1628.57	963.38	1628.66	956.11	3.4354	3.4548
2019411540622	1638.48	965.32	1632.14	958.86	3.4434	3.4754
2019411548955	1634.60	966.71	1635.20	962.05	3.4508	3.4589
2019411557288	1634.32	968.56	1631.65	957.89	3.4593	3.4558
2019411565622	1633.37	969.14	1627.50	968.05	3.4523	3.4561
2019411573955	1638.30	963.98	1628.05	965.48	3.4548	3.4750
2019411582288	1642.18	968.21	1631.56	962.26	3.4647	3.4605
2019411590622	1647.07	962.46	1628.17	961.23	3.4571	3.4694
2019411598954	1642.90	964.84	1626.40	969.17	3.4655	3.4718
2019411607287	1643.14	963.09	1626.69	969.24	3.4669	3.4694
2019411615621	1648.81	961.88	1625.38	963.47	3.4738	3.4649
2019411623954	1634.14	959.63	1632.96	959.44	3.4624	3.4787
2019411632287	1672.35	922.79	1678.49	890.04	3.4849	3.4918
2019411640621	1687.58	835.34	1696.01	833.32	3.5037	3.4941
2019411648954	1697.45	796.02	1700.92	796.80	3.4988	3.4854
2019411657287	1680.57	744.12	1695.61	751.37	3.4985	3.4994
2019411665625	1689.33	746.87	1689.40	754.04	3.5105	3.4930
2019411673957	1690.00	761.19	1686.58	768.63	3.5128	3.5000
2019411682290	1694.88	758.19	1686.90	771.67	3.5210	3.5116
2019411690624	1696.92	758.39	1687.49	766.76	3.5205	3.5075
2019411698957	1697.75	753.61	1682.89	764.39	3.5287	3.5087
2019411707290	1701.08	756.16	1683.39	768.03	3.5263	3.5023
2019411715624	1698.52	757.57	1680.83	766.26	3.5324	3.5115
2019411723957	1701.44	757.72	1678.51	768.00	3.5445	3.4999
2019411732290	1703.71	754.86	1679.52	765.40	3.5400	3.5118
2019411740624	1705.32	760.77	1684.41	765.32	3.5468	3.5086
2019411748956	1709.42	753.89	1682.23	762.38	3.5458	3.5198
2019411757289	1708.78	759.40	1681.36	764.83	3.5415	3.5031
2019411765623	1705.59	755.63	1682.76	762.11	3.5505	3.5144
2019411773956	1707.36	759.54	1682.68	764.96	3.5502	3.5094
2019411782289	1705.29	757.06	1682.11	762.53	3.5521	3.5121
2019411790623	1704.08	756.28	1678.31	765.15	3.5595	3.5209
2019411798962	1706.21	750.65	1682.70	767.19	3.5640	3.5192
2019411807295	1709.71	751.07	1683.21	766.27	3.5632	3.5258
2019411815629	1671.58	730.85	1674.55	755.12	3.5598	3.5307
2019411823961	1531.00	709.82	1554.20	685.75	3.5728	3.5396
2019411832294	1412.24	708.92	1445.36	687.08	3.5873	3.5588
2019411840627	1336.21	668.88	1369.75	670.73	3.5741	3.5733
2019411848961	1349.00	680.85	1345.27	687.14	3.5599	3.5810
2019411857294	1373.82	683.74	1373.48	691.87	3.5743	3.5901
2019411865627	1351.37	678.58	1364.96	674.30	3.5613	3.5815
2019411873961	1343.74	680.43	1359.94	675.25	3.5723	3.5583
2019411882294	1343.14	677.50	1352.34	675.69	3.5752	3.5755
2019411890628	1348.23	681.20	1353.87	673.86	3.5652	3.5680
2019411898960	1347.08	682.97	1355.37	676.42	3.5699	3.5724
2019411907293	1349.88	681.16	1356.02	675.59	3.5650	3.5675
2019411915627	1353.27	682.05	1355.89	669.35	3.5788	3.5760
2019411923960	1352.35	683.17	1356.30	669.02	3.5691	3.5646
2019411932298	1355.84	672.75	1354.13	673.63	3.5656	3.5693
2019411940632	1348.35	677.67	1351.79	670.55	3.5741	3.5705
2019411948965	1356.58	680.59	1351.27	676.59	3.5692	3.5768
2019411957298	1355.50	679.69	1353.54	673.91	3.5623	3.5640
2019411965631	1356.93	675.02	1348.96	678.90	3.5596	3.5706
2019411973964	1360.31	677.92	1352.30	682.83	3.5726	3.5827
2019411982297	1359.93	674.89	1350.92	680.05	3.5726	3.5692
2019411990631	1356.83	671.94	1353.44	682.48	3.5711	3.5729
2019411998964	1354.68	676.50	1355.27	681.37	3.5618	3.5697
2019412007297	1359.80	672.63	1357.63	678.94	3.5567	3.5717
2019412015630	1357.96	671.33	1351.28	677.64	3.5619	3.5723
2019412023964	1356.31	673.67	1347.30	675.62	3.5626	3.5704
2019412032297	1353.15	674.84	1341.45	678.79	3.5543	3.5781
2019412040630	1353.13	674.02	1341.01	675.96	3.5665	3.5632
2019412048963	1351.88	676.67	1339.58	677.87	3.5639	3.5578
2019412057296	1351.12	670.45	1335.62	675.66	3.5549	3.5632
2019412065633	1352.72	673.18	1336.94	674.26	3.5452	3.5639
2019412073967	1349.64	666.06	1335.70	676.68	3.5471	3.5529
2019412082300	1351.14	672.68	1335.57	673.67	3.5509	3.5436
2019412090633	1355.04	666.88	1334.64	681.56	3.5493	3.5451
2019412098967	1417.22	664.14	1385.12	687.75	3.5314	3.5550
2019412107300	1441.92	668.99	1428.21	685.44	3.5358	3.5345
2019412115633	1415.83	662.58	1420.83	679.44	3.5351	3.5117
2019412123966	1417.73	664.23	1419.27	680.91	3.5299	3.5205
2019412132299	1421.22	669.31	1416.22	682.42	3.5121	3.5042
2019412140632	1427.54	665.78	1420.73	684.28	3.5073	3.4977
2019412148966	1426.58	663.78	1419.26	683.44	3.5038	3.4938
2019412157299	1426.64	667.83	1418.69	688.88	3.5054	3.4881
2019412165632	1423.97	666.37	1417.72	681.73	3.4906	3.4801
2019412173966	1421.08	668.51	1418.72	683.26	3.4836	3.4704
2019412182299	1429.00	670.66	1415.47	684.27	3.4743	3.4616
2019412190636	1429.81	665.70	1418.49	684.73	3.4690	3.4587
2019412198969	1425.13	668.86	1419.87	686.25	3.4692	3.4494
2019412207302	1428.18	671.79	1416.53	689.11	3.4567	3.4381
2019412215635	1424.05	674.06	1415.49	685.81	3.4489	3.4267
2019412223969	1423.92	668.89	1420.04	687.29	3.4342	3.4309
