t	gaze_point_LX	gaze_point_LY	gaze_point_RX	gaze_point_RY	pupil_diameter_L	pupil_diameter_R
343706069571	1359.30	752.97	1346.96	734.37	4.1300	4.3745
343706077904	1370.58	739.29	1339.75	761.93	4.1016	4.4476
343706086236	1370.14	740.69	1344.13	761.49	4.1048	4.4355
343706094570	1366.13	738.52	1343.79	747.88	4.1077	4.3959
343706102903	1368.69	742.52	1345.88	746.68	4.1225	4.3922
343706111236	1363.39	744.84	1345.52	749.93	4.1235	4.3720
343706119569	1363.80	738.78	1341.81	752.22	4.1036	4.4018
343706127903	1360.62	721.52	1346.60	744.49	4.0701	4.3797
343706136236	1362.97	733.14	1352.51	735.34	4.0843	4.3753
343706144570	1363.61	735.47	1346.20	754.23	4.1047	4.4054
343706152903	1365.31	735.70	1352.89	744.53	4.1164	4.3774
343706161242	1359.87	735.17	1349.41	757.41	4.1124	4.4093
343706169574	1358.40	725.07	1345.93	758.51	4.1022	4.4038
343706177908	1362.42	739.94	1345.82	762.86	4.1246	4.3858
343706186241	1359.43	746.44	1343.28	774.70	4.1313	4.3456
343706194575	1336.15	745.85	1325.77	746.92	4.0938	4.3410
343706202907	1298.74	726.23	1293.44	1010.88	4.1143	4.2289
343706211241	1331.92	964.27	NaN	NaN	4.0198	NaN
343706219575	NaN	NaN	NaN	NaN	NaN	NaN
343706227909	NaN	NaN	1281.92	1459.88	NaN	1.4258
343706236242	NaN	NaN	NaN	NaN	NaN	NaN
343706244574	NaN	NaN	NaN	NaN	NaN	NaN
343706252908	NaN	NaN	NaN	NaN	NaN	NaN
343706261241	NaN	NaN	NaN	NaN	NaN	NaN
343706269574	NaN	NaN	NaN	NaN	NaN	NaN
343706277907	NaN	NaN	NaN	NaN	NaN	NaN
343706286241	NaN	NaN	NaN	NaN	NaN	NaN
343706294579	NaN	NaN	NaN	NaN	NaN	NaN
343706302912	NaN	NaN	NaN	NaN	NaN	NaN
343706311245	NaN	NaN	NaN	NaN	NaN	NaN
343706319579	NaN	NaN	NaN	NaN	NaN	NaN
343706327910	NaN	NaN	NaN	NaN	NaN	NaN
343706336244	NaN	NaN	NaN	NaN	NaN	NaN
343706344577	NaN	NaN	NaN	NaN	NaN	NaN
343706352910	NaN	NaN	NaN	NaN	NaN	NaN
343706361244	NaN	NaN	NaN	NaN	NaN	NaN
343706369577	NaN	NaN	NaN	NaN	NaN	NaN
343706377911	1351.78	1062.34	NaN	NaN	3.9801	NaN
343706386244	1306.34	884.35	NaN	NaN	4.0562	NaN
343706394578	1285.84	788.67	NaN	NaN	4.1322	NaN
343706402910	1283.09	735.54	NaN	NaN	4.1902	NaN
343706411243	1292.16	722.70	NaN	NaN	4.2770	NaN
343706419581	1292.44	701.02	NaN	NaN	4.2614	NaN
343706427914	1288.65	721.31	1276.21	1023.90	4.2393	4.3345
343706436248	1286.73	707.36	1273.11	939.92	4.2349	4.3890
343706444582	1287.94	713.78	1276.65	855.14	4.2734	4.4389
343706452915	1289.63	717.25	1278.09	801.27	4.3242	4.4487
343706461248	1292.18	715.49	1282.69	744.79	4.3106	4.4372
343706469581	1292.68	706.97	1280.01	736.30	4.3167	4.5252
343706477915	1303.15	704.09	1278.92	710.66	4.3290	4.5528
343706486248	1291.49	715.98	1276.65	703.73	4.3249	4.5824
343706494580	1286.76	720.71	1277.99	695.91	4.3333	4.5427
343706502913	1291.48	724.12	1275.92	705.34	4.3556	4.5251
343706511246	1297.48	712.19	1281.74	739.17	4.3548	4.5388
343706519579	1299.21	720.67	1280.68	748.15	4.3727	4.5791
343706527912	1303.70	712.71	1272.05	740.93	4.3871	4.5638
343706536246	1296.08	702.26	1280.30	727.99	4.4016	4.5381
343706544580	1302.78	697.12	1279.66	734.66	4.3821	4.5826
343706552918	1299.36	710.51	1279.28	731.37	4.4012	4.5690
343706561251	1292.30	709.12	1280.45	732.13	4.3969	4.5764
343706569584	1295.55	719.96	1274.96	740.34	4.4222	4.6142
343706577917	1297.41	718.53	1277.27	745.68	4.4262	4.6141
343706586250	1300.28	720.34	1276.74	734.83	4.4233	4.6100
343706594583	1298.84	709.69	1280.12	720.96	4.4135	4.5973
343706602916	1299.00	718.73	1284.27	722.11	4.4337	4.6056
343706611250	1305.75	726.31	1281.24	706.21	4.4236	4.5782
343706619583	1303.38	714.27	1277.23	722.05	4.4198	4.6208
343706627917	1300.34	717.43	1279.30	722.25	4.4387	4.6561
343706636250	1308.03	706.88	1283.71	710.00	4.4430	4.6484
343706644583	1305.19	700.59	1279.54	711.06	4.4416	4.6559
343706652916	1301.23	710.40	1288.36	709.56	4.4509	4.6778
343706661248	1306.19	711.90	1279.65	710.52	4.4714	4.6687
343706669582	1294.91	710.76	1282.51	699.79	4.4686	4.6337
343706677915	1292.99	703.07	1280.47	696.16	4.4618	4.6218
343706686254	1289.90	695.58	1283.52	700.74	4.4323	4.6354
343706694587	1288.00	705.06	1283.12	706.08	4.4574	4.6646
343706702921	1292.31	714.95	1275.77	713.50	4.4596	4.6774
343706711254	1297.36	716.65	1272.26	698.39	4.4493	4.6677
343706719587	1303.14	728.04	1270.11	711.39	4.4590	4.6739
343706727921	1305.39	715.31	1272.33	704.02	4.4283	4.6535
343706736253	1303.17	712.09	1272.52	708.28	4.4415	4.6604
343706744586	1303.60	713.22	1274.83	702.90	4.4399	4.6646
343706752919	1298.44	699.89	1279.45	691.93	4.4491	4.6560
343706761253	1299.93	695.81	1279.63	698.86	4.4458	4.6730
343706769586	1265.61	708.66	1247.02	698.60	4.4589	4.6459
343706777920	1236.47	737.08	1201.49	725.40	4.4451	4.6553
343706786253	1241.93	731.45	1211.40	727.15	4.4526	4.6595
343706794586	1251.66	728.86	1222.25	724.38	4.4584	4.6855
343706802919	1249.98	732.19	1220.71	728.41	4.4393	4.6796
343706811257	1251.92	737.14	1219.06	723.29	4.4619	4.6614
343706819589	1250.33	723.88	1217.11	726.83	4.4260	4.6789
343706827923	1258.59	727.55	1221.68	699.11	4.4227	4.6147
343706836255	1255.99	726.75	1218.31	710.24	4.4427	4.6325
343706844589	1250.84	720.07	1215.67	705.93	4.4171	4.6192
343706852922	1250.89	721.02	1218.71	705.35	4.4071	4.6123
343706861256	1246.28	720.12	1217.96	705.32	4.4277	4.6359
343706869589	1163.78	681.86	1158.26	677.11	4.4197	4.6326
343706877922	1069.37	626.09	1083.45	657.87	4.3691	4.6475
343706886255	1047.06	604.11	1038.41	645.85	4.2819	4.6146
343706894589	1022.72	586.27	1032.39	628.42	4.2689	4.5945
343706902923	1006.23	567.46	1017.82	623.36	4.2020	4.5459
343706911254	1023.52	585.37	1028.99	606.79	4.2123	4.5152
343706919588	1019.39	586.83	1011.20	618.87	4.1898	4.5425
343706927923	1018.61	580.16	1018.04	612.28	4.1721	4.5245
343706936255	1020.23	584.26	1016.95	603.16	4.1547	4.4676
343706944596	1021.89	582.48	1023.92	605.07	4.1402	4.4550
343706952929	1023.58	584.04	1024.91	603.99	4.1296	4.4176
343706961261	1030.18	591.95	1017.84	592.21	4.0992	4.3744
343706969595	1027.44	587.47	1025.27	601.29	4.0930	4.3610
343706977929	1024.96	592.63	1018.01	600.50	4.0778	4.3273
343706986261	1023.39	593.72	1016.95	592.70	4.0563	4.2978
343706994594	1017.18	592.61	1017.05	592.65	4.0226	4.2962
343707002927	1026.29	595.17	1017.06	606.85	4.0257	4.2995
343707011261	1027.17	596.07	1015.62	609.76	4.0298	4.2792
343707019594	1029.77	587.30	1019.01	598.12	3.9954	4.2534
343707027927	1029.17	585.34	1021.95	603.38	3.9968	4.2699
343707036260	1026.58	579.42	1017.98	584.97	3.9545	4.2015
343707044594	1030.93	588.03	1022.36	598.33	3.9683	4.2345
343707052927	1024.93	586.44	1028.57	588.73	3.9407	4.1920
343707061260	1033.30	590.34	1023.91	593.24	3.9547	4.1986
343707069593	1032.47	596.82	1021.76	587.83	3.9427	4.1520
343707077929	1031.46	588.82	1023.92	591.11	3.9134	4.1510
343707086263	1025.16	595.45	1022.45	591.47	3.9352	4.1356
343707094596	1023.31	596.65	1021.27	602.55	3.8992	4.1410
343707102929	1019.17	596.23	1017.46	604.06	3.8964	4.1375
343707111263	1021.40	599.55	1020.91	600.46	3.8857	4.0961
343707119596	1019.41	599.89	1015.57	594.13	3.8666	4.0805
343707127929	1022.78	603.16	1018.99	597.75	3.8670	4.0821
343707136262	1022.52	604.03	1019.12	597.01	3.8506	4.0709
343707144594	1013.32	605.02	1023.00	596.60	3.8349	4.0636
343707152928	1017.75	600.41	1021.40	599.46	3.8320	4.0444
343707161261	1013.68	599.33	1022.68	595.22	3.8354	4.0464
343707169595	1018.92	592.95	1025.59	604.66	3.8078	4.0360
343707177928	1022.11	593.22	1027.57	599.35	3.7987	4.0226
343707186261	1021.50	590.23	1026.92	600.65	3.8009	4.0285
343707194595	1017.10	595.51	1024.73	597.65	3.7868	4.0226
343707202928	1022.12	597.01	1026.93	599.95	3.7776	4.0196
343707211267	1019.95	595.79	1023.83	602.45	3.7895	4.0061
343707219599	1021.61	599.87	1024.24	599.51	3.7802	3.9905
343707227932	1020.03	600.66	1026.86	600.23	3.7890	3.9941
343707236266	1019.49	598.74	1026.93	600.29	3.7720	3.9856
343707244598	1019.68	601.88	1024.38	597.97	3.7656	3.9556
343707252932	1020.02	607.52	1027.18	599.60	3.7698	3.9672
343707261265	1016.97	606.71	1025.10	601.48	3.7346	3.9676
343707269599	1026.57	650.55	1025.47	652.64	3.7422	3.9550
343707277932	1038.82	705.02	1027.86	709.15	3.7067	3.9685
343707286266	1034.59	750.94	1049.03	767.92	3.7358	3.9888
343707294598	1046.49	773.03	1053.18	802.56	3.7166	4.0359
343707302932	1056.97	802.22	1052.89	808.90	3.7381	3.9984
343707311266	1048.57	784.97	1057.15	814.31	3.7153	4.0377
343707319597	1056.18	791.90	1056.19	814.38	3.7243	4.0377
343707327931	1057.24	826.84	1051.57	822.85	3.7788	4.0452
343707336268	1062.35	828.94	1053.08	827.24	3.7814	4.0367
343707344602	1064.27	813.42	1053.28	823.74	3.7482	4.0452
343707352935	1054.24	816.20	1048.78	828.82	3.7742	4.0559
343707361268	1060.07	817.20	1055.09	824.22	3.7734	4.0583
343707369602	1058.95	813.73	1047.38	822.06	3.7987	4.0682
343707377935	1052.88	798.92	1046.87	822.48	3.7610	4.0929
343707386268	1056.24	804.66	1056.40	825.32	3.7939	4.0994
343707394601	1054.20	795.33	1055.67	823.20	3.7733	4.0964
343707402934	1051.16	806.74	1054.98	813.45	3.8035	4.0960
343707411267	1059.03	807.21	1058.97	819.13	3.8249	4.1117
343707419600	1055.10	819.03	1054.83	815.95	3.8513	4.1172
343707427934	1054.68	804.22	1059.52	813.13	3.8163	4.1225
343707436267	1056.26	802.37	1056.47	814.05	3.8404	4.1396
343707444600	1065.41	821.53	1054.85	827.14	3.8766	4.1582
343707452934	1059.10	815.62	1054.31	815.47	3.8662	4.1580
343707461267	1059.00	821.79	1054.64	797.70	3.8856	4.0958
343707469604	1059.47	811.00	1052.98	815.70	3.8680	4.1554
343707477938	1060.11	823.80	1054.57	822.24	3.9204	4.1678
343707486272	1058.30	804.69	1051.23	825.13	3.9022	4.2006
343707494604	1062.94	820.00	1051.51	801.05	3.9639	4.1491
343707502938	1061.17	799.53	1050.48	822.89	3.8987	4.2142
343707511271	1057.74	804.21	1042.85	806.78	3.9417	4.1951
343707519605	1063.81	804.45	1048.64	803.14	3.9590	4.1969
343707527938	1053.20	796.94	1044.71	812.04	3.9632	4.2467
343707536271	1063.79	818.29	1048.75	804.66	4.0077	4.2264
343707544604	1061.78	809.35	1050.03	805.24	4.0045	4.2541
343707552937	1058.70	809.80	1045.56	806.11	4.0299	4.2613
343707561270	1061.22	810.97	1046.68	813.91	4.0215	4.2905
343707569604	1059.50	805.16	1040.94	805.99	4.0281	4.2643
343707577937	1061.25	814.83	1039.17	811.82	4.0601	4.3109
343707586270	1057.78	815.49	1036.27	815.61	4.0832	4.3114
343707594603	1071.74	810.92	1063.56	809.44	4.1024	4.3297
343707602942	1139.29	817.84	1148.32	805.45	4.1168	4.3527
343707611276	1203.16	805.61	1197.89	814.31	4.1268	4.3788
343707619608	1235.79	800.04	1217.71	790.26	4.1484	4.3539
343707627942	1213.09	795.35	1194.32	796.68	4.1613	4.3793
343707636274	1214.14	784.79	1203.29	784.10	4.1498	4.3878
343707644608	1210.77	791.75	1197.25	790.54	4.1656	4.4038
343707652941	1217.73	787.85	1197.73	785.47	4.1821	4.4090
343707661274	1212.59	794.93	1195.13	785.57	4.1930	4.3996
343707669607	1214.13	792.81	1190.74	784.30	4.1822	4.4177
343707677941	1212.02	792.56	1192.63	791.82	4.1875	4.4499
343707686274	1213.98	797.67	1186.55	792.53	4.2333	4.4571
343707694607	1210.95	791.96	1188.92	797.25	4.2186	4.4653
343707702941	1211.67	801.07	1186.67	796.17	4.2407	4.4623
343707711274	1213.62	803.36	1189.99	799.61	4.2412	4.4851
343707719606	1217.36	801.01	1190.57	797.68	4.2491	4.4900
343707727940	1213.84	803.20	1189.83	797.34	4.2677	4.4863
343707736278	1212.38	800.35	1193.85	794.63	4.2642	4.4977
343707744611	1211.53	800.18	1191.42	795.64	4.2777	4.5182
343707752945	1206.83	804.90	1189.74	792.40	4.2911	4.4930
343707761278	1213.60	793.76	1189.01	796.28	4.2705	4.5144
343707769612	1216.65	806.38	1191.19	793.15	4.3229	4.5356
343707777945	1217.03	798.10	1187.62	790.32	4.3210	4.5229
343707786278	1213.57	788.74	1188.88	797.29	4.3155	4.5472
343707794611	1210.06	791.10	1190.12	793.31	4.2945	4.5375
343707802944	1248.09	804.16	1249.07	802.24	4.3256	4.5516
343707811277	1351.41	788.06	1361.30	796.44	4.3635	4.5916
343707819610	1416.61	787.40	1413.76	797.09	4.3492	4.5842
343707827943	1429.31	808.22	1421.23	792.87	4.4025	4.5874
343707836277	1409.58	781.87	1401.46	777.06	4.3719	4.5708
343707844610	1404.61	776.37	1391.78	774.90	4.3723	4.5864
343707852944	1421.73	770.17	1399.62	772.47	4.3608	4.5659
343707861282	1418.73	773.58	1395.88	779.78	4.3770	4.5927
343707869614	1415.17	777.35	1390.12	779.25	4.3987	4.6279
343707877946	1414.11	782.86	1394.75	778.58	4.4086	4.6025
343707886280	1412.37	773.39	1392.57	778.80	4.3823	4.5995
343707894614	1414.10	780.65	1394.96	772.94	4.3838	4.5737
343707902946	1419.70	778.47	1396.73	782.72	4.4023	4.6124
343707911280	1418.69	771.19	1394.66	773.70	4.3876	4.5933
343707919613	1417.35	783.96	1395.39	786.82	4.4036	4.6274
343707927946	1417.46	778.97	1391.69	786.04	4.3735	4.6224
343707936280	1420.37	782.92	1399.97	791.58	4.3894	4.6265
343707944613	1417.02	782.45	1404.56	784.15	4.3871	4.6110
343707952946	1419.09	784.28	1404.64	785.41	4.3941	4.6203
343707961279	1417.16	779.28	1403.65	790.89	4.3837	4.6350
343707969612	1418.00	781.44	1397.65	789.38	4.3934	4.6090
343707977947	1416.19	786.60	1403.21	794.36	4.3870	4.6156
343707986280	1418.12	780.77	1397.83	789.69	4.3917	4.6267
343707994617	1413.81	780.70	1400.00	793.62	4.3960	4.6154
343708002950	1416.95	792.62	1401.84	783.40	4.3791	4.6171
343708011284	1417.26	771.65	1397.36	795.30	4.3778	4.6351
343708019618	1418.00	784.54	1392.92	785.45	4.3763	4.6163
343708027950	1422.60	780.35	1400.22	786.56	4.3689	4.6148
343708036284	1422.95	775.88	1398.06	775.82	4.3760	4.5896
343708044616	1474.56	800.43	1460.26	813.62	4.3876	4.5875
343708052949	1544.61	839.12	1536.77	846.59	4.3907	4.6033
343708061283	1546.36	876.45	1515.07	869.55	4.3924	4.5563
343708069616	1520.97	880.50	1493.50	870.07	4.3925	4.5589
343708077949	1519.72	862.14	1503.75	864.20	4.3831	4.5649
343708086284	1524.19	861.00	1495.88	861.70	4.3621	4.5614
343708094617	1520.81	866.34	1505.35	862.69	4.3587	4.5498
343708102951	1518.75	859.53	1506.14	867.67	4.3455	4.5503
343708111284	1528.80	863.99	1504.31	867.57	4.3263	4.5596
343708119617	1531.65	868.06	1503.15	854.89	4.3339	4.5265
343708127954	1524.98	862.24	1504.96	870.43	4.3341	4.5626
343708136288	1531.43	869.52	1505.04	860.91	4.3502	4.5377
343708144622	1524.09	867.56	1500.31	863.29	4.3553	4.5398
343708152954	1531.26	859.72	1504.84	869.44	4.3190	4.5519
343708161288	1526.57	855.86	1506.06	869.30	4.3247	4.5422
343708169620	1525.17	857.89	1507.66	860.81	4.2947	4.5280
343708177954	1529.07	862.54	1503.10	870.40	4.3308	4.5161
343708186288	1523.14	857.55	1499.55	873.69	4.2977	4.5374
343708194620	1525.08	865.42	1503.53	864.52	4.3195	4.5210
343708202954	1525.97	857.39	1504.32	859.95	4.2969	4.5155
343708211287	1522.34	860.65	1507.03	865.45	4.2978	4.5269
343708219620	1526.66	861.21	1505.03	868.37	4.2934	4.5405
343708227954	1532.76	869.51	1502.32	872.29	4.3103	4.5377
343708236287	1527.42	862.44	1507.29	865.30	4.2968	4.5360
343708244620	1525.50	861.49	1501.36	874.20	4.2886	4.5461
343708252953	1526.34	861.22	1506.82	862.20	4.2859	4.5006
343708261289	1526.47	860.22	1506.12	863.52	4.2709	4.5159
343708269622	1519.02	859.24	1504.12	861.02	4.2620	4.5006
343708277954	1522.75	867.96	1501.10	863.64	4.2936	4.5032
343708286287	1520.80	859.00	1499.93	864.22	4.2661	4.4925
343708294621	1515.47	855.15	1502.60	858.87	4.2701	4.4861
343708302953	1511.05	857.22	1499.38	867.07	4.2505	4.5036
343708311288	1508.61	861.23	1500.06	867.49	4.2651	4.4911
343708319620	1512.55	854.96	1501.09	863.27	4.2319	4.4988
343708327954	1513.90	850.58	1492.29	872.91	4.2503	4.5074
343708336287	1512.59	850.86	1493.00	867.62	4.2421	4.4983
343708344620	1515.88	848.30	1495.45	865.21	4.2488	4.4770
343708352955	1515.06	849.98	1498.30	863.51	4.2472	4.4602
343708361288	1508.43	853.33	1506.34	859.93	4.2529	4.4633
343708369619	1513.13	854.46	1500.65	866.29	4.2412	4.4840
343708377952	1485.86	877.59	1476.74	863.29	4.2661	4.4533
343708386293	1451.81	886.89	1437.12	893.81	4.2540	4.4757
343708394628	1452.02	898.89	1430.97	893.05	4.2423	4.4599
343708402961	1461.69	890.68	1447.25	887.09	4.2491	4.4582
343708411294	1470.63	896.59	1438.37	884.84	4.2625	4.4481
343708419627	1461.52	889.14	1439.00	883.38	4.2506	4.4416
343708427961	1454.70	882.92	1437.01	886.72	4.2367	4.4609
343708436294	1456.90	889.60	1441.48	881.78	4.2304	4.4398
343708444628	1462.36	886.24	1438.82	882.67	4.2403	4.4293
343708452960	1467.98	888.06	1437.49	895.61	4.2417	4.4718
343708461293	1466.31	890.76	1432.50	889.08	4.2484	4.4548
343708469627	1464.29	881.82	1433.03	880.66	4.2305	4.4249
343708477961	1461.34	883.14	1431.10	881.17	4.2575	4.4368
343708486293	1459.91	874.54	1432.93	882.98	4.2360	4.4331
343708494627	1457.55	874.52	1435.82	887.15	4.2568	4.4602
343708502960	1454.43	864.69	1432.45	879.77	4.2261	4.4407
343708511293	1462.10	876.18	1427.06	884.72	4.2622	4.4395
343708519631	1453.04	877.00	1437.53	890.41	4.2641	4.4738
343708527964	1456.96	875.23	1432.72	889.72	4.2585	4.4657
343708536296	1446.67	883.58	1431.74	882.88	4.2554	4.4307
343708544630	1410.19	889.66	1399.55	882.93	4.2575	4.4465
343708552963	1333.07	878.01	1327.12	874.55	4.2771	4.4506
343708561296	1334.48	878.23	1323.40	879.49	4.2576	4.4581
343708569630	1356.46	882.75	1343.52	886.89	4.2642	4.4709
343708577963	1353.32	882.13	1339.56	883.41	4.2585	4.4655
343708586296	1350.26	884.41	1332.76	883.19	4.2830	4.4808
343708594630	1355.98	879.51	1334.38	885.46	4.2686	4.4859
343708602963	1345.12	885.62	1341.33	881.90	4.2782	4.4588
343708611296	1349.57	872.49	1338.28	883.25	4.2580	4.4848
343708619629	1349.54	876.01	1334.84	879.02	4.2797	4.4819
343708627962	1351.01	875.01	1336.17	873.15	4.2962	4.4709
343708636295	1350.20	871.94	1329.75	884.54	4.2899	4.4948
343708644629	1349.72	868.66	1331.96	879.78	4.2866	4.4946
343708652967	1349.54	876.53	1329.95	876.85	4.2921	4.4922
343708661300	1355.39	876.09	1328.84	884.91	4.3085	4.5086
343708669634	1350.84	873.08	1326.49	887.97	4.3052	4.5069
343708677967	1347.86	875.57	1331.54	888.12	4.3148	4.5162
343708686300	1347.39	879.68	1330.08	883.36	4.3115	4.5171
343708694633	1353.55	874.26	1330.14	886.11	4.3398	4.5145
343708702966	1346.70	879.49	1326.00	893.76	4.3285	4.5291
343708711299	1341.84	880.10	1327.52	884.57	4.3156	4.5301
343708719633	1349.23	888.11	1324.23	894.94	4.3321	4.5507
343708727966	1343.93	877.80	1326.97	876.61	4.3271	4.5260
343708736299	1346.26	874.83	1328.92	885.52	4.3136	4.5491
343708744633	1346.82	883.86	1330.85	893.33	4.3327	4.5558
343708752966	1348.46	893.11	1334.98	894.12	4.3786	4.5560
343708761299	1346.73	888.69	1328.39	882.86	4.3556	4.5438
343708769632	1344.99	883.15	1330.00	887.45	4.3413	4.5645
343708777970	1344.83	887.31	1324.97	888.38	4.3554	4.5627
343708786303	1339.79	882.23	1328.09	890.21	4.3467	4.5738
343708794637	1346.48	881.84	1330.82	885.03	4.3627	4.5691
343708802970	1343.64	883.43	1331.93	884.65	4.3676	4.5714
343708811303	1341.07	872.90	1327.75	883.74	4.3411	4.5810
343708819637	1346.93	880.93	1326.60	885.22	4.3611	4.5940
343708827970	1339.26	873.93	1330.74	881.72	4.3620	4.5830
343708836303	1348.24	880.86	1329.00	877.60	4.3674	4.5905
343708844637	1348.31	879.86	1332.70	871.01	4.3860	4.5888
343708852970	1349.39	881.35	1331.72	876.69	4.3816	4.5835
343708861302	1352.02	878.66	1331.44	873.07	4.3800	4.5866
343708869635	1348.82	878.00	1335.68	874.94	4.3839	4.5867
343708877969	1346.23	880.98	1334.22	872.91	4.3836	4.5895
343708886302	1350.24	886.31	1335.12	874.17	4.3784	4.5880
343708894636	1345.19	884.91	1330.54	879.89	4.3876	4.5993
343708902969	1331.73	905.89	1315.28	896.29	4.3654	4.5953
343708911307	1265.18	931.49	1259.89	915.13	4.4046	4.6185
343708919640	1249.05	939.70	1234.04	939.90	4.3792	4.6197
343708927973	1222.37	970.14	1211.61	960.42	4.4018	4.6522
343708936306	1227.67	972.00	1225.59	959.76	4.3914	4.6403
343708944638	1231.43	956.76	1223.52	958.42	4.3718	4.6449
343708952972	1231.20	959.93	1216.22	961.44	4.3674	4.6496
343708961305	1230.22	964.64	1219.74	958.00	4.3833	4.6437
343708969638	1236.45	961.12	1218.38	961.84	4.3687	4.6317
343708977973	1234.37	963.08	1219.83	963.40	4.3684	4.6345
343708986305	1234.73	960.59	1209.50	963.53	4.3607	4.6289
343708994638	1236.11	965.11	1215.03	958.20	4.3720	4.6110
343709002972	1235.34	964.26	1212.85	961.94	4.3474	4.6238
343709011305	1238.76	961.77	1212.55	956.55	4.3367	4.6106
343709019638	1238.96	962.23	1213.06	961.44	4.3409	4.6098
343709027971	1238.55	965.37	1217.29	956.45	4.3339	4.5965
343709036304	1235.13	969.95	1211.23	962.08	4.3336	4.5979
343709044641	1237.95	974.17	1216.65	956.50	4.3184	4.5876
343709052975	1242.94	966.34	1219.02	956.80	4.3029	4.5795
343709061308	1245.59	972.18	1223.71	959.33	4.2978	4.5659
343709069641	1240.98	972.76	1224.20	960.32	4.2945	4.5738
343709077975	1241.20	964.70	1223.11	960.42	4.2680	4.5521
343709086308	1249.08	972.68	1221.50	966.91	4.2775	4.5703
343709094641	1247.12	974.51	1229.94	963.88	4.2817	4.5611
343709102975	1244.88	971.40	1223.22	954.42	4.2632	4.5349
343709111308	1242.76	975.48	1223.53	955.73	4.2541	4.5271
343709119641	1248.89	975.07	1221.77	950.69	4.2527	4.5130
343709127974	1248.65	973.91	1212.27	954.23	4.2603	4.5118
343709136307	1241.53	965.55	1217.87	956.99	4.2379	4.5104
343709144640	1244.79	970.19	1218.67	955.46	4.2368	4.5021
343709152974	1219.97	984.22	1203.99	966.07	4.2230	4.5135
343709161307	1133.91	997.12	1125.89	981.80	4.2539	4.5328
343709169640	1098.94	983.63	1085.19	957.26	4.2675	4.4958
343709177980	1061.32	960.79	1060.31	955.02	4.2363	4.5270
343709186312	1085.48	947.20	1079.62	957.83	4.2372	4.5253
343709194645	1092.91	959.72	1081.50	954.08	4.2339	4.5098
343709202978	1086.14	961.97	1077.75	946.05	4.2383	4.4904
343709211311	1081.64	960.42	1076.83	948.30	4.2421	4.5001
343709219644	1086.35	965.96	1079.27	945.37	4.2310	4.4710
343709227977	1087.41	958.70	1077.42	953.28	4.2343	4.4812
343709236311	1082.69	960.95	1074.30	950.98	4.2354	4.4722
343709244644	1085.05	965.83	1072.59	950.70	4.2104	4.4770
343709252977	1086.44	961.34	1078.80	946.74	4.2128	4.4526
343709261311	1078.58	962.90	1073.51	951.25	4.2323	4.4741
343709269643	1084.88	961.80	1078.92	948.86	4.2262	4.4586
343709277976	1090.65	959.17	1081.36	944.74	4.2279	4.4627
343709286311	1082.53	958.09	1072.18	940.02	4.2103	4.4609
343709294643	1090.37	953.99	1073.75	944.46	4.2261	4.4648
343709302979	1088.93	945.89	1072.45	944.21	4.2118	4.4734
343709311313	1088.90	943.68	1081.66	930.80	4.2430	4.4437
343709319646	1090.64	945.63	1075.57	940.66	4.2335	4.4526
343709327979	1089.71	936.49	1072.10	941.66	4.2251	4.4507
343709336313	1093.72	938.21	1081.29	939.79	4.2164	4.4536
343709344646	1090.68	940.94	1078.71	945.39	4.2348	4.4624
343709352979	1094.03	943.31	1073.03	945.21	4.2343	4.4642
343709361312	1062.82	854.85	1059.54	859.21	4.2242	4.4775
343709369645	1043.81	748.22	1054.36	756.38	4.2402	4.4697
343709377978	1048.71	659.61	1050.55	708.09	4.2152	4.5334
343709386312	1041.04	552.05	1041.41	604.27	4.1637	4.4787
343709394646	1016.03	550.98	1027.45	554.21	4.1908	4.4418
343709402979	1012.67	556.37	1032.25	561.02	4.1905	4.4529
343709411312	1027.63	563.76	1039.71	555.40	4.2294	4.4557
343709419645	1020.48	555.38	1034.68	558.25	4.2128	4.4776
343709427978	1028.78	559.46	1036.22	565.81	4.2290	4.4976
343709436319	1023.08	554.79	1034.79	557.52	4.2406	4.4637
343709444652	1018.66	557.52	1033.29	566.75	4.2362	4.4912
343709452985	1026.81	557.35	1035.96	575.75	4.2519	4.5037
343709461319	1023.32	554.16	1031.64	561.79	4.2467	4.4818
343709469652	1027.15	564.21	1030.23	554.84	4.2480	4.4662
343709477986	1019.64	557.47	1031.42	561.69	4.2517	4.4914
343709486319	1029.97	551.61	1027.03	570.12	4.2509	4.5257
343709494652	1027.90	550.25	1029.53	558.69	4.2530	4.4909
343709502985	1031.11	553.14	1029.86	560.22	4.2610	4.4886
343709511318	1029.05	555.73	1030.49	570.84	4.2650	4.5191
343709519651	1033.39	554.24	1027.78	565.46	4.2708	4.5232
343709527984	1027.27	554.69	1022.58	558.93	4.2747	4.5090
343709536318	1026.93	549.93	1029.24	569.23	4.2511	4.5410
343709544651	1032.90	553.60	1025.35	568.83	4.2660	4.5488
