t	gaze_point_LX	gaze_point_LY	gaze_point_RX	gaze_point_RY	pupil_diameter_L	pupil_diameter_R
423549618711	1157.21	834.52	1183.10	832.90	3.6781	3.6141
423549627045	1220.08	821.46	1257.09	803.77	3.6882	3.6197
423549635378	1255.03	804.24	1276.82	793.59	3.7008	3.6335
423549643711	1273.71	786.49	1298.93	769.03	3.6794	3.6156
423549652044	1260.25	786.78	1289.26	772.79	3.7129	3.6054
423549660383	1269.05	794.07	1282.92	768.75	3.7194	3.6014
423549668716	1272.54	788.38	1283.46	771.52	3.7068	3.6032
423549677050	1272.69	787.01	1278.03	774.01	3.6851	3.6081
423549685383	1269.77	785.40	1278.56	772.97	3.7003	3.6177
423549693715	1270.18	793.00	1287.16	764.28	3.6951	3.5795
423549702048	1270.24	788.59	1280.30	775.64	3.6934	3.5910
423549710382	1269.50	785.05	1283.19	778.13	3.6790	3.5689
423549718715	1267.32	791.15	1289.80	778.32	3.7018	3.5787
423549727049	1270.78	794.36	1289.39	781.82	3.7016	3.5655
423549735382	1262.35	795.43	1289.56	781.48	3.6966	3.5894
423549743715	1266.74	796.83	1285.90	785.35	3.6912	3.5958
423549752049	1271.75	802.19	1276.22	793.16	3.6947	3.5802
423549760382	1278.00	805.86	1263.34	821.68	3.6838	3.6034
423549768714	1292.64	790.92	1257.74	827.09	3.7593	3.6385
423549777047	NaN	NaN	NaN	NaN	NaN	NaN
423549785386	NaN	NaN	NaN	NaN	NaN	NaN
423549793720	NaN	NaN	NaN	NaN	NaN	NaN
423549802053	NaN	NaN	NaN	NaN	NaN	NaN
423549810386	NaN	NaN	NaN	NaN	NaN	NaN
423549818719	NaN	NaN	NaN	NaN	NaN	NaN
423549827053	NaN	NaN	NaN	NaN	NaN	NaN
423549835386	NaN	NaN	NaN	NaN	NaN	NaN
423549843719	NaN	NaN	NaN	NaN	NaN	NaN
423549852051	NaN	NaN	NaN	NaN	NaN	NaN
423549860385	NaN	NaN	NaN	NaN	NaN	NaN
423549868718	NaN	NaN	NaN	NaN	NaN	NaN
423549877052	NaN	NaN	NaN	NaN	NaN	NaN
423549885385	NaN	NaN	NaN	NaN	NaN	NaN
423549893718	NaN	NaN	NaN	NaN	NaN	NaN
423549902052	NaN	NaN	NaN	NaN	NaN	NaN
423549910385	NaN	NaN	NaN	NaN	NaN	NaN
423549918722	NaN	NaN	NaN	NaN	NaN	NaN
423549927054	1283.18	1397.94	NaN	NaN	1.2221	NaN
423549935388	NaN	NaN	NaN	NaN	NaN	NaN
423549943721	1277.61	791.04	1353.34	581.10	3.4955	3.6121
423549952054	NaN	NaN	1328.87	933.07	NaN	2.4420
423549960388	NaN	NaN	NaN	NaN	NaN	NaN
423549968721	NaN	NaN	NaN	NaN	NaN	NaN
423549977055	NaN	NaN	NaN	NaN	NaN	NaN
423549985388	NaN	NaN	NaN	NaN	NaN	NaN
423549993721	NaN	NaN	NaN	NaN	NaN	NaN
423550002054	NaN	NaN	NaN	NaN	NaN	NaN
423550010386	NaN	NaN	NaN	NaN	NaN	NaN
423550018720	NaN	NaN	NaN	NaN	NaN	NaN
423550027053	NaN	NaN	NaN	NaN	NaN	NaN
423550035387	NaN	NaN	NaN	NaN	NaN	NaN
423550043720	NaN	NaN	NaN	NaN	NaN	NaN
423550052059	NaN	NaN	NaN	NaN	NaN	NaN
423550060392	NaN	NaN	NaN	NaN	NaN	NaN
423550068725	NaN	NaN	NaN	NaN	NaN	NaN
423550077059	NaN	NaN	NaN	NaN	NaN	NaN
423550085390	NaN	NaN	NaN	NaN	NaN	NaN
423550093724	NaN	NaN	NaN	NaN	NaN	NaN
423550102057	NaN	NaN	NaN	NaN	NaN	NaN
423550110390	NaN	NaN	NaN	NaN	NaN	NaN
423550118724	NaN	NaN	NaN	NaN	NaN	NaN
423550127057	1310.99	682.64	1330.65	572.76	3.7486	3.5594
423550135391	1318.00	663.90	1301.40	540.44	3.7819	3.5814
423550143724	NaN	NaN	1310.83	578.70	NaN	3.5555
423550152057	1300.64	664.57	1314.21	621.64	3.7642	3.5403
423550160390	1302.48	670.00	1316.45	652.04	3.7480	3.5746
423550168723	1290.43	696.58	1314.37	677.41	3.7668	3.5935
423550177061	1291.95	700.32	1320.05	685.72	3.7358	3.5933
423550185394	1292.49	715.40	1324.49	709.99	3.7152	3.6153
423550193728	1299.89	707.96	1328.79	689.07	3.7381	3.6078
423550202061	1302.85	710.53	1323.70	700.65	3.7279	3.6477
423550210393	1300.30	716.14	1326.67	669.45	3.7390	3.5839
423550218726	1303.14	702.31	1328.13	672.36	3.7514	3.6025
423550227060	1298.14	709.63	1321.06	685.33	3.7397	3.6082
423550235395	1302.17	707.26	1315.36	701.14	3.7364	3.6381
423550243727	1295.28	706.62	1319.70	716.41	3.7423	3.6547
423550252060	1297.48	710.70	1322.37	715.02	3.7661	3.6532
423550260394	1301.15	707.30	1313.76	724.18	3.7565	3.6733
423550268725	1303.07	716.48	1320.43	711.62	3.7850	3.6517
423550277058	1292.49	715.92	1315.40	727.55	3.7684	3.6703
423550285391	1293.36	713.54	1321.39	699.58	3.7720	3.6344
423550293725	1285.59	709.01	1317.78	717.47	3.7856	3.6350
423550302058	1283.85	712.02	1325.51	716.24	3.7773	3.6365
423550310397	1293.19	715.81	1329.53	713.53	3.7862	3.6564
423550318728	1290.27	709.75	1333.85	696.11	3.7841	3.6367
423550327061	1295.17	715.48	1333.62	706.41	3.7861	3.6760
423550335394	1297.04	714.22	1329.46	703.61	3.7928	3.6645
423550343728	1294.70	710.87	1323.46	689.92	3.7865	3.6663
423550352061	1296.82	710.12	1328.66	685.00	3.8003	3.6595
423550360394	1294.69	716.92	1326.21	696.35	3.7983	3.6812
423550368730	1293.11	712.02	1317.91	697.14	3.7924	3.6654
423550377063	1304.37	706.59	1319.44	682.32	3.8176	3.6382
423550385396	1303.74	713.70	1321.40	697.41	3.8000	3.6624
423550393730	1295.88	708.95	1323.33	679.12	3.8211	3.6344
423550402062	1291.97	710.55	1323.78	702.86	3.8334	3.7010
423550410396	1306.18	715.83	1324.41	665.42	3.8447	3.6064
423550418728	1307.00	717.24	1319.87	700.21	3.8209	3.6895
423550427062	1306.87	715.98	1322.11	716.69	3.8270	3.7049
423550435395	1303.28	717.87	1313.01	715.94	3.8343	3.7106
423550443733	1298.82	722.53	1311.90	701.01	3.8440	3.6912
423550452067	1305.62	717.99	1317.98	706.55	3.8472	3.7157
423550460401	1307.31	714.63	1314.44	714.32	3.8510	3.7502
423550468733	1300.46	708.49	1313.83	732.53	3.8323	3.7472
423550477066	1294.86	716.53	1318.77	714.61	3.8528	3.6970
423550485400	1293.20	725.47	1324.32	706.05	3.8520	3.7167
423550493733	1307.56	717.53	1320.39	714.13	3.8611	3.7271
423550502066	1297.44	724.46	1317.18	723.98	3.8724	3.7280
423550510400	1300.73	726.09	1321.62	709.37	3.8757	3.6965
423550518732	1310.21	723.66	1317.72	705.01	3.8629	3.7217
423550527066	1296.68	722.60	1321.68	692.39	3.8880	3.6798
423550535399	1303.92	722.88	1321.05	710.71	3.8790	3.7038
423550543733	1307.73	721.16	1323.86	719.98	3.8665	3.7168
423550552066	1306.87	709.17	1326.14	720.46	3.8496	3.7452
423550560399	1303.80	717.41	1317.12	705.98	3.8698	3.7470
423550568732	1301.94	722.54	1320.99	708.04	3.8839	3.7390
423550577068	1273.67	748.21	1296.63	747.95	3.8860	3.7495
423550585401	1221.09	808.18	1257.49	813.63	3.8852	3.7508
423550593734	1213.47	822.78	1239.31	824.92	3.8907	3.7484
423550602068	1229.11	816.86	1252.21	813.55	3.8996	3.7504
423550610401	1234.22	810.05	1257.70	798.55	3.8839	3.7534
423550618734	1239.31	807.31	1253.35	815.77	3.8688	3.7595
423550627068	1235.12	813.68	1253.15	816.13	3.8765	3.7368
423550635400	1227.70	818.02	1251.93	800.01	3.8809	3.7262
423550643734	1225.09	813.10	1255.60	802.75	3.8604	3.7305
423550652069	1235.84	811.50	1258.04	801.96	3.8586	3.7062
423550660402	1231.82	813.11	1256.59	801.53	3.8448	3.6852
423550668736	1232.09	812.48	1256.17	796.80	3.8371	3.7138
423550677069	1231.74	823.33	1251.50	805.56	3.8215	3.6674
423550685402	1228.02	819.02	1249.69	826.58	3.8312	3.6912
423550693735	1226.55	810.71	1253.45	805.27	3.8055	3.6645
423550702073	1228.66	832.15	1248.35	817.72	3.8063	3.6644
423550710407	1230.71	824.01	1250.64	816.23	3.7911	3.6505
423550718738	1226.86	811.45	1252.60	808.65	3.7811	3.6533
423550727072	1224.85	817.96	1256.52	803.56	3.7718	3.6388
423550735403	1217.80	819.09	1251.82	811.57	3.7653	3.6442
423550743737	1223.15	814.02	1253.15	807.58	3.7570	3.6232
423550752072	1216.98	809.18	1247.31	817.20	3.7228	3.6048
423550760406	1219.90	824.12	1252.12	819.47	3.7255	3.5991
423550768738	1218.06	824.32	1247.76	824.63	3.7304	3.6080
423550777070	1220.94	823.35	1254.86	816.73	3.7058	3.5900
423550785403	1227.82	825.78	1254.08	809.65	3.6995	3.5806
423550793736	1228.36	822.52	1257.56	807.44	3.7185	3.5699
423550802071	1230.92	823.08	1254.47	814.20	3.6840	3.5452
423550810404	1224.23	820.76	1252.99	825.16	3.6564	3.5533
423550818738	1220.75	821.08	1247.21	830.36	3.6594	3.5686
423550827071	1220.57	813.55	1243.62	818.67	3.6550	3.5351
423550835411	1228.54	814.31	1250.37	812.34	3.6447	3.5327
423550843744	1246.94	826.75	1281.76	816.97	3.6518	3.5175
423550852078	1308.52	832.91	1374.36	841.43	3.6435	3.5448
423550860411	1403.00	841.52	1453.40	836.00	3.6448	3.5095
423550868742	1449.81	842.62	1487.19	824.08	3.6233	3.4910
423550877075	1445.54	831.96	1467.37	824.55	3.6252	3.5001
423550885407	1454.09	837.12	1467.71	809.74	3.6144	3.4801
423550893740	1460.06	835.33	1482.54	807.49	3.6115	3.4402
423550902074	1458.80	839.64	1471.56	817.58	3.6172	3.4612
423550910407	1452.37	828.29	1468.16	830.89	3.5963	3.4573
423550918741	1444.68	823.19	1468.55	825.81	3.5757	3.4408
423550927073	1449.67	838.79	1463.79	828.64	3.5874	3.4416
423550935415	1452.34	832.24	1477.74	829.36	3.5518	3.4326
423550943749	1463.15	830.57	1483.47	834.93	3.5544	3.4404
423550952082	1451.34	841.80	1483.82	822.45	3.5698	3.4196
423550960415	1459.62	849.51	1471.76	821.73	3.5837	3.4222
423550968750	1452.00	845.92	1475.85	810.68	3.5812	3.3831
423550977083	1457.86	848.79	1469.32	812.66	3.5794	3.3996
423550985416	1454.41	829.08	1476.70	829.34	3.5534	3.4166
423550993750	1463.63	843.61	1481.31	829.33	3.5449	3.4006
423551002083	1454.28	836.12	1483.92	814.05	3.5387	3.3837
423551010416	1461.74	837.48	1483.11	824.72	3.5408	3.3839
423551018750	1460.30	840.50	1475.88	825.09	3.5514	3.3796
423551027082	1462.13	843.68	1485.54	817.06	3.5428	3.4084
423551035416	1460.04	832.72	1485.50	807.38	3.5274	3.3671
423551043749	1460.46	835.37	1480.84	802.86	3.5331	3.3742
423551052082	1462.23	837.64	1473.31	828.37	3.5377	3.3713
423551060415	1459.01	836.39	1480.42	812.57	3.5179	3.3719
423551068749	1462.74	838.69	1478.20	827.75	3.5435	3.3826
423551077082	1458.84	835.30	1465.05	827.95	3.5336	3.3869
423551085416	1461.05	836.38	1472.48	823.33	3.5083	3.3907
423551093749	1469.06	836.41	1468.72	834.58	3.5407	3.3881
423551102087	1463.72	832.58	1477.61	825.98	3.5201	3.4158
423551110420	1472.20	830.59	1479.24	825.33	3.5077	3.3655
423551118753	1460.25	840.48	1480.55	826.32	3.5252	3.3844
423551127086	1461.39	840.52	1482.33	826.78	3.5387	3.3498
423551135419	1459.05	833.19	1487.02	814.06	3.5109	3.3665
423551143753	1457.29	843.43	1481.11	840.74	3.5353	3.3976
423551152086	1470.24	844.25	1476.33	825.59	3.5426	3.3829
423551160420	1462.79	839.92	1472.41	822.24	3.5264	3.3941
423551168753	1463.76	826.14	1467.92	827.91	3.4988	3.3665
423551177086	1458.49	829.39	1466.86	834.91	3.5116	3.3742
423551185418	1435.56	849.45	1453.77	834.75	3.5448	3.3773
423551193752	1340.61	832.76	1370.11	829.61	3.5357	3.4085
423551202085	1243.20	832.29	1294.64	817.49	3.5390	3.3775
423551210419	1205.52	823.31	1237.65	830.80	3.5248	3.3970
423551218752	1187.75	814.14	1223.46	795.08	3.5073	3.3860
423551227090	1201.12	813.01	1228.10	811.12	3.5140	3.3844
423551235424	1198.99	818.09	1220.37	824.75	3.5196	3.3909
423551243757	1192.94	816.32	1216.59	813.76	3.5188	3.3743
423551252090	1197.56	830.05	1215.66	824.22	3.5183	3.3888
423551260423	1198.36	818.27	1219.52	818.67	3.5194	3.4017
423551268755	1200.85	814.54	1218.16	816.07	3.5056	3.3817
423551277089	1201.93	819.18	1214.53	812.93	3.5080	3.3613
423551285423	1186.29	819.50	1214.43	817.36	3.5140	3.3777
423551293756	1191.16	827.78	1211.84	802.91	3.5196	3.3511
423551302089	1187.35	813.88	1212.89	801.46	3.5156	3.3814
423551310422	1192.35	823.05	1214.75	800.93	3.5132	3.3724
423551318755	1189.89	816.78	1207.54	794.41	3.5166	3.3656
423551327089	1196.02	819.95	1213.11	795.31	3.5129	3.3708
423551335423	1189.70	822.27	1215.62	799.62	3.4994	3.3860
423551343754	1199.22	826.29	1211.35	799.67	3.5067	3.3818
423551352088	1189.23	821.10	1215.85	796.35	3.5199	3.3593
423551360426	1190.27	826.55	1213.40	815.73	3.4979	3.3825
423551368760	1197.24	824.05	1218.63	820.41	3.5103	3.3728
423551377093	1193.99	825.93	1209.57	821.30	3.4975	3.3753
423551385426	1194.75	824.42	1216.17	808.79	3.5011	3.3551
423551393760	1192.34	826.49	1211.62	798.66	3.5050	3.3694
423551402093	1197.89	820.71	1211.41	794.01	3.5058	3.3641
423551410418	1192.52	824.82	1211.33	786.46	3.5112	3.3831
423551418750	1193.82	830.82	1207.80	806.57	3.5031	3.4074
423551427083	1196.45	822.95	1212.72	795.99	3.5088	3.3365
423551435417	1192.19	828.32	1210.65	825.83	3.5161	3.3832
423551443758	1190.51	827.50	1212.38	826.06	3.5190	3.3872
423551452092	1187.83	817.05	1218.08	825.57	3.4908	3.3951
423551460425	1190.52	830.54	1215.15	819.43	3.5137	3.3965
423551468758	1193.66	826.27	1214.04	827.67	3.5225	3.4150
423551477092	1197.65	821.63	1216.32	805.96	3.5057	3.3785
423551485425	1194.15	822.54	1215.48	804.56	3.4946	3.3876
423551493763	1195.19	826.72	1216.57	795.03	3.4949	3.3645
423551502095	1196.02	819.28	1210.00	796.90	3.5030	3.3566
423551510419	1201.31	831.00	1215.24	806.31	3.4928	3.3945
423551518762	1194.40	825.30	1213.00	808.58	3.4980	3.3737
423551527095	1200.11	825.48	1203.66	800.46	3.5185	3.3948
423551535429	1192.20	820.56	1204.00	812.35	3.5118	3.4055
423551543761	1190.84	815.63	1204.65	824.95	3.5348	3.4030
423551552085	1190.27	821.83	1212.59	825.49	3.5211	3.4043
423551560427	1193.58	825.59	1214.80	814.17	3.5267	3.4070
423551568760	1198.84	824.63	1205.56	807.07	3.5244	3.3834
423551577094	1194.66	816.47	1208.29	811.12	3.5060	3.4110
423551585427	1141.01	806.58	1161.74	797.81	3.5278	3.4023
423551593760	1120.88	788.55	1135.23	791.93	3.5297	3.4505
423551602093	1125.08	777.06	1134.62	767.25	3.5208	3.4066
423551610426	1140.52	782.01	1148.21	801.04	3.5347	3.4980
423551618760	1143.52	787.39	1136.62	771.70	3.5390	3.4283
423551627098	1138.88	791.09	1146.41	799.47	3.5511	3.4731
423551635431	1136.40	792.14	1141.05	798.62	3.5414	3.4837
423551643765	1135.65	785.44	1150.83	762.15	3.5619	3.4275
423551652098	1134.59	779.59	1151.09	728.75	3.5677	3.3761
423551660422	1128.74	787.33	1144.72	753.63	3.5547	3.4144
423551668755	1130.39	788.48	1147.76	723.07	3.5476	3.3506
423551677088	1136.31	792.45	1143.60	782.16	3.5572	3.4691
423551685421	1141.77	786.96	1142.49	772.44	3.5674	3.4221
423551693755	1134.82	783.03	1137.51	772.65	3.5581	3.4673
423551702089	1141.10	784.22	1144.68	765.97	3.5793	3.4482
423551710422	1136.84	792.46	1140.19	788.99	3.5692	3.4953
423551718763	1135.60	785.29	1142.91	772.19	3.6003	3.4579
423551727097	1131.59	783.37	1143.14	780.09	3.5973	3.4862
423551735429	1132.30	786.29	1142.37	770.13	3.5930	3.4507
423551743763	1133.06	783.89	1143.34	790.11	3.5970	3.4820
423551752091	1141.09	791.63	1141.93	785.80	3.6286	3.5057
423551760423	1139.11	795.07	1145.25	747.13	3.6082	3.4502
423551768757	1142.34	789.62	1144.13	769.04	3.6162	3.4960
423551777098	1136.78	796.26	1143.16	781.67	3.6134	3.5127
423551785432	1135.05	788.11	1141.40	784.83	3.6241	3.5231
423551793766	1133.68	786.67	1139.38	791.03	3.6358	3.5437
423551802099	1129.74	780.47	1142.25	780.44	3.6172	3.5174
423551810432	1131.37	785.91	1143.21	790.30	3.6333	3.5036
423551818756	1171.04	801.71	1203.38	777.96	3.6683	3.5414
423551827098	1281.16	822.71	1304.59	820.30	3.6828	3.5755
423551835431	1364.33	844.66	1388.18	840.43	3.6907	3.5645
423551843764	1404.94	849.20	1423.20	827.23	3.6624	3.5803
423551852098	1380.46	840.66	1405.72	836.47	3.6767	3.5826
423551860423	1392.05	837.37	1398.60	830.84	3.6677	3.5608
423551868765	1396.16	829.16	1393.52	832.40	3.6613	3.5691
423551877098	1393.06	837.96	1397.22	817.07	3.6757	3.5794
423551885437	1397.69	835.24	1403.28	823.39	3.6657	3.5792
423551893770	1411.91	839.44	1405.33	827.00	3.6809	3.5836
423551902103	1406.43	836.26	1404.55	836.10	3.6778	3.5617
423551910436	1403.94	840.44	1400.33	827.33	3.6711	3.5686
423551918770	1407.66	839.03	1396.14	815.40	3.6832	3.5842
423551927103	1411.12	839.41	1406.26	824.81	3.6859	3.5634
423551935436	1405.80	838.17	1403.01	834.89	3.6798	3.5759
423551943770	1403.92	837.88	1408.79	818.19	3.6835	3.5803
423551952103	1407.35	851.62	1406.80	820.82	3.7019	3.6038
423551960436	1407.66	834.36	1414.95	831.72	3.6996	3.5785
423551968768	1409.63	837.52	1404.36	823.06	3.6880	3.5928
423551977102	1406.37	837.45	1405.55	815.85	3.6954	3.6009
423551985435	1413.94	841.33	1396.71	835.79	3.7260	3.6084
423551993768	1410.81	852.77	1393.87	826.15	3.7331	3.6156
423552002102	1413.46	840.59	1403.93	827.27	3.7139	3.6126
423552010435	1406.47	848.79	1406.77	835.60	3.7162	3.6005
423552018773	1407.31	842.11	1413.00	837.88	3.7124	3.6260
423552027107	1408.91	840.66	1410.35	838.64	3.7215	3.6086
423552035440	1406.17	849.34	1414.36	836.09	3.7257	3.6173
423552043773	1413.75	854.39	1412.05	844.50	3.7534	3.6193
423552052105	1407.84	841.32	1407.62	837.10	3.7300	3.6056
423552060439	1409.88	841.24	1398.87	824.69	3.7233	3.6387
423552068772	1399.34	835.19	1398.13	838.77	3.7230	3.6224
423552077106	1404.91	843.02	1407.60	821.42	3.7248	3.6171
423552085439	1404.78	838.51	1412.70	831.18	3.7278	3.6584
423552093772	1401.68	840.29	1407.97	821.08	3.7340	3.6294
423552102106	1403.78	844.58	1409.77	824.59	3.7557	3.6399
423552110439	1405.65	847.38	1405.88	832.98	3.7659	3.6190
423552118772	1407.22	840.77	1395.33	833.31	3.7358	3.6337
423552127105	1411.26	842.34	1399.68	828.11	3.7594	3.6482
423552135429	1409.33	849.70	1398.47	840.37	3.7620	3.6292
423552143776	1407.79	842.54	1398.98	838.37	3.7475	3.6608
423552152110	1407.51	846.14	1407.98	819.55	3.7426	3.6270
423552160443	1398.11	846.94	1408.21	821.82	3.7450	3.6572
423552168775	1405.63	848.04	1410.92	824.61	3.7664	3.6510
423552177108	1408.23	856.06	1408.75	823.56	3.7612	3.6366
423552185442	1403.38	848.14	1412.39	814.49	3.7492	3.6242
423552193775	1336.63	843.90	1348.25	828.48	3.7618	3.6233
423552202100	1291.63	845.39	1322.61	832.69	3.7329	3.6162
423552210433	1296.84	846.61	1323.49	834.08	3.7262	3.6155
423552218775	1310.89	853.33	1333.31	843.27	3.7380	3.6336
423552227109	1316.17	847.55	1324.67	840.20	3.7233	3.6239
423552235442	1312.56	856.17	1327.62	840.16	3.7343	3.6304
423552243775	1316.80	841.42	1329.65	836.04	3.7094	3.6077
423552252107	1311.91	847.85	1325.73	835.08	3.7081	3.6092
423552260440	1309.22	846.80	1316.89	838.93	3.7161	3.6169
423552268774	1304.05	841.93	1312.44	832.68	3.7098	3.5928
423552277112	1308.75	848.35	1317.94	848.78	3.7183	3.6105
423552285445	1310.71	844.56	1304.76	841.82	3.7048	3.5917
423552293778	1309.22	845.70	1317.53	837.58	3.6980	3.5818
423552302111	1303.36	855.20	1319.32	846.55	3.7145	3.5918
423552310444	1306.48	848.00	1322.42	833.84	3.7114	3.5974
423552318777	1307.22	843.20	1321.43	836.12	3.7111	3.5880
423552327111	1302.79	842.98	1325.74	852.56	3.6903	3.6101
423552335444	1297.33	844.74	1323.80	839.57	3.6916	3.5830
423552343777	1302.72	842.76	1318.09	841.00	3.6889	3.5647
423552352111	1311.88	843.13	1316.16	824.48	3.6985	3.5786
423552360444	1312.35	843.93	1313.60	827.75	3.6843	3.5747
423552368776	1310.84	840.15	1314.63	834.94	3.6830	3.5635
423552377109	1311.57	849.82	1312.85	827.47	3.6977	3.5605
423552385442	1312.54	841.72	1309.67	839.16	3.6650	3.5425
423552393776	1311.18	842.39	1307.73	846.88	3.6832	3.5553
423552402110	1312.89	847.53	1307.09	828.25	3.6704	3.5659
423552410439	1313.01	849.96	1313.58	828.97	3.6746	3.5430
423552418781	1308.62	848.96	1307.53	852.25	3.6787	3.5495
423552427114	1310.29	848.23	1319.52	843.45	3.6749	3.5546
423552435448	1309.26	847.27	1313.03	844.82	3.6663	3.5497
423552443780	1308.38	844.27	1309.52	835.09	3.6471	3.5242
423552452113	1310.76	845.20	1314.65	834.20	3.6629	3.5357
423552460446	1316.02	853.61	1312.69	829.92	3.6548	3.5478
423552468780	1311.23	846.23	1309.29	827.08	3.6475	3.5305
423552477114	1311.94	845.31	1313.69	833.09	3.6404	3.5293
423552485446	1316.05	840.29	1322.04	841.32	3.6515	3.5368
423552493780	1317.82	843.33	1316.56	837.81	3.6359	3.5326
423552502113	1315.37	843.51	1321.59	841.45	3.6388	3.5535
423552510446	1308.22	843.95	1316.65	833.11	3.6482	3.5201
423552518779	1313.63	851.62	1320.72	831.09	3.6676	3.5128
423552527104	1311.09	840.90	1323.41	833.56	3.6386	3.5105
423552535437	1311.27	846.70	1320.05	845.54	3.6343	3.5342
423552543784	1311.29	839.47	1322.79	843.12	3.6420	3.5202
423552552117	1304.38	849.45	1330.09	836.56	3.6375	3.5288
423552560451	1308.94	848.53	1318.59	839.08	3.6568	3.5426
423552568784	1310.97	844.44	1319.25	841.48	3.6359	3.4988
423552577118	1308.76	847.36	1320.36	837.61	3.6509	3.5035
423552585450	1321.56	846.09	1319.35	841.70	3.6584	3.5155
423552593784	1311.37	843.60	1313.98	841.85	3.6432	3.5073
423552602117	1313.10	843.09	1309.07	834.57	3.6760	3.5034
423552610449	1308.85	845.30	1315.59	836.74	3.6508	3.5274
423552618783	1259.63	825.48	1280.63	812.10	3.6546	3.5289
423552627116	1250.18	798.41	1260.49	777.15	3.6446	3.4954
423552635441	1223.09	791.67	1239.13	771.53	3.6503	3.4988
423552643774	1214.06	797.43	1227.58	772.15	3.6483	3.5148
423552652108	1216.61	790.69	1227.85	788.35	3.6512	3.5119
423552660441	1232.01	798.20	1230.53	795.38	3.6653	3.5000
423552668779	1231.06	794.03	1226.01	789.97	3.6552	3.5489
423552677112	1230.86	798.83	1230.60	763.21	3.6532	3.4834
423552685445	1226.98	795.59	1233.00	787.54	3.6694	3.5240
423552693779	1224.62	801.88	1230.27	792.41	3.6633	3.5168
423552702120	1222.32	794.09	1233.71	785.98	3.6578	3.5354
423552710454	1230.48	797.42	1233.25	766.35	3.6607	3.5460
423552718778	1228.72	799.82	1225.83	764.97	3.6734	3.5200
423552727112	1229.25	787.80	1229.21	775.52	3.6579	3.5345
423552735445	1221.85	789.51	1226.46	781.67	3.6603	3.5146
423552743778	1223.37	792.61	1223.10	789.85	3.6611	3.5399
423552752111	1223.47	794.55	1229.45	785.07	3.6751	3.5156
423552760444	1218.75	794.06	1224.91	792.83	3.6686	3.5331
423552768778	1218.61	797.45	1226.55	782.41	3.6636	3.5284
423552777110	1221.17	790.78	1223.05	782.58	3.6531	3.5250
423552785444	1226.24	791.85	1226.14	764.49	3.6689	3.5070
423552793776	1218.42	795.65	1227.62	770.55	3.6727	3.5248
423552802114	1218.72	797.23	1228.99	769.59	3.6857	3.5156
423552810448	1228.08	786.68	1225.66	785.53	3.6634	3.5338
423552818781	1224.72	790.12	1236.47	784.46	3.6762	3.5168
423552827114	1218.36	790.92	1227.49	795.37	3.6593	3.5398
423552835448	1225.03	795.45	1225.13	783.41	3.6848	3.5310
423552843781	1220.01	783.81	1225.88	788.08	3.6653	3.5059
423552852123	1217.60	792.49	1227.56	785.61	3.6662	3.5213
423552860457	1216.88	785.66	1220.75	793.06	3.6720	3.5352
423552868789	1219.94	799.28	1226.32	791.41	3.6782	3.5242
423552877122	1225.28	795.97	1224.52	782.89	3.6725	3.5181
423552885456	1225.23	799.22	1230.38	788.06	3.6793	3.5341
423552893789	1223.93	793.65	1226.04	786.79	3.6863	3.5175
423552902122	1225.77	792.26	1232.45	786.76	3.6714	3.5257
423552910456	1226.36	793.29	1224.78	779.87	3.6905	3.4992
423552918788	1225.19	792.58	1230.55	798.48	3.6763	3.5481
423552927122	1227.36	799.41	1235.86	786.97	3.6937	3.5563
423552935459	1225.23	798.74	1232.02	794.68	3.6908	3.5617
423552943792	1228.90	794.52	1235.38	779.75	3.6913	3.5371
423552952117	1226.24	793.72	1230.85	727.64	3.6820	3.4338
423552960450	1232.30	801.45	1236.41	754.01	3.6958	3.4989
423552968783	1222.22	796.48	1228.79	793.08	3.6793	3.5338
423552977117	1224.38	797.47	1233.33	790.41	3.7074	3.5385
423552985450	1226.03	799.93	1226.63	783.00	3.6961	3.5351
423552993791	1230.84	798.90	1226.21	769.21	3.6890	3.5285
423553002125	1224.61	804.42	1224.84	776.05	3.7178	3.5392
423553010459	1221.29	801.82	1224.36	753.19	3.7023	3.5182
423553018792	1219.44	802.94	1225.86	786.18	3.6962	3.5682
423553027116	1222.18	806.88	1224.61	789.94	3.7146	3.5587
423553035449	1219.61	794.80	1226.50	789.38	3.6918	3.5550
423553043782	1218.24	795.20	1229.04	776.49	3.6952	3.5355
423553052116	1218.16	807.06	1228.66	780.29	3.7108	3.5606
423553060449	1255.51	812.01	1275.68	785.90	3.7185	3.5606
423553068786	1284.24	816.47	1314.38	798.37	3.7288	3.5547
423553077120	1304.74	816.24	1332.84	807.38	3.7216	3.5519
423553085453	1304.92	818.62	1330.10	801.97	3.7370	3.5333
423553093786	1299.31	820.66	1319.47	804.42	3.7338	3.5583
423553102120	1297.61	822.01	1320.50	804.54	3.7100	3.5490
423553110452	1304.93	821.51	1321.77	800.76	3.7172	3.5280
423553118786	1303.80	823.60	1320.42	803.93	3.7087	3.5346
423553127120	1298.89	830.37	1315.66	800.59	3.7391	3.5306
423553135453	1309.37	830.62	1315.55	818.60	3.7290	3.5558
423553143786	1310.75	821.32	1316.94	816.81	3.7108	3.5436
423553152118	1308.79	822.48	1319.69	803.34	3.6995	3.5358
423553160452	1312.35	828.80	1319.31	797.48	3.7154	3.5453
423553168794	1309.39	832.78	1318.83	806.41	3.7034	3.5466
423553177119	1313.74	825.92	1324.01	812.58	3.7145	3.5404
423553185452	1313.01	823.45	1327.98	809.19	3.7200	3.5369
423553193790	1311.14	822.06	1329.11	818.05	3.7102	3.5428
423553202124	1313.28	816.85	1332.27	810.31	3.6884	3.5328
423553210457	1311.36	824.16	1331.29	814.84	3.7059	3.5470
423553218790	1317.16	823.33	1325.38	807.52	3.6971	3.5420
423553227123	1318.17	824.76	1325.96	809.65	3.7008	3.5518
423553235456	1315.04	831.58	1322.49	810.92	3.7025	3.5494
423553243789	1314.89	823.70	1318.48	802.79	3.6969	3.5357
423553252123	1313.17	838.25	1319.13	810.09	3.7009	3.5382
423553260456	1314.19	826.87	1317.34	813.62	3.7016	3.5464
423553268789	1312.06	832.04	1316.57	802.61	3.7066	3.5193
423553277123	1311.67	830.12	1322.47	804.57	3.7065	3.5222
423553285456	1314.61	830.13	1320.78	808.02	3.6935	3.5101
423553293789	1316.22	826.15	1326.47	821.23	3.6930	3.5158
