t	gaze_point_LX	gaze_point_LY	gaze_point_RX	gaze_point_RY	pupil_diameter_L	pupil_diameter_R
5444069592	1279.15	691.74	1273.74	675.23	2.9781	2.8007
5444077929	1289.25	692.93	1272.44	684.48	2.9843	2.8076
5444086262	1284.60	695.40	1277.28	676.76	2.9834	2.8268
5444094594	1281.32	692.81	1279.40	674.51	2.9959	2.8078
5444102928	1283.92	677.67	1273.26	675.87	2.9910	2.8212
5444111261	1283.51	685.45	1279.31	679.64	3.0127	2.8340
5444119595	1295.37	717.38	1274.73	676.63	3.0833	2.8336
5444127928	1285.48	688.19	1271.04	683.80	3.0019	2.8492
5444136261	1285.69	695.29	1269.10	686.12	3.0446	2.8589
5444144594	1285.57	688.04	1271.22	686.78	3.0413	2.8445
5444152928	1285.94	672.99	1265.41	677.47	3.0010	2.8460
5444161261	1282.88	686.17	1272.96	679.80	3.0399	2.8544
5444169594	1280.76	707.18	1267.49	690.95	3.0801	2.8899
5444177927	1289.81	710.23	1273.35	680.90	3.1016	2.8683
5444186260	1283.60	700.57	1274.07	681.76	3.0843	2.8813
5444194593	1285.12	699.83	1270.62	680.63	3.0931	2.8675
5444202926	1286.82	709.79	1275.32	680.93	3.1285	2.8890
5444211267	1282.30	715.34	1282.31	675.70	3.1280	2.8792
5444219599	1276.10	691.30	1277.95	684.11	3.0951	2.8961
5444227933	1280.87	716.11	1274.53	678.81	3.1684	2.9023
5444236266	1284.40	715.20	1284.68	680.37	3.1563	2.9128
5444244600	1286.34	722.79	1273.11	677.43	3.1878	2.9108
5444252932	1284.62	714.27	1272.27	679.20	3.1921	2.9333
5444261266	1289.53	714.54	1278.12	693.24	3.1922	2.9616
5444269598	1286.54	728.93	1276.59	693.65	3.2073	2.9512
5444277932	1289.02	710.22	1279.59	687.47	3.2043	2.9681
5444286266	1286.23	709.89	1284.11	682.03	3.1976	2.9545
5444294598	1283.57	726.77	1281.02	685.50	3.2064	2.9407
5444302932	1281.51	721.57	1276.61	681.54	3.2399	2.9497
5444311266	1274.70	702.56	1274.31	665.47	3.2219	2.9605
5444319599	1284.11	719.89	1291.03	673.26	3.2438	2.9625
5444327933	1283.75	720.75	1286.04	680.97	3.2752	2.9898
5444336266	1289.29	732.27	1288.27	681.97	3.2897	3.0236
5444344603	1291.17	753.26	1280.62	687.31	3.3399	3.0371
5444352935	1295.82	758.49	1293.97	704.06	3.3616	3.0587
5444361269	1291.87	754.77	1287.45	705.04	3.3908	3.0765
5444369603	1285.64	743.13	1290.70	715.70	3.3876	3.1096
5444377935	1285.49	746.11	1292.85	735.94	3.4076	3.1729
5444386269	1285.40	742.68	1296.41	725.01	3.4010	3.1486
5444394602	1290.51	740.47	1291.24	741.29	3.4196	3.2164
5444402935	1283.87	740.43	1298.09	736.84	3.4390	3.2195
5444411269	1278.79	743.93	1297.06	743.94	3.4647	3.2389
5444419602	1287.25	737.89	1302.12	739.14	3.4597	3.2437
5444427935	1286.54	733.63	1302.87	722.72	3.4947	3.2284
5444436268	1280.31	741.71	1296.39	744.32	3.5032	3.3054
5444444601	1281.66	736.97	1293.25	745.84	3.5229	3.3273
5444452935	1280.57	746.90	1298.56	731.54	3.5479	3.3142
5444461268	1281.01	745.81	1297.29	753.45	3.5816	3.3690
5444469606	1279.74	742.16	1293.80	762.45	3.5710	3.3887
5444477939	1282.28	754.15	1292.69	745.61	3.6390	3.3856
5444486273	1289.16	752.36	1299.37	753.54	3.6384	3.4101
5444494607	1288.26	748.31	1297.15	764.46	3.6444	3.4557
5444502939	1283.24	738.76	1299.58	767.85	3.6490	3.4711
5444511273	1286.36	752.81	1300.45	747.96	3.7083	3.4700
5444519606	1283.80	750.83	1295.94	754.20	3.7239	3.4993
5444527938	1284.06	752.52	1301.24	757.02	3.7438	3.5022
5444536272	1276.54	740.97	1301.64	768.70	3.7368	3.5292
5444544605	1288.54	758.64	1299.80	754.74	3.7817	3.5518
5444552938	1276.95	747.63	1297.61	753.75	3.7773	3.5563
5444561272	1274.08	736.30	1292.15	760.57	3.7786	3.5891
5444569605	1276.26	738.82	1296.93	757.21	3.8000	3.6041
5444577939	1275.37	741.75	1294.77	763.87	3.8218	3.6266
5444586272	1278.58	742.45	1289.06	763.42	3.8344	3.6603
5444594605	1274.99	747.06	1297.08	752.34	3.8543	3.6582
5444602943	1281.08	745.57	1293.11	759.62	3.8695	3.6662
5444611276	1273.92	750.65	1298.29	759.59	3.8908	3.6843
5444619609	1275.04	752.76	1292.45	771.80	3.8971	3.7141
5444627942	1275.23	756.34	1288.56	773.87	3.9331	3.7150
5444636276	1276.40	750.19	1292.70	775.53	3.9139	3.7369
5444644609	1282.64	750.54	1290.77	768.23	3.9364	3.7440
5444652942	1277.04	746.16	1288.88	779.95	3.9305	3.7697
5444661276	1272.34	746.69	1289.29	770.67	3.9639	3.7762
5444669609	1279.58	759.73	1287.96	779.42	3.9749	3.8055
5444677942	1269.35	746.46	1294.12	775.95	3.9700	3.7996
5444686276	1274.30	753.55	1288.22	766.67	4.0002	3.8023
5444694608	1272.15	758.87	1295.51	773.71	4.0080	3.8275
5444702941	1276.31	761.38	1287.32	767.08	4.0250	3.8210
5444711275	1275.18	759.43	1290.84	767.48	4.0317	3.8263
5444719608	1275.59	759.12	1285.01	769.24	4.0478	3.8218
5444727941	1272.71	746.37	1286.14	773.40	4.0228	3.8327
5444736280	1271.87	764.54	1292.22	772.11	4.0610	3.8381
5444744613	1272.66	759.19	1288.45	783.42	4.0520	3.8583
5444752947	1271.06	757.47	1284.43	774.90	4.0581	3.8649
5444761280	1271.33	765.04	1291.32	773.03	4.0719	3.8591
5444769613	1260.54	763.06	1292.62	782.99	4.0837	3.8703
5444777945	1273.64	749.81	1282.14	773.02	4.0680	3.8715
5444786279	1281.51	764.32	1284.85	786.34	4.0522	3.8455
5444794612	1291.45	781.99	1283.79	796.41	4.0278	3.8318
5444802946	1296.19	855.27	1292.59	825.73	3.9129	3.7749
5444811278	1348.14	1123.88	1315.51	1010.43	3.2936	3.4452
5444819612	NaN	NaN	1080.83	1237.25	NaN	2.5282
5444827946	NaN	NaN	NaN	NaN	NaN	NaN
5444836277	NaN	NaN	NaN	NaN	NaN	NaN
5444844611	NaN	NaN	NaN	NaN	NaN	NaN
5444852944	NaN	NaN	1230.67	1497.78	NaN	1.3736
5444861277	NaN	NaN	1292.17	1519.10	NaN	1.5389
5444869614	NaN	NaN	NaN	NaN	NaN	NaN
5444877948	NaN	NaN	NaN	NaN	NaN	NaN
5444886280	NaN	NaN	NaN	NaN	NaN	NaN
5444894614	NaN	NaN	NaN	NaN	NaN	NaN
5444902948	NaN	NaN	NaN	NaN	NaN	NaN
5444911281	NaN	NaN	1380.54	1172.82	NaN	2.6475
5444919614	NaN	NaN	1178.17	1131.08	NaN	2.8063
5444927947	NaN	NaN	1329.96	1041.88	NaN	3.2855
5444936281	1173.72	1193.77	1316.03	990.27	2.3757	3.3575
5444944614	1507.21	1085.12	1318.78	934.70	2.5769	3.4712
5444952955	1285.08	1065.62	1328.21	912.12	2.8728	3.5085
5444961279	1275.65	977.42	1322.21	893.54	3.3828	3.5371
5444969613	1251.38	905.72	1315.41	884.14	3.5283	3.5508
5444977947	1267.22	896.79	1330.73	872.30	3.5617	3.5244
5444986281	1267.37	884.37	1312.07	847.50	3.6682	3.5705
5444994618	1269.43	833.87	1316.67	847.23	3.6580	3.5802
5445002952	1276.12	809.44	1310.91	820.28	3.7108	3.6006
5445011284	1283.67	788.20	1307.60	789.33	3.7568	3.6002
5445019618	1289.57	785.22	1308.46	801.46	3.7913	3.6535
5445027952	1289.03	759.76	1311.58	789.86	3.7760	3.6377
5445036284	1279.28	763.56	1308.08	792.45	3.7856	3.6254
5445044616	1289.88	770.46	1306.10	791.65	3.7684	3.6209
5445052950	1281.40	768.57	1308.96	777.56	3.7789	3.6130
5445061283	1280.95	763.29	1303.62	775.60	3.7569	3.6161
5445069616	1283.24	764.76	1310.28	783.97	3.7680	3.6077
5445077949	1285.17	768.15	1308.82	784.92	3.7700	3.6105
5445086283	1285.62	765.61	1305.90	784.42	3.7561	3.6044
5445094616	1287.32	760.33	1299.32	772.17	3.7585	3.6170
5445102949	1279.98	754.27	1305.63	769.60	3.7332	3.5885
5445111283	1287.35	754.19	1300.31	764.30	3.7267	3.5655
5445119615	1264.26	755.24	1293.51	783.16	3.7160	3.5952
5445127953	1255.81	773.22	1281.82	789.26	3.7343	3.5794
5445136287	1268.77	769.88	1300.68	782.79	3.7039	3.5900
5445144620	1268.34	768.24	1293.97	782.20	3.7061	3.5864
5445152953	1267.74	759.61	1292.56	789.57	3.6966	3.5920
5445161286	1267.35	764.06	1287.20	777.53	3.7052	3.5674
5445169620	1267.45	759.10	1285.14	774.78	3.7035	3.5801
5445177953	1271.51	765.11	1289.39	787.50	3.7097	3.5900
5445186286	1277.06	759.19	1291.04	788.29	3.7213	3.5861
5445194620	1268.81	749.02	1290.02	778.80	3.6893	3.5665
5445202953	1268.13	747.92	1288.27	794.20	3.6972	3.5921
5445211285	1275.45	746.38	1282.95	788.82	3.7013	3.6001
5445219619	1270.13	747.34	1286.66	788.73	3.7204	3.5873
5445227952	1277.47	753.01	1283.42	780.12	3.7077	3.5713
5445236285	1267.91	738.55	1283.37	786.15	3.6971	3.5651
5445244619	1273.74	748.28	1280.28	785.80	3.7076	3.5629
5445252952	1272.86	747.67	1284.11	789.79	3.6965	3.5854
5445261290	1270.22	739.28	1280.28	781.32	3.6996	3.5646
5445269624	1273.71	752.25	1281.67	782.63	3.7094	3.5600
5445277957	1275.37	758.13	1280.39	776.96	3.7244	3.5620
5445286291	1277.33	753.36	1283.27	775.91	3.7146	3.5673
5445294623	1277.17	759.54	1280.92	785.08	3.7254	3.5774
5445302956	1276.94	749.02	1283.35	784.04	3.7096	3.5825
5445311290	1276.38	755.42	1273.27	771.41	3.7044	3.5559
5445319623	1273.92	760.07	1288.30	774.73	3.7143	3.5591
5445327956	1276.19	755.21	1280.63	783.14	3.7020	3.5695
5445336290	1280.93	760.37	1281.11	778.01	3.7252	3.5540
5445344623	1274.94	742.82	1279.74	776.57	3.7048	3.5623
5445352956	1278.25	744.77	1277.34	771.08	3.7122	3.5490
5445361290	1275.90	740.48	1279.03	787.16	3.7057	3.5460
5445369623	1270.11	742.19	1276.56	801.72	3.6928	3.5554
5445377955	1282.36	766.50	1275.75	790.50	3.7173	3.5391
5445386289	1275.70	752.08	1281.76	783.60	3.6867	3.5367
5445394627	1279.57	754.24	1285.73	787.53	3.6988	3.5637
5445402960	1284.09	751.45	1285.03	776.77	3.7070	3.5399
5445411293	1285.71	752.40	1282.58	775.49	3.6952	3.5348
5445419627	1279.20	757.85	1283.63	774.21	3.6999	3.5493
5445427960	1278.92	748.05	1282.67	773.46	3.6839	3.5420
5445436293	1282.07	747.27	1279.55	768.78	3.6906	3.5169
5445444627	1280.49	738.14	1286.20	773.07	3.6756	3.5197
5445452960	1282.21	750.44	1291.74	772.63	3.6906	3.5174
5445461292	1279.48	734.41	1278.30	780.26	3.6794	3.5290
5445469626	1283.06	733.99	1286.42	772.64	3.6971	3.4983
5445477959	1283.62	736.97	1280.80	780.44	3.7024	3.5078
5445486292	1278.77	730.23	1281.22	781.31	3.6873	3.5175
5445494625	1276.21	734.35	1279.32	787.33	3.6758	3.5172
5445502959	1273.94	751.39	1281.29	768.88	3.6761	3.4921
5445511292	1279.13	748.57	1280.06	778.26	3.6832	3.5195
5445519628	1280.19	758.81	1280.77	781.09	3.6790	3.5278
5445527962	1281.16	757.10	1285.12	763.27	3.6655	3.5064
5445536296	1280.60	756.04	1284.61	772.66	3.6747	3.4953
5445544628	1288.20	762.78	1285.17	763.90	3.6969	3.4877
5445552961	1281.55	745.78	1282.29	761.32	3.6762	3.4969
5445561295	1284.51	755.79	1283.14	769.69	3.6900	3.5098
5445569627	1283.58	745.26	1284.44	760.36	3.6866	3.5101
5445577961	1279.60	736.70	1291.49	762.17	3.6964	3.5115
5445586295	1288.65	734.75	1284.73	766.16	3.6875	3.5201
5445594627	1283.23	742.99	1284.27	761.55	3.6969	3.5020
5445602961	1289.16	748.06	1284.47	747.15	3.6737	3.4842
5445611295	1290.13	754.10	1288.15	778.76	3.6823	3.5258
5445619628	1292.52	740.26	1277.49	773.90	3.6745	3.4937
5445627961	1285.64	728.83	1282.81	780.73	3.6772	3.5185
5445636293	1287.11	733.93	1282.64	764.15	3.6736	3.4933
5445644627	1291.06	748.17	1284.46	751.93	3.6757	3.4872
5445652966	1288.68	746.70	1289.70	757.65	3.6711	3.5077
5445661299	1286.39	751.64	1283.51	758.68	3.6843	3.5128
5445669633	1286.10	749.74	1283.86	762.77	3.6822	3.5264
5445677966	1294.15	746.47	1287.25	759.19	3.6855	3.5193
5445686299	1290.03	750.61	1277.10	737.89	3.6961	3.4892
5445694633	1288.25	737.52	1278.61	759.33	3.7104	3.5205
5445702966	1304.19	730.80	1289.36	774.02	3.6889	3.5426
5445711299	1294.50	742.55	1276.64	765.22	3.7022	3.5298
5445719632	1293.36	738.12	1279.40	752.31	3.6837	3.4965
5445727965	1298.20	748.59	1279.84	756.62	3.6956	3.5278
5445736298	1298.64	746.21	1277.84	765.21	3.6793	3.5342
5445744631	1297.84	747.19	1279.42	757.92	3.6890	3.5318
5445752965	1302.14	758.04	1278.71	770.84	3.7262	3.5382
5445761298	1296.75	741.66	1276.62	744.46	3.6870	3.4973
5445769631	1292.47	733.46	1277.78	775.48	3.6832	3.5527
5445777965	1297.64	724.28	1284.58	769.14	3.6873	3.5375
5445786303	1296.29	742.32	1278.38	757.47	3.7182	3.5179
5445794636	1295.81	740.54	1274.66	754.30	3.7008	3.5070
5445802969	1292.37	732.88	1279.05	766.55	3.6977	3.5594
5445811302	1291.18	733.05	1276.93	763.34	3.6897	3.5534
5445819635	1295.96	746.09	1284.71	768.58	3.7174	3.5605
5445827969	1292.21	734.83	1283.31	761.96	3.6938	3.5381
5445836302	1292.60	734.02	1281.20	762.89	3.7034	3.5371
5445844635	1295.27	735.18	1282.33	776.96	3.6939	3.5493
5445852968	1296.92	742.59	1279.74	780.02	3.6940	3.5610
5445861302	1295.75	751.96	1281.38	766.63	3.7022	3.5385
5445869636	1293.35	748.15	1284.66	764.61	3.6913	3.5607
5445877969	1294.29	754.22	1274.63	759.96	3.7081	3.5416
5445886302	1289.73	741.18	1283.08	753.25	3.6847	3.5476
5445894635	1294.49	762.56	1279.57	770.73	3.7199	3.5689
5445902967	1295.82	754.16	1283.41	759.78	3.7126	3.5463
5445911304	1298.07	747.11	1283.82	759.84	3.7045	3.5420
5445919637	1295.70	741.78	1279.35	770.18	3.6944	3.5580
5445927970	1295.91	748.47	1277.15	758.79	3.6967	3.5382
5445936304	1295.34	746.85	1281.22	762.00	3.6982	3.5476
5445944638	1294.86	741.66	1271.23	762.42	3.6850	3.5444
5445952971	1289.36	735.28	1273.10	772.87	3.6759	3.5572
5445961304	1294.67	755.14	1278.02	755.18	3.7116	3.5215
5445969638	1290.45	753.59	1280.71	751.29	3.6945	3.5198
5445977970	1294.03	737.59	1277.62	774.32	3.6734	3.5577
5445986303	1295.83	751.26	1275.85	757.29	3.7076	3.5197
5445994636	1297.89	755.05	1278.95	772.61	3.6950	3.5609
5446002969	1295.32	742.70	1272.65	767.78	3.6762	3.5561
5446011303	1290.41	743.67	1273.10	758.04	3.6860	3.5463
5446019636	1291.79	758.85	1276.27	766.69	3.6909	3.5520
5446027970	1293.52	747.13	1272.41	772.76	3.6809	3.5518
5446036303	1299.25	754.36	1272.75	766.21	3.6917	3.5500
5446044643	1295.54	758.04	1276.43	753.82	3.6929	3.5093
5446052976	1293.72	753.07	1277.73	742.56	3.6870	3.5069
5446061309	1294.29	744.97	1275.01	759.96	3.6792	3.5454
5446069642	1292.93	753.59	1283.87	759.22	3.7107	3.5343
5446077975	1293.61	750.61	1277.06	754.75	3.7021	3.5392
5446086309	1296.05	744.70	1277.77	757.91	3.6959	3.5362
5446094642	1291.76	746.56	1282.36	751.62	3.7044	3.5335
5446102975	1296.57	757.37	1278.69	775.55	3.7209	3.5697
5446111309	1297.01	739.89	1279.91	771.04	3.6895	3.5474
5446119642	1288.07	744.38	1283.01	753.74	3.7030	3.5229
5446127975	1291.07	744.32	1283.77	756.96	3.6994	3.5442
5446136309	1294.97	744.84	1280.56	755.83	3.7083	3.5248
5446144642	1295.63	745.69	1282.61	758.77	3.7081	3.5406
5446152974	1285.25	748.20	1268.08	762.09	3.7299	3.5707
5446161308	1293.80	748.64	1288.40	742.00	3.7222	3.5410
5446169641	1296.51	759.63	1290.70	743.09	3.7395	3.5468
5446177979	1292.26	749.01	1281.64	758.61	3.7024	3.5671
5446186313	1293.08	754.54	1283.26	760.92	3.7243	3.5689
5446194646	1295.81	753.85	1283.69	763.23	3.7283	3.5605
5446202979	1292.05	748.38	1287.51	747.45	3.7135	3.5507
5446211313	1292.28	758.73	1279.85	745.05	3.7567	3.5545
5446219646	1294.27	757.39	1290.62	757.93	3.7362	3.5855
5446227978	1302.85	745.16	1284.70	759.02	3.7503	3.5829
5446236312	1299.72	735.89	1282.89	753.49	3.7388	3.5855
5446244645	1296.02	750.10	1286.66	750.48	3.7681	3.5717
5446252978	1295.19	750.49	1286.10	764.97	3.7519	3.5868
5446261312	1304.49	757.48	1283.67	772.87	3.7774	3.5907
5446269645	1296.65	759.85	1283.24	768.01	3.7886	3.5915
5446277979	1288.97	742.72	1292.16	763.84	3.7483	3.5846
5446286312	1298.26	746.46	1285.76	758.43	3.7551	3.5795
5446294644	1294.85	748.97	1284.81	766.41	3.7744	3.6014
5446302978	1290.47	746.98	1290.65	783.32	3.7661	3.6104
5446311315	1295.50	741.52	1287.41	758.93	3.7466	3.5874
5446319647	1294.68	741.82	1283.26	769.26	3.7706	3.6145
5446327980	1292.84	740.62	1290.61	759.33	3.7586	3.5962
5446336314	1299.06	746.84	1288.16	755.41	3.7839	3.6020
5446344647	1295.92	744.69	1294.71	760.68	3.7819	3.5923
5446352981	1297.60	739.05	1288.19	767.34	3.7747	3.6155
5446361314	1291.76	740.95	1292.09	765.02	3.7618	3.6065
5446369647	1287.51	754.88	1287.84	760.23	3.7845	3.5934
5446377981	1293.15	752.45	1292.71	752.37	3.7850	3.5908
5446386314	1286.42	755.55	1291.73	765.97	3.7775	3.6138
5446394647	1291.62	745.00	1289.78	779.25	3.7681	3.6189
5446402979	1292.31	747.65	1291.16	766.66	3.7782	3.5830
5446411313	1291.16	741.56	1285.28	773.92	3.7599	3.6013
5446419646	1288.41	756.40	1290.76	775.40	3.7808	3.6008
5446427979	1289.08	753.52	1287.32	770.29	3.7790	3.5884
5446436319	1287.16	758.56	1294.53	774.67	3.7810	3.5931
5446444652	1282.81	762.61	1287.16	757.02	3.7950	3.5758
5446452985	1289.59	766.27	1291.28	765.27	3.7980	3.6068
5446461318	1288.68	750.63	1285.26	761.59	3.7735	3.6042
5446469651	1282.50	747.99	1286.18	755.71	3.7808	3.5947
5446477986	1289.87	750.83	1287.38	759.69	3.7859	3.5932
5446486318	1291.77	756.24	1289.92	768.62	3.7974	3.6118
5446494651	1292.21	747.97	1294.41	757.91	3.7754	3.5992
5446502985	1289.48	752.61	1291.24	767.16	3.7855	3.5916
5446511318	1289.08	755.35	1299.34	770.33	3.7936	3.5937
5446519651	1292.23	755.71	1291.23	761.82	3.7882	3.5967
5446527984	1282.63	753.44	1293.20	766.59	3.7904	3.5888
5446536317	1280.22	758.70	1292.74	754.55	3.7942	3.5739
5446544651	1284.54	772.86	1294.69	768.27	3.8241	3.5798
5446552985	1283.98	757.03	1291.04	776.01	3.7862	3.5903
5446561318	1287.88	764.34	1289.32	765.51	3.7931	3.5931
5446569655	1289.91	774.62	1292.29	764.76	3.8084	3.6163
5446577987	1293.37	765.12	1287.33	770.75	3.7852	3.6108
5446586321	1282.63	766.04	1282.80	769.72	3.8016	3.6102
5446594654	1286.25	763.15	1288.33	771.93	3.8082	3.6055
5446602988	1286.20	760.80	1289.70	774.65	3.8017	3.6004
5446611321	1285.33	759.91	1282.85	788.17	3.8092	3.6240
5446619654	1277.48	750.58	1276.98	789.39	3.7982	3.6298
5446627988	1289.52	746.87	1279.62	762.31	3.7950	3.5903
5446636321	1279.27	758.05	1285.39	777.36	3.8116	3.6020
5446644654	1280.50	749.84	1287.64	779.70	3.8012	3.6124
5446652988	1284.55	756.76	1288.29	784.94	3.7942	3.6246
5446661320	1287.83	747.04	1292.12	775.32	3.7890	3.6117
5446669653	1280.07	749.08	1285.32	769.04	3.7958	3.6021
5446677987	1280.68	758.73	1282.03	778.97	3.8156	3.6143
5446686320	1280.20	754.62	1284.92	770.30	3.8023	3.6094
5446694653	1275.03	753.94	1286.09	771.72	3.7915	3.6059
5446702990	1281.79	755.32	1289.33	764.84	3.7835	3.6128
5446711324	1285.02	768.96	1285.83	772.18	3.8081	3.6014
5446719657	1281.37	772.72	1283.21	786.37	3.8120	3.6116
5446727990	1283.11	768.15	1285.02	781.71	3.8055	3.6186
5446736324	1283.27	757.76	1284.00	765.23	3.7732	3.5808
5446744656	1276.21	766.17	1290.64	776.93	3.7837	3.6091
5446752989	1280.52	772.04	1279.90	781.28	3.8056	3.6158
5446761321	1277.62	757.01	1286.82	781.72	3.7803	3.6284
5446769655	1287.86	763.28	1285.36	771.02	3.7862	3.5848
5446777989	1278.39	765.06	1282.40	783.11	3.7902	3.6171
5446786323	1275.97	759.16	1276.47	785.24	3.7770	3.6092
5446794655	1276.78	761.50	1283.89	779.77	3.7915	3.6064
5446802988	1281.24	763.42	1281.94	789.75	3.8094	3.6367
5446811323	1277.89	759.69	1287.92	781.46	3.7936	3.6050
5446819655	1276.54	747.56	1279.99	792.21	3.7649	3.6288
5446827989	1269.86	761.64	1266.49	781.74	3.8001	3.6301
5446836327	1280.81	760.44	1277.19	767.96	3.7964	3.6087
5446844660	1274.82	765.41	1285.78	773.44	3.8041	3.6157
5446852993	1268.78	759.96	1278.47	768.77	3.7906	3.6082
5446861326	1268.77	763.55	1281.90	771.94	3.7905	3.6344
5446869660	1269.13	750.00	1281.47	762.26	3.7771	3.6026
5446877993	1272.33	757.04	1277.98	767.78	3.7820	3.6098
5446886326	1271.25	760.84	1283.02	755.47	3.8087	3.6104
5446894660	1271.66	759.42	1279.85	767.09	3.7908	3.6233
5446902993	1270.94	759.59	1275.53	770.69	3.8013	3.6436
5446911326	1269.32	756.24	1280.98	771.65	3.7935	3.6324
5446919659	1271.11	757.26	1282.58	773.39	3.7945	3.6234
5446927992	1266.25	751.70	1279.10	785.31	3.8008	3.6555
5446936326	1268.83	749.51	1274.33	780.34	3.8067	3.6422
5446944658	1270.87	761.92	1277.25	771.32	3.8062	3.6267
5446952992	1271.86	765.91	1279.46	781.10	3.8308	3.6361
5446961330	1275.28	762.26	1277.20	779.26	3.8260	3.6337
5446969662	1273.71	763.71	1277.93	757.33	3.8184	3.6192
5446977996	1274.48	763.18	1282.84	768.90	3.8215	3.6433
5446986329	1271.29	757.01	1283.17	764.89	3.8167	3.6440
5446994661	1272.76	769.08	1278.01	756.19	3.8448	3.6525
5447002995	1274.18	759.63	1279.30	759.64	3.8205	3.6371
5447011329	1267.80	759.54	1274.70	758.57	3.8289	3.6337
5447019662	1271.55	766.14	1278.49	787.73	3.8331	3.6819
5447027995	1272.45	766.75	1286.04	776.22	3.8413	3.6672
5447036328	1271.56	765.66	1286.32	775.89	3.8626	3.6704
5447044662	1277.45	767.39	1284.89	788.18	3.8578	3.6954
5447052995	1273.63	765.93	1279.93	763.48	3.8508	3.6504
5447061329	1275.16	757.33	1277.31	760.33	3.8517	3.6659
5447069662	1271.04	759.29	1282.44	746.25	3.8571	3.6243
5447077994	1271.67	765.78	1279.04	764.88	3.8506	3.6490
5447086328	1269.62	767.54	1284.50	770.71	3.8705	3.6675
5447094663	1268.54	769.34	1273.56	769.73	3.8736	3.6541
5447102996	1271.32	764.35	1275.24	763.64	3.8649	3.6538
5447111329	1271.30	755.97	1274.07	776.68	3.8321	3.6741
5447119661	1276.51	764.55	1276.34	770.09	3.8541	3.6473
5447127996	1270.46	764.93	1277.61	770.19	3.8665	3.6526
5447136330	1275.37	766.71	1279.09	768.21	3.8819	3.6405
5447144663	1280.11	760.91	1278.87	769.55	3.8714	3.6430
5447152996	1271.77	769.83	1277.29	762.00	3.8814	3.6519
5447161328	1275.22	758.20	1275.10	787.72	3.8621	3.6830
5447169662	1270.16	769.39	1278.68	767.64	3.8689	3.6346
5447177994	1281.74	773.44	1272.70	770.40	3.8691	3.6406
5447186328	1273.80	767.02	1273.61	776.65	3.8665	3.6652
5447194661	1274.62	776.56	1275.51	775.04	3.8952	3.6627
5447202994	1277.48	771.36	1273.40	767.82	3.8728	3.6291
5447211328	1279.83	768.32	1280.48	770.05	3.8693	3.6367
5447219661	1273.71	772.24	1275.24	768.80	3.8626	3.6442
5447228002	1275.82	764.86	1277.35	766.47	3.8596	3.6483
5447236335	1274.51	758.97	1275.42	772.35	3.8598	3.6587
5447244668	1272.23	770.24	1275.51	757.02	3.8709	3.6397
5447253002	1269.36	759.08	1272.80	769.72	3.8501	3.6445
5447261335	1276.72	763.04	1279.39	760.76	3.8645	3.6415
5447269669	1274.41	767.07	1275.78	752.50	3.8679	3.6270
5447278002	1275.12	766.58	1287.03	753.98	3.8614	3.6275
5447286335	1278.66	766.86	1279.04	759.15	3.8729	3.6454
5447294669	1271.48	753.70	1277.36	758.33	3.8561	3.6569
5447303002	1269.43	771.53	1281.90	767.24	3.8862	3.6658
5447311335	1270.78	762.73	1281.08	754.38	3.8824	3.6272
5447319669	1273.30	759.15	1277.86	751.31	3.8541	3.6337
5447328002	1275.34	769.56	1277.86	751.12	3.8813	3.6295
5447336334	1273.98	770.40	1278.65	756.36	3.8717	3.6343
5447344668	1273.86	756.88	1278.55	762.40	3.8653	3.6440
5447353001	1271.03	763.52	1277.53	753.83	3.8775	3.6379
5447361340	1271.54	759.64	1274.92	762.70	3.8570	3.6413
5447369674	1275.22	769.26	1278.18	751.54	3.8749	3.6462
5447378007	1271.18	769.11	1278.11	758.56	3.8600	3.6414
5447386340	1273.99	764.42	1274.88	762.43	3.8604	3.6311
5447394673	1275.89	764.48	1280.86	761.28	3.8649	3.6302
5447403007	1272.74	769.95	1273.40	771.30	3.8656	3.6353
5447411340	1277.76	770.18	1274.86	772.80	3.8473	3.6683
5447419673	1277.98	772.60	1285.80	761.48	3.8699	3.6340
5447428006	1274.15	774.08	1278.39	766.34	3.8690	3.6426
5447436339	1277.86	763.55	1284.37	750.84	3.8484	3.6050
5447444671	1276.18	770.25	1276.93	768.02	3.8507	3.6288
5447453006	1271.43	768.97	1275.87	764.79	3.8458	3.6301
5447461339	1273.69	760.20	1281.22	757.90	3.8323	3.6064
5447469673	1280.43	766.48	1278.89	771.95	3.8398	3.6281
5447478006	1277.71	765.75	1280.07	747.33	3.8382	3.5964
5447486340	1277.48	762.81	1279.22	760.90	3.8326	3.6181
5447494674	1276.06	768.89	1285.98	756.10	3.8381	3.6064
5447503006	1282.07	768.18	1287.95	739.60	3.8065	3.5661
5447511339	1278.93	756.64	1281.36	732.86	3.7995	3.5448
5447519673	1283.34	763.48	1285.68	723.08	3.8121	3.5317
5447528005	1276.69	759.81	1283.18	761.69	3.8028	3.5754
5447536339	1279.93	756.69	1282.50	727.23	3.7950	3.5208
5447544672	1276.69	758.15	1274.64	756.93	3.7818	3.5695
5447553005	1279.63	764.90	1277.22	744.86	3.8077	3.5559
5447561338	1283.29	766.87	1274.89	755.64	3.7816	3.5687
5447569671	1280.37	753.56	1272.67	756.31	3.7633	3.5661
5447578005	1281.45	760.74	1275.69	755.57	3.7713	3.5498
5447586338	1280.60	757.68	1278.05	752.19	3.7727	3.5258
5447594672	1279.74	748.92	1276.79	749.02	3.7474	3.5413
5447603004	1279.81	761.01	1279.72	751.21	3.7533	3.5157
5447611337	1280.28	762.95	1278.63	748.99	3.7640	3.5237
5447619680	1282.07	763.01	1278.86	745.24	3.7344	3.4886
5447628013	1280.28	766.48	1284.07	749.69	3.7365	3.4869
5447636346	1282.76	760.42	1281.75	746.35	3.7198	3.4763
5447644680	1278.81	766.10	1281.10	758.60	3.7365	3.4950
5447653012	1277.09	759.26	1275.35	754.60	3.7108	3.4874
5447661346	1282.87	753.30	1281.07	742.52	3.7028	3.4676
5447669680	1283.77	742.00	1277.70	760.98	3.6687	3.4789
5447678013	1283.63	751.72	1276.89	741.05	3.6943	3.4492
5447686345	1285.60	765.98	1275.30	747.76	3.6943	3.4387
5447694678	1283.10	753.61	1281.86	750.28	3.6709	3.4290
5447703012	1283.62	750.66	1284.19	742.88	3.6566	3.4149
5447711345	1275.67	751.26	1281.70	738.75	3.6514	3.4089
5447719678	1282.67	753.98	1282.14	704.74	3.6522	3.3483
5447728012	1282.35	751.33	1282.73	744.14	3.6526	3.4105
5447736345	1280.93	749.02	1279.42	744.73	3.6425	3.4188
5447744678	1279.75	760.56	1281.95	726.91	3.6464	3.3736
5447753015	1279.35	745.77	1280.73	739.84	3.6344	3.4004
5447761348	1277.24	756.73	1278.09	740.20	3.6225	3.3938
5447769682	1279.16	747.86	1281.52	733.86	3.6221	3.3805
5447778013	1271.92	750.93	1282.22	744.47	3.6003	3.3750
5447786347	1278.98	756.37	1279.22	739.55	3.6057	3.3744
5447794680	1282.84	746.26	1278.25	733.44	3.5564	3.3533
5447803014	1275.27	746.51	1279.40	742.48	3.5747	3.3510
5447811347	1274.90	750.91	1283.08	739.70	3.5787	3.3300
5447819680	1266.85	748.83	1281.25	739.21	3.5624	3.3332
5447828014	1277.77	751.59	1283.54	731.22	3.5597	3.3278
5447836347	1278.33	751.43	1284.00	744.78	3.5523	3.3373
5447844680	1281.07	754.96	1287.27	725.19	3.5645	3.3150
5447853014	1279.88	754.50	1282.75	738.76	3.5494	3.3135
5447861346	1282.69	735.92	1282.88	739.67	3.5181	3.3088
5447869679	1278.78	745.97	1288.22	744.86	3.5272	3.3065
5447878017	1276.94	754.70	1280.10	749.66	3.5455	3.3147
5447886350	1281.17	746.68	1284.73	737.76	3.5253	3.3092
5447894683	1275.80	742.88	1280.74	736.75	3.5098	3.2972
5447903016	1275.85	748.83	1292.46	729.82	3.5224	3.2905
5447911350	1285.81	747.73	1275.46	747.88	3.5069	3.3237
5447919683	1279.49	751.14	1279.89	741.66	3.5029	3.2899
5447928017	1283.17	752.80	1280.92	737.71	3.5201	3.2984
5447936350	1280.78	748.78	1284.18	735.72	3.4973	3.2893
5447944682	1285.12	754.50	1280.40	743.61	3.5112	3.2957
5447953016	1275.45	740.57	1279.40	724.12	3.4852	3.2534
5447961349	1281.42	736.77	1286.36	711.87	3.4692	3.2190
5447969682	1286.63	756.86	1279.04	736.05	3.5162	3.2740
5447978016	1274.35	750.43	1279.54	747.32	3.4964	3.2921
5447986349	1282.27	757.56	1285.35	741.42	3.4861	3.2884
5447994682	1277.41	729.23	1280.98	717.26	3.4584	3.2388
5448003016	1271.76	744.61	1280.02	741.28	3.4662	3.2713
5448011355	1282.33	750.67	1276.99	747.36	3.4983	3.2756
5448019688	1275.22	732.21	1283.35	732.54	3.4600	3.2407
5448028020	1277.19	741.05	1278.25	739.61	3.4605	3.2705
5448036354	1284.84	744.80	1280.69	735.84	3.4669	3.2617
5448044687	1278.07	744.83	1280.85	725.11	3.4689	3.2309
5448053021	1280.36	744.98	1283.28	735.53	3.4568	3.2458
5448061354	1279.90	741.35	1283.18	724.07	3.4333	3.2247
5448069687	1278.46	750.19	1281.01	745.81	3.4613	3.2597
5448078021	1276.41	762.41	1283.50	745.54	3.4790	3.2490
5448086354	1277.30	738.08	1278.42	737.39	3.4361	3.2399
5448094686	1281.20	742.72	1282.32	734.16	3.4378	3.2161
5448103020	1275.18	746.41	1281.34	720.10	3.4355	3.1849
5448111352	1275.44	752.32	1288.49	708.52	3.4444	3.1776
5448119686	1282.64	756.25	1280.66	719.83	3.4456	3.1967
5448128020	1275.98	745.02	1286.38	695.36	3.4424	3.1412
5448136353	1280.47	746.01	1284.68	736.65	3.4158	3.2127
5448144691	1285.17	756.70	1281.89	702.45	3.4302	3.1522
5448153024	1280.55	749.68	1279.67	706.61	3.4192	3.1501
5448161358	1284.50	746.65	1281.10	729.66	3.4058	3.2009
5448169691	1280.28	759.35	1277.72	724.92	3.4274	3.1900
5448178025	1281.48	743.71	1281.84	729.36	3.3902	3.1922
5448186357	1289.77	751.85	1281.35	710.96	3.4168	3.1487
5448194690	1280.80	746.44	1283.74	729.24	3.4032	3.1949
5448203024	1284.90	748.43	1278.78	735.38	3.3814	3.1936
5448211357	1279.30	747.15	1277.64	719.97	3.3789	3.1703
5448219690	1276.52	761.91	1275.15	718.97	3.4093	3.1513
5448228024	1283.24	759.19	1287.24	714.87	3.3893	3.1301
5448236356	1281.89	749.60	1275.42	706.02	3.3787	3.1277
5448244690	1284.78	746.10	1282.46	711.15	3.3588	3.1291
5448253024	1283.76	749.73	1282.40	711.25	3.3616	3.0994
5448261357	1278.39	745.31	1278.10	716.74	3.3504	3.1160
5448269689	1282.94	762.94	1273.26	715.22	3.3705	3.1084
5448278027	1278.82	760.22	1276.63	693.28	3.3776	3.0720
5448286361	1286.12	757.43	1272.65	724.66	3.3724	3.1264
5448294694	1274.04	747.87	1274.19	730.67	3.3279	3.1386
5448303027	1286.33	759.46	1284.29	698.44	3.3650	3.0703
5448311361	1284.80	747.10	1279.42	704.50	3.3317	3.0833
5448319694	1286.05	744.28	1279.28	720.34	3.3360	3.1016
5448328027	1283.45	746.59	1280.71	699.27	3.3229	3.0909
5448336361	1271.31	746.92	1282.28	720.73	3.3337	3.1030
5448344694	1283.40	748.10	1269.28	710.87	3.3419	3.0864
5448353026	1280.58	765.03	1280.06	732.45	3.3370	3.1239
5448361359	1276.86	743.19	1284.21	725.35	3.3000	3.1070
5448369693	1285.83	756.93	1273.78	733.62	3.3234	3.1261
5448378026	1285.86	751.59	1282.80	725.72	3.3321	3.1175
5448386360	1277.94	753.44	1285.92	709.87	3.3218	3.0850
5448394693	1284.79	757.60	1284.10	718.84	3.3503	3.1001
5448403029	1290.46	761.45	1279.98	726.29	3.3428	3.0975
5448411363	1278.88	754.47	1278.01	737.75	3.3352	3.1356
5448419696	1288.27	749.34	1277.73	732.00	3.3262	3.1215
5448428029	1288.50	735.78	1285.37	710.64	3.2944	3.0614
5448436362	1276.79	765.43	1281.21	723.12	3.3582	3.1099
5448444695	1281.65	752.03	1290.78	710.59	3.3322	3.0885
5448453028	1282.99	766.30	1284.02	718.08	3.3560	3.0888
5448461362	1283.38	758.74	1276.20	744.47	3.3404	3.1647
5448469695	1280.59	755.37	1284.23	703.24	3.3453	3.0804
5448478028	1280.09	752.49	1288.62	714.25	3.3298	3.1002
5448486361	1272.57	744.92	1280.73	736.57	3.3241	3.1281
5448494695	1279.60	745.23	1282.07	731.73	3.3190	3.1251
5448503028	1276.27	747.48	1287.63	709.68	3.3418	3.0831
5448511362	1287.77	763.21	1287.51	724.85	3.3701	3.1273
5448519695	1279.82	754.58	1276.76	732.61	3.3669	3.1347
5448528027	1286.47	759.92	1277.73	712.11	3.3810	3.1047
5448536369	1282.63	747.79	1279.06	700.32	3.3529	3.0899
5448544702	1282.71	743.16	1282.38	736.88	3.3635	3.1534
5448553035	1286.22	746.55	1275.58	727.55	3.3732	3.1606
5448561369	1281.05	744.86	1272.77	734.81	3.3569	3.1684
5448569701	1280.10	746.18	1287.19	730.52	3.3665	3.1633
5448578035	1283.40	753.84	1280.70	732.87	3.4111	3.1583
5448586369	1284.90	754.44	1276.96	734.41	3.3980	3.1683
5448594702	1275.31	746.06	1278.32	738.21	3.3730	3.1759
5448603035	1280.37	763.73	1273.00	753.38	3.4026	3.1823
5448611367	1270.11	730.23	1276.09	736.90	3.3708	3.1761
5448619701	1271.78	746.60	1279.59	735.81	3.3924	3.1816
5448628034	1286.82	754.28	1283.54	743.78	3.3969	3.1714
5448636368	1280.16	749.02	1282.76	730.26	3.3959	3.1467
5448644701	1271.13	736.27	1276.06	735.84	3.3591	3.1563
5448653034	1279.45	745.70	1275.66	737.70	3.3579	3.1559
5448661368	1277.99	742.20	1285.66	729.00	3.3657	3.1399
5448669704	1287.40	755.92	1278.76	741.36	3.3994	3.1367
5448678037	1275.50	745.12	1282.09	749.87	3.3717	3.1590
5448686371	1273.62	743.08	1281.02	734.66	3.3581	3.1292
5448694702	1284.54	745.43	1281.08	749.37	3.3436	3.1539
5448703036	1278.07	718.40	1289.54	694.97	3.3150	3.0495
5448711370	1277.26	730.40	1292.15	684.09	3.3220	3.0255
5448719703	1279.63	735.98	1294.91	668.68	3.3170	3.0268
5448728035	1272.60	745.67	1293.61	685.62	3.3573	3.0222
5448736368	1213.03	745.00	1242.54	742.01	3.2892	3.0997
5448744702	1158.07	763.22	1183.55	738.47	3.2937	3.0266
5448753035	1143.19	807.17	1177.68	764.94	3.2986	3.0546
5448761370	1122.59	832.33	1154.42	820.40	3.2753	3.1024
5448769703	1093.86	873.81	1108.87	826.55	3.2627	3.0622
5448778035	1086.93	894.25	1113.74	862.42	3.2465	3.0594
5448786369	1101.02	907.71	1116.54	894.75	3.2255	3.0632
5448794702	1076.41	922.07	1121.87	905.56	3.2347	3.0661
5448803036	1081.46	929.67	1117.12	926.68	3.2408	3.0620
5448811369	1092.44	947.68	1115.67	924.98	3.2811	3.0519
5448819703	1080.64	939.50	1105.73	925.61	3.2755	3.0681
5448828037	1081.12	945.81	1097.91	941.69	3.2738	3.0637
5448836371	1080.24	949.63	1108.23	940.24	3.2781	3.0857
5448844704	1078.50	952.78	1111.13	939.74	3.3012	3.0737
5448853037	1079.71	947.95	1106.83	930.59	3.2802	3.0739
5448861370	1084.66	950.21	1099.65	938.00	3.2961	3.1045
5448869704	1081.15	948.02	1101.89	943.74	3.2987	3.1026
5448878037	1077.29	954.12	1110.39	933.83	3.3054	3.0888
5448886369	1077.98	956.82	1103.06	941.01	3.3264	3.1121
5448894703	1082.01	960.60	1109.82	926.17	3.3429	3.0958
5448903036	1084.96	948.81	1104.87	933.16	3.3294	3.1064
5448911369	1083.28	954.23	1104.59	940.20	3.3429	3.1162
5448919702	1074.90	944.97	1110.82	937.96	3.3429	3.1161
5448928043	1081.57	944.97	1105.53	934.91	3.3508	3.1202
5448936376	1083.01	944.56	1108.77	935.09	3.3601	3.1221
5448944709	1077.11	942.84	1112.67	938.26	3.3542	3.1360
5448953042	1082.50	940.84	1108.11	940.53	3.3664	3.1586
5448961375	1089.72	942.48	1108.26	935.78	3.3858	3.1605
5448969709	1081.37	932.48	1109.38	929.64	3.3770	3.1461
5448978041	1086.88	941.99	1111.23	928.00	3.3927	3.1598
5448986375	1081.16	931.38	1112.68	927.80	3.3959	3.1525
5448994709	1081.77	930.96	1100.00	932.89	3.3796	3.1736
5449003041	1082.75	929.05	1105.64	933.79	3.3913	3.1741
5449011375	1082.28	928.89	1115.88	930.69	3.4013	3.1680
5449019709	1096.14	933.44	1102.11	936.22	3.4047	3.1656
5449028041	1089.58	934.38	1111.20	940.08	3.4116	3.1667
5449036374	1081.64	937.05	1109.92	931.79	3.4000	3.1683
5449044707	1089.75	927.26	1112.24	930.58	3.4024	3.1566
5449053040	1086.89	930.06	1104.81	927.85	3.3951	3.1482
5449061377	1093.71	935.24	1105.91	936.62	3.4007	3.1425
5449069710	1084.80	931.30	1101.39	923.58	3.3819	3.1537
5449078044	1086.44	932.75	1103.80	925.90	3.3900	3.1577
5449086377	1086.83	933.21	1101.39	925.78	3.3938	3.1457
5449094711	1088.32	931.19	1105.43	925.68	3.3831	3.1329
5449103045	1093.76	935.46	1097.77	927.18	3.3994	3.1434
5449111378	1078.30	938.65	1098.55	920.29	3.3885	3.1328
5449119711	996.39	942.79	1000.35	946.22	3.3908	3.1543
5449128044	987.21	955.50	1006.61	966.87	3.3868	3.1527
5449136377	1020.54	947.29	1040.18	943.87	3.3618	3.1349
5449144710	1015.51	954.48	1035.30	940.05	3.3785	3.1271
5449153042	1003.98	952.47	1021.97	941.19	3.3740	3.1303
5449161376	998.41	951.82	1023.82	940.85	3.3621	3.1434
5449169710	1008.69	954.95	1021.48	939.06	3.3894	3.1234
5449178043	1006.53	948.05	1022.00	952.23	3.3762	3.1326
5449186376	1001.81	956.94	1021.57	941.94	3.3890	3.1307
5449194714	1001.10	962.08	1021.21	946.98	3.3736	3.1426
5449203047	1000.31	944.95	1021.58	957.52	3.3701	3.1491
5449211380	997.66	946.68	1021.49	952.41	3.3683	3.1510
5449219714	997.57	960.29	1014.03	944.47	3.3861	3.1348
5449228047	997.49	947.86	1017.17	949.09	3.3751	3.1501
5449236380	999.00	947.56	1011.17	947.31	3.3765	3.1394
5449244714	998.43	955.87	1011.83	947.49	3.3869	3.1459
5449253047	1023.43	946.41	1032.99	943.64	3.3762	3.1425
5449261380	1117.58	940.23	1131.89	928.85	3.3770	3.1723
5449269714	1177.13	915.09	1182.72	902.78	3.3615	3.1246
5449278046	1151.15	927.42	1157.29	913.21	3.3812	3.1460
5449286380	1139.45	926.48	1149.73	915.74	3.3922	3.1424
5449294714	1152.37	916.25	1165.72	916.49	3.3839	3.1470
5449303047	1155.22	927.23	1170.08	920.81	3.3933	3.1697
5449311380	1148.87	913.31	1169.37	912.05	3.3731	3.1539
5449319717	1158.48	924.83	1167.24	920.50	3.3938	3.1555
5449328050	1155.57	922.37	1171.14	913.09	3.3909	3.1450
5449336384	1154.13	915.75	1172.08	907.66	3.3828	3.1535
5449344717	1152.88	921.84	1172.33	921.01	3.3818	3.1647
5449353050	1164.28	923.09	1172.15	914.61	3.4020	3.1562
5449361384	1156.22	922.88	1172.59	909.87	3.4074	3.1465
5449369716	1155.48	920.97	1175.23	922.02	3.4038	3.1811
5449378049	1163.30	923.76	1169.10	911.28	3.4119	3.1493
5449386382	1147.94	923.67	1172.92	913.82	3.3849	3.1499
5449394715	1157.47	926.96	1167.85	911.45	3.4182	3.1505
5449403048	1163.46	919.75	1174.42	912.12	3.3900	3.1520
5449411382	1154.52	924.91	1170.06	912.18	3.3991	3.1524
5449419715	1147.11	921.93	1166.95	906.71	3.3898	3.1337
5449428049	1157.14	925.46	1163.42	903.72	3.3940	3.1246
5449436382	1161.10	931.56	1171.47	901.63	3.4050	3.1200
5449444715	1153.39	926.99	1175.96	901.88	3.3982	3.1329
5449453068	1159.73	932.77	1171.57	904.06	3.4039	3.1406
5449461400	1159.31	927.19	1173.25	913.07	3.3850	3.1485
5449469733	1158.83	925.76	1165.47	907.51	3.3911	3.1390
5449478067	1160.96	934.79	1172.11	914.98	3.4082	3.1615
5449486400	1159.70	936.72	1173.70	906.66	3.4101	3.1263
5449494733	1160.78	930.04	1175.40	906.90	3.4099	3.1298
5449503067	1149.54	938.77	1160.48	911.69	3.4190	3.1353
5449511400	1147.59	916.18	1154.01	894.79	3.4041	3.1456
5449519733	1151.98	920.17	1164.60	896.35	3.3982	3.1284
5449528066	1146.40	919.09	1158.09	900.38	3.4057	3.1354
5449536400	1153.16	929.22	1163.00	897.51	3.4006	3.1024
5449544732	1147.77	916.19	1161.76	901.11	3.4049	3.1458
5449553066	1148.45	919.55	1162.19	899.08	3.4112	3.1441
5449561399	1152.37	924.44	1161.09	903.46	3.4143	3.1462
5449569732	1154.99	925.67	1160.39	896.87	3.4152	3.1481
5449578066	1144.08	914.89	1154.51	898.12	3.3978	3.1398
5449586390	1154.38	916.86	1159.04	918.49	3.3874	3.1533
5449594723	1160.69	922.41	1155.21	895.73	3.3979	3.1353
5449603057	1148.84	922.35	1154.38	890.20	3.3910	3.1265
5449611390	1150.13	921.99	1157.46	893.18	3.4006	3.1503
5449619723	1144.77	908.13	1160.35	897.53	3.3770	3.1404
5449628056	1147.16	927.94	1161.57	905.15	3.3850	3.1668
5449636389	1146.56	912.42	1149.25	900.15	3.3861	3.1330
5449644722	1147.95	916.78	1158.18	902.10	3.3892	3.1514
5449653055	1152.16	915.21	1161.23	895.89	3.3878	3.1365
5449661389	1148.67	917.67	1156.45	910.58	3.3678	3.1608
5449669722	1149.87	913.01	1156.13	905.18	3.3797	3.1554
5449678056	1151.84	917.61	1157.10	903.72	3.3801	3.1531
5449686389	1159.12	919.33	1159.62	903.75	3.3871	3.1412
5449694722	1160.22	921.31	1154.97	900.50	3.3807	3.1581
5449703056	1151.00	916.49	1154.33	910.11	3.3701	3.1482
5449711388	1161.86	919.09	1152.80	902.71	3.3760	3.1355
5449719726	1156.54	931.19	1158.81	903.04	3.3789	3.1508
5449728060	1157.36	919.84	1151.46	906.06	3.3647	3.1439
5449736392	1149.40	914.06	1152.31	906.90	3.3609	3.1283
5449744726	1155.32	921.66	1157.64	909.48	3.3816	3.1302
5449753060	1155.10	914.86	1160.43	903.76	3.3820	3.1227
5449761393	1154.81	930.06	1157.61	900.94	3.3878	3.1264
5449769726	1150.97	922.98	1158.46	899.80	3.3800	3.1059
5449778059	1152.88	924.57	1159.25	901.94	3.3705	3.1210
5449786393	1157.13	921.45	1157.00	905.68	3.3766	3.1235
5449794726	1155.25	927.27	1148.94	902.71	3.3579	3.1215
5449803059	1160.48	919.42	1153.43	908.60	3.3685	3.1012
5449811392	1161.71	926.76	1160.06	905.91	3.3790	3.1172
5449819725	1160.98	923.50	1155.44	908.53	3.3842	3.1021
5449828059	1157.91	917.47	1161.92	912.05	3.3547	3.0940
5449836392	1163.27	932.81	1154.29	909.53	3.3775	3.1163
5449844729	1137.28	918.88	1137.80	897.27	3.3684	3.0850
5449853063	1150.67	916.44	1146.28	889.44	3.3663	3.0753
5449861395	1152.94	915.36	1141.22	909.17	3.3681	3.1190
5449869729	1153.92	920.69	1139.74	905.76	3.3682	3.0922
5449878063	1142.23	917.33	1140.71	907.44	3.3813	3.0883
5449886395	1147.80	912.36	1137.25	909.93	3.3618	3.1065
5449894728	1143.72	908.65	1142.56	901.95	3.3630	3.0916
5449903061	1151.00	911.59	1139.14	907.34	3.3622	3.1053
5449911396	1140.93	905.48	1143.65	911.00	3.3512	3.1098
5449919728	1145.35	898.29	1143.18	904.00	3.3464	3.0911
5449928062	1145.01	908.15	1142.76	895.60	3.3536	3.0881
5449936396	1147.23	911.56	1138.92	901.97	3.3463	3.0875
5449944729	1148.34	912.67	1137.71	901.53	3.3647	3.0782
5449953062	1152.46	914.03	1142.02	897.06	3.3555	3.0582
5449961396	1151.70	915.74	1145.54	902.20	3.3692	3.0787
5449969728	1151.31	915.97	1141.78	899.36	3.3436	3.0880
5449978066	1150.29	920.75	1142.12	898.72	3.3709	3.0872
5449986399	1154.57	915.52	1141.25	908.02	3.3613	3.0916
5449994733	1150.14	905.91	1150.16	903.25	3.3265	3.0869
5450003066	1146.82	910.12	1148.68	901.54	3.3451	3.0726
5450011400	1169.78	895.16	1174.89	888.72	3.3497	3.0800
5450019734	1273.37	790.10	1294.88	769.34	3.3478	3.0713
5450028067	1335.75	707.11	1351.24	663.20	3.3808	3.0413
5450036400	1354.68	644.25	1348.39	637.85	3.3145	3.0475
5450044734	1349.18	673.84	1334.01	635.64	3.3653	3.0253
5450053066	1347.48	652.28	1339.55	623.95	3.3080	3.0165
5450061400	1357.31	651.72	1352.55	624.03	3.3153	3.0437
5450069733	1360.83	636.12	1356.39	609.24	3.3178	3.0210
5450078066	1368.09	667.80	1352.51	618.86	3.3683	3.0345
5450086400	1360.55	665.53	1351.41	630.44	3.3596	3.0285
5450094733	1366.80	664.46	1353.05	619.30	3.3513	3.0284
5450103066	1363.76	672.68	1354.56	629.24	3.3732	3.0280
5450111402	1367.68	679.77	1356.13	638.46	3.3932	3.0533
5450119735	1365.15	670.61	1351.97	630.64	3.3744	3.0326
5450128068	1359.91	654.23	1349.11	633.79	3.3399	3.0473
5450136403	1356.20	652.28	1354.82	638.49	3.3408	3.0406
5450144734	1364.69	658.90	1351.02	638.14	3.3610	3.0474
5450153067	1355.97	644.07	1354.41	630.33	3.3306	3.0284
5450161401	1365.84	663.37	1348.02	625.23	3.3818	3.0449
5450169735	1363.13	688.31	1360.75	634.17	3.4284	3.0568
5450178068	1365.94	680.33	1354.21	634.40	3.4238	3.0602
5450186401	1359.45	658.54	1355.19	633.32	3.3716	3.0633
5450194734	1361.63	684.19	1348.49	635.93	3.4259	3.0627
5450203068	1364.38	660.26	1352.48	628.96	3.3919	3.0458
5450211402	1367.00	675.62	1349.53	637.75	3.4084	3.0638
5450219735	1369.17	682.15	1353.63	630.48	3.4331	3.0616
5450228067	1363.99	675.84	1357.28	631.16	3.4428	3.0657
5450236400	1366.29	668.49	1352.98	634.98	3.4175	3.0785
5450244740	1364.79	676.17	1349.14	633.05	3.4558	3.0624
5450253073	1367.84	675.69	1348.52	631.61	3.4302	3.0488
5450261407	1363.57	685.31	1351.57	623.73	3.4675	3.0661
5450269740	1362.06	672.92	1358.31	635.17	3.4385	3.0615
5450278073	1370.71	674.96	1357.41	623.40	3.4566	3.0507
5450286407	1365.97	678.75	1354.80	628.42	3.4667	3.0580
5450294740	1360.28	676.17	1354.22	622.60	3.4568	3.0684
5450303073	1358.44	679.66	1358.07	626.92	3.4630	3.0518
5450311406	1360.70	684.56	1353.31	624.87	3.4727	3.0364
5450319738	1374.40	701.34	1358.52	629.92	3.4961	3.0312
5450328072	1429.48	717.62	1408.98	670.46	3.4688	3.0601
5450336406	1399.89	722.98	1387.65	654.30	3.4548	2.9981
5450344739	1380.70	714.25	1375.67	656.60	3.4768	3.0289
5450353072	1397.26	714.99	1384.59	661.79	3.4522	3.0312
5450361405	1397.50	719.32	1389.51	660.38	3.4803	3.0071
5450369744	1402.34	727.16	1388.80	657.62	3.4783	3.0134
5450378077	1394.18	724.46	1382.49	667.45	3.4785	3.0257
5450386410	1392.13	709.60	1383.02	672.85	3.4461	3.0424
5450394743	1391.20	722.47	1389.07	672.39	3.4546	3.0215
5450403076	1395.72	720.30	1383.09	665.84	3.4580	3.0072
5450411410	1394.30	730.94	1385.18	672.81	3.4604	3.0278
5450419743	1391.93	719.69	1385.86	668.98	3.4556	3.0165
5450428076	1395.84	718.40	1388.65	675.73	3.4508	3.0222
5450436409	1390.82	720.86	1385.39	677.03	3.4610	3.0347
5450444742	1391.38	730.09	1390.38	666.18	3.4619	3.0213
5450453076	1392.81	730.45	1395.46	655.64	3.4499	2.9918
5450461409	1392.04	723.89	1398.93	653.82	3.4459	2.9856
5450469743	1391.70	708.96	1393.61	647.00	3.4236	2.9791
5450478075	1386.16	717.29	1392.62	657.29	3.4483	2.9901
5450486408	1386.53	714.45	1393.93	652.98	3.4179	2.9803
5450494742	1387.17	724.43	1396.64	651.78	3.4510	2.9832
5450503080	1388.08	729.31	1402.22	651.76	3.4483	2.9766
5450511413	1387.29	725.07	1393.78	652.71	3.4412	2.9782
5450519747	1382.08	705.25	1389.51	673.26	3.4141	2.9907
5450528080	1390.17	711.79	1383.08	655.15	3.3835	2.9516
5450536413	1374.48	735.27	1372.32	669.23	3.4253	2.9812
5450544747	1383.82	727.29	1387.14	667.30	3.4355	2.9874
5450553080	1381.25	728.23	1382.74	662.28	3.4438	2.9731
5450561413	1373.78	720.85	1392.13	672.12	3.3959	2.9903
5450569745	1372.25	697.43	1380.29	669.91	3.3779	2.9970
5450578079	1362.30	676.73	1378.81	665.27	3.3180	2.9908
5450586412	1377.16	726.87	1382.95	668.96	3.4359	2.9795
5450594746	1379.68	729.87	1374.41	670.99	3.4250	2.9612
5450603079	1370.61	715.47	1387.08	672.57	3.4002	2.9913
5450611412	1379.67	726.05	1377.08	682.77	3.3927	2.9775
5450619746	1385.61	730.65	1379.23	677.14	3.4179	2.9829
5450628079	1386.64	731.35	1377.06	673.36	3.4203	2.9704
5450636415	1388.39	750.97	1389.95	694.40	3.3908	2.9731
5450644749	1398.38	781.59	1391.22	697.62	3.3946	2.9464
5450653081	1422.17	818.08	1413.31	705.07	3.3397	2.9300
5450661414	1413.02	965.64	1414.45	699.86	3.2107	2.8776
5450669748	NaN	NaN	1433.81	784.17	NaN	2.8510
5450678081	NaN	NaN	1447.03	923.62	NaN	2.8798
5450686423	NaN	NaN	1483.48	929.80	NaN	2.6872
5450694747	NaN	NaN	1512.05	1008.57	NaN	2.6489
5450703089	NaN	NaN	NaN	NaN	NaN	NaN
5450711414	NaN	NaN	NaN	NaN	NaN	NaN
5450719756	NaN	NaN	NaN	NaN	NaN	NaN
5450728081	NaN	NaN	1553.49	1100.85	NaN	2.4580
5450736421	NaN	NaN	NaN	NaN	NaN	NaN
5450744755	NaN	NaN	NaN	NaN	NaN	NaN
5450753079	1554.21	1415.79	1612.94	1080.70	1.4165	2.8350
5450761426	1711.68	1128.59	1615.07	1012.58	2.5384	2.8990
5450769759	1438.11	1046.76	1617.59	939.90	2.6932	2.8623
5450778083	1484.57	1024.89	1602.54	910.50	2.8343	2.8741
5450786417	1598.16	976.02	1569.42	881.00	3.1365	2.9017
5450794752	1587.84	908.48	1587.05	878.65	3.2469	2.9073
5450803084	1589.94	880.26	1575.97	899.59	3.2815	2.9648
5450811418	1587.29	876.86	1590.21	879.57	3.2663	2.9312
5450819751	1591.96	881.41	1587.87	890.32	3.2614	2.9568
5450828084	1591.19	879.51	1582.91	880.17	3.2890	2.9498
5450836417	1593.21	875.26	1580.91	902.12	3.2975	2.9873
5450844751	1593.05	870.70	1579.76	908.29	3.3210	3.0194
5450853084	1594.47	870.96	1588.10	888.63	3.3042	2.9813
5450861417	1586.37	872.17	1583.16	876.46	3.3199	2.9664
5450869751	1580.68	866.91	1581.56	886.39	3.3100	2.9978
5450878084	1587.34	853.97	1588.89	887.04	3.3148	2.9996
5450886417	1586.34	845.21	1585.84	881.98	3.2997	2.9966
5450894756	1586.95	854.22	1587.09	885.09	3.3185	3.0209
5450903088	1589.17	846.96	1584.49	879.54	3.3306	3.0018
5450911421	1583.99	846.01	1579.92	865.72	3.3278	2.9985
5450919754	1586.85	845.01	1596.48	847.44	3.3415	2.9841
5450928087	1587.12	840.31	1595.36	874.47	3.3277	3.0328
5450936421	1590.10	851.57	1595.65	844.67	3.3466	2.9870
5450944754	1587.72	861.43	1596.36	858.90	3.3607	3.0110
5450953087	1585.77	855.52	1588.51	861.62	3.3634	3.0166
5450961421	1587.11	850.01	1589.46	857.59	3.3342	3.0145
5450969754	1592.25	843.53	1600.04	843.43	3.3349	2.9922
5450978088	1586.59	842.59	1595.79	860.54	3.3332	3.0278
5450986421	1584.55	850.83	1595.42	850.30	3.3460	2.9993
5450994753	1585.23	848.16	1601.22	823.81	3.3285	2.9603
5451003086	1582.28	836.20	1599.50	867.32	3.3193	3.0338
5451011420	1590.65	848.33	1599.44	834.87	3.3335	2.9767
5451019753	1585.53	848.75	1607.28	825.46	3.3246	2.9444
5451028093	1585.46	846.81	1600.10	834.85	3.3106	2.9784
5451036426	1587.04	852.94	1597.92	844.18	3.3336	2.9839
5451044759	1592.08	852.34	1595.64	842.65	3.3204	2.9763
5451053093	1588.87	850.62	1600.48	842.25	3.3138	2.9831
5451061426	1588.59	848.95	1600.52	846.56	3.3065	2.9928
5451069759	1591.18	848.98	1599.32	834.86	3.3289	2.9724
5451078091	1588.04	842.99	1594.76	846.86	3.3005	2.9719
5451086425	1587.90	854.04	1593.21	851.54	3.3218	2.9672
5451094758	1591.98	850.47	1602.89	850.10	3.3079	2.9642
5451103091	1591.39	848.11	1593.35	852.72	3.3002	2.9578
5451111425	1584.68	849.56	1599.43	838.48	3.2800	2.9519
5451119758	1589.63	848.91	1594.75	852.90	3.2858	2.9762
5451128092	1589.25	843.46	1591.12	855.40	3.2904	2.9771
5451136425	1526.74	811.22	1536.00	760.92	3.3291	2.9140
5451144758	1500.72	777.05	1524.62	739.48	3.2707	2.9129
5451153091	1536.78	824.97	1542.20	764.37	3.2978	2.9232
5451161427	1529.18	810.85	1540.02	771.23	3.2835	2.9446
5451169761	1519.64	805.17	1531.56	770.65	3.2833	2.9431
5451178094	1516.95	802.32	1533.89	760.25	3.2765	2.9269
5451186428	1518.29	804.03	1534.12	772.72	3.2823	2.9597
5451194761	1515.67	810.92	1533.14	771.18	3.3092	2.9192
5451203094	1519.55	802.27	1529.95	765.10	3.2840	2.9251
5451211428	1517.04	802.57	1539.51	771.22	3.2969	2.9440
5451219761	1515.47	789.45	1532.46	747.82	3.2604	2.9012
5451228095	1523.64	800.66	1528.54	754.75	3.2846	2.9116
5451236428	1518.37	789.65	1533.70	750.54	3.2558	2.9053
5451244760	1520.56	798.37	1536.62	767.05	3.2771	2.9239
5451253093	1514.47	791.66	1530.86	762.83	3.2693	2.9331
5451261426	1519.16	793.84	1520.65	764.12	3.2693	2.9520
5451269760	1522.51	799.66	1521.75	760.27	3.2908	2.9244
5451278094	1517.65	785.36	1531.55	763.74	3.2616	2.9205
5451286431	1514.77	821.29	1528.47	749.74	3.3105	2.9072
5451294765	1518.10	794.30	1523.61	761.69	3.2558	2.9083
5451303098	1512.53	778.47	1521.89	761.10	3.2492	2.9003
5451311432	1516.97	805.21	1525.87	767.96	3.2860	2.9270
5451319765	1511.46	800.07	1519.81	761.17	3.2717	2.9303
5451328097	1519.91	800.81	1524.69	762.29	3.2654	2.8969
5451336431	1515.47	817.88	1513.95	749.72	3.2989	2.8805
