t	gaze_point_LX	gaze_point_LY	gaze_point_RX	gaze_point_RY	pupil_diameter_L	pupil_diameter_R
5210780675	1326.30	753.96	1304.41	689.78	3.3590	2.9676
5210789007	1343.27	750.47	1320.57	696.71	3.3686	3.0065
5210797341	1314.59	738.74	1293.98	664.47	3.3516	2.9891
5210805674	1319.48	746.73	1294.38	661.91	3.3886	2.9869
5210814008	1315.12	746.54	1296.57	667.95	3.3775	2.9869
5210822341	1321.49	741.84	1305.13	668.94	3.3805	2.9859
5210830674	1317.23	747.00	1298.02	664.92	3.3798	2.9871
5210839008	1315.50	739.81	1289.88	679.40	3.3624	3.0005
5210847340	1323.66	745.30	1304.28	674.13	3.3833	2.9907
5210855674	1314.59	728.29	1299.93	674.68	3.3513	3.0059
5210864016	1322.67	743.73	1296.82	666.80	3.3855	2.9883
5210872348	1317.07	745.39	1296.14	673.10	3.3810	2.9781
5210880673	1316.98	741.90	1295.98	670.50	3.3670	2.9772
5210889015	1319.69	743.61	1297.64	672.42	3.3585	2.9803
5210897345	1317.39	735.54	1296.04	678.20	3.3553	2.9892
5210905678	1314.40	724.53	1297.30	668.57	3.3507	2.9817
5210914011	1313.09	744.02	1290.76	669.38	3.3585	2.9951
5210922345	1328.02	747.20	1300.48	673.03	3.3778	2.9821
5210930678	1318.13	743.06	1298.21	665.71	3.3636	2.9691
5210939012	1316.35	734.90	1297.56	669.87	3.3613	2.9861
5210947345	1321.63	746.86	1293.52	672.35	3.3798	2.9822
5210955677	1312.13	732.02	1303.31	670.03	3.3451	2.9805
5210964010	1315.78	738.88	1305.01	672.96	3.3732	2.9689
5210972352	1314.68	729.48	1299.75	674.22	3.3357	2.9825
5210980677	1314.51	742.92	1297.46	664.29	3.3710	2.9543
5210989010	1311.80	742.55	1298.74	671.66	3.3604	2.9682
5210997343	1312.64	734.97	1297.01	673.31	3.3372	2.9856
5211005686	1313.08	733.10	1295.74	676.45	3.3489	2.9809
5211014010	1317.96	726.56	1305.18	670.23	3.3404	2.9861
5211022344	1298.45	739.76	1289.25	671.48	3.3566	2.9695
5211030682	1279.23	729.03	1264.66	681.03	3.3377	2.9774
5211039014	1305.27	728.53	1294.76	681.65	3.3441	2.9844
5211047348	1293.00	737.88	1282.08	679.71	3.3670	2.9867
5211055680	1305.12	730.00	1281.88	683.99	3.3454	2.9885
5211064014	1295.13	747.47	1280.08	677.96	3.3902	2.9629
5211072348	1299.44	744.85	1277.72	685.57	3.3637	2.9776
5211080680	1297.58	723.68	1288.13	685.28	3.3288	2.9945
5211089014	1295.25	734.51	1276.37	680.28	3.3569	2.9737
5211097347	1303.67	727.42	1283.88	688.19	3.3247	2.9827
5211105681	1301.08	735.16	1283.85	676.46	3.3334	2.9687
5211114014	1300.01	745.10	1279.53	672.65	3.3569	2.9566
5211122346	1302.23	751.94	1279.32	676.27	3.3506	2.9686
5211130680	1302.97	746.97	1283.72	674.88	3.3636	2.9531
5211139013	1297.96	730.53	1284.65	678.54	3.3242	2.9624
5211147347	1294.37	740.43	1286.91	676.10	3.3367	2.9634
5211155685	1299.83	743.54	1280.41	675.11	3.3667	2.9826
5211164018	1300.88	738.12	1280.86	679.08	3.3373	2.9562
5211172352	1297.36	724.48	1280.75	679.72	3.3176	2.9788
5211180685	1291.55	737.31	1279.20	682.14	3.3450	3.0077
5211189018	1296.41	747.90	1275.05	680.35	3.3596	2.9817
5211197352	1292.83	741.84	1280.26	678.45	3.3540	2.9784
5211205683	1303.36	738.87	1277.98	681.52	3.3335	2.9868
5211214026	1292.84	726.69	1272.72	685.01	3.3072	2.9744
5211222359	1295.11	748.44	1271.50	681.60	3.3610	2.9798
5211230684	1297.92	735.33	1274.25	680.50	3.3444	2.9806
5211239017	1296.71	714.61	1277.03	688.02	3.3230	2.9942
5211247350	1286.91	693.71	1275.85	680.19	3.2838	2.9741
5211255684	1287.10	729.82	1276.28	679.81	3.3302	2.9491
5211264017	1285.01	693.87	1282.25	682.78	3.2868	2.9710
5211272352	1298.24	736.66	1275.12	683.43	3.3535	2.9822
5211280684	1290.05	721.93	1276.63	683.96	3.3208	2.9728
5211289023	1291.73	733.33	1282.45	668.22	3.3456	2.9444
5211297355	1284.99	728.01	1275.62	678.40	3.3226	2.9599
5211305688	1296.84	738.43	1279.57	664.42	3.3537	2.9426
5211314030	1296.83	724.29	1277.36	653.78	3.3260	2.9374
5211322355	1292.40	731.47	1281.55	672.09	3.3514	2.9711
5211330687	1294.12	744.94	1279.55	667.85	3.3760	2.9452
5211339021	1293.60	733.75	1280.63	678.65	3.3260	2.9893
5211347354	1290.93	734.10	1276.01	679.42	3.3325	2.9701
5211355688	1293.99	737.92	1278.60	684.89	3.3524	2.9721
5211364021	1287.36	720.62	1273.24	676.79	3.3302	2.9678
5211372354	1289.67	730.30	1267.17	672.64	3.3595	2.9743
5211380687	1294.39	735.73	1278.77	672.98	3.3555	2.9860
5211389020	1298.85	734.62	1286.11	677.51	3.3546	2.9916
5211397354	1281.83	726.22	1275.28	687.49	3.3445	2.9963
5211405687	1291.24	723.63	1272.40	675.77	3.3430	2.9572
5211414020	1290.88	730.03	1274.80	679.12	3.3390	2.9591
5211422358	1286.44	721.41	1279.54	684.81	3.3341	2.9575
5211430690	1295.53	736.89	1279.62	689.23	3.3629	2.9872
5211439025	1300.59	751.24	1277.44	689.28	3.3855	2.9915
5211447359	1295.01	729.93	1279.13	687.27	3.3573	2.9809
5211455691	1291.79	732.38	1274.78	680.63	3.3359	2.9695
5211464023	1297.18	736.29	1282.11	664.72	3.3869	2.9586
5211472357	1288.68	716.28	1272.19	655.69	3.3389	2.9375
5211480690	1295.49	725.50	1270.72	670.65	3.3454	2.9789
5211489023	1293.09	740.88	1276.66	675.58	3.3720	2.9641
5211497356	1288.19	725.88	1272.71	671.78	3.3454	2.9619
5211505690	1288.35	732.60	1275.68	670.98	3.3540	2.9723
5211514023	1286.61	717.99	1273.60	675.81	3.3196	2.9745
5211522356	1291.74	714.89	1276.76	668.03	3.3268	2.9641
5211530690	1287.74	725.91	1272.33	677.76	3.3468	2.9727
5211539023	1294.20	742.10	1272.25	676.75	3.3504	2.9870
5211547355	1292.61	739.35	1276.03	683.50	3.3559	2.9778
5211555694	1284.51	741.89	1274.76	684.66	3.3711	2.9825
5211564028	1287.66	738.86	1271.91	686.55	3.3423	2.9724
5211572361	1287.53	750.71	1285.15	675.20	3.3665	2.9521
5211580693	1288.26	741.00	1274.07	667.56	3.3335	2.9231
5211589027	1292.74	737.01	1280.07	674.80	3.3450	2.9447
5211597360	1286.41	740.93	1275.35	672.71	3.3472	2.9169
5211605694	1209.74	775.18	1207.70	695.41	3.3494	2.9226
5211614027	1168.99	778.26	1166.74	719.15	3.2859	2.8993
5211622360	1226.33	776.42	1223.85	729.70	3.2730	2.9443
5211630693	1206.60	770.93	1201.02	709.17	3.2853	2.9080
5211639026	1193.57	759.24	1192.19	727.35	3.2723	2.9180
5211647359	1206.01	779.63	1194.73	728.97	3.2816	2.9039
5211655693	1206.15	781.25	1194.14	721.12	3.2815	2.8714
5211664026	1204.78	773.91	1196.94	732.12	3.2516	2.8890
5211672359	1202.10	781.97	1196.24	739.82	3.2798	2.8980
5211680697	1202.38	774.09	1196.12	744.26	3.2671	2.9036
5211689031	1202.97	762.74	1191.70	735.54	3.2201	2.8934
5211697364	1208.19	773.29	1192.17	735.53	3.2411	2.8974
5211705697	1202.50	765.18	1195.97	725.39	3.2301	2.8781
5211714030	1187.18	730.12	1197.09	722.84	3.1674	2.8804
5211722363	1193.41	759.88	1196.48	723.38	3.2093	2.8681
5211730697	1200.73	776.70	1197.97	726.14	3.2453	2.8859
5211739030	1192.70	739.44	1196.02	719.91	3.1536	2.8627
5211747363	1193.02	772.14	1199.13	725.77	3.2289	2.8605
5211755697	1200.70	752.97	1191.81	722.38	3.2133	2.8856
5211764029	1199.37	732.25	1195.39	737.24	3.1812	2.8879
5211772363	1204.63	743.94	1192.19	721.23	3.1902	2.8648
5211780697	1210.06	778.38	1195.42	727.38	3.2489	2.8670
5211789029	1195.31	746.13	1188.03	725.47	3.1708	2.8871
5211797362	1195.88	764.43	1190.43	716.86	3.2263	2.8443
5211805695	1212.70	783.68	1192.74	722.51	3.2591	2.8638
5211814034	1158.67	809.83	1143.63	763.38	3.2622	2.9207
5211822367	1076.59	864.11	1080.16	839.82	3.2721	2.9471
5211830700	1081.74	899.06	1093.98	894.77	3.2656	2.9544
5211839034	1101.13	912.37	1100.42	891.63	3.2926	2.9575
5211847367	1081.24	877.77	1105.13	848.00	3.2701	2.9104
5211855701	1081.04	901.65	1095.65	842.63	3.2923	2.8772
5211864042	1074.71	899.42	1087.66	858.36	3.2739	2.9276
5211872367	1075.89	903.40	1088.91	867.41	3.2803	2.9372
5211880709	1079.10	900.86	1081.03	881.16	3.2610	2.9728
5211889041	1081.98	909.57	1087.52	863.58	3.3044	2.9537
5211897375	1079.97	904.06	1078.94	883.04	3.2982	2.9735
5211905708	1080.53	907.18	1081.88	897.48	3.3005	3.0072
5211914041	1074.85	904.91	1081.64	886.81	3.2955	2.9818
5211922375	1077.39	908.51	1082.88	891.83	3.3221	2.9988
5211930699	1069.55	899.27	1087.28	889.59	3.2977	2.9871
5211939041	1069.83	902.20	1085.23	888.78	3.2985	2.9873
5211947379	1071.19	908.26	1084.16	901.91	3.3183	3.0130
5211955703	1078.05	909.99	1085.53	889.84	3.3376	3.0034
5211964037	1079.43	911.40	1083.01	884.29	3.3303	2.9904
5211972369	1078.44	909.27	1087.01	912.96	3.3326	3.0395
5211980702	1079.95	907.78	1088.11	906.92	3.3495	3.0361
5211989044	1072.29	898.87	1089.67	893.23	3.3450	3.0223
5211997369	1076.45	911.42	1085.55	900.01	3.3400	3.0248
5212005711	1075.31	908.36	1087.61	900.28	3.3589	3.0329
5212014035	1078.09	916.22	1093.05	889.25	3.3594	3.0205
5212022378	1084.24	913.62	1082.94	897.90	3.3615	3.0620
5212030711	1076.84	915.58	1085.41	896.84	3.3870	3.0467
5212039044	1083.37	920.24	1088.25	897.87	3.3898	3.0688
5212047378	1071.91	912.19	1094.88	896.12	3.3775	3.0735
5212055709	1084.15	921.81	1084.88	912.39	3.3968	3.1021
5212064035	1083.69	921.20	1083.37	893.80	3.4111	3.0824
5212072368	1083.35	921.48	1087.37	896.24	3.4100	3.0828
5212080706	1080.61	923.29	1083.07	895.06	3.4040	3.0851
5212089048	1081.22	914.54	1084.33	897.49	3.4108	3.0886
5212097373	1086.81	920.70	1084.43	898.41	3.4263	3.1151
5212105706	1079.00	915.18	1083.27	898.64	3.4054	3.1109
5212114040	1086.20	917.73	1090.96	901.32	3.4312	3.1159
5212122373	1092.59	926.26	1086.93	902.71	3.4543	3.1263
5212130706	1085.20	922.18	1080.24	889.38	3.4328	3.1255
5212139038	1086.17	926.36	1087.17	891.16	3.4511	3.1267
5212147372	1087.43	921.36	1079.25	894.40	3.4379	3.1421
5212155705	1089.06	920.79	1084.59	897.03	3.4547	3.1453
5212164038	1092.91	921.98	1089.88	908.98	3.4839	3.1623
5212172372	1092.92	926.09	1088.71	895.36	3.4745	3.1539
5212180705	1090.64	928.88	1082.59	896.33	3.5032	3.1615
5212189039	1089.45	929.66	1083.48	886.56	3.4912	3.1484
5212197372	1083.32	928.27	1096.26	899.49	3.4837	3.1757
5212205709	1088.81	932.64	1084.27	899.36	3.5078	3.1845
5212214043	1084.73	928.02	1083.38	905.45	3.4937	3.1900
5212222375	1087.19	931.95	1083.29	902.30	3.5140	3.1914
5212230708	1082.33	931.52	1088.34	908.62	3.5095	3.1922
5212239042	1084.36	926.18	1083.02	917.58	3.5001	3.2067
5212247374	1092.05	932.56	1089.36	930.95	3.5251	3.2088
5212255708	1090.87	928.94	1090.40	909.17	3.5327	3.2006
5212264041	1094.20	932.71	1094.34	913.84	3.5292	3.2091
5212272375	1089.13	938.37	1089.38	923.10	3.5505	3.2277
5212280708	1088.91	924.70	1089.27	933.41	3.5340	3.2315
5212289041	1086.68	931.70	1095.81	915.89	3.5423	3.2343
5212297375	1095.92	935.22	1099.10	913.91	3.5627	3.2217
5212305707	1091.99	934.44	1095.52	921.03	3.5554	3.2483
5212314041	1089.80	943.33	1100.34	921.33	3.5673	3.2597
5212322374	1091.67	943.28	1098.01	912.40	3.5651	3.2544
5212330707	1093.00	938.35	1094.77	907.39	3.5763	3.2573
5212339046	1090.33	941.32	1097.99	916.23	3.5758	3.2826
5212347378	1093.15	943.82	1092.32	918.82	3.5943	3.2756
5212355712	1094.37	942.98	1100.84	913.15	3.6078	3.2670
5212364046	1088.42	942.74	1102.09	912.34	3.5742	3.2657
5212372378	1094.27	948.43	1100.28	923.74	3.6132	3.2902
5212380712	1084.08	950.62	1100.70	919.27	3.5984	3.2908
5212389045	1082.14	944.06	1094.81	926.10	3.6077	3.3029
5212397378	1089.69	947.84	1099.98	921.41	3.6173	3.2856
5212405711	1087.66	947.04	1103.34	917.44	3.6247	3.2921
5212414044	1086.52	949.22	1103.88	910.99	3.6202	3.2802
5212422377	1083.40	942.59	1099.91	919.40	3.6133	3.2948
5212430711	1087.81	951.67	1107.63	917.58	3.6233	3.3016
5212439045	1091.53	950.54	1106.36	927.95	3.6494	3.3114
5212447378	1089.72	949.15	1101.94	909.50	3.6506	3.2910
5212455711	1075.90	942.08	1120.17	922.49	3.6557	3.3195
5212464044	1204.27	947.86	1232.64	930.97	3.6434	3.3407
5212472382	1294.93	950.79	1292.77	936.64	3.6460	3.3479
5212480715	1293.49	949.52	1299.92	939.69	3.6873	3.3291
5212489049	1273.02	950.71	1285.12	957.13	3.6662	3.3513
5212497381	1281.87	948.94	1285.84	937.11	3.6857	3.3083
5212505715	1306.93	953.75	1300.80	938.71	3.6698	3.3186
5212514048	1303.03	956.28	1300.28	948.42	3.6848	3.3422
5212522382	1303.15	956.13	1301.33	949.46	3.6814	3.3263
5212530715	1303.84	956.65	1300.63	952.28	3.6898	3.3400
5212539048	1300.72	949.77	1313.38	950.72	3.6845	3.3419
5212547381	1302.23	950.03	1301.25	952.37	3.7025	3.3181
5212555715	1299.00	948.54	1301.01	952.84	3.6905	3.3217
5212564047	1303.97	946.48	1295.85	944.77	3.6849	3.3089
5212572381	1299.01	957.81	1302.16	955.05	3.6959	3.3351
5212580714	1297.94	947.11	1300.08	959.24	3.6887	3.3454
5212589047	1293.65	947.72	1302.94	956.43	3.6891	3.3267
5212597380	1295.90	955.73	1297.94	941.62	3.6971	3.3148
5212605718	1292.82	948.33	1306.57	953.62	3.7036	3.3378
5212614051	1293.54	949.10	1305.96	956.02	3.7032	3.3511
5212622384	1290.43	953.18	1307.46	947.38	3.7025	3.3074
5212630718	1288.14	951.26	1313.89	946.17	3.7092	3.3132
5212639051	1289.80	942.85	1303.49	966.81	3.6940	3.3466
5212647384	1289.49	950.71	1299.79	950.24	3.7080	3.3220
5212655717	1294.45	947.46	1300.84	939.69	3.7111	3.3034
5212664050	1294.65	949.05	1305.39	954.21	3.7083	3.3185
5212672383	1293.11	948.67	1308.17	943.88	3.7069	3.3065
5212680717	1298.28	954.67	1310.70	953.02	3.6992	3.3043
5212689050	1289.59	954.35	1299.55	948.64	3.7120	3.3105
5212697384	1291.73	954.41	1306.11	957.36	3.7137	3.3321
5212705717	1294.01	953.70	1306.71	953.94	3.7172	3.3024
5212714050	1326.71	953.39	1333.30	963.63	3.7168	3.3298
5212722383	1446.70	975.96	1458.70	975.07	3.7009	3.3472
5212730722	1499.97	985.56	1486.22	971.29	3.7158	3.3352
5212739055	1433.33	962.96	1421.25	970.39	3.7090	3.3259
5212747388	1436.76	962.49	1432.66	984.39	3.7108	3.3345
5212755722	1453.40	975.42	1445.50	979.16	3.7182	3.3258
5212764055	1463.39	981.62	1442.51	977.02	3.7202	3.3376
5212772389	1468.28	982.79	1441.34	981.29	3.7210	3.3346
5212780722	1461.25	977.54	1444.58	984.80	3.7267	3.3393
5212789055	1461.23	981.17	1447.78	984.52	3.7204	3.3283
5212797388	1466.88	981.64	1446.95	983.58	3.7308	3.3398
5212805722	1463.33	976.06	1438.43	990.60	3.7262	3.3471
5212814054	1460.60	978.78	1446.26	984.09	3.7270	3.3323
5212822388	1460.93	979.90	1451.76	980.61	3.7038	3.3385
5212830721	1459.65	972.70	1443.07	986.07	3.7229	3.3432
5212839054	1460.21	975.24	1453.59	984.08	3.7152	3.3361
5212847387	1464.45	980.08	1454.72	990.58	3.7262	3.3399
5212855721	1465.36	986.53	1446.52	981.79	3.7366	3.3495
5212864058	1457.44	976.10	1453.31	991.39	3.7164	3.3336
5212872391	1468.04	981.95	1447.99	992.89	3.7345	3.3705
5212880724	1464.62	984.77	1452.79	985.90	3.7235	3.3405
5212889058	1463.81	974.85	1461.72	986.58	3.7071	3.3333
5212897392	1461.24	976.29	1455.14	984.21	3.7232	3.3269
5212905724	1463.73	986.69	1458.55	984.45	3.7365	3.3255
5212914057	1468.60	984.90	1457.71	982.37	3.7286	3.3256
5212922390	1466.99	988.32	1458.95	990.00	3.7229	3.3316
5212930723	1460.07	981.06	1455.07	989.50	3.7131	3.3421
5212939057	1461.28	980.00	1460.93	986.03	3.7048	3.3206
5212947391	1458.73	977.17	1456.40	982.51	3.7053	3.3056
5212955723	1459.23	982.50	1458.98	976.83	3.7089	3.3029
5212964057	1465.46	982.87	1464.22	978.51	3.7094	3.2952
5212972390	1464.82	983.66	1463.49	984.93	3.7114	3.2910
5212980724	1466.93	980.30	1462.45	979.33	3.6921	3.2784
5212989056	1463.99	982.29	1455.97	986.96	3.6893	3.2866
5212997394	1462.10	978.53	1450.03	1003.38	3.6872	3.3228
5213005727	1468.96	989.37	1454.42	981.40	3.7066	3.2699
5213014061	1469.62	986.83	1453.67	986.37	3.7043	3.2740
5213022394	1522.52	954.19	1519.53	968.77	3.6578	3.2570
5213030728	1600.99	915.12	1594.46	925.50	3.6698	3.2597
5213039061	1603.88	880.69	1581.36	893.42	3.6508	3.2498
5213047395	1577.35	886.02	1567.90	918.25	3.6496	3.2293
5213055727	1589.78	902.96	1572.67	928.83	3.6554	3.2544
5213064061	1597.04	888.16	1585.94	913.02	3.6275	3.2393
5213072393	1601.80	889.51	1591.16	916.98	3.6429	3.2359
5213080726	1600.66	895.40	1585.85	906.97	3.6590	3.2055
5213089060	1598.19	898.12	1582.62	907.63	3.6407	3.2151
5213097393	1599.51	892.72	1584.03	917.27	3.6374	3.2191
5213105727	1597.27	891.14	1588.06	918.66	3.6248	3.2083
5213114060	1605.93	887.63	1581.14	923.30	3.5974	3.2244
5213122396	1606.05	897.66	1579.74	923.24	3.6192	3.2097
5213130729	1602.38	887.13	1587.92	918.90	3.6055	3.2018
5213139063	1600.35	888.26	1583.25	916.17	3.5965	3.1954
5213147396	1595.20	902.53	1582.07	919.34	3.6120	3.2025
5213155729	1602.64	889.86	1585.84	911.78	3.5817	3.1857
5213164062	1598.62	890.94	1580.93	910.09	3.5829	3.1747
5213172395	1601.45	892.79	1591.91	904.32	3.5934	3.1675
5213180728	1600.31	891.83	1585.80	915.66	3.5793	3.1829
5213189062	1597.58	892.05	1581.46	908.51	3.5804	3.1618
5213197395	1594.15	892.92	1589.44	908.21	3.5778	3.1679
5213205728	1594.70	891.39	1587.48	914.54	3.5563	3.1781
5213214062	1596.82	887.39	1593.05	904.90	3.5701	3.1461
5213222395	1596.46	893.73	1586.09	895.08	3.5616	3.1471
5213230729	1582.82	804.57	1596.23	776.37	3.5597	3.0801
5213239061	1555.22	695.99	1589.17	633.46	3.5779	3.0799
5213247394	1569.14	662.20	1567.58	627.90	3.5943	3.0912
5213255734	1564.20	637.57	1565.61	640.86	3.5355	3.0739
5213264069	1568.77	672.74	1568.95	642.56	3.5958	3.0764
5213272401	1575.72	635.53	1571.36	624.62	3.5219	3.0644
5213280736	1568.80	630.94	1567.59	621.51	3.5572	3.0885
5213289068	1570.80	631.85	1567.57	617.91	3.5313	3.0807
5213297401	1576.37	659.55	1565.23	626.57	3.5716	3.0815
5213305735	1572.91	619.06	1560.38	622.86	3.4856	3.0665
5213314069	1568.48	653.18	1563.24	623.75	3.5435	3.0554
5213322400	1565.98	565.87	1563.55	617.48	3.3866	3.0423
5213330733	1572.31	564.01	1567.35	627.03	3.3635	3.0494
5213339066	1571.45	568.14	1557.77	622.34	3.3786	3.0442
5213347401	1569.12	654.25	1561.61	622.52	3.5282	3.0434
5213355735	1572.30	647.03	1562.87	621.65	3.4966	3.0458
5213364068	1568.17	651.96	1566.28	629.14	3.5089	3.0565
5213372400	1576.08	635.00	1561.16	625.16	3.4686	3.0206
5213380734	1569.74	668.49	1558.27	633.76	3.5259	3.0304
5213389070	1566.46	645.22	1554.07	627.44	3.4666	3.0234
5213397404	1565.70	650.27	1563.05	631.71	3.4707	3.0129
5213405737	1565.35	651.95	1558.70	628.59	3.4685	3.0169
5213414069	1574.30	652.02	1557.47	628.81	3.4701	3.0153
5213422403	1573.24	651.25	1557.62	629.70	3.4634	3.0050
5213430736	1571.85	645.06	1558.56	628.02	3.4382	3.0087
5213439070	1571.81	655.70	1563.05	630.76	3.4462	3.0029
5213447403	1575.40	654.81	1553.53	627.85	3.4565	2.9659
5213455736	1569.99	627.28	1557.83	632.52	3.4093	2.9808
5213464069	1568.78	644.30	1558.30	629.76	3.4260	2.9848
5213472403	1566.66	651.71	1559.16	628.26	3.4375	2.9937
5213480737	1564.86	645.85	1553.18	625.90	3.4307	2.9803
5213489070	1566.73	631.71	1555.62	621.96	3.4031	2.9696
5213497402	1565.41	650.13	1555.47	626.61	3.4155	2.9911
5213505735	1575.72	644.99	1552.32	625.97	3.4115	2.9779
5213514068	1567.64	654.92	1550.86	622.82	3.4265	2.9774
5213522407	1564.00	644.96	1554.83	619.73	3.3966	2.9657
5213530741	1568.40	649.84	1550.92	629.58	3.4009	2.9814
5213539073	1567.84	625.47	1554.32	630.42	3.3531	2.9821
5213547407	1569.79	611.19	1557.92	622.62	3.3257	2.9666
5213555740	1566.53	654.21	1557.04	630.69	3.4044	2.9793
5213564074	1567.01	635.00	1553.02	627.16	3.3858	2.9665
5213572407	1564.60	630.23	1555.57	627.86	3.3638	2.9658
5213580739	1565.90	650.37	1555.76	614.92	3.3938	2.9391
5213589072	1561.20	649.47	1555.94	618.52	3.3824	2.9389
5213597406	1567.65	646.48	1557.19	616.65	3.3903	2.9451
5213605739	1568.74	626.08	1553.04	619.46	3.3457	2.9611
5213614073	1563.51	656.17	1551.50	614.12	3.3997	2.9502
5213622406	1559.83	606.57	1561.78	612.47	3.3072	2.9637
5213630739	1562.11	623.48	1549.45	620.04	3.3286	2.9573
5213639072	1566.24	644.71	1546.11	615.37	3.3755	2.9538
5213647409	1561.05	635.84	1549.99	615.47	3.3558	2.9562
5213655742	1562.50	631.62	1556.08	615.21	3.3431	2.9800
5213664074	1564.61	650.01	1543.25	618.44	3.3806	2.9599
5213672408	1521.79	658.02	1519.06	629.16	3.3736	2.9827
5213680741	1444.90	646.17	1431.21	639.82	3.3283	2.9606
5213689075	1500.71	674.63	1471.15	643.64	3.3674	2.9929
5213697408	1494.34	654.92	1475.92	636.12	3.3313	3.0036
5213705741	1473.80	662.72	1463.25	643.88	3.3338	2.9944
5213714074	1469.44	659.48	1461.34	645.66	3.3545	2.9794
5213722408	1474.47	660.74	1454.11	653.41	3.3566	2.9924
5213730741	1482.53	673.94	1468.02	638.15	3.3777	2.9672
5213739074	1482.40	667.44	1460.95	640.91	3.3802	3.0002
5213747407	1481.22	656.12	1465.40	645.20	3.3414	2.9799
5213755740	1474.25	650.84	1463.01	637.98	3.3248	2.9775
5213764073	1478.78	677.59	1457.90	644.12	3.3909	2.9903
5213772407	1476.39	670.63	1468.00	638.45	3.3630	2.9645
5213780747	1475.80	671.83	1463.21	629.83	3.3784	2.9867
5213789080	1473.40	665.25	1462.79	626.59	3.3583	2.9664
5213797414	1472.95	648.76	1457.93	640.69	3.3190	3.0131
5213805747	1466.84	651.96	1463.13	639.36	3.3414	2.9918
5213814081	1474.80	660.30	1459.58	634.29	3.3389	2.9926
5213822414	1473.02	653.98	1460.82	635.86	3.3339	2.9871
5213830746	1471.88	666.52	1462.57	639.27	3.3651	2.9869
5213839079	1473.01	676.35	1457.19	643.53	3.3740	2.9934
5213847413	1470.39	675.53	1456.27	644.65	3.3558	2.9900
5213855746	1469.50	658.39	1463.59	633.77	3.3434	2.9789
5213864079	1468.29	652.14	1461.06	635.17	3.3209	2.9927
5213872412	1473.18	665.92	1458.11	638.61	3.3604	2.9815
5213880746	1472.57	641.60	1455.54	645.54	3.2951	3.0133
5213889079	1466.90	679.40	1452.11	641.64	3.3709	3.0000
5213897413	1471.19	678.21	1450.56	645.84	3.3894	3.0015
5213905746	1466.44	654.70	1453.96	641.79	3.3388	2.9972
5213914082	1467.94	643.79	1453.43	645.06	3.3172	3.0036
5213922415	1470.14	644.95	1457.03	639.34	3.3115	2.9935
5213930749	1467.33	675.34	1456.10	635.13	3.3649	2.9841
5213939083	1469.69	665.72	1455.62	644.29	3.3499	2.9804
5213947415	1463.58	632.20	1459.66	646.23	3.3005	2.9834
5213955749	1469.58	655.02	1461.59	643.36	3.3400	3.0012
5213964082	1470.95	658.46	1456.89	640.55	3.3336	2.9965
5213972415	1471.00	661.16	1455.46	642.03	3.3454	3.0043
5213980749	1472.43	646.24	1460.91	629.66	3.3272	2.9797
5213989082	1426.82	669.75	1423.10	638.73	3.3694	2.9988
5213997415	1298.87	662.10	1297.46	633.47	3.3331	2.9954
5214005748	1242.52	648.18	1244.94	636.11	3.3201	2.9888
5214014081	1211.76	643.78	1214.70	631.23	3.2819	3.0062
5214022415	1258.79	665.81	1251.71	629.94	3.3214	3.0022
5214030748	1228.72	635.91	1225.97	633.05	3.2626	3.0091
5214039081	1221.89	639.86	1209.04	643.36	3.2864	2.9973
5214047417	1219.64	638.35	1212.50	640.41	3.2744	3.0061
5214055751	1226.84	644.23	1216.31	645.55	3.2734	3.0034
5214064085	1223.07	639.58	1219.92	642.35	3.2640	3.0045
5214072417	1222.89	652.50	1214.67	647.97	3.3112	3.0203
5214080751	1227.41	633.77	1217.99	642.22	3.2583	3.0116
5214089083	1222.62	656.15	1218.39	643.45	3.3171	3.0069
5214097416	1228.05	657.15	1217.56	641.10	3.3165	3.0170
5214105750	1229.29	646.86	1216.55	646.83	3.3044	3.0306
5214114083	1225.26	658.15	1220.05	642.43	3.3253	3.0258
5214122416	1229.19	657.66	1219.03	632.65	3.3405	3.0167
5214130750	1220.95	643.34	1211.30	635.12	3.2973	3.0187
5214139083	1228.92	653.62	1219.05	641.11	3.3034	3.0404
5214147417	1238.48	674.33	1213.33	640.76	3.3593	3.0404
5214155750	1235.96	660.90	1219.67	642.09	3.3474	3.0390
5214164083	1221.88	660.92	1218.26	641.05	3.3386	3.0323
5214172420	1233.26	654.20	1211.42	639.13	3.3320	3.0294
5214180754	1231.14	670.43	1216.33	644.05	3.3511	3.0172
5214189087	1228.25	640.62	1223.68	647.87	3.2888	3.0389
5214197420	1237.85	662.88	1218.54	638.47	3.3465	3.0185
5214205754	1233.51	668.61	1219.18	640.50	3.3358	3.0389
5214214087	1230.53	659.40	1216.75	637.84	3.3501	3.0131
5214222420	1233.30	665.18	1219.87	642.75	3.3566	3.0322
5214230754	1231.35	664.11	1219.69	633.80	3.3424	3.0210
5214239087	1224.83	664.14	1216.33	641.12	3.3333	3.0138
5214247420	1237.28	675.07	1220.14	654.92	3.3555	3.0468
5214255753	1238.08	680.29	1215.70	649.50	3.3710	3.0262
5214264086	1231.58	659.29	1209.66	652.20	3.3341	3.0417
5214272420	1233.74	666.16	1213.23	658.30	3.3426	3.0626
5214280753	1226.21	663.42	1216.62	649.82	3.3405	3.0336
