t	gaze_point_LX	gaze_point_LY	gaze_point_RX	gaze_point_RY	pupil_diameter_L	pupil_diameter_R
1474216423856	1276.99	719.14	1286.99	737.74	2.9095	2.9812
1474216432188	1271.32	712.82	1285.25	732.02	2.8758	2.9724
1474216440522	1272.45	709.02	1284.72	724.16	2.8702	2.9730
1474216448855	1276.80	710.76	1286.21	728.34	2.8585	2.9715
1474216457188	1275.02	711.78	1283.35	720.29	2.8842	2.9634
1474216465522	1279.79	706.68	1290.61	725.64	2.8763	2.9680
1474216473855	1278.58	714.78	1291.08	726.40	2.8918	2.9652
1474216482188	1281.21	718.25	1296.62	722.94	2.9000	2.9736
1474216490521	1274.42	717.48	1297.33	721.87	2.8981	2.9479
1474216498855	1274.95	715.35	1290.86	716.66	2.8879	2.9511
1474216507190	1275.99	709.03	1294.88	724.65	2.8763	2.9507
1474216515523	1273.92	714.14	1299.19	714.60	2.8642	2.9390
1474216523857	1277.72	717.82	1291.68	723.92	2.8925	2.9494
1474216532189	1269.00	714.85	1293.38	722.28	2.8678	2.9364
1474216540522	1276.84	714.25	1291.48	725.75	2.8862	2.9418
1474216548857	1281.22	716.61	1300.18	739.87	2.8831	2.9558
1474216557189	1279.60	713.86	1296.07	742.00	2.8792	2.9814
1474216565523	1276.40	717.41	1299.21	741.69	2.8775	2.9639
1474216573856	1273.24	716.43	1300.61	737.07	2.8703	2.9705
1474216582189	1279.31	711.33	1298.42	738.13	2.8658	2.9526
1474216590522	1281.00	726.34	1297.51	733.89	2.8727	2.9524
1474216598856	1279.34	718.58	1299.38	725.32	2.8769	2.9258
1474216607189	1274.89	718.45	1300.11	733.50	2.8782	2.9654
1474216615522	1277.06	719.90	1295.76	733.68	2.8889	2.9533
1474216623856	1272.94	719.22	1301.72	736.53	2.8852	2.9543
1474216632189	1279.30	715.70	1299.17	724.64	2.8776	2.9611
1474216640527	1271.31	715.45	1295.24	729.71	2.8693	2.9519
1474216648860	1275.72	720.81	1294.13	724.03	2.8959	2.9505
1474216657193	1280.08	724.67	1292.85	714.74	2.8857	2.9391
1474216665526	1286.65	724.50	1300.94	723.73	2.8852	2.9498
1474216673860	1329.06	721.56	1341.57	752.06	2.9005	3.0053
1474216682193	1326.29	708.58	1359.69	735.20	2.8762	2.9502
1474216690526	1324.19	721.75	1356.19	739.20	2.8694	2.9199
1474216698860	1311.03	709.51	1354.64	735.78	2.8608	2.9498
1474216707193	1315.59	713.20	1348.54	727.58	2.8754	2.9350
1474216715526	1316.84	720.63	1353.05	729.41	2.8720	2.9323
1474216723859	1317.17	714.14	1346.19	740.22	2.8736	2.9506
1474216732192	1320.26	722.90	1350.89	735.64	2.8933	2.9400
1474216740525	1322.41	723.35	1353.41	736.70	2.8700	2.9538
1474216748858	1313.35	733.07	1355.55	742.37	2.8668	2.9615
1474216757192	1317.84	724.84	1357.66	738.15	2.8679	2.9364
1474216765525	1322.65	727.64	1359.99	737.94	2.8489	2.9418
1474216773864	1317.47	731.92	1354.46	743.91	2.8796	2.9512
1474216782197	1318.17	731.00	1353.92	739.89	2.8732	2.9514
1474216790530	1316.54	722.47	1356.26	735.40	2.8616	2.9379
1474216798862	1317.41	722.22	1356.60	738.69	2.8752	2.9438
1474216807196	1316.81	712.69	1354.57	733.84	2.8658	2.9319
1474216815529	1319.60	709.06	1351.87	735.15	2.8516	2.9489
1474216823862	1318.48	714.43	1358.33	736.76	2.8550	2.9320
1474216832196	1319.08	717.58	1353.31	730.32	2.8736	2.9409
1474216840529	1310.59	713.41	1350.58	738.55	2.8542	2.9516
1474216848862	1320.32	727.10	1354.16	734.22	2.8718	2.9324
1474216857196	1317.78	720.07	1354.51	743.02	2.8683	2.9254
1474216865528	1325.98	722.38	1358.02	738.92	2.8638	2.9254
1474216873861	1327.89	736.71	1345.96	735.84	2.8752	2.9347
1474216882195	1320.33	729.78	1359.54	736.50	2.8602	2.9123
1474216890528	1321.08	729.13	1356.10	737.34	2.8603	2.9176
1474216898861	1316.95	728.26	1355.05	740.92	2.8492	2.9250
1474216907200	1328.91	728.22	1359.41	740.21	2.8620	2.9074
1474216915533	1325.51	737.90	1352.53	737.83	2.8503	2.9337
1474216923866	1354.53	748.41	1376.41	758.70	2.8960	2.9394
1474216932200	1452.98	747.64	1457.26	788.74	2.8485	2.9460
1474216940532	1515.40	755.12	1538.10	779.82	2.8499	2.9675
1474216948865	1539.76	749.22	1555.00	780.44	2.8491	2.9584
1474216957199	1535.66	752.42	1549.38	791.12	2.8381	2.9453
1474216965532	1531.78	749.20	1562.33	789.63	2.7983	2.9530
1474216973865	1540.27	751.49	1558.35	782.30	2.8131	2.9397
1474216982199	1537.89	780.04	1556.55	791.47	2.8656	2.9434
1474216990532	1546.15	760.67	1555.71	792.45	2.7960	2.9739
1474216998866	1544.68	764.89	1551.68	793.70	2.8265	2.9468
1474217007199	1544.45	763.19	1557.23	793.60	2.8560	2.9453
1474217015531	1539.94	769.17	1553.36	792.84	2.8522	2.9621
1474217023864	1542.94	744.29	1552.51	787.38	2.8113	2.9509
1474217032202	1549.37	753.62	1554.22	790.19	2.8102	2.9535
1474217040535	1550.92	759.29	1547.72	790.69	2.8260	2.9436
1474217048868	1549.60	752.23	1549.15	792.74	2.8263	2.9545
1474217057202	1548.36	762.75	1552.69	790.92	2.8428	2.9692
1474217065534	1551.55	762.65	1555.74	792.14	2.8414	2.9692
1474217073867	1558.02	762.15	1545.93	787.02	2.8293	2.9512
1474217082201	1554.94	759.75	1551.57	785.98	2.8211	2.9556
1474217090533	1558.69	767.36	1553.09	789.56	2.8407	2.9613
1474217098867	1555.01	753.31	1544.42	790.93	2.8050	2.9527
1474217107201	1551.14	772.21	1551.06	789.13	2.8636	2.9411
1474217115533	1564.13	759.42	1548.51	783.89	2.8319	2.9581
1474217123867	1559.84	772.32	1550.90	791.62	2.8568	2.9643
1474217132200	1560.21	757.52	1551.02	782.65	2.7988	2.9306
1474217140534	1555.29	771.40	1551.41	793.21	2.8404	2.9525
1474217148867	1539.81	786.73	1555.25	798.27	2.8926	2.9517
1474217157200	1549.27	762.37	1549.97	788.60	2.8246	2.9496
1474217165538	1558.52	748.50	1551.61	799.71	2.7982	2.9566
1474217173871	1558.95	744.83	1547.59	798.67	2.7732	2.9707
1474217182205	1558.42	759.55	1552.89	790.20	2.8092	2.9529
1474217190538	1550.04	748.58	1552.51	792.71	2.7909	2.9567
1474217198870	1558.43	761.95	1543.70	794.88	2.8238	2.9547
1474217207205	1554.96	755.98	1551.04	794.33	2.8201	2.9491
1474217215538	1558.20	738.17	1554.20	798.77	2.7767	2.9531
1474217223870	1554.74	742.52	1542.80	797.02	2.7796	2.9635
1474217232203	1565.08	735.75	1548.33	800.49	2.7627	2.9425
1474217240536	1554.43	743.21	1544.56	792.11	2.7897	2.9380
1474217248869	1553.98	758.63	1546.77	801.09	2.8182	2.9593
1474217257203	1550.44	778.15	1546.67	797.20	2.8623	2.9335
1474217265536	1556.05	758.76	1546.03	791.08	2.8098	2.9305
1474217273869	1557.29	758.42	1544.34	794.27	2.8046	2.9413
1474217282202	1554.55	753.73	1551.00	799.31	2.7907	2.9550
1474217290536	1551.87	775.65	1542.90	795.01	2.8497	2.9293
1474217298873	1546.18	761.49	1545.61	788.11	2.8105	2.9440
1474217307207	1544.12	771.91	1543.36	795.22	2.8731	2.9478
1474217315540	1545.61	770.93	1540.65	788.59	2.8417	2.9386
1474217323873	1548.56	775.42	1546.29	795.32	2.8461	2.9405
1474217332206	1549.40	747.51	1546.33	791.31	2.7788	2.9260
1474217340541	1548.21	782.20	1539.76	798.05	2.8550	2.9488
1474217348873	1541.83	789.95	1546.55	790.97	2.8522	2.9350
1474217357207	1543.98	750.68	1541.10	789.13	2.7895	2.9248
1474217365541	1539.29	748.55	1533.40	794.50	2.7793	2.9557
1474217373873	1534.40	753.71	1540.80	791.95	2.7849	2.9361
1474217382206	1533.99	760.38	1537.90	796.89	2.8091	2.9531
1474217390539	1533.55	755.77	1531.84	794.80	2.8057	2.9389
1474217398872	1532.75	762.55	1533.58	800.37	2.8205	2.9506
1474217407206	1533.44	763.43	1537.98	798.51	2.8048	2.9357
1474217415539	1528.41	774.71	1534.74	801.35	2.8033	2.9456
1474217423877	1530.07	780.60	1534.51	797.35	2.8428	2.9432
1474217432210	1525.07	781.03	1523.34	809.38	2.8233	2.9556
1474217440544	1545.75	780.21	1555.91	808.60	2.8133	2.9282
1474217448876	1591.33	804.81	1592.06	818.28	2.8470	2.9289
1474217457209	1577.00	805.18	1594.21	838.76	2.8287	2.9343
1474217465543	1572.14	797.73	1590.96	838.89	2.8016	2.9410
1474217473876	1579.73	796.91	1592.16	832.72	2.8213	2.9264
1474217482209	1576.43	806.73	1594.48	829.19	2.8211	2.9199
1474217490543	1572.31	807.46	1587.77	831.67	2.8244	2.9399
1474217498876	1568.46	807.97	1603.18	826.59	2.8309	2.9191
1474217507210	1568.36	804.58	1596.85	825.00	2.8065	2.9176
1474217515543	1568.91	812.57	1594.55	821.48	2.8025	2.9167
1474217523875	1565.04	810.61	1598.83	822.75	2.8228	2.9116
1474217532208	1568.09	805.14	1599.79	831.65	2.7937	2.9094
1474217540542	1564.58	800.51	1594.89	822.60	2.8074	2.9065
1474217548875	1565.45	802.78	1592.10	837.66	2.8011	2.9278
1474217557213	1561.76	811.42	1596.21	826.96	2.7894	2.9020
1474217565547	1561.86	807.08	1598.09	828.92	2.7952	2.8876
1474217573880	1557.93	809.22	1591.40	823.36	2.7647	2.8927
1474217582213	1561.69	802.92	1598.91	822.15	2.7505	2.8876
1474217590546	1554.29	801.28	1596.34	822.92	2.7783	2.8713
1474217598879	1561.66	806.39	1598.90	829.39	2.7548	2.8790
1474217607212	1558.60	812.62	1592.45	825.90	2.7658	2.8864
1474217615546	1557.21	800.43	1599.09	831.55	2.7801	2.8750
1474217623879	1587.87	818.14	1608.28	890.93	2.7654	2.8813
1474217632212	1636.24	888.96	1639.09	919.39	2.7991	2.8596
1474217640546	1628.10	925.64	1654.01	938.94	2.8083	2.8635
1474217648879	1640.07	944.93	1658.73	965.00	2.8263	2.8779
1474217657212	1629.50	934.48	1665.36	952.83	2.8206	2.8942
1474217665545	1634.85	934.72	1659.28	950.20	2.8110	2.8932
1474217673878	1637.79	947.09	1663.84	945.48	2.8374	2.8822
1474217682211	1633.34	941.02	1662.32	953.08	2.8212	2.8800
1474217690549	1631.69	933.61	1665.46	951.64	2.7955	2.8698
1474217698882	1634.53	923.84	1662.75	954.50	2.7731	2.8860
1474217707215	1637.74	935.91	1667.87	963.22	2.7925	2.8854
1474217715549	1634.19	932.56	1669.72	961.82	2.8108	2.8862
1474217723882	1631.13	941.96	1666.26	966.04	2.8219	2.8699
1474217732215	1634.80	924.80	1673.96	965.16	2.7814	2.8981
1474217740548	1635.78	929.78	1665.46	963.51	2.7777	2.8891
1474217748881	1633.89	927.45	1667.19	978.44	2.7860	2.8857
1474217757214	1627.75	908.98	1662.91	977.41	2.7590	2.8961
1474217765548	1631.39	920.11	1662.90	982.17	2.7617	2.9044
1474217773881	1628.88	933.27	1672.30	973.19	2.7993	2.8857
1474217782214	1633.27	917.71	1664.75	971.68	2.7699	2.8923
1474217790548	1629.82	918.03	1660.97	972.21	2.7890	2.8827
1474217798881	1625.43	920.10	1665.21	969.52	2.7850	2.8934
1474217807213	1637.25	920.43	1665.23	968.51	2.7785	2.8818
1474217815547	1632.36	941.47	1658.67	978.86	2.8256	2.8976
1474217823887	1630.19	949.19	1666.44	968.38	2.8322	2.8741
1474217832220	1634.64	934.48	1668.91	967.71	2.7975	2.8895
1474217840554	1627.78	925.22	1674.64	962.30	2.7679	2.8637
1474217848887	1626.44	941.81	1668.70	966.70	2.8051	2.8822
1474217857220	1633.58	924.45	1671.25	964.73	2.7667	2.8756
1474217865553	1632.83	930.30	1666.86	959.84	2.7794	2.8932
1474217873887	1626.38	934.56	1669.16	962.62	2.7936	2.8765
1474217882219	1638.26	928.64	1663.34	963.56	2.7990	2.8735
1474217890552	1625.31	930.14	1649.31	956.82	2.7935	2.8778
1474217898886	1610.72	845.83	1628.57	878.42	2.7662	2.8211
1474217907219	1589.35	777.20	1599.43	822.04	2.8115	2.9173
1474217915552	1576.63	728.54	1614.49	747.10	2.8356	2.9207
1474217923886	1553.35	670.85	1616.07	666.71	2.8741	2.9306
1474217932219	1545.52	633.11	1591.62	664.96	2.8629	2.9556
1474217940553	1531.11	643.16	1582.57	656.45	2.8982	2.9708
1474217948888	1540.67	610.96	1573.73	649.64	2.8816	2.9455
1474217957220	1530.24	614.92	1574.30	658.29	2.8738	2.9653
1474217965554	1536.84	607.84	1568.80	668.87	2.8917	2.9533
1474217973887	1530.86	614.25	1565.04	657.69	2.8879	2.9550
1474217982220	1529.74	610.43	1559.18	667.76	2.9026	2.9779
1474217990553	1534.70	614.55	1562.17	668.62	2.8852	2.9811
1474217998887	1530.19	616.69	1561.02	663.14	2.8871	2.9707
1474218007220	1532.01	616.84	1559.02	658.53	2.8938	2.9812
1474218015553	1536.92	613.31	1559.96	666.04	2.9007	2.9779
1474218023887	1540.47	617.89	1558.24	661.12	2.9100	2.9831
1474218032219	1542.30	615.75	1558.60	665.88	2.9250	2.9767
1474218040553	1539.71	618.26	1561.74	658.82	2.9128	2.9871
1474218048886	1539.99	611.16	1560.31	662.65	2.9133	2.9730
1474218057219	1540.33	612.63	1551.71	660.83	2.9077	3.0046
1474218065552	1536.18	613.58	1556.01	663.15	2.9043	2.9830
1474218073886	1535.90	612.18	1561.77	662.10	2.9001	3.0006
1474218082224	1540.43	606.20	1561.00	662.24	2.9141	2.9974
1474218090557	1538.99	599.29	1564.19	660.81	2.9079	3.0005
1474218098890	1540.10	602.04	1561.74	657.58	2.9046	2.9942
1474218107223	1535.21	602.89	1555.41	657.59	2.9056	3.0127
1474218115556	1539.06	602.11	1549.14	661.46	2.9004	2.9831
1474218123890	1537.04	604.75	1565.09	654.68	2.9000	3.0098
1474218132223	1538.85	604.45	1561.29	657.96	2.9247	3.0155
1474218140556	1535.01	602.32	1561.64	658.33	2.9119	3.0055
1474218148890	1543.63	604.14	1559.51	657.90	2.9116	3.0437
1474218157223	1537.32	614.23	1561.30	659.79	2.9017	3.0396
1474218165556	1540.28	605.66	1559.92	654.92	2.8988	3.0143
1474218173889	1534.16	614.00	1562.08	661.87	2.9137	3.0248
1474218182222	1536.18	619.18	1559.84	674.01	2.9007	2.9919
1474218190555	1541.88	612.22	1558.07	670.11	2.9079	2.9849
1474218198889	1534.14	597.85	1554.06	672.62	2.8967	2.9957
1474218207222	1537.66	598.07	1556.96	667.69	2.8961	2.9959
1474218215560	1533.02	619.67	1559.06	657.97	2.8888	3.0268
1474218223894	1459.93	621.65	1495.42	662.62	2.8979	2.9989
1474218232227	1364.86	654.28	1391.33	671.38	2.9073	3.0114
1474218240560	1299.21	667.07	1316.70	675.83	2.8777	3.0217
1474218248893	1204.90	668.34	1236.48	668.65	2.8790	3.0139
1474218257226	1182.34	698.47	1196.09	691.01	2.8745	2.9899
1474218265559	1189.77	700.93	1205.67	694.80	2.8666	3.0108
1474218273893	1191.93	697.88	1210.14	694.23	2.8826	3.0256
1474218282226	1184.65	696.92	1200.87	698.43	2.8716	3.0308
1474218290559	1186.76	701.64	1203.04	695.42	2.8771	3.0495
1474218298893	1185.93	695.67	1204.86	693.24	2.8882	3.0228
1474218307226	1181.62	694.17	1207.47	692.90	2.8876	3.0220
1474218315558	1179.10	694.41	1213.97	694.32	2.8948	3.0315
1474218323892	1172.39	699.06	1203.30	686.50	2.8994	3.0207
1474218332225	1169.70	691.17	1208.67	696.29	2.8869	3.0506
1474218340558	1167.21	692.16	1206.95	691.46	2.8996	3.0486
1474218348897	1168.02	683.36	1197.33	688.87	2.8920	3.0527
1474218357230	1163.74	689.43	1206.88	691.48	2.8980	3.0692
1474218365563	1162.13	685.32	1202.72	689.94	2.9193	3.0551
1474218373897	1163.95	690.85	1200.63	693.14	2.9210	3.0622
1474218382230	1162.04	694.39	1199.04	693.62	2.9373	3.0679
1474218390562	1165.91	695.60	1200.71	690.18	2.9212	3.0732
1474218398895	1167.99	687.63	1199.76	688.37	2.9202	3.0504
1474218407229	1167.04	686.31	1201.75	684.50	2.9267	3.0554
1474218415562	1167.00	691.54	1198.05	694.63	2.9350	3.0704
1474218423895	1167.16	690.60	1204.05	689.95	2.9250	3.0733
1474218432229	1173.54	684.45	1201.63	688.40	2.9219	3.0916
1474218440562	1168.35	698.65	1204.18	692.14	2.9416	3.0728
1474218448895	1173.16	691.06	1198.31	689.48	2.9150	3.0903
1474218457229	1173.06	699.78	1204.76	692.34	2.9275	3.0868
1474218465561	1174.91	700.31	1197.29	690.50	2.9152	3.0771
1474218473899	1191.27	687.30	1201.95	681.50	2.8949	3.0726
1474218482232	1187.15	720.98	1191.89	678.64	2.9061	3.0585
1474218490565	1170.67	725.11	1191.80	693.47	2.8750	3.0614
1474218498898	1168.68	737.85	1188.66	704.34	2.8783	3.0510
1474218507232	1175.36	733.82	1204.76	711.93	2.8813	3.0612
1474218515565	1189.84	726.00	1192.27	707.92	2.8791	3.0218
1474218523899	1188.28	747.80	1236.14	721.22	2.8639	3.0354
1474218532232	1189.31	745.05	1232.60	711.39	2.8877	3.0031
1474218540565	1200.96	723.58	1252.04	717.85	2.8603	3.0340
1474218548898	1197.87	740.66	1248.81	734.29	2.8530	3.0275
1474218557231	1213.22	752.39	1265.75	728.81	2.8723	3.0074
1474218565564	1210.49	757.50	1272.77	732.35	2.8700	3.0181
1474218573897	1214.20	763.41	1256.88	736.06	2.8765	3.0368
1474218582231	1219.90	753.65	1236.68	727.80	2.8554	3.0070
1474218590564	1220.65	749.48	1244.88	744.44	2.8488	3.0201
1474218598897	1221.48	756.58	1251.74	732.45	2.8591	3.0032
1474218607236	1223.81	766.38	1256.91	748.71	2.8862	3.0270
1474218615569	1228.38	766.55	1249.68	747.13	2.8599	3.0280
1474218623902	1229.41	762.05	1244.98	756.88	2.8569	3.0348
1474218632235	1225.30	773.13	1250.14	741.26	2.8626	3.0218
1474218640568	1236.81	763.72	1250.70	747.85	2.8665	3.0424
1474218648901	1236.55	763.45	1248.27	748.15	2.8545	3.0173
1474218657235	1240.09	765.83	1248.02	747.83	2.8753	3.0385
1474218665568	1237.99	757.89	1245.55	755.61	2.8840	3.0479
1474218673901	1238.14	760.97	1250.58	737.47	2.8917	3.0316
1474218682235	1232.31	768.18	1241.31	744.87	2.8996	3.0505
1474218690568	1232.71	753.89	1243.01	741.39	2.8972	3.0412
1474218698901	1229.94	750.23	1243.14	745.80	2.8806	3.0406
1474218707234	1226.20	763.07	1246.59	741.52	2.8975	3.0323
1474218715567	1228.42	761.64	1243.33	745.96	2.9081	3.0571
1474218723900	1228.26	749.27	1246.32	747.46	2.8888	3.0531
1474218732234	1228.54	754.22	1248.71	746.65	2.9081	3.0479
1474218740572	1229.31	748.41	1248.25	748.02	2.8884	3.0576
1474218748905	1223.10	748.58	1245.95	750.00	2.8726	3.0714
1474218757239	1229.49	739.64	1237.63	749.24	2.8679	3.0388
1474218765572	1228.60	741.15	1248.33	742.99	2.8769	3.0323
1474218773904	1222.08	745.50	1244.41	757.56	2.8646	3.0438
1474218782238	1226.86	742.58	1250.59	752.45	2.8752	3.0401
1474218790571	1222.48	736.04	1247.67	759.32	2.8742	3.0365
1474218798904	1221.30	743.05	1246.14	748.55	2.8632	3.0159
1474218807238	1227.44	736.91	1244.82	759.47	2.8573	3.0274
1474218815571	1226.20	734.93	1249.17	758.30	2.8578	3.0203
1474218823904	1226.45	738.20	1245.30	754.26	2.8457	2.9936
1474218832238	1226.36	737.65	1244.89	750.46	2.8318	2.9872
1474218840571	1225.70	746.19	1242.05	757.56	2.8479	3.0175
1474218848903	1231.18	743.51	1235.48	758.74	2.8317	2.9876
1474218857237	1229.15	743.58	1245.00	758.06	2.8343	2.9936
1474218865570	1229.53	744.71	1238.18	754.75	2.8351	2.9850
1474218873907	1246.18	749.87	1253.96	765.90	2.8419	3.0164
1474218882240	1254.95	747.90	1298.79	759.48	2.8197	3.0109
1474218890574	1261.95	745.68	1293.41	754.44	2.8282	3.0084
1474218898907	1266.60	743.39	1295.42	759.86	2.8406	3.0111
1474218907241	1259.99	743.95	1290.17	761.12	2.8249	3.0033
1474218915574	1261.39	742.67	1296.55	755.19	2.8394	2.9962
1474218923907	1266.15	745.15	1296.77	756.05	2.8424	3.0019
1474218932241	1266.44	749.34	1295.45	759.99	2.8418	3.0116
1474218940574	1277.06	746.70	1300.43	757.81	2.8194	2.9931
1474218948907	1271.87	749.48	1300.11	765.12	2.8360	3.0132
1474218957240	1274.60	746.75	1302.66	755.68	2.8423	2.9909
1474218965574	1278.68	747.85	1295.80	758.21	2.8343	3.0021
1474218973906	1278.13	748.37	1303.48	758.29	2.8430	2.9995
1474218982239	1282.92	743.63	1306.89	759.63	2.8207	2.9949
1474218990573	1281.02	742.05	1296.96	760.98	2.8363	2.9887
1474218998914	1277.86	731.21	1303.80	757.39	2.8434	3.0083
1474219007247	1276.48	743.63	1304.43	759.15	2.8497	3.0027
1474219015581	1276.86	740.72	1304.55	757.16	2.8417	2.9967
1474219023914	1282.29	741.28	1295.83	750.99	2.8434	3.0072
1474219032247	1273.96	744.34	1299.15	755.54	2.8391	3.0193
1474219040580	1275.08	740.40	1305.43	760.03	2.8387	3.0258
1474219048913	1278.88	737.47	1300.53	756.13	2.8292	3.0083
1474219057246	1282.38	736.75	1301.94	758.43	2.8403	3.0285
1474219065580	1277.57	733.82	1301.29	753.35	2.8308	2.9974
1474219073913	1278.36	740.10	1301.11	761.79	2.8304	3.0251
1474219082246	1277.06	743.46	1305.42	762.55	2.8398	3.0315
1474219090580	1281.93	737.36	1301.47	761.16	2.8337	3.0334
1474219098913	1278.88	742.54	1303.28	763.15	2.8348	3.0258
1474219107247	1276.10	742.51	1307.91	758.02	2.8639	3.0291
1474219115579	1285.53	739.25	1300.39	767.26	2.8323	3.0429
1474219123912	1283.45	743.40	1306.03	762.65	2.8408	3.0340
1474219132247	1278.79	742.26	1304.89	758.96	2.8534	3.0261
1474219140581	1277.38	744.77	1301.49	750.90	2.8631	3.0379
1474219148914	1264.05	736.18	1284.51	735.11	2.8508	3.0264
1474219157247	1250.90	738.82	1278.71	713.44	2.8763	2.9775
1474219165581	1254.55	735.38	1282.52	709.09	2.8941	3.0085
1474219173914	1259.73	713.04	1286.01	696.37	2.8414	2.9865
1474219182247	1267.66	718.39	1287.26	690.89	2.8770	2.9712
1474219190580	1266.28	726.59	1288.12	699.32	2.8766	2.9843
1474219198913	1264.93	715.19	1286.49	687.20	2.8541	2.9691
1474219207246	1262.53	723.88	1291.33	694.93	2.8667	2.9734
1474219215580	1264.31	719.26	1294.21	704.71	2.8560	2.9899
1474219223913	1263.27	722.24	1286.95	710.00	2.8474	2.9965
1474219232246	1261.72	724.37	1286.44	704.14	2.8684	2.9967
1474219240580	1265.93	723.41	1283.60	694.14	2.8535	2.9578
1474219248913	1260.33	729.27	1277.17	704.12	2.8633	2.9641
1474219257245	1272.30	721.03	1282.92	710.48	2.8590	2.9594
1474219265583	1260.80	724.55	1278.57	708.62	2.8759	2.9541
1474219273916	1257.21	729.35	1280.11	693.93	2.8557	2.9539
1474219282249	1256.87	729.47	1286.71	705.63	2.8272	2.9787
1474219290583	1253.02	728.65	1280.97	706.57	2.8477	2.9734
1474219298916	1257.38	725.37	1270.94	706.24	2.8490	2.9608
1474219307249	1255.63	733.50	1285.56	697.90	2.8448	2.9277
1474219315583	1249.95	733.40	1289.05	712.65	2.8534	2.9629
1474219323916	1252.21	728.53	1287.06	709.78	2.8259	2.9422
1474219332248	1255.71	734.53	1280.15	721.02	2.8274	2.9882
1474219340582	1254.80	731.71	1284.59	720.00	2.8355	2.9652
1474219348915	1263.08	731.10	1282.43	720.83	2.8504	2.9742
1474219357248	1261.24	725.64	1280.40	727.66	2.8200	2.9692
1474219365582	1260.07	724.83	1281.71	728.05	2.8289	2.9704
1474219373915	1247.32	729.34	1281.27	716.97	2.8317	2.9631
1474219382248	1249.91	728.44	1276.56	702.34	2.8467	2.9371
1474219390586	1242.63	730.35	1273.12	702.79	2.8416	2.9495
1474219398919	1243.85	729.84	1266.04	705.36	2.8307	2.9586
1474219407251	1241.29	732.05	1272.64	705.56	2.8327	2.9604
1474219415584	1235.90	733.70	1270.17	704.08	2.8307	2.9623
1474219423918	1236.44	726.13	1266.05	701.24	2.8179	2.9498
1474219432251	1235.10	728.59	1266.25	701.47	2.8268	2.9621
1474219440585	1234.95	721.90	1278.17	704.88	2.8368	2.9379
1474219448918	1235.20	720.13	1263.33	706.50	2.8182	2.9510
