t	gaze_point_LX	gaze_point_LY	gaze_point_RX	gaze_point_RY	pupil_diameter_L	pupil_diameter_R
861662240639	1253.00	723.51	1251.11	735.01	4.4537	4.4452
861662248972	1263.51	718.84	1257.56	739.57	4.4735	4.4315
861662257306	1258.33	718.95	1252.17	744.98	4.4713	4.4430
861662265639	1253.01	713.94	1261.20	739.24	4.4610	4.4190
861662273972	1254.17	728.73	1259.21	745.31	4.4665	4.4312
861662282305	1253.36	721.41	1261.98	744.12	4.4481	4.4271
861662290639	1259.15	721.03	1259.37	734.70	4.4427	4.4001
861662298971	1255.10	720.16	1262.00	739.14	4.4289	4.3968
861662307304	1254.85	725.34	1258.21	743.37	4.4471	4.3889
861662315638	1256.39	716.82	1263.22	745.53	4.4341	4.3909
861662323975	1253.74	724.05	1262.12	743.26	4.4277	4.3899
861662332309	1258.87	715.73	1265.27	733.99	4.4240	4.3651
861662340643	1253.92	714.36	1262.15	740.86	4.4104	4.3575
861662348976	1253.00	718.82	1257.99	743.42	4.4095	4.3658
861662357309	1250.35	714.57	1265.98	729.99	4.4158	4.3477
861662365642	1247.53	713.78	1264.75	744.06	4.4085	4.3669
861662373975	1254.23	715.09	1262.90	749.06	4.3835	4.3442
861662382309	1249.18	711.37	1261.91	740.13	4.3790	4.3259
861662390642	1251.19	716.32	1261.86	735.25	4.3745	4.3119
861662398975	1251.82	716.00	1254.39	734.76	4.3805	4.3261
861662407308	1254.92	722.36	1258.27	745.38	4.3811	4.3228
861662415642	1250.39	718.97	1256.97	744.23	4.3730	4.3298
861662423975	1249.34	715.41	1255.32	746.43	4.3853	4.3528
861662432308	1253.20	710.09	1252.25	743.46	4.3613	4.3209
861662440641	1255.75	720.09	1260.24	746.39	4.3723	4.3286
861662448974	1257.20	715.76	1260.14	743.85	4.3686	4.3089
861662457313	1256.86	714.86	1257.97	736.40	4.3669	4.3131
861662465647	1256.57	725.48	1255.83	744.58	4.3762	4.3204
861662473980	1255.83	717.54	1258.23	739.21	4.3625	4.3156
861662482314	1249.05	718.45	1257.30	736.49	4.3688	4.3155
861662490647	1257.31	722.51	1266.99	736.68	4.3740	4.3285
861662498980	1285.45	718.74	1284.58	749.08	4.3770	4.3461
861662507314	1282.85	732.17	1289.80	753.25	4.3955	4.3361
861662515646	1276.30	723.08	1283.32	752.66	4.4022	4.3490
861662523980	1272.05	725.78	1277.66	753.68	4.4134	4.3492
861662532312	1278.48	729.77	1279.35	751.49	4.4028	4.3496
861662540645	1281.74	721.54	1282.06	750.76	4.4126	4.3673
861662548979	1279.41	727.08	1279.20	755.22	4.4222	4.3888
861662557312	1283.07	726.99	1288.45	745.10	4.4182	4.3579
861662565646	1278.44	727.87	1280.60	744.71	4.4336	4.3853
861662573979	1282.48	727.61	1281.14	743.46	4.4479	4.3984
861662582312	1285.05	730.06	1281.67	749.32	4.4400	4.3910
861662590649	1273.80	720.15	1289.62	749.26	4.4463	4.4144
861662598982	1283.39	725.65	1279.36	743.66	4.4669	4.4165
861662607316	1289.62	729.11	1287.57	745.75	4.4671	4.4289
861662615647	1280.04	724.72	1284.08	747.84	4.4814	4.4382
861662623981	1282.66	730.28	1275.57	750.13	4.4953	4.4633
861662632315	1279.24	725.17	1275.22	747.61	4.4995	4.4591
861662640647	1289.37	733.51	1276.42	752.27	4.5008	4.4812
861662648981	1281.91	730.39	1274.37	752.48	4.5221	4.4780
861662657314	1278.54	725.64	1272.44	751.62	4.5246	4.5067
861662665647	1280.91	730.63	1277.23	750.92	4.5359	4.5100
861662673981	1282.19	725.54	1271.70	753.71	4.5312	4.5328
861662682314	1279.88	730.97	1273.66	747.19	4.5437	4.5254
861662690648	1291.05	728.92	1278.60	753.80	4.5642	4.5188
861662698980	1280.41	729.67	1275.27	751.99	4.5515	4.5358
861662707313	1281.29	730.31	1279.66	752.91	4.5622	4.5469
861662715647	1288.65	729.39	1277.72	761.72	4.5635	4.5558
861662723985	1276.02	730.28	1276.34	752.46	4.5666	4.5507
861662732318	1281.84	734.87	1280.02	754.98	4.5705	4.5539
861662740651	1278.48	732.87	1277.43	751.59	4.5914	4.5660
861662748985	1280.87	738.61	1273.05	753.60	4.5773	4.5754
861662757318	1285.03	732.84	1277.88	749.45	4.5838	4.5623
861662765651	1277.76	732.62	1275.72	752.76	4.5695	4.5709
861662773984	1277.63	741.75	1274.56	752.46	4.5736	4.5715
861662782317	1284.61	737.48	1273.27	750.79	4.5903	4.5714
861662790650	1280.85	741.22	1277.79	754.42	4.5634	4.5672
861662798984	1286.75	741.20	1264.75	750.37	4.5430	4.5733
861662807317	1279.84	746.67	1272.97	742.68	4.5350	4.5485
861662815651	1283.61	741.66	1274.13	748.25	4.5163	4.5257
861662823984	1278.49	747.44	1280.87	744.57	4.5100	4.5034
861662832317	1279.52	742.88	1273.24	749.65	4.4861	4.5086
861662840651	1278.17	734.39	1282.90	736.39	4.4454	4.4671
861662848989	1275.22	745.58	1279.59	733.56	4.4537	4.4451
861662857322	1277.44	746.97	1287.05	736.61	4.4513	4.4234
861662865654	1286.81	749.35	1284.19	740.09	4.4200	4.4132
861662873988	1282.71	745.45	1273.64	743.09	4.4137	4.3900
861662882321	1277.25	742.20	1281.03	740.64	4.3767	4.3600
861662890654	1275.35	747.05	1279.99	738.00	4.3578	4.3500
861662898988	1279.92	741.91	1283.67	734.75	4.3794	4.3220
861662907321	1278.79	736.50	1271.92	745.44	4.3500	4.3082
861662915654	1274.45	737.35	1282.95	747.60	4.3304	4.2963
861662923988	1282.55	735.34	1276.94	747.25	4.3100	4.2685
861662932320	1273.81	734.58	1284.28	746.28	4.3178	4.2580
861662940654	1276.48	725.80	1276.94	747.72	4.2864	4.2428
861662948987	1276.27	732.59	1278.62	751.94	4.2915	4.2444
861662957320	1280.78	730.77	1284.56	747.97	4.2758	4.2258
861662965654	1279.61	735.39	1282.94	740.83	4.2636	4.1993
861662973987	1276.36	735.25	1280.90	736.47	4.2472	4.2014
861662982324	1280.03	730.86	1279.57	740.58	4.2576	4.2142
861662990657	1285.22	745.58	1275.35	738.68	4.2561	4.1888
861662998990	1282.55	742.96	1283.45	725.70	4.2469	4.1776
861663007324	1278.12	745.82	1282.26	726.19	4.2331	4.1789
861663015656	1270.55	733.44	1283.17	727.83	4.2244	4.1668
861663023990	1281.88	740.58	1274.36	715.94	4.2300	4.1565
861663032323	1282.16	730.40	1276.96	725.38	4.2178	4.1535
861663040656	1282.60	729.87	1282.74	731.59	4.2228	4.1753
861663048990	1211.94	734.74	1220.51	723.17	4.2406	4.1553
861663057323	1167.07	729.49	1166.76	734.13	4.2219	4.1676
861663065657	1117.45	723.63	1117.12	724.38	4.2151	4.1712
861663073990	1076.73	732.12	1085.63	729.78	4.2182	4.1770
861663082323	1046.22	718.20	1049.95	730.77	4.2228	4.1781
861663090657	1050.97	718.75	1043.48	726.70	4.2249	4.1789
861663098988	1045.05	711.22	1056.07	718.47	4.2205	4.1719
861663107322	1045.43	713.10	1042.27	735.88	4.2237	4.2114
861663115660	1046.38	719.34	1046.01	725.66	4.2355	4.1876
861663123994	1045.15	710.18	1046.96	726.49	4.2257	4.1920
861663132327	1052.22	711.67	1044.22	720.69	4.2186	4.2062
861663140660	1043.71	707.16	1038.70	716.36	4.2116	4.1904
861663148994	1042.73	707.05	1048.60	720.03	4.2026	4.1891
861663157327	1052.08	711.37	1037.63	718.47	4.2201	4.2092
861663165660	1047.94	712.58	1046.93	714.98	4.2154	4.1909
861663173993	1046.75	707.63	1037.12	712.09	4.2200	4.1872
861663182326	1053.94	707.05	1045.39	719.39	4.2120	4.1955
861663190660	1043.18	707.02	1041.39	712.48	4.2000	4.1911
861663198992	1045.65	705.37	1041.28	715.75	4.2057	4.1929
861663207326	1043.28	704.35	1046.33	712.73	4.2027	4.1727
861663215660	1051.29	707.34	1043.09	710.58	4.2153	4.1795
861663223992	1047.88	704.03	1041.48	713.41	4.2049	4.1990
861663232326	1043.65	713.85	1045.32	716.86	4.2032	4.1872
861663240664	1048.83	702.75	1047.14	718.09	4.1996	4.1883
861663248997	1039.22	670.35	1050.44	669.80	4.1787	4.1572
861663257330	1019.22	611.07	1033.02	599.00	4.1853	4.1611
861663265663	1001.08	552.31	1024.22	556.44	4.1440	4.1808
861663273997	995.36	492.56	1014.75	505.53	4.1305	4.1303
861663282330	1015.20	478.41	1031.41	497.51	4.1192	4.1608
861663290663	1023.02	482.75	1032.94	492.72	4.1490	4.1543
861663298997	1015.52	468.71	1022.63	503.72	4.1249	4.1815
861663307330	1017.28	464.98	1024.30	496.35	4.1190	4.1721
861663315663	1017.70	470.13	1033.04	502.36	4.1233	4.1763
861663323996	1019.73	469.10	1023.54	510.81	4.1393	4.1700
861663332330	1015.96	486.45	1026.67	515.30	4.1509	4.1921
861663340663	1031.93	475.75	1031.65	498.23	4.1322	4.1521
861663348996	1024.55	471.46	1024.47	502.82	4.1448	4.1819
861663357330	1021.38	477.64	1027.62	506.06	4.1352	4.1762
861663365664	1029.80	487.11	1026.76	500.20	4.1650	4.1739
861663374001	1028.02	483.65	1028.06	495.62	4.1620	4.1831
861663382335	1023.76	487.75	1024.89	474.75	4.1553	4.1404
861663390668	1025.25	489.61	1030.83	496.69	4.1907	4.2064
861663399002	1028.60	490.54	1019.72	491.24	4.2042	4.1930
861663407335	1030.43	484.42	1029.32	490.70	4.1580	4.1926
861663415667	1029.11	491.06	1024.94	489.39	4.1980	4.1951
861663424000	1031.15	483.91	1024.56	501.94	4.1871	4.2450
861663432334	1024.42	490.94	1026.44	457.18	4.2026	4.1508
861663440667	1031.74	476.88	1024.63	500.59	4.1823	4.2439
861663449001	1031.60	490.47	1021.88	482.62	4.2142	4.2147
861663457334	1037.64	492.99	1021.85	493.07	4.2231	4.2336
861663465667	1031.63	491.79	1012.15	488.29	4.2055	4.2203
861663474001	1045.89	496.49	1024.45	485.65	4.2689	4.1963
861663482334	1114.64	498.27	1106.15	504.71	4.2530	4.2153
861663490667	1205.38	512.22	1192.76	512.88	4.2929	4.2291
861663498999	1279.97	514.88	1268.90	519.87	4.3071	4.2287
861663507337	1304.24	530.96	1298.11	520.70	4.3110	4.2165
861663515670	1291.74	525.63	1277.44	521.91	4.3160	4.2397
861663524004	1286.31	526.70	1282.94	531.55	4.3226	4.2551
861663532337	1295.24	526.93	1291.42	524.48	4.3158	4.2608
861663540670	1294.77	525.77	1290.02	527.94	4.3168	4.2559
861663549004	1290.24	528.99	1283.24	525.52	4.3258	4.2767
861663557337	1291.17	529.86	1287.71	526.03	4.3404	4.2800
861663565670	1296.01	513.41	1290.22	531.32	4.3345	4.2937
861663574003	1295.75	531.81	1290.64	528.99	4.3558	4.3049
861663582335	1296.92	530.85	1282.15	524.55	4.3478	4.2993
861663590669	1295.52	538.11	1287.74	539.21	4.3625	4.3339
861663599003	1292.38	528.63	1284.92	534.88	4.3665	4.3359
861663607336	1287.61	524.91	1280.89	534.52	4.3869	4.3419
861663615669	1292.94	531.68	1280.30	530.68	4.3820	4.3353
861663624002	1284.32	529.60	1279.15	535.36	4.4002	4.3399
861663632340	1287.78	530.13	1282.68	529.81	4.3986	4.3477
861663640673	1293.61	532.05	1282.56	549.24	4.4119	4.3896
861663649007	1292.23	530.37	1284.04	539.35	4.4117	4.3758
861663657339	1291.96	536.91	1280.11	541.57	4.4248	4.3899
861663665672	1294.85	529.88	1281.58	543.52	4.4261	4.3861
861663674006	1301.79	535.45	1285.17	544.53	4.4377	4.3928
861663682339	1291.92	530.81	1278.58	545.35	4.4461	4.4099
861663690672	1291.33	532.53	1284.67	534.68	4.4522	4.3867
861663699006	1295.68	526.98	1280.04	541.93	4.4418	4.4013
861663707338	1289.94	535.37	1284.33	539.45	4.4534	4.4250
861663715672	1290.53	529.13	1274.54	539.60	4.4571	4.4176
861663724005	1311.09	535.37	1310.05	555.18	4.4671	4.4199
861663732338	1392.38	570.32	1376.88	581.29	4.4986	4.4609
861663740671	1427.59	568.49	1418.87	589.44	4.4781	4.4380
861663749004	1420.43	592.92	1408.95	603.45	4.4987	4.4380
861663757338	1404.63	579.35	1406.80	598.93	4.4831	4.4611
861663765677	1416.49	584.82	1414.33	610.49	4.4845	4.4509
861663774011	1416.94	590.60	1412.16	603.85	4.5032	4.4693
861663782344	1414.47	585.13	1414.50	605.55	4.4841	4.4490
861663790677	1408.25	581.55	1414.41	606.69	4.4837	4.4651
861663799011	1415.70	575.68	1409.34	606.47	4.4778	4.4595
861663807344	1414.81	579.98	1416.98	610.32	4.4878	4.4685
861663815676	1410.05	586.42	1408.26	609.88	4.4959	4.4764
861663824010	1410.77	585.56	1413.68	609.39	4.4923	4.4592
861663832342	1408.72	579.42	1411.03	604.29	4.4833	4.4706
861663840676	1408.88	585.13	1413.29	610.28	4.5079	4.4743
861663849009	1416.37	580.64	1418.17	614.33	4.5022	4.4696
861663857343	1407.83	588.71	1418.70	607.95	4.5074	4.4813
861663865676	1412.18	581.00	1420.13	609.82	4.4953	4.4762
861663874009	1410.27	584.41	1420.85	605.21	4.5077	4.4839
861663882343	1401.84	589.14	1414.36	608.58	4.5121	4.4904
861663890676	1411.50	589.33	1416.64	611.31	4.5038	4.4850
861663899017	1408.44	583.53	1417.56	605.74	4.5030	4.4978
861663907350	1411.83	584.82	1417.84	605.78	4.5111	4.4899
861663915683	1406.26	601.41	1415.99	601.37	4.5291	4.4903
861663924017	1416.02	590.47	1410.50	599.67	4.5185	4.4855
861663932350	1406.18	588.16	1414.78	605.79	4.5126	4.4868
861663940683	1409.06	591.33	1415.54	604.11	4.5051	4.5004
861663949016	1404.97	583.08	1421.84	597.58	4.5045	4.5013
861663957349	1404.11	588.60	1412.23	605.78	4.4994	4.5189
861663965683	1412.36	586.84	1415.44	607.10	4.5033	4.5153
861663974015	1406.82	586.44	1411.92	599.26	4.5048	4.4979
861663982349	1409.86	590.42	1418.04	599.17	4.5020	4.4987
861663990682	1409.14	591.61	1411.79	607.04	4.5149	4.5014
861663999015	1403.90	591.25	1414.36	600.91	4.5196	4.4816
861664007349	1407.62	598.16	1411.35	606.93	4.5165	4.5019
861664015682	1405.88	588.28	1415.21	599.08	4.4901	4.4998
861664024015	1401.67	593.56	1410.58	607.22	4.4964	4.5035
861664032350	1399.99	583.18	1414.99	605.98	4.4895	4.4839
861664040683	1399.31	591.26	1412.22	611.45	4.5037	4.5165
861664049016	1398.14	593.36	1413.51	595.19	4.5028	4.5004
861664057349	1401.44	586.64	1404.77	611.56	4.4921	4.4987
861664065682	1395.44	589.17	1403.73	606.09	4.4817	4.5092
861664074015	1401.46	595.02	1407.67	604.40	4.5035	4.5090
861664082348	1394.23	595.43	1411.37	600.14	4.4856	4.4910
861664090682	1423.25	595.57	1430.01	631.77	4.4795	4.5051
861664099015	1472.78	640.71	1469.53	664.66	4.5343	4.5257
861664107349	1475.78	649.50	1481.68	674.10	4.5065	4.5244
861664115681	1458.16	650.17	1470.98	662.94	4.5247	4.5199
861664124015	1468.64	646.53	1473.67	667.36	4.5147	4.5236
861664132348	1462.72	647.91	1472.22	674.68	4.5143	4.5358
861664140681	1467.88	646.39	1470.72	665.61	4.5066	4.5290
861664149014	1467.21	654.09	1468.45	669.25	4.5287	4.5408
861664157347	1471.90	649.35	1470.22	670.26	4.5210	4.5432
861664165685	1475.08	653.74	1470.59	659.49	4.5303	4.5297
861664174019	1469.51	648.29	1470.83	664.43	4.5255	4.5449
861664182353	1468.63	645.63	1476.62	663.07	4.5370	4.5315
861664190686	1469.67	645.54	1472.26	662.00	4.5347	4.5382
861664199019	1472.74	646.37	1466.15	664.38	4.5361	4.5413
861664207352	1465.55	650.05	1465.72	662.34	4.5393	4.5548
861664215685	1464.20	653.89	1463.64	662.87	4.5349	4.5431
861664224018	1464.38	652.48	1467.54	665.28	4.5354	4.5433
861664232352	1466.20	652.89	1463.48	663.02	4.5251	4.5497
861664240684	1468.85	644.49	1462.61	666.03	4.5376	4.5550
861664249018	1466.73	651.18	1465.68	662.36	4.5367	4.5431
861664257352	1468.69	649.66	1462.01	676.41	4.5301	4.5612
861664265685	1466.92	648.28	1464.42	666.17	4.5256	4.5546
861664274018	1465.60	649.52	1465.37	667.79	4.5261	4.5513
861664282351	1467.74	647.94	1467.73	664.78	4.5473	4.5601
861664290689	1472.82	642.28	1465.07	674.70	4.5230	4.5692
861664299022	1463.50	649.54	1468.58	673.81	4.5371	4.5590
861664307356	1462.79	649.23	1460.41	667.60	4.5402	4.5531
861664315688	1468.21	645.67	1459.96	683.55	4.5404	4.5737
861664324022	1468.60	647.65	1458.76	681.25	4.5285	4.5614
861664332355	1464.20	651.53	1461.34	670.77	4.5316	4.5597
861664340689	1463.72	649.98	1462.43	677.93	4.5312	4.5682
861664349022	1472.10	663.50	1472.42	676.03	4.5477	4.5717
861664357355	1478.33	713.98	1467.10	732.90	4.5490	4.5807
861664365688	1477.45	730.37	1474.81	744.80	4.5573	4.5896
861664374021	1474.47	714.96	1469.58	740.36	4.5526	4.6013
861664382355	1479.72	719.63	1464.68	744.74	4.5454	4.5991
861664390688	1477.38	718.41	1465.03	749.55	4.5522	4.5917
861664399021	1479.35	726.69	1472.40	741.21	4.5384	4.5838
861664407354	1471.32	733.66	1474.94	728.76	4.5611	4.5802
861664415687	1473.45	723.17	1471.35	731.59	4.5507	4.5961
861664424025	1476.61	725.03	1475.43	729.87	4.5387	4.6028
861664432358	1481.17	718.34	1474.69	733.64	4.5473	4.5913
861664440691	1477.41	715.66	1475.90	741.00	4.5578	4.6234
861664449025	1472.54	724.00	1479.06	746.01	4.5720	4.6056
861664457357	1478.72	722.96	1478.83	746.49	4.5726	4.6063
861664465691	1479.27	728.24	1478.55	744.14	4.5634	4.6188
861664474024	1477.63	726.89	1470.56	738.73	4.5791	4.6358
861664482357	1473.46	731.37	1476.74	731.01	4.5762	4.6342
861664490690	1472.99	725.17	1482.13	728.03	4.5569	4.6253
861664499024	1479.68	724.30	1475.53	740.56	4.5708	4.6325
861664507357	1476.32	722.30	1479.67	739.16	4.5640	4.6303
861664515691	1480.83	715.72	1480.43	741.31	4.5784	4.6364
861664524024	1484.38	722.50	1475.80	743.05	4.5849	4.6384
861664532356	1479.16	724.17	1474.32	746.98	4.6004	4.6586
861664540689	1484.60	721.84	1474.31	737.89	4.5883	4.6450
861664549023	1483.51	724.86	1471.22	743.99	4.6095	4.6480
861664557361	1481.23	721.17	1469.93	734.13	4.5754	4.6509
861664565694	1475.21	727.53	1473.75	730.72	4.5840	4.6486
861664574028	1480.90	734.09	1475.95	727.66	4.6012	4.6387
861664582361	1473.67	732.16	1469.47	731.22	4.6006	4.6617
861664590695	1480.58	728.02	1470.27	732.41	4.6022	4.6521
861664599028	1476.68	725.18	1475.08	735.31	4.6065	4.6560
861664607361	1479.51	722.57	1475.36	735.77	4.5870	4.6350
861664615693	1483.16	726.33	1474.04	740.53	4.6069	4.6343
861664624027	1477.85	725.16	1469.56	739.98	4.5852	4.6469
861664632360	1481.24	730.50	1470.26	742.11	4.6010	4.6443
861664640694	1475.89	729.30	1473.10	740.45	4.5859	4.6443
861664649026	1477.83	729.59	1468.91	748.24	4.5874	4.6518
861664657360	1476.10	737.61	1471.39	746.10	4.5996	4.6345
861664665693	1476.13	737.42	1467.41	742.55	4.5960	4.6426
861664674027	1472.75	733.64	1469.94	734.53	4.5919	4.6310
861664682364	1474.30	726.97	1475.40	730.48	4.5992	4.6376
861664690697	1475.34	728.61	1468.02	724.37	4.5796	4.6393
861664699030	1476.19	735.45	1473.10	741.39	4.5774	4.6345
861664707363	1482.01	736.15	1469.19	744.23	4.5891	4.6435
861664715697	1479.39	729.18	1469.48	728.08	4.5798	4.6289
861664724030	1478.01	736.57	1472.48	725.92	4.5934	4.6530
861664732363	1477.19	731.33	1475.49	739.12	4.5854	4.6298
861664740696	1478.10	728.56	1471.83	748.42	4.5801	4.6416
861664749030	1481.10	731.53	1464.37	732.84	4.5807	4.6365
861664757363	1480.77	737.52	1473.06	733.29	4.5768	4.6421
861664765697	1471.71	728.59	1469.00	743.96	4.5922	4.6460
861664774028	1482.57	726.41	1470.90	739.50	4.5917	4.6456
861664782362	1485.84	732.90	1473.96	738.70	4.5966	4.6358
861664790695	1477.97	730.46	1479.25	745.49	4.5836	4.6376
861664799029	1479.19	732.16	1468.13	731.12	4.5952	4.6321
861664807362	1481.55	737.51	1466.98	746.27	4.5976	4.6443
861664815700	1479.39	729.20	1464.86	751.24	4.5775	4.6404
861664824033	1482.08	727.18	1469.52	729.14	4.6035	4.6457
861664832367	1485.63	730.09	1471.28	745.21	4.5995	4.6486
861664840701	1483.32	731.63	1465.73	746.14	4.5917	4.6624
861664849034	1476.66	730.69	1467.15	743.01	4.6149	4.6616
861664857366	1482.58	733.42	1463.59	747.98	4.5865	4.6515
861664865699	1483.09	728.33	1462.83	751.19	4.5846	4.6496
861664874032	1486.70	733.19	1464.75	737.06	4.5989	4.6375
861664882366	1486.41	734.65	1467.19	741.60	4.5955	4.6574
861664890699	1481.35	730.60	1471.94	750.86	4.5995	4.6453
861664899032	1487.44	726.40	1482.05	742.87	4.6134	4.6439
861664907366	1481.76	736.78	1474.79	751.69	4.6040	4.6697
861664915699	1479.66	739.28	1460.84	746.06	4.5868	4.6693
861664924033	1477.06	732.15	1469.25	735.70	4.5977	4.6472
861664932365	1488.67	728.18	1471.18	736.75	4.6062	4.6479
861664940698	1482.95	730.07	1472.49	735.65	4.5985	4.6509
861664949036	1474.01	738.27	1476.00	747.01	4.6079	4.6463
861664957370	1474.51	739.73	1475.43	747.36	4.5955	4.6481
861664965704	1485.12	740.27	1468.36	752.80	4.5871	4.6599
861664974036	1481.50	735.48	1463.76	753.58	4.5913	4.6533
861664982370	1485.70	734.00	1465.20	741.54	4.5803	4.6632
861664990703	1433.67	732.80	1433.51	739.03	4.6087	4.6559
861664999036	1350.83	738.09	1340.16	727.67	4.6112	4.6748
861665007370	1274.48	719.69	1264.81	728.34	4.5830	4.6873
861665015702	1215.64	729.87	1205.60	740.85	4.5793	4.6847
861665024035	1185.04	736.03	1169.15	742.55	4.5891	4.6842
861665032369	1178.14	723.87	1164.71	735.60	4.5782	4.6711
861665040702	1188.71	725.16	1177.88	729.55	4.5921	4.6787
861665049036	1183.79	730.56	1175.13	723.36	4.5950	4.6832
861665057369	1186.15	734.58	1164.11	723.03	4.5771	4.6808
861665065702	1186.46	725.80	1164.02	730.04	4.5744	4.6835
861665074035	1186.15	728.75	1169.01	742.66	4.5728	4.6840
861665082374	1187.30	732.08	1165.91	741.53	4.5681	4.6832
861665090707	1185.77	736.32	1169.64	744.63	4.5847	4.6788
861665099039	1184.03	732.20	1168.10	747.84	4.5670	4.6898
861665107373	1188.60	729.80	1162.21	743.26	4.5600	4.6857
861665115706	1186.42	738.30	1168.15	741.26	4.5702	4.6803
861665124039	1188.83	730.03	1172.41	741.15	4.5709	4.6898
861665132373	1184.02	735.49	1168.88	741.02	4.5577	4.6700
861665140706	1179.79	730.10	1165.93	740.69	4.5672	4.6680
861665149039	1182.54	727.26	1175.26	739.57	4.5740	4.6902
861665157372	1192.04	735.36	1175.91	746.34	4.5774	4.6671
861665165706	1186.40	728.60	1167.91	742.20	4.5734	4.6634
861665174039	1191.90	728.28	1170.89	746.75	4.5630	4.6749
861665182371	1186.88	728.98	1173.65	747.59	4.5580	4.6873
861665190705	1188.81	724.99	1178.35	744.78	4.5693	4.6570
861665199038	1191.56	725.44	1181.05	746.16	4.5738	4.6504
861665207376	1189.68	728.69	1174.82	738.32	4.5515	4.6562
861665215709	1192.66	731.45	1180.65	733.37	4.5601	4.6430
861665224042	1194.74	723.55	1180.89	730.57	4.5567	4.6594
861665232375	1193.32	732.06	1181.80	731.91	4.5596	4.6650
861665240709	1191.13	734.62	1188.44	732.05	4.5669	4.6503
861665249042	1191.38	732.75	1176.15	728.03	4.5649	4.6377
861665257375	1182.64	739.77	1184.27	733.05	4.5586	4.6432
861665265708	1189.14	735.17	1173.67	731.61	4.5807	4.6404
861665274041	1186.13	734.94	1179.52	737.34	4.5793	4.6189
861665282375	1185.91	736.40	1182.59	733.09	4.5847	4.6207
861665290708	1175.62	728.36	1179.72	745.76	4.5666	4.6301
861665299041	1185.52	738.96	1178.23	743.28	4.6046	4.6246
861665307374	1186.41	737.87	1180.89	748.06	4.5846	4.6187
861665315708	1189.12	735.30	1178.19	748.11	4.5974	4.6110
861665324041	1192.99	739.36	1174.25	757.51	4.5965	4.6147
861665332373	1187.78	740.23	1174.73	744.92	4.5896	4.6225
861665340710	1191.22	737.06	1173.85	746.02	4.5947	4.6170
861665349043	1180.25	736.85	1173.61	741.72	4.6013	4.6210
861665357376	1182.70	740.35	1180.76	738.75	4.6143	4.6193
861665365710	1180.90	740.14	1182.00	730.80	4.6127	4.6048
861665374043	1182.88	734.69	1183.33	735.48	4.6134	4.6228
861665382376	1179.27	738.47	1180.95	736.90	4.6257	4.6179
861665390710	1181.57	737.39	1181.73	732.86	4.6293	4.6314
861665399043	1184.81	740.32	1170.60	728.50	4.6251	4.6294
861665407376	1186.55	738.65	1182.61	733.57	4.6383	4.6401
861665415709	1187.60	741.06	1179.20	733.85	4.6317	4.6366
861665424042	1184.67	733.72	1180.67	735.29	4.6517	4.6433
861665432375	1181.34	727.30	1185.65	747.42	4.6390	4.6601
861665440709	1185.01	721.58	1179.65	742.07	4.6537	4.6390
861665449042	1185.50	733.57	1180.45	750.43	4.6653	4.6549
861665457375	1183.40	724.85	1179.34	750.34	4.6624	4.6602
861665465709	1183.88	730.25	1183.97	745.10	4.6699	4.6739
861665474050	1184.31	730.48	1179.82	742.95	4.6747	4.6626
861665482375	1175.91	728.61	1177.13	734.81	4.6791	4.6795
861665490717	1187.19	728.65	1178.71	730.82	4.6870	4.6751
861665499040	1180.72	725.74	1179.90	733.25	4.6811	4.6955
861665507374	1188.47	735.06	1177.13	732.87	4.6989	4.7042
861665515716	1178.64	725.10	1184.25	735.89	4.7000	4.7238
861665524049	1181.60	728.65	1185.80	731.94	4.7041	4.7047
861665532382	1182.53	728.53	1184.51	736.84	4.7109	4.7134
861665540716	1175.73	731.84	1182.16	737.09	4.7125	4.7167
861665549049	1175.12	729.92	1181.27	736.92	4.7087	4.7103
