t	gaze_point_LX	gaze_point_LY	gaze_point_RX	gaze_point_RY	pupil_diameter_L	pupil_diameter_R
884978557169	1402.30	858.37	1367.44	860.82	3.5060	3.2803
884978565511	1399.13	864.66	1363.78	892.49	3.5139	3.3631
884978573844	1403.34	860.58	1365.84	880.81	3.5141	3.3346
884978582177	1409.15	859.48	1375.12	868.93	3.5261	3.3043
884978590502	1409.61	854.55	1375.13	851.68	3.5161	3.2721
884978598835	1408.68	838.33	1372.32	878.90	3.5141	3.3514
884978607170	1403.49	855.94	1372.48	873.60	3.5580	3.3429
884978615510	1403.79	833.65	1367.76	886.47	3.5251	3.3850
884978623834	1406.67	812.34	1374.79	850.69	3.5014	3.3200
884978632168	1405.14	839.71	1371.76	856.18	3.5756	3.3393
884978640502	1400.06	852.07	1373.02	851.14	3.5838	3.3573
884978648834	1394.89	859.63	1379.28	832.55	3.6077	3.3024
884978657168	1408.40	821.85	1386.73	829.23	3.5474	3.2804
884978665501	1363.71	819.25	1345.26	831.87	3.6241	3.3951
884978673840	1311.82	723.85	1284.86	686.21	3.5925	3.2767
884978682174	1290.47	729.44	1263.85	696.57	3.6221	3.3167
884978690507	1287.49	719.69	1270.22	694.84	3.6099	3.3280
884978698848	1303.49	725.52	1292.03	689.95	3.6028	3.3323
884978707181	1299.34	723.04	1284.55	690.38	3.6415	3.3445
884978715514	1300.01	704.35	1279.09	694.70	3.6140	3.3413
884978723848	1298.90	734.42	1283.17	700.18	3.6995	3.3613
884978732181	1305.30	705.60	1286.67	701.67	3.6462	3.3615
884978740514	1298.25	720.18	1279.20	707.12	3.6589	3.3901
884978748848	1293.78	703.35	1276.97	726.31	3.6426	3.4341
884978757181	1288.94	704.04	1277.24	692.80	3.6622	3.3669
884978765514	1292.76	750.61	1275.64	701.01	3.7614	3.4025
884978773847	1298.89	714.05	1283.67	696.25	3.6964	3.3802
884978782180	1293.51	753.01	1281.70	728.61	3.7866	3.4654
884978790514	1298.41	747.69	1285.63	721.07	3.7589	3.4677
884978798847	1296.17	751.99	1274.55	737.96	3.7565	3.4898
884978807185	1295.55	725.87	1285.35	701.37	3.7415	3.4232
884978815517	1296.80	727.62	1284.62	742.17	3.7630	3.5121
884978823851	1292.94	757.47	1287.64	708.58	3.8310	3.4706
884978832176	1293.62	752.92	1287.73	693.33	3.8400	3.4366
884978840509	1296.21	722.64	1289.68	702.84	3.7780	3.4585
884978848843	1290.82	750.94	1284.20	736.36	3.8500	3.5372
884978857175	1291.83	703.54	1280.67	750.56	3.7210	3.5755
884978865508	1295.68	742.07	1291.89	737.91	3.8187	3.5620
884978873841	1290.04	751.98	1288.38	733.05	3.8732	3.5743
884978882175	1295.30	725.06	1284.85	746.53	3.8390	3.5822
884978890517	1298.50	728.03	1289.15	742.41	3.8440	3.5828
884978898842	1294.26	753.14	1292.15	727.77	3.9016	3.5628
884978907175	1296.31	754.94	1294.85	732.63	3.9169	3.6156
884978915517	1303.25	750.99	1284.80	747.69	3.8916	3.6261
884978923850	1302.95	723.07	1285.82	734.03	3.8478	3.6030
884978932187	1302.62	765.64	1285.65	732.06	3.9438	3.6000
884978940512	1305.01	764.55	1290.25	748.32	3.9495	3.6610
884978948846	1304.29	775.07	1292.28	748.02	3.9637	3.6540
884978957179	1298.64	760.01	1289.88	751.53	3.9530	3.6815
884978965513	1301.22	752.17	1291.38	740.09	3.9567	3.6452
884978973855	1305.26	760.80	1283.51	771.45	3.9673	3.7159
884978982179	1295.29	758.66	1283.11	772.44	3.9696	3.7104
884978990512	1295.81	751.02	1282.84	784.44	3.9571	3.7183
884978998845	1300.36	758.67	1280.59	785.69	3.9578	3.7263
884979007178	1308.62	757.94	1281.45	781.31	3.9573	3.7254
884979015512	1306.25	767.80	1282.35	773.44	3.9708	3.7174
884979023845	1311.04	768.32	1281.17	784.32	3.9657	3.7434
884979032178	1310.34	769.78	1288.88	780.64	3.9751	3.7079
884979040512	1305.58	767.25	1284.24	766.50	3.9520	3.6867
884979048845	1313.49	788.86	1278.27	752.41	3.9805	3.6538
884979057179	1304.71	780.40	1286.91	774.00	3.9561	3.6791
884979065525	1312.08	784.18	1286.68	764.60	3.9496	3.6433
884979073850	1306.74	773.85	1282.38	770.52	3.9383	3.6243
884979082182	1310.98	778.49	1288.33	763.24	3.9011	3.5995
884979090516	1310.89	741.79	1286.61	733.03	3.8189	3.5436
884979098850	1307.05	761.74	1290.69	726.59	3.8420	3.4970
884979107182	1304.87	725.77	1293.10	724.56	3.7394	3.4925
884979115525	1301.02	738.17	1286.91	748.35	3.7631	3.5034
884979123858	1299.43	781.48	1287.99	712.54	3.8249	3.4028
884979132191	1308.62	742.14	1287.34	727.80	3.7317	3.4127
884979140525	1305.75	723.98	1287.85	713.13	3.6730	3.3937
884979148849	1306.25	727.74	1291.05	720.71	3.6628	3.3874
884979157183	1305.75	726.19	1292.68	720.09	3.6445	3.3732
884979165516	1303.52	714.48	1293.07	701.46	3.6026	3.3125
884979173848	1304.86	718.60	1290.47	697.68	3.5709	3.2964
884979182182	1302.19	714.35	1298.36	693.64	3.5737	3.2774
884979190515	1302.91	704.66	1291.19	688.11	3.5557	3.2450
884979198853	1305.53	717.55	1295.38	705.29	3.5343	3.2402
884979207186	1302.62	731.28	1292.13	701.81	3.5517	3.2363
884979215520	1305.31	740.16	1293.92	702.36	3.5565	3.2024
884979223853	1304.15	719.00	1287.60	707.23	3.4820	3.2215
884979232195	1304.91	723.59	1295.17	705.18	3.4930	3.2057
884979240529	1309.14	713.54	1288.12	702.18	3.4608	3.1952
884979248860	1303.15	716.38	1295.11	709.46	3.4480	3.1796
884979257194	1311.55	719.62	1290.71	706.86	3.4280	3.1637
884979265528	1308.16	722.63	1298.78	712.46	3.4135	3.1352
884979273860	1344.75	693.50	1349.56	686.38	3.4315	3.1797
884979282194	1390.89	682.67	1380.57	669.14	3.4036	3.1548
884979290519	1382.22	682.93	1382.20	650.23	3.4087	3.1464
884979298852	1380.26	681.70	1385.26	657.65	3.3886	3.1433
884979307194	1384.05	693.99	1383.53	665.56	3.3793	3.1252
884979315527	1387.59	684.90	1384.53	670.83	3.3938	3.1242
884979323856	1385.83	674.77	1384.62	678.41	3.3454	3.1084
884979332188	1386.44	678.31	1388.57	678.96	3.3270	3.0853
884979340522	1390.65	662.80	1390.44	668.66	3.2895	3.0863
884979348855	1393.34	667.16	1388.65	665.20	3.3121	3.0959
884979357188	1390.69	672.03	1387.48	652.39	3.3091	3.0513
884979365522	1392.02	667.52	1384.98	665.98	3.2817	3.0379
884979373855	1394.45	665.49	1384.52	672.54	3.2405	3.0363
884979382197	1391.18	660.37	1382.16	658.39	3.2259	3.0217
884979390531	1390.50	670.51	1384.69	660.79	3.2372	3.0075
884979398863	1391.12	664.38	1385.11	651.40	3.2245	2.9899
884979407196	1398.52	667.83	1386.77	657.20	3.2274	2.9865
884979415529	1398.18	667.57	1390.38	653.18	3.1888	2.9807
884979423854	1398.89	667.72	1389.11	657.71	3.1911	2.9677
884979432188	1394.79	665.23	1392.09	648.77	3.1801	2.9716
884979440520	1403.23	663.41	1385.25	657.11	3.1733	2.9572
884979448854	1409.09	664.43	1388.43	650.85	3.1565	2.9698
884979457191	1405.53	665.24	1385.20	655.26	3.1414	2.9603
884979465524	1405.93	657.12	1388.35	657.96	3.1443	2.9590
884979473858	1404.50	664.65	1387.12	651.78	3.1331	2.9359
884979482190	1402.80	675.47	1380.18	657.10	3.1211	2.9489
884979490524	1403.00	676.06	1371.92	654.34	3.1213	2.9222
884979498865	1406.58	669.33	1381.43	655.77	3.1112	2.9312
884979507199	1401.72	669.54	1386.32	655.88	3.1164	2.9272
884979515532	1400.04	672.51	1383.55	657.34	3.0986	2.9039
884979523865	1397.31	672.56	1377.60	645.78	3.0988	2.8962
884979532199	1397.91	676.95	1381.98	655.03	3.0917	2.9202
884979540532	1400.53	667.87	1383.89	653.62	3.0932	2.8857
884979548865	1404.51	664.94	1387.08	651.32	3.0725	2.8711
884979557199	1408.87	667.12	1389.80	651.85	3.0658	2.8772
884979565531	1407.23	660.73	1390.58	656.53	3.0670	2.8614
884979573865	1404.59	659.34	1392.48	661.63	3.0402	2.8580
884979582189	1398.59	656.17	1390.39	660.17	3.0427	2.8665
884979590528	1398.76	657.02	1390.68	664.73	3.0250	2.8604
884979598862	1405.47	655.49	1383.53	668.62	3.0388	2.8738
884979607195	1409.12	661.25	1385.00	665.85	3.0295	2.8529
884979615529	1404.73	657.71	1392.85	668.68	3.0214	2.8614
884979623862	1410.38	663.00	1384.47	652.14	3.0098	2.8123
884979632195	1406.59	662.25	1384.36	648.28	3.0064	2.8120
884979640528	1404.29	664.64	1388.84	652.14	3.0244	2.8439
884979648861	1403.65	664.46	1386.89	650.56	2.9845	2.8219
884979657195	1400.11	659.02	1386.45	653.37	3.0001	2.8360
884979665527	1403.63	655.98	1388.54	660.56	3.0042	2.8204
884979673869	1413.34	657.75	1395.72	657.53	3.0082	2.8027
884979682203	1455.66	667.66	1439.24	687.79	2.9870	2.8262
884979690527	1485.78	693.16	1466.78	700.13	2.9938	2.8033
884979698861	1498.99	693.76	1474.34	711.82	2.9603	2.8163
884979707203	1493.13	699.43	1478.07	707.19	2.9802	2.7983
884979715536	1492.31	710.74	1480.96	708.07	2.9828	2.8072
884979723865	1492.71	711.65	1484.76	709.01	2.9889	2.7758
884979732198	1503.57	701.96	1478.87	703.71	2.9849	2.8031
884979740532	1501.56	697.32	1480.41	699.09	2.9588	2.7750
884979748865	1500.70	694.50	1479.47	702.36	2.9572	2.7863
884979757198	1503.48	689.97	1480.30	701.06	2.9627	2.7831
884979765532	1502.89	688.62	1482.93	700.20	2.9353	2.7779
884979773865	1502.56	690.49	1477.64	695.20	2.9406	2.7739
884979782198	1497.66	695.85	1484.79	707.60	2.9290	2.7878
884979790531	1503.81	693.45	1482.01	697.84	2.9070	2.8129
884979798865	1495.71	691.29	1489.59	696.25	2.9161	2.8019
884979807198	1503.60	699.39	1480.92	702.00	2.9254	2.7836
884979815531	1507.81	706.70	1485.70	715.04	2.9330	2.7915
884979823865	1512.59	698.35	1487.79	704.24	2.9138	2.8050
884979832198	1504.97	691.37	1483.46	705.56	2.9254	2.8007
884979840531	1498.74	695.82	1491.42	702.62	2.9281	2.7783
884979848870	1499.08	693.78	1485.75	712.55	2.9165	2.7730
884979857211	1511.94	698.96	1485.62	699.63	2.9213	2.7964
884979865545	1506.95	705.05	1484.57	703.78	2.9185	2.7732
884979873877	1500.32	701.48	1486.83	698.89	2.9168	2.7869
884979882210	1509.80	695.19	1490.80	694.67	2.9157	2.7746
884979890536	1507.93	695.72	1490.02	686.93	2.8929	2.7702
884979898869	1502.92	686.62	1484.70	683.15	2.9072	2.7686
884979907202	1503.70	688.11	1488.00	695.38	2.9121	2.7544
884979915535	1495.93	688.90	1484.83	704.36	2.9071	2.7585
884979923869	1543.73	690.86	1520.01	718.29	2.8840	2.7675
884979932202	1567.32	708.44	1536.23	725.80	2.9005	2.7677
884979940535	1563.67	708.04	1533.43	727.56	2.9089	2.7526
884979948868	1561.14	706.38	1537.63	726.50	2.9068	2.7558
884979957201	1567.64	705.60	1532.75	726.61	2.8895	2.7537
884979965534	1563.53	704.83	1537.22	731.41	2.8752	2.7662
884979973868	1561.81	705.03	1531.40	728.09	2.8889	2.7588
884979982207	1567.92	699.54	1534.13	730.44	2.8836	2.7476
884979990541	1568.54	698.56	1538.81	728.59	2.9005	2.7543
884979998873	1566.04	699.18	1533.96	733.59	2.8957	2.7462
884980007207	1570.29	698.04	1531.56	729.11	2.8808	2.7430
884980015541	1570.65	703.63	1532.48	726.30	2.8990	2.7299
884980023873	1565.93	708.86	1532.99	721.39	2.9074	2.7564
884980032206	1571.59	704.80	1536.64	722.51	2.8943	2.7432
884980040539	1567.82	703.86	1539.51	716.40	2.8611	2.7480
884980048872	1570.65	701.64	1536.79	719.99	2.8722	2.7427
884980057206	1565.18	698.21	1542.15	720.67	2.8510	2.7189
884980065539	1568.29	715.81	1543.37	722.88	2.8917	2.7420
884980073873	1569.50	715.12	1542.86	719.01	2.8789	2.7394
884980082206	1571.52	707.92	1532.48	731.92	2.8917	2.7793
884980090539	1569.52	713.19	1538.99	729.45	2.8989	2.7696
884980098873	1569.87	710.10	1537.19	729.15	2.9155	2.7520
884980107205	1571.23	704.16	1537.64	727.31	2.9072	2.7608
884980115542	1568.38	706.24	1536.68	730.44	2.9075	2.7761
884980123874	1570.28	704.79	1539.34	724.06	2.8833	2.7786
884980132208	1569.01	709.40	1533.65	728.65	2.9115	2.7498
884980140542	1567.04	701.94	1530.19	732.07	2.8977	2.7820
884980148875	1564.40	699.07	1538.67	720.54	2.8866	2.7829
884980157208	1575.18	697.74	1532.12	725.28	2.8667	2.7746
884980165541	1571.33	703.92	1532.53	722.33	2.9180	2.7908
884980173874	1569.18	709.54	1536.22	724.45	2.9072	2.7632
884980182208	1569.62	709.18	1540.22	726.48	2.9034	2.8008
884980190542	1564.68	713.07	1534.83	730.49	2.9169	2.8015
884980198874	1565.30	716.85	1527.41	726.36	2.8879	2.8138
884980207207	1566.60	723.86	1538.56	721.56	2.9097	2.8121
884980215540	1562.35	718.76	1530.55	725.37	2.8892	2.8067
884980223874	1568.08	724.34	1535.99	726.30	2.9178	2.8141
884980232207	1566.54	718.18	1537.84	730.46	2.9027	2.7925
884980240541	1570.37	741.56	1534.93	723.10	2.9205	2.8326
884980248876	1570.22	727.83	1540.73	720.79	2.9187	2.7857
884980257210	1571.33	726.95	1544.43	718.58	2.9129	2.7970
884980265543	1569.90	735.29	1537.84	724.09	2.9312	2.8200
884980273876	1571.11	718.81	1537.47	718.25	2.9200	2.8347
884980282209	1567.48	726.91	1535.41	720.25	2.9290	2.8160
884980290542	1567.91	727.40	1540.03	720.04	2.9301	2.8247
884980298876	1569.56	726.63	1540.69	720.63	2.9278	2.8393
884980307209	1569.12	721.44	1544.68	719.39	2.9533	2.8414
884980315542	1555.82	723.77	1523.24	719.92	2.9317	2.8623
884980323875	1539.95	718.81	1502.38	716.64	2.9301	2.8461
884980332209	1544.59	707.39	1510.24	727.99	2.9252	2.8640
884980340542	1544.44	705.32	1508.44	721.80	2.9391	2.8569
884980348875	1539.62	699.16	1511.62	719.86	2.9445	2.8512
884980357208	1539.63	699.59	1508.71	724.14	2.9507	2.8574
884980365541	1543.19	692.64	1506.32	720.84	2.9570	2.8585
884980373882	1534.85	693.99	1515.43	727.00	2.9354	2.8612
884980382216	1536.63	685.70	1516.82	729.16	2.9473	2.8662
884980390549	1539.22	695.54	1518.80	727.48	2.9625	2.8734
884980398882	1540.30	678.79	1518.99	725.38	2.9662	2.8701
884980407216	1536.53	680.38	1517.60	723.64	2.9648	2.8672
884980415549	1547.61	685.38	1524.66	716.44	2.9800	2.8678
884980423882	1545.38	681.16	1519.65	714.41	2.9642	2.8721
884980432215	1546.60	680.71	1517.75	714.57	2.9897	2.8546
884980440548	1544.05	676.34	1524.22	720.42	2.9742	2.8834
884980448882	1553.22	680.93	1520.61	723.77	3.0020	2.8956
884980457215	1548.61	678.87	1523.37	714.98	2.9810	2.8910
884980465548	1549.14	671.74	1522.34	716.05	3.0014	2.8918
884980473881	1548.50	679.03	1523.38	718.95	3.0106	2.8920
884980482215	1545.41	666.93	1524.54	709.52	3.0162	2.8763
884980490548	1545.49	662.28	1520.93	715.18	3.0062	2.8723
884980498881	1546.34	651.36	1519.07	708.16	2.9920	2.8702
884980507217	1546.59	647.49	1526.73	710.00	2.9882	2.8627
884980515550	1538.62	619.10	1504.79	686.53	3.0166	2.8865
884980523884	1509.15	577.30	1465.69	612.19	3.0415	2.9085
884980532217	1469.09	521.65	1450.77	560.76	3.0335	2.8964
884980540558	1474.86	503.63	1442.51	520.09	3.0298	2.8937
884980548884	1489.81	483.24	1444.85	513.64	3.0397	2.8868
884980557225	1497.10	476.79	1458.17	488.84	3.0351	2.8995
884980565550	1493.35	471.79	1454.78	490.80	3.0309	2.8814
884980573884	1499.62	468.29	1448.98	488.80	3.0246	2.8918
884980582216	1496.20	469.53	1449.24	486.47	3.0291	2.8907
884980590549	1495.31	480.98	1452.03	480.86	3.0389	2.8957
884980598882	1495.24	473.34	1449.95	484.44	3.0367	2.8972
884980607216	1495.47	475.17	1449.07	488.41	3.0234	2.9068
884980615549	1493.74	468.89	1451.32	488.49	3.0409	2.9042
884980623882	1496.36	476.63	1453.95	487.97	3.0265	2.8800
884980632217	1491.71	479.31	1457.00	481.43	3.0359	2.8982
884980640555	1491.70	482.70	1458.77	480.30	3.0323	2.8826
884980648889	1489.15	473.51	1460.07	490.04	3.0445	2.8814
884980657222	1488.73	469.44	1463.62	482.18	3.0180	2.8843
884980665554	1497.80	475.09	1462.81	482.76	3.0462	2.8966
884980673888	1493.13	473.65	1459.28	479.55	3.0363	2.8863
884980682220	1500.58	466.51	1455.34	479.85	3.0352	2.8879
884980690554	1495.43	468.30	1456.48	484.52	3.0313	2.9023
884980698888	1498.80	460.19	1449.13	486.18	3.0141	2.8874
884980707220	1499.80	460.22	1447.48	483.81	3.0279	2.8983
884980715554	1497.72	458.84	1453.47	482.76	3.0249	2.8834
884980723887	1497.58	447.19	1451.27	483.35	3.0188	2.8825
884980732221	1501.11	455.54	1447.30	483.90	3.0223	2.8820
884980740554	1508.38	456.03	1456.25	486.49	3.0321	2.8886
884980748886	1489.61	464.61	1456.44	485.80	3.0374	2.8954
884980757220	1498.74	453.35	1453.68	481.01	3.0312	2.9034
884980765558	1496.30	467.84	1449.59	483.91	3.0343	2.8932
884980773892	1500.44	472.55	1450.00	479.60	3.0288	2.9072
884980782225	1495.15	474.77	1453.22	481.00	3.0377	2.9027
884980790558	1501.97	479.80	1456.30	485.38	3.0146	2.8958
884980798892	1506.02	470.57	1454.52	474.15	3.0238	2.8907
884980807224	1514.48	447.15	1468.53	453.34	3.0379	2.9153
884980815558	1534.16	432.16	1473.83	422.81	3.0417	2.8965
884980823890	1533.60	429.73	1468.75	434.94	3.0194	2.8743
884980832232	1534.63	433.22	1470.89	431.16	3.0323	2.9074
884980840566	1531.45	432.55	1469.96	433.54	3.0288	2.9154
884980848898	1528.76	439.76	1467.74	427.30	3.0280	2.8982
884980857232	1527.81	437.42	1469.45	430.26	3.0159	2.8939
884980865566	1530.91	437.56	1471.46	429.78	3.0181	2.8935
884980873898	1531.34	440.37	1467.40	435.99	3.0216	2.9001
884980882232	1534.00	435.33	1467.82	430.13	3.0301	2.8954
884980890565	1534.01	434.63	1469.65	434.91	3.0413	2.8965
884980898903	1536.03	435.52	1472.75	438.81	3.0469	2.9144
884980907235	1531.78	435.67	1472.01	431.34	3.0311	2.9055
884980915568	1531.74	431.41	1472.25	441.15	3.0408	2.9154
884980923902	1533.73	432.23	1472.80	442.72	3.0442	2.9178
884980932235	1528.29	430.09	1469.86	448.36	3.0503	2.9073
884980940569	1530.67	434.96	1472.61	444.99	3.0593	2.9122
884980948902	1528.37	430.01	1473.03	442.20	3.0591	2.9193
884980957235	1525.97	433.87	1469.07	445.80	3.0610	2.9079
884980965569	1532.40	433.16	1468.51	443.92	3.0596	2.9215
884980973901	1524.18	430.95	1468.16	446.03	3.0786	2.9334
884980982234	1526.61	433.92	1473.11	445.17	3.0678	2.9425
884980990568	1522.95	433.66	1470.50	446.02	3.1013	2.9362
884980998900	1519.91	432.48	1467.26	446.84	3.0987	2.9333
884981007234	1518.34	434.21	1473.99	447.03	3.0974	2.9271
884981015567	1516.06	422.97	1467.57	447.69	3.0944	2.9379
884981023901	1520.25	424.77	1462.04	437.16	3.1144	2.9350
884981032239	1516.09	418.97	1468.28	444.80	3.1237	2.9444
884981040572	1513.20	429.62	1467.27	446.04	3.1271	2.9363
884981048906	1523.70	426.62	1469.20	450.85	3.1283	2.9464
884981057239	1522.09	427.69	1466.09	451.94	3.1216	2.9476
884981065572	1521.16	433.35	1469.11	453.37	3.1302	2.9410
884981073905	1518.36	431.90	1461.87	453.46	3.1299	2.9429
884981082238	1525.70	427.05	1466.13	449.88	3.1366	2.9467
884981090571	1521.03	428.08	1457.35	446.30	3.1465	2.9471
884981098904	1524.73	429.46	1455.77	447.09	3.1310	2.9384
884981107238	1524.56	423.16	1457.78	448.99	3.1458	2.9422
884981115571	1531.12	428.99	1462.97	448.72	3.1597	2.9518
884981123904	1527.54	436.26	1455.82	453.17	3.1537	2.9585
884981132238	1522.83	437.10	1450.85	451.03	3.1480	2.9515
884981140571	1526.49	430.65	1456.14	453.99	3.1579	2.9561
884981148904	1525.39	429.34	1453.14	452.93	3.1533	2.9445
884981157237	1527.56	420.42	1456.99	455.76	3.1504	2.9453
884981165575	1524.92	425.54	1457.65	453.72	3.1595	2.9555
884981173909	1526.50	426.74	1457.05	461.96	3.1663	2.9491
884981182242	1526.39	431.63	1458.90	465.22	3.1723	2.9624
884981190575	1523.48	432.56	1461.74	463.90	3.1793	2.9490
884981198909	1525.16	425.83	1461.52	463.93	3.1925	2.9642
884981207242	1526.30	428.38	1458.41	459.92	3.1808	2.9637
884981215575	1526.45	434.88	1456.04	462.93	3.1926	2.9575
884981223908	1528.34	432.70	1457.44	460.71	3.1952	2.9570
884981232241	1530.99	433.30	1452.40	460.53	3.1931	2.9587
884981240574	1525.80	434.19	1450.87	459.94	3.2098	2.9569
884981248907	1525.35	431.42	1456.13	452.48	3.2110	2.9920
884981257241	1526.60	434.43	1452.05	454.63	3.2078	2.9736
884981265574	1523.69	437.76	1457.86	457.26	3.2305	2.9813
884981273908	1526.08	435.44	1455.81	455.53	3.2270	2.9837
884981282241	1533.42	431.21	1455.17	458.28	3.2236	3.0046
884981290576	1527.20	437.37	1460.72	457.67	3.2260	3.0003
884981298910	1528.87	438.54	1460.82	451.83	3.2292	2.9990
884981307241	1528.34	441.58	1458.94	456.94	3.2439	3.0072
884981315575	1527.23	440.83	1459.34	454.73	3.2483	3.0141
884981323909	1527.18	441.72	1455.14	448.30	3.2618	3.0110
884981332241	1526.40	438.41	1453.50	451.12	3.2705	3.0252
884981340575	1527.86	441.41	1463.09	452.84	3.2676	3.0269
884981348908	1521.20	434.17	1462.94	460.96	3.2686	3.0314
884981357242	1532.99	436.61	1463.19	457.19	3.2608	3.0474
884981365575	1526.23	428.90	1459.04	461.76	3.2682	3.0380
884981373908	1527.40	431.92	1463.63	461.97	3.2789	3.0549
884981382242	1526.25	427.80	1461.29	463.13	3.2786	3.0533
884981390574	1525.16	438.16	1466.69	464.30	3.2983	3.0613
884981398908	1525.54	426.45	1470.24	462.89	3.2849	3.0563
884981407241	1526.32	432.50	1461.63	459.91	3.2786	3.0560
884981415574	1523.08	421.67	1470.30	463.81	3.2654	3.0598
884981423916	1523.27	432.09	1466.60	462.85	3.2753	3.0653
884981432248	1526.00	433.32	1469.60	458.59	3.2662	3.0677
884981440582	1525.48	437.05	1464.03	456.87	3.3017	3.0682
884981448916	1529.71	429.36	1464.92	453.08	3.2752	3.0671
884981457248	1523.76	429.26	1465.07	456.80	3.2750	3.0628
884981465582	1527.40	434.58	1462.62	453.50	3.2743	3.0616
884981473915	1527.55	430.65	1468.78	458.04	3.2799	3.0734
884981482249	1523.80	434.59	1463.45	452.42	3.2668	3.0670
884981490582	1521.93	429.94	1462.43	457.90	3.2575	3.0488
884981498915	1525.29	437.53	1467.83	455.34	3.2667	3.0541
884981507249	1529.90	432.27	1469.27	460.18	3.2828	3.0518
884981515582	1534.11	432.60	1462.82	461.37	3.2651	3.0632
884981523916	1536.41	431.84	1460.75	463.93	3.2753	3.0590
884981532249	1538.60	431.03	1453.84	460.57	3.2765	3.0536
884981540581	1542.18	433.01	1456.56	463.38	3.2683	3.0596
884981548914	1536.40	428.05	1460.26	467.42	3.2708	3.0628
884981557251	1534.82	429.56	1460.54	464.70	3.2766	3.0734
884981565585	1535.00	425.73	1456.66	468.21	3.2871	3.0735
884981573918	1538.76	429.08	1458.64	469.93	3.2604	3.0498
884981582251	1536.71	426.23	1455.05	468.93	3.2695	3.0671
884981590585	1537.76	437.36	1456.91	463.79	3.2786	3.0611
884981598918	1536.37	441.85	1456.86	462.65	3.2669	3.0540
884981607252	1542.55	439.20	1454.16	462.23	3.2680	3.0470
884981615584	1536.47	430.05	1455.76	459.17	3.2605	3.0505
884981623917	1539.59	438.18	1458.75	464.80	3.2655	3.0546
884981632251	1538.81	439.39	1461.92	457.17	3.2919	3.0677
884981640584	1543.02	433.68	1459.74	459.36	3.2786	3.0550
884981648917	1539.00	431.15	1456.16	460.64	3.2723	3.0572
884981657251	1534.47	431.47	1457.21	457.84	3.2686	3.0637
884981665584	1529.98	435.96	1457.95	458.54	3.2891	3.0620
884981673917	1534.54	435.17	1461.89	462.62	3.3125	3.0780
884981682250	1538.50	431.91	1459.56	465.92	3.3022	3.0676
884981690588	1536.72	436.04	1457.05	462.95	3.3015	3.0744
884981698921	1539.73	437.64	1462.97	464.10	3.3014	3.0867
884981707254	1538.84	442.14	1455.81	462.35	3.2962	3.0743
884981715588	1534.95	437.96	1455.56	460.56	3.3007	3.0799
884981723921	1537.71	436.96	1463.64	463.04	3.2980	3.0891
