t	gaze_point_LX	gaze_point_LY	gaze_point_RX	gaze_point_RY	pupil_diameter_L	pupil_diameter_R
321668491312	1264.64	696.01	1288.60	677.58	3.6735	4.0575
321668499646	1246.02	701.18	1288.59	731.92	3.6250	4.0753
321668507979	1249.10	694.75	1285.70	714.55	3.5959	4.0343
321668516312	1250.93	704.74	1287.58	725.98	3.6552	4.0334
321668524645	1250.03	666.07	1295.31	728.19	3.6202	4.0791
321668532978	1256.00	716.44	1286.01	721.24	3.7084	4.0599
321668541312	1248.11	707.29	1285.96	694.43	3.6651	4.0127
321668549645	1253.05	691.89	1289.17	701.12	3.6473	4.0280
321668557978	1253.71	701.58	1281.20	712.22	3.6431	4.0458
321668566312	1257.00	707.16	1288.75	724.30	3.6861	4.0999
321668574645	1246.88	683.92	1289.52	706.37	3.6318	4.0524
321668582978	1254.43	706.98	1288.62	708.30	3.6837	4.0756
321668591312	1255.10	675.52	1294.51	726.23	3.6199	4.0878
321668599644	1249.18	706.49	1289.72	701.40	3.7022	4.0333
321668607983	1250.98	709.20	1288.11	719.27	3.7053	4.0632
321668616317	1245.08	704.64	1284.45	729.75	3.7047	4.0786
321668624650	1253.84	702.88	1286.56	710.92	3.6692	4.0632
321668632983	1254.16	705.78	1290.13	728.49	3.7118	4.0751
321668641316	1251.73	709.13	1291.41	723.16	3.7032	4.0384
321668649650	1246.96	697.70	1286.63	731.22	3.6582	4.0786
321668657983	1257.23	700.03	1290.85	743.73	3.6716	4.1096
321668666316	1257.99	709.41	1288.01	729.95	3.6924	4.0800
321668674650	1250.30	701.02	1293.60	732.53	3.6903	4.0835
321668682983	1252.90	690.81	1288.34	729.00	3.6652	4.0811
321668691316	1268.77	721.79	1308.06	726.83	3.7125	4.0916
321668699649	1278.77	729.31	1320.94	721.88	3.7051	4.1037
321668707982	1269.14	741.88	1308.79	703.76	3.7293	4.1088
321668716315	1264.65	755.52	1323.30	706.52	3.7458	4.0942
321668724648	1270.88	732.62	1325.09	707.72	3.6986	4.0764
321668732982	1267.23	745.05	1328.85	712.12	3.7173	4.0870
321668741320	1274.93	746.35	1320.21	718.61	3.7292	4.1201
321668749654	1268.64	730.43	1314.88	716.27	3.7100	4.1303
321668757987	1275.99	728.12	1312.68	712.52	3.7159	4.0936
321668766320	1274.79	729.63	1312.50	731.60	3.7365	4.1262
321668774654	1270.05	726.65	1314.36	729.69	3.7645	4.1257
321668782986	1269.80	694.42	1305.10	735.45	3.6918	4.1340
321668791319	1275.28	713.61	1307.92	730.27	3.7272	4.1182
321668799653	1272.52	736.52	1307.25	725.35	3.7771	4.1334
321668807985	1278.23	727.13	1318.75	709.87	3.7620	4.1184
321668816319	1276.27	728.39	1309.16	723.38	3.7555	4.1395
321668824652	1276.81	728.26	1310.02	714.84	3.7567	4.1478
321668832986	1277.56	732.18	1313.62	707.93	3.7876	4.1238
321668841319	1274.47	733.91	1312.96	716.62	3.7638	4.1816
321668849652	1279.68	728.40	1303.67	715.44	3.7440	4.1512
321668857985	1273.80	742.16	1304.04	710.94	3.7683	4.1294
321668866323	1274.90	742.81	1302.78	709.23	3.7513	4.1549
321668874657	1275.13	737.84	1297.80	710.97	3.7589	4.1580
321668882990	1275.56	755.70	1302.45	703.60	3.7791	4.1283
321668891323	1276.16	733.60	1305.53	709.07	3.7605	4.1330
321668899657	1271.37	729.18	1312.88	708.39	3.7523	4.1373
321668907989	1275.84	728.71	1311.46	721.52	3.7867	4.1355
321668916323	1276.61	730.04	1311.75	729.71	3.7842	4.1534
321668924657	1278.68	735.38	1305.28	735.69	3.8194	4.1607
321668932989	1273.08	725.58	1301.68	740.12	3.7784	4.1647
321668941322	1279.38	723.11	1307.20	737.70	3.7306	4.1410
321668949655	1264.49	732.66	1304.23	740.95	3.7577	4.1543
321668957989	1272.47	738.11	1298.90	728.15	3.7522	4.1297
321668966322	1269.85	742.15	1306.75	737.57	3.7575	4.1062
321668974655	1271.69	750.68	1304.65	731.81	3.7332	4.1019
321668982989	1276.56	745.87	1308.78	741.63	3.7101	4.0811
321668991322	1278.84	727.12	1308.79	751.30	3.6660	4.1078
321668999661	1273.51	729.11	1314.58	746.32	3.6618	4.0769
321669007994	1279.79	716.40	1317.09	735.79	3.6179	4.0686
321669016326	1282.44	724.55	1319.17	729.62	3.5992	4.0706
321669024660	1272.69	746.13	1303.42	718.56	3.6109	4.0365
321669032992	1282.15	749.21	1308.30	740.30	3.5799	4.0490
321669041326	1276.95	748.74	1305.12	708.20	3.5387	3.9484
321669049660	1259.57	734.88	1288.81	738.79	3.4914	3.9661
321669057992	1222.38	763.36	1261.67	739.16	3.5119	3.9174
321669066326	1212.96	755.25	1223.09	762.27	3.4917	3.9314
321669074659	1221.88	756.78	1227.51	765.74	3.4431	3.9176
321669082993	1219.81	774.62	1233.88	761.64	3.4450	3.9073
321669091325	1219.49	770.48	1240.24	749.37	3.4148	3.8742
321669099658	1220.59	764.84	1234.97	737.67	3.4214	3.8290
321669107992	1214.73	740.79	1264.13	734.72	3.3600	3.8103
321669116325	1220.70	741.82	1267.91	741.12	3.3496	3.8253
321669124658	1216.43	760.87	1256.78	744.36	3.3937	3.8324
321669132996	1214.00	753.10	1250.94	749.60	3.3698	3.7903
321669141329	1216.43	748.59	1258.88	743.02	3.3659	3.7604
321669149662	1210.20	731.83	1261.07	750.66	3.3061	3.8157
321669157996	1214.06	756.25	1258.06	753.22	3.3466	3.7961
321669166329	1214.95	764.33	1263.44	752.93	3.3404	3.7739
321669174662	1210.74	749.14	1258.54	759.64	3.2930	3.7749
321669182994	1219.94	746.22	1255.49	759.72	3.2785	3.7606
321669191328	1210.79	711.06	1254.06	757.28	3.2241	3.7461
321669199662	1207.86	729.91	1262.57	759.38	3.2634	3.7678
321669207995	1211.59	715.78	1257.07	756.27	3.2408	3.7436
321669216328	1211.98	710.33	1258.40	781.50	3.2256	3.7903
321669224661	1214.53	745.27	1227.77	747.78	3.2631	3.7485
321669232995	1217.34	742.82	1226.55	751.73	3.2386	3.7272
321669241328	1210.34	740.67	1259.99	750.08	3.2350	3.7573
321669249660	1210.97	771.77	1265.96	755.23	3.3224	3.7643
321669257994	1208.71	759.33	1226.17	734.66	3.3019	3.7255
321669266332	1213.23	755.69	1261.74	749.17	3.3040	3.7630
321669274665	1199.69	770.24	1237.47	773.23	3.3060	3.7961
321669282999	1129.26	818.50	1169.60	775.91	3.3284	3.7603
321669291333	1064.26	790.26	1092.41	769.15	3.2898	3.7336
321669299666	1010.07	743.04	1078.61	793.41	3.1826	3.8148
321669307999	1045.61	764.24	1091.87	800.94	3.2583	3.7835
321669316333	1033.35	751.31	1092.47	788.65	3.2485	3.7808
321669324665	1029.46	768.35	1083.43	799.93	3.2633	3.8055
321669332999	1026.03	756.24	1095.49	794.30	3.2457	3.7937
321669341331	1036.67	762.65	1081.07	777.96	3.2392	3.7763
321669349665	1029.91	754.92	1086.85	796.50	3.2453	3.8097
321669357999	1030.65	745.89	1081.51	784.59	3.2016	3.7862
321669366332	1041.30	794.60	1082.39	787.21	3.3179	3.8160
321669374665	1034.06	748.29	1083.35	778.38	3.2348	3.7909
321669382998	1039.64	759.43	1083.70	777.85	3.2725	3.7894
321669391336	1034.52	765.73	1075.92	794.95	3.2942	3.8526
321669399669	1035.91	767.52	1081.54	776.80	3.2989	3.8217
321669408001	1035.14	775.83	1079.21	777.01	3.2974	3.8082
321669416335	1038.92	762.22	1076.22	773.17	3.2880	3.7999
321669424668	1039.24	791.59	1080.48	773.05	3.3478	3.8311
321669433001	1037.62	772.89	1078.96	782.89	3.3468	3.8604
321669441335	1035.04	772.12	1083.83	778.14	3.3383	3.8446
321669449668	1039.29	779.15	1076.69	788.76	3.3671	3.8640
321669458002	1034.58	768.94	1075.75	785.74	3.3499	3.8582
321669466335	1032.37	767.44	1079.59	793.90	3.3677	3.8892
321669474668	1032.29	761.03	1070.89	778.83	3.3697	3.8776
321669483001	1033.70	770.97	1075.95	794.11	3.3899	3.8917
321669491334	1038.33	767.19	1081.58	788.91	3.4034	3.8867
321669499667	1034.44	768.61	1074.59	780.12	3.4037	3.8791
321669508000	1041.68	782.17	1079.70	792.32	3.4579	3.8952
321669516333	1045.87	762.15	1074.56	785.26	3.4170	3.9208
321669524672	1036.24	747.69	1082.18	806.66	3.3754	3.9431
321669533005	998.33	842.85	1040.32	829.63	3.4971	3.9258
321669541339	951.30	888.16	978.85	879.18	3.4751	3.9447
321669549672	949.63	840.66	971.64	879.36	3.4507	3.9327
321669558005	953.64	853.98	991.09	874.66	3.4704	3.9400
321669566338	945.80	834.31	993.66	860.85	3.4224	3.9523
321669574671	940.57	861.53	981.42	859.70	3.4969	3.9720
321669583005	951.89	865.45	984.81	862.61	3.4844	3.9804
321669591337	947.80	856.32	991.19	869.42	3.5053	3.9697
321669599671	947.66	865.91	987.59	865.96	3.4897	3.9463
321669608004	958.34	886.46	988.67	853.94	3.5548	3.9571
321669616338	944.50	865.46	996.06	878.91	3.5111	4.0077
321669624671	951.08	854.61	989.78	874.97	3.5091	3.9813
321669633004	941.74	851.59	992.98	882.42	3.5145	3.9922
321669641337	952.08	861.69	991.83	894.35	3.5083	4.0096
321669649670	947.49	873.43	982.77	885.28	3.5166	3.9929
321669658008	948.67	866.87	993.65	890.33	3.5384	4.0061
321669666341	944.80	885.77	991.05	901.59	3.5508	4.0128
321669674674	946.66	863.35	990.44	891.47	3.4867	3.9971
321669683007	951.26	879.25	982.81	891.75	3.5292	4.0210
321669691341	958.18	888.11	999.58	899.15	3.5740	4.0265
321669699674	955.59	891.40	991.56	878.77	3.6054	4.0212
321669708007	951.93	861.74	983.84	875.20	3.5647	4.0498
321669716340	957.53	859.92	986.54	876.45	3.5746	4.0460
321669724673	952.23	863.95	986.70	879.75	3.5997	4.0570
321669733006	954.46	872.29	993.05	876.53	3.5688	4.0644
321669741340	946.08	870.44	987.96	871.53	3.5712	4.0500
321669749673	957.55	884.99	993.54	879.58	3.6213	4.0599
321669758006	946.14	876.78	986.51	875.64	3.5932	4.0764
321669766339	955.87	873.85	984.32	872.81	3.6056	4.0354
321669774673	956.94	882.75	990.38	880.72	3.6615	4.0603
321669783009	948.74	855.29	986.20	878.77	3.5904	4.0621
321669791342	956.19	874.41	987.17	885.63	3.6581	4.0666
321669799676	940.49	865.45	986.68	885.10	3.5938	4.0754
321669808008	943.00	869.45	983.45	895.70	3.5887	4.0774
321669816342	945.64	867.48	993.73	901.84	3.5755	4.0887
321669824675	941.40	886.18	998.12	901.41	3.6286	4.0682
321669833008	941.81	881.31	989.83	893.15	3.6337	4.0784
321669841341	949.23	884.06	991.37	897.70	3.6195	4.0940
321669849675	951.07	874.28	990.38	886.88	3.6284	4.0697
321669858008	943.74	873.26	996.77	892.22	3.6168	4.0809
321669866341	942.76	866.34	993.70	877.82	3.6026	4.0737
321669874675	975.89	892.85	1014.47	912.82	3.6699	4.0758
321669883007	1090.91	921.28	1122.84	933.89	3.6661	4.0918
321669891340	1171.74	931.32	1218.79	944.09	3.6690	4.0977
321669899674	1251.77	935.01	1309.69	937.28	3.7012	4.1138
321669908007	1254.74	944.00	1307.06	938.02	3.7222	4.1216
321669916349	1232.12	942.29	1295.25	928.63	3.7326	4.0817
321669924683	1249.91	924.46	1297.88	926.12	3.6986	4.0802
321669933016	1246.25	932.63	1304.88	938.52	3.6968	4.0934
321669941350	1246.12	932.84	1303.89	942.14	3.6928	4.0764
321669949683	1245.10	927.64	1297.73	945.72	3.6917	4.0817
321669958016	1250.14	919.94	1305.37	949.98	3.6871	4.0812
321669966348	1249.79	912.22	1303.92	948.27	3.6646	4.0907
321669974681	1247.17	906.37	1302.52	949.93	3.6660	4.0914
321669983015	1249.34	911.16	1309.40	937.62	3.6830	4.0809
321669991348	1252.89	922.84	1312.24	940.23	3.7119	4.1030
321669999681	1250.03	915.22	1307.30	932.99	3.7088	4.1009
321670008015	1253.69	912.49	1300.17	937.04	3.6885	4.0977
321670016348	1243.98	911.66	1301.71	940.55	3.6933	4.1262
321670024682	1252.34	901.53	1305.74	939.54	3.6676	4.0973
321670033015	1253.74	917.02	1301.94	958.25	3.6790	4.1309
321670041347	1248.00	932.00	1298.59	952.93	3.7097	4.0989
321670049684	1253.82	936.64	1303.93	952.17	3.7034	4.1143
321670058018	1245.75	939.55	1302.18	951.27	3.6973	4.0959
321670066351	1256.17	941.64	1302.55	955.18	3.7112	4.1291
321670074684	1253.39	939.42	1300.97	954.06	3.7102	4.1179
321670083018	1254.08	927.60	1302.94	950.95	3.6693	4.1108
321670091351	1254.42	940.55	1303.88	952.22	3.7255	4.0943
321670099684	1249.42	930.61	1304.76	952.19	3.6852	4.1162
321670108018	1249.84	916.69	1303.85	952.94	3.6705	4.1113
321670116352	1248.23	922.93	1305.20	952.97	3.6918	4.0915
321670124684	1249.88	910.51	1308.78	952.64	3.6940	4.1187
321670133018	1254.97	914.14	1304.29	947.94	3.7022	4.0923
321670141351	1247.45	912.19	1312.79	944.57	3.6965	4.0996
321670149685	1252.20	905.77	1301.53	952.19	3.6627	4.1201
321670158018	1253.17	917.34	1306.09	946.93	3.7092	4.0886
321670166351	1248.23	916.62	1303.32	951.90	3.6749	4.1120
321670174684	1252.73	916.05	1310.35	951.88	3.6938	4.1120
321670183022	1259.03	911.85	1308.66	950.13	3.6820	4.1092
321670191355	1259.53	906.25	1303.85	952.47	3.6737	4.1104
321670199687	1262.16	915.27	1298.43	949.98	3.6759	4.1075
321670208021	1258.80	915.99	1306.24	952.72	3.6659	4.1094
321670216354	1252.51	921.80	1305.00	952.48	3.6860	4.1017
321670224687	1313.07	906.23	1344.29	945.56	3.7198	4.1263
321670233021	1338.61	880.42	1397.60	929.82	3.6671	4.0747
321670241354	1361.45	887.13	1425.24	918.66	3.6717	4.0681
321670249687	1365.16	889.57	1421.14	923.44	3.6872	4.0806
321670258021	1357.08	892.48	1414.72	930.63	3.7088	4.0920
321670266354	1366.20	866.97	1424.43	922.64	3.6368	4.0909
321670274687	1361.86	880.85	1427.08	927.68	3.6648	4.0917
321670283020	1359.37	871.46	1421.81	917.86	3.6449	4.0681
321670291353	1360.51	887.76	1416.43	923.91	3.6761	4.1016
321670299686	1361.26	892.19	1422.91	925.77	3.6795	4.0708
321670308024	1361.29	885.20	1422.92	918.42	3.6921	4.0884
321670316357	1359.68	888.25	1418.16	921.84	3.6761	4.0628
321670324690	1372.78	880.80	1425.27	932.58	3.6598	4.0964
321670333024	1364.36	892.25	1412.19	917.33	3.6876	4.0738
321670341357	1369.81	889.70	1412.13	924.14	3.6824	4.0934
321670349690	1367.51	910.47	1414.37	917.17	3.7436	4.0668
321670358023	1374.62	891.22	1417.28	916.19	3.6852	4.0755
321670366356	1370.40	891.38	1416.42	906.08	3.6948	4.0604
321670374689	1369.18	880.15	1424.93	913.71	3.6562	4.0796
321670383022	1367.99	888.47	1418.24	918.98	3.6840	4.0730
321670391356	1373.80	874.02	1425.97	909.98	3.6149	4.0787
321670399690	1371.16	890.38	1420.74	902.73	3.6883	4.0611
321670408022	1372.91	888.10	1419.70	906.27	3.7105	4.0738
321670416356	1368.51	893.54	1422.78	918.02	3.7152	4.0862
321670424689	1398.16	872.98	1422.91	904.48	3.6975	4.0706
321670433021	1455.81	869.11	1498.71	885.19	3.7340	4.0947
321670441360	1481.70	834.72	1532.38	872.70	3.6739	4.1004
321670449693	1509.86	848.01	1544.72	869.02	3.7170	4.0946
321670458026	1497.35	834.99	1532.01	860.03	3.7108	4.1121
321670466360	1492.38	821.24	1528.12	853.02	3.6815	4.0870
321670474693	1499.48	848.87	1534.34	858.39	3.7182	4.0691
321670483027	1494.97	844.20	1532.17	856.50	3.7032	4.0721
321670491360	1495.48	842.14	1526.65	862.24	3.7139	4.0715
321670499693	1500.18	824.42	1533.22	854.59	3.6952	4.0657
321670508026	1501.66	829.44	1529.85	866.73	3.7279	4.0738
321670516359	1506.78	827.00	1530.54	855.76	3.7267	4.0709
321670524693	1500.18	822.57	1524.29	872.33	3.7334	4.0767
321670533025	1499.72	830.97	1530.71	862.93	3.7357	4.0905
321670541359	1500.02	818.14	1523.95	860.66	3.7268	4.0695
321670549692	1502.43	820.48	1536.65	858.10	3.7066	4.0589
321670558025	1501.49	840.69	1528.63	866.18	3.7207	4.0813
321670566359	1495.10	842.27	1521.96	862.77	3.7237	4.0477
321670574697	1500.78	844.24	1537.63	850.89	3.7071	4.0460
321670583030	1503.82	848.19	1532.68	866.74	3.7277	4.0775
321670591364	1501.63	844.65	1532.03	862.64	3.7114	4.0484
321670599696	1501.00	842.71	1528.98	861.59	3.6770	4.0414
321670608030	1498.71	850.25	1527.43	861.93	3.7117	4.0693
321670616363	1505.18	852.27	1531.90	857.81	3.6945	4.0573
321670624696	1507.67	849.78	1536.17	864.15	3.7032	4.0378
321670633029	1508.77	835.21	1529.50	866.77	3.6762	4.0395
321670641363	1502.19	844.20	1521.61	853.53	3.6903	4.0113
321670649696	1510.50	822.19	1529.02	860.12	3.6375	4.0194
321670658029	1516.27	815.07	1527.68	861.63	3.6417	4.0179
321670666363	1503.57	832.95	1527.35	852.71	3.6685	4.0150
321670674695	1505.83	823.46	1535.38	858.94	3.6477	4.0211
321670683028	1503.59	826.44	1530.30	855.92	3.6325	4.0198
321670691362	1510.00	840.79	1527.20	857.94	3.6448	4.0240
321670699695	1502.85	833.27	1529.52	857.30	3.6174	4.0027
321670708033	1499.73	849.70	1527.05	856.68	3.6425	4.0171
321670716367	1500.46	850.60	1529.22	858.30	3.6577	4.0026
321670724700	1508.80	842.24	1536.06	859.80	3.5883	3.9852
321670733034	1510.18	839.81	1531.28	857.93	3.6071	3.9630
321670741367	1507.04	847.47	1535.10	854.95	3.6140	3.9780
321670749700	1510.90	827.23	1537.52	851.28	3.5669	3.9466
321670758032	1508.01	852.67	1536.67	858.12	3.6094	3.9739
321670766366	1497.26	867.29	1532.31	865.65	3.6597	3.9684
321670774699	1499.33	834.37	1528.85	858.06	3.5598	3.9735
321670783032	1502.08	826.00	1531.55	863.32	3.5827	3.9651
321670791366	1502.68	816.12	1525.31	855.83	3.5738	3.9634
321670799699	1507.75	813.14	1522.35	847.17	3.5644	3.9476
321670808032	1515.86	796.60	1528.00	839.45	3.4875	3.9425
321670816366	1508.84	826.03	1529.02	852.04	3.5672	3.9319
321670824699	1510.14	819.21	1527.66	852.07	3.5496	3.9634
321670833036	1512.49	805.47	1530.60	850.29	3.5153	3.9341
321670841369	1501.65	846.84	1526.12	851.73	3.5912	3.9348
321670849702	1503.86	836.86	1529.30	859.43	3.5665	3.9237
321670858036	1492.71	799.40	1536.96	808.83	3.5737	3.9490
321670866369	1503.62	750.06	1534.71	772.10	3.5866	3.9493
321670874702	1498.03	731.05	1537.77	760.62	3.5351	3.9631
321670883035	1497.47	739.03	1537.65	747.60	3.6031	3.9496
321670891369	1498.64	749.10	1540.99	743.99	3.6151	3.9237
321670899702	1498.96	727.71	1534.69	751.18	3.5661	3.9570
321670908035	1496.07	710.48	1539.14	747.51	3.5391	3.9451
321670916368	1492.43	729.64	1535.64	745.87	3.5840	3.9611
321670924701	1505.04	671.31	1540.44	728.84	3.4730	3.9281
321670933034	1498.95	686.45	1526.79	747.69	3.5308	3.9645
321670941368	1500.88	695.39	1532.63	737.22	3.5491	3.9296
321670949702	1498.87	694.81	1533.56	733.61	3.5151	3.9145
321670958035	1499.07	690.53	1533.26	755.98	3.5202	3.9721
321670966375	1509.61	702.19	1523.05	747.97	3.5407	3.9279
321670974709	1502.83	709.45	1533.86	736.28	3.5284	3.9303
321670983043	1501.85	713.77	1529.16	740.75	3.5193	3.9395
321670991375	1500.55	735.98	1534.85	745.22	3.5628	3.9304
321670999708	1500.21	725.42	1535.88	742.75	3.5729	3.9408
321671008041	1502.02	725.39	1528.90	750.12	3.5609	3.9648
321671016375	1514.57	716.97	1528.64	750.81	3.5365	3.9515
321671024708	1503.43	708.54	1531.75	737.10	3.5302	3.9404
321671033041	1502.27	739.20	1531.25	729.60	3.5942	3.9030
321671041374	1489.75	729.02	1529.67	734.66	3.6022	3.9448
321671049708	1495.79	715.38	1525.43	739.31	3.5699	3.9542
321671058041	1492.16	642.04	1520.28	717.69	3.4931	3.9695
321671066374	1423.26	649.18	1476.16	698.59	3.5701	4.0006
321671074707	1415.89	619.42	1441.49	656.63	3.5522	3.9940
321671083040	1393.13	578.87	1435.61	636.36	3.5150	3.9931
321671091374	1361.16	553.49	1416.31	601.12	3.5143	3.9401
321671099709	1374.80	561.57	1420.18	605.93	3.5245	3.9350
321671108043	1376.57	561.54	1417.49	597.53	3.5088	3.9579
321671116375	1369.26	568.16	1416.00	626.77	3.5176	4.0121
321671124709	1375.23	571.31	1417.56	635.11	3.5169	4.0059
321671133042	1378.79	567.82	1412.61	645.65	3.5003	4.0117
321671141375	1372.96	573.45	1416.25	647.85	3.5204	4.0437
321671149708	1382.01	575.07	1416.90	654.32	3.5042	4.0408
321671158041	1374.10	569.39	1420.84	629.11	3.5043	4.0041
321671166374	1374.90	577.08	1415.34	628.55	3.5405	3.9913
321671174708	1379.93	569.73	1414.52	621.61	3.5160	3.9878
321671183041	1375.10	567.06	1411.95	568.10	3.5278	3.8838
321671191375	1379.74	560.55	1414.14	635.30	3.5194	4.0157
321671199708	1376.89	557.57	1412.95	637.82	3.5077	4.0257
321671208041	1387.81	556.42	1413.47	641.64	3.5164	4.0331
321671216374	1381.84	558.67	1413.69	631.86	3.5227	3.9958
321671224708	1383.26	569.03	1416.70	631.87	3.5377	3.9991
321671233047	1391.99	552.95	1403.95	644.26	3.5019	4.0185
321671241379	1381.58	560.48	1409.17	588.52	3.5092	3.9309
321671249713	1379.46	552.34	1408.19	652.10	3.5172	4.0185
321671258046	1374.80	568.79	1409.89	633.05	3.5175	4.0065
321671266379	1384.01	569.52	1415.97	601.35	3.5215	3.9508
321671274713	1376.56	573.45	1414.09	625.36	3.5041	3.9918
321671283046	1384.22	562.53	1412.74	573.05	3.5016	3.8875
321671291379	1379.35	566.56	1409.38	617.66	3.5151	3.9715
321671299713	1382.29	571.31	1410.51	618.89	3.5147	3.9760
321671308046	1379.06	559.12	1414.70	612.65	3.5242	3.9429
321671316379	1335.66	588.22	1366.67	610.69	3.5598	3.9422
321671324712	1275.50	579.93	1314.03	637.85	3.5437	4.0126
321671333045	1254.74	573.35	1286.80	630.69	3.5162	3.9964
321671341378	1244.01	563.35	1280.46	637.23	3.5041	3.9958
321671349712	1255.72	586.62	1290.27	653.69	3.5173	3.9936
321671358049	1260.14	584.80	1285.22	629.67	3.5072	3.9680
321671366382	1256.30	591.07	1285.32	642.90	3.5351	3.9955
321671374716	1256.24	593.23	1279.23	623.02	3.5224	3.9652
321671383049	1259.12	595.15	1282.46	658.54	3.4920	4.0582
321671391381	1249.20	600.83	1284.84	637.79	3.4966	3.9953
321671399715	1259.93	593.05	1284.53	630.48	3.4869	3.9614
321671408048	1260.91	587.80	1281.20	640.18	3.5038	4.0069
321671416381	1269.03	582.86	1285.74	657.91	3.5001	4.0307
321671424715	1260.24	588.87	1288.73	651.65	3.5137	4.0315
321671433048	1251.83	584.21	1286.82	657.64	3.5246	4.0220
321671441382	1259.86	567.48	1287.62	637.25	3.5168	4.0071
321671449715	1259.52	568.37	1292.79	646.25	3.5429	4.0428
321671458048	1258.73	572.91	1289.30	655.97	3.5371	4.0530
321671466381	1257.13	565.43	1284.83	655.16	3.5127	4.0445
321671474714	1261.06	566.72	1286.06	640.09	3.5435	4.0325
321671483047	1267.21	571.43	1284.90	654.41	3.5330	4.0563
321671491385	1253.20	579.60	1291.38	653.02	3.5372	4.0388
321671499719	1260.18	580.86	1295.92	652.64	3.5568	4.0623
321671508052	1265.56	590.89	1292.10	641.64	3.5469	4.0348
321671516385	1254.21	587.59	1288.92	655.79	3.5481	4.0696
321671524719	1261.91	586.63	1298.16	661.35	3.5340	4.0658
321671533052	1252.63	590.77	1296.23	662.60	3.5418	4.0616
321671541385	1265.63	600.96	1293.71	653.09	3.5666	4.0660
321671549719	1264.67	590.15	1290.37	646.44	3.5353	4.0596
321671558051	1258.58	591.68	1293.85	670.50	3.5549	4.1159
321671566385	1234.83	594.96	1259.90	661.81	3.5563	4.0809
321671574717	1181.08	636.51	1223.84	677.74	3.5940	4.0830
321671583051	1159.26	657.75	1180.88	687.50	3.6435	4.0865
321671591384	1152.32	606.86	1180.36	697.90	3.5195	4.0918
321671599717	1159.56	646.47	1177.38	703.41	3.5985	4.0863
321671608051	1160.68	631.56	1184.67	687.89	3.5679	4.0806
321671616384	1159.43	621.75	1181.76	689.31	3.5554	4.0918
321671624722	1150.76	628.33	1190.00	694.23	3.5729	4.0893
321671633055	1162.75	666.75	1185.99	680.23	3.6585	4.0711
321671641388	1160.66	640.36	1187.97	699.15	3.6121	4.0806
321671649722	1156.48	646.04	1187.40	701.77	3.6191	4.1027
321671658055	1162.19	637.54	1186.99	698.91	3.6446	4.0818
321671666388	1153.30	603.59	1189.75	693.44	3.6025	4.1010
321671674721	1152.67	622.97	1188.95	695.20	3.6565	4.1049
321671683055	1152.13	628.14	1193.36	685.12	3.6322	4.1117
